1.500000
1.500000
1.500000
1.500000
1.499740
1.494375
1.406406
1.267865
0.987240
0.717500
0.618802
0.638646
0.526302
0.489479
0.573646
0.616094
0.578281
0.542813
0.515781
0.522813
0.546667
0.498750
0.446927
0.400595
0.408906
0.410729
0.429323
0.415260
0.443906
0.425469
0.414948
0.419323
0.417656
0.413333
0.592188
0.577344
0.375729
0.414323
0.550260
0.435938
0.367917
0.342188
0.354740
0.348802
0.327604
0.355208
0.394479
0.479048
0.327188
0.330938
0.365208
0.400417
0.613698
0.571510
0.529427
0.507656
0.475156
0.421198
0.367083
0.301094
0.273490
0.263854
0.261927
0.263438
0.261979
0.244740
0.283073
0.309063
0.345052
0.334271
0.376458
0.376310
0.361250
0.305573
0.275677
0.278542
0.469115
0.367500
0.282865
0.265469
0.260313
0.255885
0.259323
0.261302
0.239219
0.261615
0.269740
0.297813
0.279740
0.285521
0.261823
0.292240
0.273594
0.252448
0.258229
0.295357
0.276615
0.261927
0.266198
0.235677
0.271510
0.506302
0.626354
0.345052
0.256563
0.293958
0.254323
0.302500
0.267031
0.213542
0.227396
0.270156
0.257760
0.282135
0.344844
0.266667
0.221250
0.219115
0.213802
0.237976
0.211823
0.223385
0.210260
0.284583
0.258281
0.299375
0.241198
0.271563
0.201042
0.207552
0.232240
0.308854
0.324531
0.321667
0.304688
0.291875
0.272292
0.280781
0.264427
0.233073
0.232396
0.247188
0.210990
0.218333
0.252708
0.271667
0.182396
0.226094
0.203854
0.176667
0.197500
0.378125
0.356458
0.351510
0.362083
0.309271
0.298490
0.267031
0.306615
0.270781
0.277760
0.285417
0.295156
0.295417
0.316719
0.314792
0.241615
0.257262
0.264115
0.252448
0.258333
0.237344
0.216510
0.175313
0.177396
0.198333
0.203438
0.169635
0.176146
0.208802
0.195625
0.183125
0.212656
0.205208
0.194375
0.179063
0.164323
0.199427
0.200365
0.203385
0.185156
0.182143
0.186458
0.413958
0.288802
0.190521
0.218958
0.212604
0.228958
0.267083
0.275885
0.269427
0.253333
0.210729
0.202240
0.215677
0.242917
0.215365
0.214635
0.195156
0.197083
0.181615
0.209375
0.268646
0.219479
0.298095
0.309948
0.231458
0.245938
0.203958
0.244063
0.227552
0.184323
0.250990
0.206042
0.209948
0.186615
0.241615
0.240781
0.270104
0.275781
0.232708
0.224219
0.240313
0.230729
0.200260
0.239167
0.227240
0.215677
0.175595
0.176667
0.193229
0.191927
0.165885
0.192344
0.181042
0.162604
0.280417
0.208594
0.167500
0.178906
0.190417
0.212969
0.231771
0.205990
0.177760
0.163542
0.161146
0.159115
0.163125
0.163542
0.250365
0.219896
0.156310
0.169479
0.164271
0.148438
0.159688
0.221198
0.159740
0.173698
0.163177
0.171302
0.199688
0.140677
0.185208
0.126250
0.162344
0.164896
0.164792
0.123021
0.134896
0.187760
0.168073
0.167031
0.160521
0.139688
0.137500
0.161823
0.137865
0.144323
0.140729
0.157083
0.170260
0.159688
0.156146
0.171927
0.180937
0.159219
0.158542
0.143542
0.135677
0.157552
0.174479
0.150417
0.161042
0.188177
0.159323
0.148385
0.162865
0.158333
0.176905
0.190990
0.172760
0.171719
0.203854
0.147604
0.139063
0.158125
0.150833
0.140052
0.131615
0.126042
0.155469
0.143802
0.149063
0.172031
0.160417
0.178490
0.164583
0.198021
0.193490
0.181979
0.142031
0.179635
0.184643
0.177240
0.164010
0.181042
0.213385
0.210104
0.213802
0.120052
0.177031
0.212760
0.154583
0.184531
0.147813
0.160781
0.142604
0.187031
0.160521
0.177865
0.144010
0.179688
0.157292
0.168906
0.163125
0.155573
0.215595
0.193802
0.170208
0.156875
0.138438
0.155677
0.184844
0.163177
0.139167
0.150573
0.167396
0.147552
0.180313
0.174219
0.184948
0.119375
0.135417
0.146146
0.138542
0.167604
0.157760
0.120573
0.185781
0.185469
0.213333
0.128906
0.185260
0.153438
0.168594
0.150104
0.150990
0.161198
0.149792
0.154740
0.114583
0.179167
0.132135
0.171354
0.145313
0.151094
0.165000
0.135365
0.140521
0.135208
0.131823
0.152760
0.134635
0.146042
0.160833
0.165417
0.171458
0.147813
0.121979
0.167240
0.157448
0.142292
0.152969
0.142240
0.156875
0.146927
0.162760
0.129010
0.156146
0.133073
0.134635
0.133385
0.159479
0.143906
0.116875
0.138073
0.161927
0.139531
0.128214
0.123802
0.154063
0.155052
0.173438
0.125938
0.140052
0.167188
0.156771
0.155208
0.190521
0.149115
0.150052
0.122500
0.148698
0.168646
0.122083
0.192344
0.170104
0.124323
0.131354
0.128385
0.136250
0.154063
0.136190
0.136042
0.182344
0.127813
0.121406
0.174583
0.140990
0.136146
0.171250
0.154896
0.158385
0.149740
0.156146
0.168333
0.153802
0.143594
0.137552
0.127969
0.150833
0.133333
0.149635
0.144740
0.137969
0.161927
0.128095
0.214167
0.154844
0.153542
0.128281
0.128125
0.160833
0.155260
0.220833
0.150104
0.125521
0.124688
0.129792
0.175573
0.238021
0.141875
0.187969
0.188854
0.165156
0.141458
0.150365
