2.302457
2.303524
2.300734
2.293981
2.292450
2.287290
2.294991
2.291315
2.265555
2.281917
2.259890
2.262017
2.268567
2.244511
2.236833
2.229481
2.224593
2.224526
2.211291
2.170755
2.171919
2.173051
2.166716
2.116770
2.133823
2.093939
2.086386
2.065423
2.030400
2.017032
1.967669
1.963083
1.934240
1.879019
1.877049
1.881675
1.871696
1.826322
1.826471
1.817018
1.802480
1.812897
1.793791
1.770688
1.747883
1.779468
1.782945
1.726899
1.756652
1.727438
1.772481
1.712541
1.737386
1.694515
1.697533
1.696868
1.745253
1.688145
1.695152
1.712465
1.699673
1.682587
1.701794
1.677443
1.659685
1.687167
1.669362
1.669748
1.681666
1.668727
1.683998
1.655392
1.638535
1.669325
1.701081
1.646649
1.661090
1.664159
1.648939
1.658716
1.611315
1.653173
1.649126
1.650230
1.651462
1.641993
1.614769
1.653021
1.647309
1.642127
1.626940
1.632117
1.643145
1.646294
1.613813
1.619274
1.619847
1.610337
1.635810
1.615676
1.628703
1.652416
1.639591
1.623677
1.619316
1.629208
1.646496
1.610441
1.607348
1.594436
1.606874
1.616265
1.613911
1.608705
1.618922
1.594786
1.600986
1.583400
1.616371
1.614924
1.573921
1.613661
1.611294
1.608301
1.596997
1.599665
1.597589
1.615294
1.632641
1.615808
1.569460
1.613264
1.592331
1.594414
1.611759
1.624535
1.611541
1.573928
1.604922
1.602092
1.570788
1.563646
1.568415
1.613714
1.590812
1.596090
1.578339
1.564172
1.590097
1.585240
1.576740
1.571233
1.592423
1.584401
1.557727
1.601729
1.581092
1.591491
1.561741
1.572092
1.585527
1.592576
1.589630
1.572155
1.570938
1.595429
1.566740
1.578868
1.581905
1.579761
1.583403
1.584177
1.572945
1.602438
1.552081
1.558583
1.577470
1.574244
1.549409
1.585437
1.583966
1.543991
1.596416
1.579682
1.563684
1.586347
1.546633
1.580472
1.566167
1.547713
1.592706
1.581460
1.590366
1.556425
1.547585
1.536697
1.552422
1.584256
1.576530
1.589710
1.549010
1.527480
1.620032
1.568586
1.566723
1.549419
1.540260
1.560649
1.538331
1.577429
1.541637
1.519059
1.604638
1.556876
1.550931
1.565048
1.552109
1.568360
1.582276
1.535213
1.550376
1.556107
1.578031
1.547313
1.531281
1.529680
1.572469
1.544485
1.563065
1.544649
1.589072
1.546023
1.557607
1.555648
1.562127
1.524511
1.577533
1.541913
1.579628
1.553522
1.552663
1.532180
1.534296
1.589512
1.520592
1.568874
1.546734
1.541515
1.531974
1.560360
1.551682
1.557999
1.546210
1.546759
1.540951
1.529800
1.536257
1.559639
1.539713
1.566385
1.531443
1.535607
1.549983
1.564484
1.520853
1.530853
1.549955
1.532745
1.527354
1.579148
1.533355
1.532782
1.528268
1.537269
1.529148
1.529323
1.544889
1.568411
1.551621
1.531371
1.549685
1.539610
1.524955
1.558625
1.536397
1.514887
1.558409
1.532516
1.531394
1.537794
1.543025
1.516049
1.550564
1.587690
1.537538
1.539859
1.539527
1.549528
1.543039
1.539239
1.552956
1.532615
1.550890
1.494692
1.541313
1.541751
1.520019
1.526230
1.540663
1.528094
1.538631
1.524854
1.521542
1.554450
1.524895
1.517265
1.521090
1.576994
1.545401
1.556907
1.526074
1.550462
1.540274
1.539402
1.517430
1.546926
1.542581
1.538710
1.539981
1.530852
1.534822
1.525526
1.518863
1.547213
1.509983
1.538731
1.508503
1.529584
1.520195
1.542617
1.550099
1.511048
1.543970
1.540034
1.515727
1.517937
1.519687
1.519929
1.533997
1.538209
1.530978
1.520998
1.543509
1.521921
1.523298
1.536317
1.520050
1.540111
1.556874
1.545672
1.559959
1.525815
1.520763
1.522215
1.517016
1.514404
1.540186
1.514457
1.508749
1.517153
1.507639
1.516739
1.516992
1.524557
1.531034
1.529173
1.550375
1.554147
1.517903
1.511257
1.517054
1.511485
1.544051
1.535101
1.538586
1.518839
1.547611
1.520656
1.532019
1.520490
1.521890
1.506629
1.509492
1.520332
1.536508
1.530253
1.527018
1.520055
1.539416
1.515782
1.535128
1.499328
1.521549
1.537917
1.498779
1.516770
1.523316
1.527177
1.505858
1.501804
1.520734
1.531959
1.504220
1.520579
1.522090
1.544002
1.537901
1.509210
1.502493
1.540719
1.498903
1.523980
1.507118
1.544741
1.526692
1.523335
1.531465
1.534227
1.528784
1.510248
1.534667
1.520506
1.525310
1.512341
1.516722
1.506059
1.505680
1.537332
1.511431
1.517887
1.506250
1.504435
1.516590
1.516923
1.517983
1.533508
1.511290
1.518650
1.521453
1.548895
1.522107
1.508563
1.510752
1.499561
1.527736
1.529755
1.530675
1.512529
1.531177
1.534886
1.513218
1.519239
1.507747
1.531484
1.528964
1.535390
1.502306
1.521201
1.493073
1.503435
1.502451
1.522100
1.523535
1.525312
1.495348
1.518344
1.506337
1.547606
1.505238
1.500797
1.502584
1.524299
1.527555
1.520288
1.501055
1.507620
1.505882
1.509766
1.537430
1.510308
1.522521
1.512873
1.546522
1.487782
1.527398
1.535141
1.520562
1.505643
1.525087
1.514360
