2.304367
2.308264
2.317207
2.338723
2.381284
2.429887
2.424358
2.350141
2.211155
2.249606
2.234626
2.213896
2.217348
2.194671
2.113772
2.069083
2.140477
2.094313
2.117063
2.089274
2.067708
2.120286
2.151853
2.149686
2.150391
2.218514
2.253260
2.282387
2.326277
2.231633
2.251696
2.272906
2.241154
2.269079
2.215002
2.247516
2.275933
2.251098
2.205248
2.178130
2.187506
2.250208
2.206114
2.205050
2.231802
2.212564
2.224532
2.201125
2.214426
2.212964
2.192084
2.212154
2.202950
2.192014
2.217034
2.219623
2.240812
2.212865
2.175892
2.175365
2.202566
2.196248
2.179924
2.164722
2.124184
2.131660
2.170957
2.149548
2.168073
2.193071
2.175300
2.154238
2.155503
2.151449
2.154131
2.155184
2.166922
2.152948
2.143051
2.148670
2.119565
2.131444
2.137618
2.163371
2.122627
2.122106
2.078280
2.131928
2.141147
2.166007
2.142051
2.143134
2.130885
2.118727
2.129088
2.094899
2.110543
2.098256
2.137586
2.147358
2.113986
2.136393
2.085607
2.093042
2.084566
2.116401
2.114346
2.092024
2.117233
2.099353
2.134582
2.153373
2.155285
2.181690
2.155932
2.158023
2.139534
2.155818
2.165001
2.141927
2.140526
2.150754
2.136823
2.132120
2.146237
2.128353
2.093224
2.113364
2.074194
2.076185
2.092547
2.086299
2.071526
2.122556
2.101415
2.125715
2.121364
2.121567
2.087567
2.068249
2.101770
2.088042
2.116393
2.075568
2.116812
2.133947
2.088767
2.076388
2.086676
2.094002
2.072153
2.070271
2.096743
2.085536
2.090677
2.074687
2.088290
2.080684
2.083210
2.084575
2.092735
2.086164
2.058533
2.083023
2.076289
2.113517
2.113625
2.086571
2.091013
2.082661
2.086202
2.079256
2.114311
2.126378
2.077895
2.074253
2.074594
2.119499
2.046165
2.080658
2.103058
2.120947
2.127763
2.078165
2.099654
2.072301
2.086228
2.076146
2.095399
2.127638
2.095875
2.087079
2.088542
2.063365
2.067036
2.098256
2.111144
2.081565
2.088539
2.088326
2.083648
2.088089
2.074184
2.079625
2.075116
2.101331
2.104339
2.104309
2.107320
2.086941
2.077110
2.101287
2.106201
2.101378
2.106583
2.089979
2.103289
2.065869
2.055519
2.097274
2.079782
2.098107
2.101744
2.083040
2.077708
2.116439
2.071672
2.106257
2.095155
2.097980
2.064752
2.093800
2.082456
2.077805
2.090261
2.092955
2.084750
2.098940
2.082026
2.107137
2.062934
2.098006
2.096717
2.085449
2.104533
2.099582
2.069748
2.094861
2.092193
2.120401
2.084241
2.052180
2.119029
2.094869
2.085883
2.062690
2.077943
2.099229
2.091150
2.099684
2.079621
2.105233
2.075760
2.078477
2.070098
2.089579
2.087649
2.096280
2.074814
2.090478
2.081852
2.083646
2.110644
2.122175
2.111079
2.109012
2.095623
2.098378
2.059768
2.077762
2.096442
2.089677
2.063479
2.083341
2.066107
2.095117
2.092026
2.123132
2.084984
2.088683
2.076123
2.083875
2.087006
2.079866
2.091140
2.072184
2.064811
2.078445
2.083719
2.103843
2.077910
2.089607
2.069266
2.076938
2.078721
2.114357
2.092517
2.066560
2.063390
2.102127
2.076402
2.060319
2.072804
2.097055
2.086039
2.090621
2.074419
2.076523
2.069311
2.076214
2.083298
2.084925
2.113119
2.077614
2.068311
2.090245
2.072345
2.074347
2.063184
2.077683
2.062627
2.063606
2.089222
2.060130
2.059095
2.081537
2.085994
2.064495
2.090546
2.087130
2.079724
2.080569
2.073792
2.092594
2.084342
2.078240
2.087505
2.092727
2.095412
2.065285
2.091283
2.094959
2.084868
2.089835
2.055421
2.089016
2.074437
2.091985
2.082994
2.044518
2.084169
2.078321
2.084420
2.049748
2.059555
2.091309
2.071079
2.090799
2.077703
2.080171
2.081160
2.059263
2.087813
2.078737
2.061441
2.086492
2.098809
2.061912
2.071364
2.063811
2.074532
2.086006
2.080842
2.043012
2.083836
2.110432
2.077708
2.068052
2.079821
2.089747
2.087913
2.062188
2.097777
2.053813
2.068189
2.068965
2.061078
2.060041
2.074584
2.046399
2.072303
2.065483
2.074399
2.075995
2.056455
2.084848
2.087776
2.096542
2.059508
2.054051
2.053108
2.060780
2.067692
2.077468
2.127797
2.063427
2.079947
2.077995
2.088762
2.070330
2.073959
2.083077
2.103389
2.085327
2.063698
2.073238
2.066598
2.063322
2.085143
2.106014
2.072891
2.054977
2.081123
2.095658
2.092743
2.089168
2.073434
2.056878
2.091676
2.064022
2.059740
2.067438
2.052609
2.097249
2.059474
2.073251
2.078634
2.072362
2.056875
2.066461
2.067422
2.084818
2.081577
2.078373
2.071938
2.076511
2.059442
2.068117
2.055183
2.078187
2.079317
2.066336
2.080390
2.050601
2.051381
2.068539
2.057907
2.043680
2.061138
2.080796
2.088450
2.042859
2.068041
2.099205
2.080009
2.061666
2.057997
2.078365
2.049177
2.093149
2.054916
2.051906
2.080356
2.079365
2.051416
2.045304
2.089238
2.077734
2.064563
2.059137
2.070892
2.085657
2.074883
2.085923
2.075889
2.069208
2.072510
2.094736
2.079690
2.052318
