2.300608
2.296383
2.298805
2.292302
2.284089
2.270548
2.270098
2.272408
2.264960
2.250815
2.240010
2.243567
2.247169
2.211495
2.199754
2.188560
2.139357
2.093156
2.112027
2.052136
2.070154
2.089905
2.133807
2.149745
2.132037
2.105097
2.022216
1.973220
1.943677
1.898197
1.840467
1.872802
1.820022
1.800211
1.825657
1.830154
1.790517
1.836575
1.811353
1.852419
1.833826
1.823386
1.766146
1.763091
1.704959
1.779381
1.817929
1.838978
1.774244
1.812446
1.866277
1.789594
1.822150
1.858404
1.822344
1.816278
1.825926
1.835900
1.879828
1.906138
1.898267
1.838430
1.835250
1.840004
1.844589
1.800089
1.794399
1.789426
1.760950
1.746497
1.765614
1.746303
1.740223
1.810221
1.763088
1.761351
1.801103
1.797741
1.774066
1.781777
1.744788
1.745598
1.746299
1.741178
1.736262
1.737259
1.731742
1.744657
1.749105
1.720783
1.724457
1.718894
1.715684
1.700740
1.742319
1.720373
1.736712
1.697482
1.728423
1.720951
1.705969
1.735432
1.692642
1.732815
1.763341
1.740031
1.749162
1.721725
1.721177
1.700468
1.699154
1.734719
1.720063
1.706525
1.717020
1.705469
1.699886
1.696420
1.719124
1.723021
1.716421
1.697864
1.674475
1.709998
1.680132
1.668225
1.632009
1.610597
1.622298
1.623986
1.629541
1.611442
1.581581
1.606428
1.617634
1.602660
1.628700
1.628017
1.596493
1.591207
1.598876
1.627576
1.588727
1.584717
1.589364
1.625715
1.603831
1.595940
1.607666
1.574326
1.608340
1.598890
1.594723
1.591677
1.616735
1.604305
1.615564
1.603483
1.614218
1.626378
1.602249
1.596944
1.581761
1.598950
1.612652
1.609391
1.622686
1.626670
1.634539
1.599966
1.577520
1.597067
1.599662
1.602162
1.606373
1.603559
1.624799
1.633995
1.618354
1.592232
1.601729
1.602179
1.596135
1.593513
1.581300
1.580961
1.588737
1.605796
1.581678
1.560577
1.595891
1.593029
1.590755
1.578166
1.587060
1.573768
1.588793
1.606708
1.568330
1.580763
1.567854
1.575823
1.582055
1.607706
1.607807
1.564030
1.588474
1.589050
1.594314
1.593385
1.583151
1.599600
1.597248
1.586339
1.593921
1.582256
1.580150
1.613653
1.608014
1.567605
1.566222
1.563375
1.615450
1.556180
1.566985
1.577840
1.566346
1.543255
1.581781
1.568347
1.570538
1.584772
1.586311
1.579734
1.559552
1.570995
1.581216
1.566983
1.575104
1.573660
1.571728
1.588826
1.587951
1.579050
1.575368
1.613304
1.609078
1.579148
1.576911
1.576415
1.578882
1.557091
1.578490
1.570403
1.556856
1.572287
1.564991
1.591957
1.576348
1.584646
1.577777
1.586205
1.549389
1.593087
1.596522
1.569512
1.576550
1.570409
1.586189
1.572221
1.581124
1.577223
1.580056
1.572496
1.550618
1.566483
1.564115
1.571438
1.598770
1.563863
1.561343
1.566433
1.573817
1.575359
1.564144
1.560651
1.585846
1.573743
1.579903
1.582888
1.555194
1.561423
1.565903
1.545967
1.558390
1.584743
1.587993
1.567263
1.565503
1.566590
1.554256
1.548169
1.560249
1.543624
1.567500
1.527401
1.530331
1.540597
1.562015
1.532471
1.513208
1.536985
1.520914
1.541191
1.547668
1.533814
1.533720
1.544976
1.552945
1.548329
1.557136
1.563249
1.580303
1.590771
1.553740
1.544831
1.565685
1.543680
1.583028
1.567962
1.549966
1.570000
1.577229
1.544243
1.566407
1.548904
1.547511
1.544938
1.537460
1.543758
1.549550
1.543905
1.567385
1.539736
1.527790
1.546205
1.555434
1.542357
1.560152
1.549144
1.537237
1.549760
1.560720
1.530977
1.574133
1.575125
1.545143
1.542370
1.552501
1.532067
1.537996
1.532955
1.514586
1.537337
1.537454
1.500632
1.521836
1.533538
1.526058
1.519309
1.509998
1.516353
1.524947
1.520458
1.509311
1.535694
1.506312
1.523970
1.539559
1.513762
1.528650
1.534082
1.520876
1.537105
1.521637
1.551630
1.538010
1.550397
1.569277
1.518806
1.551395
1.518777
1.531500
1.522865
1.530281
1.539366
1.527995
1.546730
1.527554
1.530769
1.519552
1.512212
1.516107
1.520334
1.527517
1.503408
1.534514
1.531424
1.546152
1.539150
1.503525
1.519037
1.511924
1.545846
1.535424
1.553135
1.526034
1.525755
1.516027
1.525494
1.523885
1.524115
1.521019
1.529941
1.540188
1.519726
1.515287
1.512999
1.535418
1.533334
1.530980
1.499703
1.505677
1.521717
1.509443
1.506574
1.534317
1.527704
1.534291
1.538911
1.517544
1.527588
1.523856
1.524340
1.533638
1.505417
1.531129
1.510744
1.513108
1.532138
1.520005
1.517984
1.532802
1.519631
1.520203
1.502211
1.524741
1.519297
1.516904
1.519388
1.512508
1.517653
1.516351
1.497194
1.556172
1.502107
1.516107
1.497724
1.506441
1.515935
1.513666
1.528204
1.494687
1.506814
1.517363
1.522679
1.511545
1.540736
1.519138
1.494541
1.519367
1.514211
1.509802
1.519127
1.533466
1.511650
1.514428
1.519013
1.522218
1.518572
1.527451
1.524832
1.506665
1.516551
1.508847
1.492338
1.516711
1.501466
1.521533
1.509124
