1.500000
1.500000
1.500000
1.466667
1.199948
0.693750
0.791250
0.593385
0.676979
0.580833
0.504688
0.564583
0.525833
0.497396
0.490833
0.514427
0.485729
0.487448
0.480208
0.451771
0.446406
0.460521
0.445208
0.435119
0.421927
0.402604
0.376302
0.404740
0.426979
0.401719
0.366458
0.354635
0.365000
0.340885
0.351302
0.340208
0.356406
0.356667
0.341094
0.310417
0.311563
0.291354
0.317604
0.344427
0.287656
0.289479
0.291927
0.290714
0.321875
0.287969
0.304948
0.271510
0.313021
0.292917
0.306615
0.277813
0.259792
0.273177
0.272917
0.284844
0.245625
0.256615
0.225156
0.284948
0.262969
0.240729
0.248385
0.268229
0.250729
0.260365
0.256563
0.244167
0.225104
0.251927
0.240000
0.249948
0.256354
0.250521
0.245885
0.206198
0.222188
0.218333
0.238177
0.233229
0.241771
0.210104
0.205781
0.218542
0.207708
0.213281
0.213594
0.192448
0.234896
0.220208
0.205938
0.241786
0.221667
0.189271
0.193802
0.211927
0.184115
0.205260
0.205990
0.207813
0.194219
0.192500
0.179375
0.209219
0.212917
0.190729
0.192917
0.211458
0.197083
0.183750
0.219427
0.164479
0.182865
0.202083
0.181823
0.186786
0.193958
0.162396
0.169896
0.181302
0.160990
0.197552
0.168385
0.159271
0.202344
0.195156
0.193073
0.161771
0.197188
0.140156
0.149010
0.150260
0.149479
0.149219
0.160521
0.159635
0.172396
0.138177
0.173906
0.135595
0.172448
0.132031
0.162865
0.168906
0.164635
0.155781
0.157969
0.154635
0.148854
0.143802
0.137760
0.165729
0.132083
0.170365
0.169635
0.133594
0.160313
0.151354
0.132448
0.134062
0.142813
0.116094
0.125000
0.122381
0.135000
0.119479
0.145313
0.129115
0.133542
0.124167
0.158385
0.114375
0.148281
0.122240
0.130208
0.138021
0.125573
0.108854
0.133177
0.137292
0.132396
0.132552
0.111615
0.142865
0.122969
0.119167
0.151615
0.111548
0.122083
0.117969
0.122083
0.106302
0.105260
0.124167
0.110417
0.133177
0.135052
0.118958
0.122500
0.130313
0.115729
0.117917
0.109479
0.125990
0.097188
0.135260
0.124219
0.111042
0.126406
0.120521
0.123438
0.146071
0.143750
0.120573
0.121875
0.112344
0.123490
0.128906
0.115000
0.114115
0.134844
0.111302
0.113542
0.118542
0.090573
0.118125
0.112448
0.101146
0.108542
0.093438
0.105938
0.095885
0.089792
0.103542
0.104688
0.096310
0.098802
0.096042
0.104479
0.095677
0.110104
0.131875
0.110938
0.103333
0.092031
0.116042
0.103021
0.110000
0.102188
0.118854
0.111510
0.108333
0.086823
0.109792
0.082240
0.102500
0.103698
0.103229
0.099063
0.133571
0.090677
0.090156
0.093021
0.094479
0.091146
0.108229
0.110104
0.116823
0.109010
0.114948
0.103490
0.093490
0.112188
0.081667
0.108073
0.087396
0.095000
0.121458
0.099583
0.091250
0.072708
0.107083
0.096042
0.080833
0.102448
0.100365
0.084688
0.089583
0.093281
0.099479
0.091250
0.080417
0.083021
0.096094
0.104792
0.114427
0.102760
0.097708
0.088177
0.081667
0.097396
0.096563
0.097344
0.092969
0.102188
0.104271
0.100885
0.096548
0.080990
0.082604
0.100625
0.107188
0.088906
0.081510
0.085156
0.086198
0.088125
0.077917
0.089375
0.075521
0.075729
0.112552
0.079063
0.099010
0.079792
0.102552
0.078490
0.100417
0.083646
0.100573
0.092135
0.087024
0.092292
0.086042
0.087292
0.099948
0.089583
0.104740
0.065885
0.094063
0.082552
0.078802
0.091458
0.087031
0.085573
0.094063
0.072031
0.074844
0.089948
0.104844
0.072917
0.073229
0.087448
0.085000
0.085156
0.098810
0.066198
0.084896
0.079740
0.087240
0.090885
0.071458
0.087708
0.075677
0.083438
0.097500
0.070208
0.091250
0.080156
0.077813
0.100625
0.078021
0.092969
0.076198
0.083750
0.093646
0.093438
0.061354
0.081510
0.090119
0.103021
0.082552
0.075521
0.079844
0.102656
0.069323
0.075521
0.095156
0.066146
0.079740
0.069167
0.090313
0.065781
0.078542
0.099896
0.088542
0.070312
0.081719
0.074115
0.076615
0.063646
0.092083
0.076406
0.102262
0.076094
0.074427
0.083385
0.077188
0.082396
0.073906
0.089948
0.085052
0.079375
0.070365
0.066927
0.070365
0.065625
0.081615
0.067083
0.074271
0.090729
0.085833
0.095156
0.072500
0.083385
0.056198
0.078594
0.060833
0.085885
0.073385
0.082292
0.091667
0.076406
0.073281
0.074323
0.081615
0.083646
0.064792
0.068281
0.072917
0.079115
0.076667
0.069844
0.089427
0.073385
0.074948
0.082344
0.068490
0.062448
0.062135
0.068281
0.081548
0.070312
0.078490
0.086667
0.081615
0.078177
0.077396
0.077708
0.076510
0.070990
0.070521
0.066667
0.082292
0.055313
0.063646
0.051406
0.068333
0.074583
0.061823
0.069583
0.060000
0.071979
0.079323
0.083802
0.055476
0.075365
0.058177
0.071563
0.066198
0.069010
0.066094
0.070885
0.055000
0.083698
0.058542
0.083958
0.062500
0.066094
0.065729
0.074271
0.074375
0.073958
0.074479
0.076354
0.078125
