2.296923
2.289754
2.299384
2.301928
2.303824
2.302585
2.302585
2.302585
2.302585
2.302585
2.302585
2.302585
2.302585
2.302585
2.302585
2.302585
2.302709
2.302709
2.302585
2.302585
2.302585
2.302585
2.302585
2.302585
2.301928
2.302585
2.302585
2.300613
2.302957
2.301928
2.293382
2.281102
2.261126
2.233363
2.190759
2.224611
2.270556
2.218546
2.210508
2.275958
2.298125
2.242304
2.199424
2.243302
2.286058
2.306345
2.244704
2.263369
2.245803
2.227898
2.115963
2.236786
2.398211
2.396631
2.445643
2.453175
2.304033
2.120490
2.057870
2.213286
2.275973
2.242869
2.181031
1.991039
1.934443
1.846612
1.893524
1.814947
1.788244
1.776123
1.818033
1.847250
1.871364
1.872218
1.837406
1.827843
1.863258
1.899157
1.886067
1.921742
2.008465
2.131808
2.175489
2.103991
2.011911
1.880530
1.772838
1.759875
1.706328
1.715601
1.700225
1.705456
1.751288
1.678330
1.743737
1.747532
1.727582
1.763137
1.735102
1.722780
1.730700
1.685892
1.725003
1.722911
1.794252
1.762909
1.756431
1.739053
1.688160
1.699258
1.608772
1.701847
1.679460
1.668864
1.738500
1.694443
1.725605
1.695335
1.734343
1.701844
1.682610
1.697815
1.674383
1.675796
1.668776
1.729417
1.708629
1.707314
1.674118
1.667491
1.711152
1.708528
1.657195
1.656135
1.669377
1.694177
1.719193
1.657278
1.651426
1.688599
1.656579
1.668005
1.680663
1.694580
1.649690
1.672635
1.707333
1.678653
1.704501
1.692467
1.683013
1.674914
1.670995
1.703345
1.716652
1.691939
1.680651
1.692335
1.708867
1.704838
1.650715
1.675644
1.669214
1.633137
1.697708
1.689231
1.666327
1.650319
1.699539
1.685558
1.676736
1.645470
1.688340
1.634816
1.697400
1.672238
1.640390
1.670338
1.699428
1.685194
1.686417
1.669053
1.661198
1.687335
1.649633
1.730087
1.706611
1.690763
1.629359
1.680107
1.696245
1.728245
1.696116
1.662970
1.656791
1.653916
1.660359
1.656270
1.661077
1.669104
1.610995
1.599971
1.693790
1.688043
1.652092
1.649881
1.701779
1.679790
1.622716
1.688270
1.648958
1.679882
1.663741
1.671142
1.686742
1.679270
1.654764
1.698376
1.676832
1.658954
1.685404
1.663612
1.635501
1.603417
1.619016
1.646709
1.647327
1.647762
1.719581
1.661260
1.642002
1.650030
1.664111
1.611134
1.667437
1.655107
1.623620
1.629858
1.619552
1.644919
1.638803
1.690145
1.684342
1.691785
1.658534
1.647379
1.634454
1.655573
1.606694
1.645997
1.648478
1.647336
1.698638
1.669387
1.719661
1.693391
1.733183
1.709702
1.601672
1.654033
1.632679
1.663366
1.705545
1.648340
1.629586
1.655998
1.708867
1.695545
1.721263
1.666040
1.692482
1.700391
1.671649
1.694299
1.607885
1.659907
1.649846
1.769264
1.703650
1.713717
1.689059
1.657663
1.693982
1.693450
1.679194
1.700523
1.675782
1.653216
1.716457
1.635627
1.652669
1.672267
1.688842
1.666720
1.720375
1.597801
1.637827
1.656640
1.635587
1.670197
1.650103
1.694871
1.616970
1.590733
1.602651
1.657291
1.658782
1.665585
1.664266
1.716934
1.688224
1.687456
1.700458
1.709345
1.661480
1.700015
1.635222
1.635869
1.671421
1.632761
1.621086
1.643035
1.620585
1.650351
1.667407
1.708715
1.665269
1.648105
1.649958
1.688711
1.667439
1.655216
1.692282
1.689627
1.698331
1.736798
1.734019
1.713074
1.668687
1.643978
1.654798
1.652412
1.658099
1.619949
1.634466
1.606285
1.587727
1.599569
1.619358
1.594389
1.664146
1.681581
1.633147
1.628007
1.618335
1.614126
1.690671
1.642118
1.633547
1.680476
1.637853
1.649322
1.603539
1.619148
1.620677
1.621990
1.658846
1.633243
1.658598
1.683330
1.633009
1.701213
1.604545
1.618236
1.687786
1.621068
1.657553
1.662966
1.652424
1.614148
1.637067
1.678606
1.674563
1.635092
1.620681
1.597758
1.625893
1.672738
1.649076
1.697040
1.674136
1.692887
1.663167
1.664759
1.634329
1.631314
1.573583
1.594055
1.612784
1.641408
1.628898
1.578393
1.613817
1.626954
1.637849
1.594567
1.643391
1.609053
1.654397
1.661610
1.654674
1.672074
1.666513
1.646232
1.677454
1.646886
1.702428
1.689326
1.649302
1.707394
1.650894
1.656952
1.631165
1.646589
1.602276
1.636171
1.666158
1.629810
1.674650
1.681140
1.660742
1.652609
1.640296
1.734165
1.728114
1.730116
1.790526
1.753477
1.824268
1.760546
1.813625
1.763818
1.800304
1.804831
1.793744
1.808667
1.823671
1.784931
1.788782
1.771891
1.716929
1.708001
1.724476
1.670166
1.663510
1.728343
1.674746
1.665648
1.688274
1.713734
1.648554
1.670020
1.660194
1.640894
1.694390
1.702721
1.708705
1.710642
1.724337
1.714004
1.701015
1.649033
1.724149
1.659527
1.659591
1.668790
1.623458
1.636548
1.652793
1.639850
1.649742
1.695071
1.655842
1.597933
1.678587
1.606948
1.590533
1.612137
1.637348
1.638403
1.626372
1.595313
1.622998
1.555120
1.625708
1.568343
1.621041
1.638651
1.619019
1.574157
