2.338065
2.321779
2.312259
2.322820
2.308188
2.295929
2.278621
2.264818
2.247359
2.204200
2.177102
2.161640
2.099421
2.096515
2.002839
1.978607
1.928853
1.869727
1.768645
1.661245
1.656090
1.493430
1.324666
1.140382
1.225944
1.058742
0.808023
2.114786
1.826923
3.236867
2.274644
5.147404
3.626033
1.206480
1.038260
1.042191
1.448101
1.300456
1.467139
1.510834
1.414565
1.466319
1.198104
1.170439
0.936233
1.066154
0.806831
0.745402
0.769889
0.658214
0.531785
0.502657
0.492350
0.381733
0.509832
0.495824
0.503557
0.388221
0.497694
0.522773
0.368610
0.281013
0.356946
0.581037
0.418578
0.433665
0.326753
0.420500
0.464092
0.304663
0.428611
0.369481
0.270765
0.239929
0.429168
0.497650
0.170070
0.408023
0.384154
0.412765
0.245189
0.247044
0.330814
0.185305
0.228971
0.290246
0.198965
0.161417
0.516774
0.248239
0.280539
0.300987
0.133935
0.271835
0.212871
0.166959
0.182985
0.145441
0.260973
0.169535
0.188628
0.313518
0.285107
0.242383
0.320035
0.226975
0.198883
0.146065
0.320957
0.178511
0.186938
0.179271
0.106916
0.315833
0.145734
0.189825
0.211637
0.369206
0.366134
0.140843
0.176170
0.245644
0.164282
0.232733
0.133051
0.236362
0.255678
0.189382
0.151108
0.144617
0.235153
0.380556
0.184960
0.112009
0.176717
0.244593
0.166667
0.280918
0.186690
0.280186
0.372058
0.091823
0.300702
0.256925
0.676796
0.348408
0.507288
0.405374
1.173245
0.975388
0.375240
0.779877
0.655877
0.522563
0.318538
0.185144
0.284307
0.355031
0.148790
0.252255
0.445857
0.336622
0.272631
0.133591
0.218211
0.290672
0.203168
0.237967
0.246389
0.131138
0.237141
0.330329
0.227303
0.161680
0.115185
0.197151
0.141172
0.104886
0.119641
0.120811
0.134006
0.250685
0.221870
0.121294
0.125994
0.076810
0.172052
0.172241
0.099700
0.042823
0.170882
0.103653
0.047732
0.125833
0.161440
0.122626
0.295660
0.098106
0.048310
0.253931
0.135153
0.208639
0.065238
0.164369
0.220843
0.138390
0.050429
0.131594
0.183324
0.117160
0.088318
0.194043
0.107068
0.205224
0.084523
0.148592
0.087256
0.235972
0.063894
0.110366
0.039555
0.130333
0.065172
0.159167
0.108747
0.158984
0.199519
0.096714
0.095035
0.181493
0.101334
0.167921
0.109896
0.071902
0.094102
0.098716
0.120611
0.170120
0.125213
0.053984
0.136694
0.106195
0.097571
0.226121
0.131079
0.287133
0.127787
0.051771
0.097077
0.050164
0.078780
0.135677
0.065680
0.115123
0.123521
0.171392
0.179207
0.062767
0.024668
0.069362
0.182858
0.115890
0.147094
0.077201
0.155229
0.101936
0.034306
0.132312
0.131180
0.234341
0.071557
0.142173
0.363690
0.101456
0.110913
0.096034
0.133131
0.108383
0.212897
0.074475
0.051837
0.119532
0.107875
0.117636
0.067649
0.178317
0.039531
0.093633
0.145339
0.190754
0.082308
0.106019
0.068237
0.203239
0.050502
0.170297
0.101505
0.049945
0.142091
0.117158
0.206659
0.248907
0.138464
0.051553
0.056245
0.573939
0.302288
0.754664
1.254535
4.641747
3.710241
1.749821
2.173534
1.190858
1.122170
1.321406
1.189975
1.094836
0.972079
0.814787
0.527815
0.265796
0.417868
0.237436
0.403457
0.252669
0.541898
0.185963
0.544663
0.345543
0.401584
0.268109
0.255915
0.252689
0.114526
0.311444
0.185099
0.131182
0.229496
0.200154
0.205926
0.235543
0.374998
0.394690
0.307167
0.339714
0.111924
0.193123
0.117349
0.124868
0.236122
0.196169
0.201965
0.213570
0.110979
0.304652
0.193490
0.135518
0.162048
0.053234
0.080009
0.046985
0.059777
0.232511
0.132885
0.108586
0.070864
0.123274
0.071587
0.135722
0.098858
0.100798
0.054608
0.181867
0.106324
0.164675
0.089415
0.093409
0.141957
0.279828
0.090961
0.128691
0.122919
0.146456
0.096416
0.090751
0.257850
0.144467
0.099444
0.046408
0.128998
0.051369
0.076204
0.124070
0.062463
0.107820
0.091226
0.048021
0.072271
0.110362
0.116995
0.194702
0.118401
0.065509
0.094680
0.212478
0.146383
0.091562
0.093387
0.109504
0.090562
0.091104
0.159796
0.033396
0.120074
0.130570
0.054347
0.076993
0.117826
0.121072
0.052957
0.079148
0.076731
0.055757
0.115906
0.069117
0.063800
0.193964
0.135440
0.052196
0.202081
0.118484
0.062025
0.068050
0.052817
0.095266
0.062719
0.083102
0.112735
0.096396
0.059206
0.084866
0.094179
0.127451
0.030789
0.069827
0.140705
0.110345
0.109130
0.084731
0.188423
0.075969
0.106927
0.057540
0.067815
0.068846
0.023781
0.202267
0.038301
0.116039
0.095192
0.041067
0.112489
0.046872
0.056901
0.061355
0.113981
0.067457
0.054938
0.029816
0.035217
0.249234
0.081645
0.116048
0.076621
0.030885
0.155782
0.030454
0.009813
0.104199
0.052756
0.077502
0.179858
0.071336
0.073040
0.093921
0.122864
0.045006
0.042350
0.079974
0.091477
0.061699
0.148717
0.364075
0.074208
0.039722
0.050683
0.062126
0.101198
0.118827
