2.304202
2.301184
2.301037
2.292123
2.291726
2.279371
2.269812
2.264480
2.248765
2.226927
2.221878
2.181552
2.169345
2.151495
2.116370
2.112116
2.111734
2.072371
2.057399
2.032274
1.992393
1.995993
1.939571
1.878928
1.876704
1.843635
1.839726
1.814833
1.805715
1.791336
1.746753
1.743724
1.765061
1.739085
1.742835
1.727017
1.701913
1.719571
1.708513
1.695400
1.686834
1.714694
1.696627
1.664174
1.684645
1.660414
1.643349
1.640415
1.668300
1.658778
1.610180
1.596829
1.636343
1.679330
1.632810
1.672555
1.631283
1.614312
1.646032
1.619211
1.672511
1.616691
1.594204
1.635496
1.665179
1.636898
1.616690
1.627056
1.591709
1.638662
1.617037
1.638907
1.584474
1.603646
1.595760
1.605348
1.648975
1.622904
1.594233
1.605847
1.624099
1.567207
1.601856
1.572553
1.575543
1.622317
1.593464
1.614633
1.605676
1.603439
1.624332
1.601536
1.591729
1.565129
1.596761
1.594128
1.566949
1.611077
1.601748
1.574960
1.572174
1.566742
1.598669
1.588068
1.569395
1.620429
1.604052
1.581316
1.588161
1.579692
1.582203
1.604064
1.586993
1.629967
1.577530
1.575274
1.548899
1.602052
1.600024
1.597931
1.597359
1.561391
1.564937
1.576109
1.557308
1.614660
1.582095
1.597069
1.565249
1.571617
1.584020
1.618391
1.568331
1.600863
1.584841
1.557135
1.583835
1.594838
1.555306
1.592499
1.554608
1.564482
1.574860
1.581468
1.557040
1.570882
1.560121
1.556683
1.573105
1.561828
1.575287
1.538512
1.569516
1.554580
1.566081
1.566920
1.549626
1.575637
1.564295
1.566868
1.550252
1.592778
1.575932
1.541560
1.579347
1.551286
1.566712
1.563969
1.550711
1.580469
1.562523
1.577739
1.565562
1.576537
1.580943
1.566955
1.561472
1.553581
1.571342
1.529407
1.561522
1.558741
1.563167
1.556988
1.579380
1.554335
1.570630
1.551545
1.546855
1.603685
1.572918
1.551935
1.554793
1.561902
1.552645
1.560296
1.565223
1.555601
1.546108
1.570296
1.564652
1.549514
1.548726
1.568218
1.547400
1.528527
1.549957
1.562913
1.549674
1.572801
1.574115
1.536365
1.557394
1.546182
1.567412
1.551627
1.533856
1.533064
1.563470
1.541607
1.563476
1.552950
1.563409
1.554534
1.561557
1.575381
1.575084
1.512897
1.569548
1.562389
1.564390
1.540052
1.560555
1.530241
1.568921
1.549351
1.566024
1.564572
1.564344
1.555117
1.556126
1.542016
1.559145
1.550700
1.557140
1.524283
1.549675
1.552655
1.553110
1.535805
1.537562
1.551645
1.534413
1.517920
1.524273
1.548440
1.549481
1.534169
1.560559
1.580730
1.547823
1.529897
1.541341
1.529647
1.550341
1.571495
1.569122
1.538534
1.528143
1.567543
1.524758
1.539276
1.557361
1.542055
1.548507
1.516767
1.529112
1.513467
1.546573
1.575243
1.526768
1.525881
1.559324
1.565390
1.536419
1.552815
1.541156
1.526536
1.571381
1.541168
1.539058
1.548868
1.539056
1.545414
1.557632
1.546529
1.560569
1.525583
1.569497
1.556063
1.533311
1.521855
1.536964
1.560981
1.552244
1.551220
1.544660
1.538517
1.553244
1.572428
1.558548
1.549457
1.537491
1.512580
1.551236
1.536071
1.534709
1.560490
1.522649
1.527371
1.533484
1.540306
1.547139
1.535542
1.547764
1.546115
1.513895
1.530686
1.517326
1.575681
1.528330
1.564184
1.540635
1.526459
1.519131
1.517795
1.540091
1.538273
1.528870
1.533530
1.537822
1.524425
1.527245
1.553816
1.525032
1.537265
1.549588
1.548175
1.561550
1.521452
1.524380
1.522533
1.528415
1.546250
1.524445
1.513252
1.557290
1.548760
1.535939
1.530936
1.547409
1.542962
1.524532
1.525921
1.547543
1.530195
1.533072
1.541783
1.550359
1.530522
1.516678
1.576625
1.537441
1.524602
1.534240
1.523276
1.526052
1.527192
1.520504
1.515265
1.540258
1.533042
1.534244
1.530471
1.521149
1.535730
1.523521
1.515906
1.530937
1.531791
1.516665
1.530434
1.546789
1.508376
1.555764
1.519337
1.534606
1.522436
1.542142
1.546252
1.517218
1.572924
1.549261
1.539199
1.516816
1.532246
1.525435
1.534987
1.510014
1.508255
1.541177
1.541971
1.538571
1.507752
1.532943
1.542438
1.523748
1.527883
1.534532
1.546611
1.535281
1.532254
1.526594
1.538173
1.515762
1.537845
1.511277
1.525288
1.556540
1.513740
1.533993
1.529930
1.509612
1.537899
1.535459
1.511882
1.554323
1.522488
1.544273
1.528830
1.518126
1.525132
1.528874
1.513452
1.560693
1.517450
1.524141
1.522973
1.502794
1.512238
1.529618
1.510366
1.539422
1.556522
1.509524
1.505267
1.510339
1.501961
1.532172
1.498921
1.510260
1.521262
1.517176
1.533913
1.527836
1.515726
1.555539
1.538476
1.552194
1.505657
1.521468
1.519488
1.530206
1.517648
1.546053
1.537341
1.530883
1.516887
1.525023
1.552226
1.535794
1.506557
1.543623
1.518827
1.534860
1.523815
1.530308
1.523370
1.520637
1.535960
1.502881
1.542480
1.517834
1.542665
1.515608
1.559972
1.519841
1.527992
1.525357
1.538485
