2.306144
2.305046
2.309826
2.326025
2.316272
2.323462
2.327624
2.320253
2.323317
2.360403
2.385608
2.372537
2.410020
2.337325
2.338385
2.356372
2.333259
2.274159
2.241495
2.183573
2.188565
2.220727
2.389465
2.078537
1.719861
1.629312
1.732768
1.900221
2.046276
2.473422
2.449618
2.358439
2.066118
2.183616
2.432377
1.997926
1.962858
1.970538
1.998626
1.758829
1.642065
1.613836
1.579387
1.580630
1.588400
1.577633
1.572281
1.562568
1.579761
1.584462
1.609574
1.626487
1.631918
1.585337
1.583944
1.594805
1.604277
1.627237
1.640436
1.642127
1.643957
1.636377
1.632425
1.617598
1.598955
1.607944
1.617737
1.592682
1.600381
1.592279
1.576838
1.535710
1.565245
1.592774
1.551404
1.567723
1.555560
1.558218
1.538788
1.560400
1.532578
1.537928
1.553646
1.566171
1.549917
1.553246
1.545892
1.543373
1.526515
1.534546
1.535395
1.526062
1.526711
1.533437
1.540820
1.532993
1.562617
1.544283
1.548271
1.551141
1.594563
1.561887
1.549835
1.543171
1.573273
1.554700
1.564798
1.536513
1.546991
1.542335
1.507863
1.530977
1.524527
1.555227
1.516875
1.509569
1.514117
1.503251
1.516803
1.512345
1.506477
1.511613
1.514312
1.528325
1.529854
1.508438
1.521697
1.531177
1.528143
1.535083
1.514789
1.545655
1.555847
1.565329
1.510907
1.532215
1.537621
1.504530
1.512865
1.515479
1.510211
1.494230
1.513090
1.508922
1.519087
1.504475
1.517311
1.533804
1.508689
1.531534
1.526697
1.522918
1.527983
1.525150
1.517340
1.509439
1.515797
1.500503
1.511043
1.514233
1.514673
1.518376
1.503971
1.505946
1.487902
1.522624
1.519843
1.514151
1.517558
1.520507
1.529859
1.488594
1.510012
1.511961
1.518475
1.510473
1.518293
1.512857
1.493141
1.500876
1.517649
1.487961
1.497816
1.513084
1.515288
1.500894
1.525937
1.504688
1.493529
1.505374
1.496815
1.478239
1.491835
1.506061
1.501943
1.500782
1.501089
1.516988
1.503677
1.500243
1.502791
1.507590
1.495116
1.504309
1.511101
1.523953
1.495832
1.506751
1.513682
1.505822
1.512442
1.510593
1.520772
1.497356
1.510562
1.505660
1.490505
1.512808
1.502465
1.492524
1.503224
1.507280
1.493369
1.498342
1.492395
1.503081
1.492119
1.520724
1.494480
1.505751
1.491559
1.492627
1.497595
1.501146
1.494195
1.498784
1.499206
1.497571
1.505033
1.517401
1.514822
1.482610
1.499596
1.505774
1.493181
1.498132
1.487799
1.491701
1.478734
1.497848
1.486176
1.491336
1.500695
1.498886
1.493986
1.489790
1.482999
1.507365
1.503766
1.489458
1.489600
1.493521
1.514443
1.506795
1.495682
1.521164
1.496407
1.476883
1.493211
1.495875
1.500572
1.513657
1.487141
1.500726
1.495005
1.490396
1.489283
1.496095
1.489523
1.484002
1.487280
1.507468
1.488421
1.501159
1.490065
1.481057
1.494469
1.497791
1.479218
1.485325
1.499938
1.484705
1.498079
1.501823
1.505151
1.511640
1.497799
1.503364
1.509272
1.501162
1.490817
1.481756
1.485137
1.482956
1.484851
1.484119
1.490544
1.483712
1.487391
1.499769
1.485766
1.475748
1.496782
1.482876
1.501520
1.507416
1.501429
1.493332
1.498655
1.480089
1.490262
1.498876
1.499252
1.495822
1.491895
1.481039
1.490499
1.487090
1.481142
1.500284
1.485680
1.484528
1.484434
1.479945
1.473932
1.487636
1.483008
1.484247
1.496228
1.479894
1.483885
1.472674
1.496340
1.482339
1.478537
1.510526
1.510935
1.483684
1.478452
1.483518
1.496418
1.494765
1.486724
1.485554
1.482411
1.493427
1.479514
1.471088
1.480923
1.475625
1.477310
1.471253
1.483846
1.495528
1.484121
1.478979
1.506241
1.482566
1.496671
1.482057
1.471425
1.498494
1.477143
1.479792
1.487388
1.476801
1.480795
1.473185
1.483377
1.493448
1.485060
1.481702
1.477063
1.475571
1.486531
1.496880
1.487157
1.480121
1.474937
1.479567
1.470702
1.481241
1.476987
1.475876
1.471195
1.493053
1.491758
1.487607
1.479739
1.482887
1.487180
1.489104
1.480219
1.478558
1.478863
1.474779
1.474273
1.485753
1.479603
1.489764
1.481132
1.491917
1.476128
1.476178
1.474115
1.474296
1.485286
1.480167
1.490086
1.489303
1.483935
1.477363
1.470218
1.485934
1.471861
1.481715
1.487812
1.472003
1.484616
1.472073
1.475390
1.499945
1.476416
1.479660
1.476764
1.476984
1.475735
1.483896
1.483189
1.475353
1.479148
1.474589
1.478671
1.469099
1.482713
1.477736
1.477354
1.476559
1.479052
1.470794
1.490434
1.475103
1.475091
1.491121
1.475348
1.475193
1.485627
1.470887
1.485350
1.485536
1.489747
1.478679
1.481059
1.485128
1.473041
1.487770
1.482461
1.482587
1.473519
1.469948
1.472818
1.468303
1.482613
1.476705
1.476684
1.480827
1.492640
1.481395
1.472046
1.468977
1.469873
1.482277
1.474823
1.484626
1.483509
1.466149
1.473541
1.482642
1.473695
1.487458
1.483669
1.476851
1.485985
1.472316
1.469207
1.475978
1.482381
1.472982
1.475457
1.469138
