2.307225
2.304815
2.305490
2.306622
2.304939
2.306054
2.304846
2.306473
2.303424
2.289101
2.265373
2.236474
2.222402
2.218084
2.323819
2.425459
2.453925
2.376348
2.267783
2.188501
2.187656
2.312349
2.411920
2.552852
2.482070
2.476729
2.061876
2.446941
2.644773
2.323575
2.008185
1.754661
1.735577
1.759308
1.680846
1.696015
1.727769
1.745177
1.801503
1.824368
1.798129
1.782925
1.746164
1.731452
1.688655
1.717385
1.744493
1.754465
1.739487
1.757563
1.775914
1.772879
1.773715
1.808528
1.747218
1.717773
1.685566
1.632346
1.621447
1.611155
1.618522
1.603089
1.616484
1.669955
1.661631
1.635016
1.624919
1.625240
1.623551
1.646507
1.661802
1.629962
1.662329
1.655602
1.635628
1.627568
1.622026
1.605396
1.609739
1.610958
1.618667
1.595507
1.619442
1.578042
1.586788
1.568668
1.588125
1.566613
1.567094
1.607250
1.579659
1.597690
1.622018
1.609694
1.599919
1.607033
1.563841
1.601136
1.561042
1.537220
1.564890
1.571750
1.550087
1.541932
1.556213
1.585492
1.563135
1.621991
1.604051
1.610971
1.576186
1.579226
1.568444
1.613259
1.576074
1.551050
1.560580
1.557288
1.545934
1.539340
1.529609
1.543263
1.547287
1.547056
1.569821
1.548584
1.583736
1.572668
1.594466
1.586867
1.600670
1.595839
1.570400
1.565672
1.554650
1.558719
1.541520
1.545390
1.526471
1.538902
1.538578
1.527071
1.527161
1.512307
1.525808
1.552458
1.545500
1.545868
1.531840
1.564529
1.541141
1.550819
1.547968
1.547636
1.534679
1.554919
1.545633
1.505585
1.531698
1.529184
1.530520
1.512961
1.520413
1.533652
1.521613
1.538407
1.532797
1.538754
1.535859
1.530488
1.530302
1.546506
1.521172
1.550887
1.520356
1.528913
1.532091
1.549275
1.541351
1.539519
1.513467
1.516306
1.498737
1.504359
1.517825
1.513041
1.518847
1.511722
1.531177
1.555117
1.532623
1.509721
1.519947
1.525996
1.535345
1.518212
1.529506
1.536590
1.539337
1.524859
1.515659
1.536137
1.525457
1.532346
1.512375
1.497288
1.502494
1.515046
1.509268
1.506897
1.505897
1.491483
1.504715
1.524193
1.506500
1.511294
1.528481
1.522509
1.523785
1.510289
1.526701
1.501945
1.516099
1.504956
1.505928
1.498961
1.520307
1.522058
1.506497
1.515903
1.519232
1.501975
1.501249
1.506825
1.528118
1.506772
1.502409
1.492755
1.506784
1.513012
1.508838
1.520198
1.498474
1.497348
1.496087
1.532033
1.519901
1.517071
1.494577
1.508618
1.532125
1.513855
1.512713
1.507983
1.508207
1.516795
1.508283
1.509950
1.525924
1.519315
1.532551
1.505485
1.517891
1.521542
1.520150
1.495970
1.508914
1.490625
1.498958
1.494360
1.497432
1.485245
1.494214
1.482863
1.486089
1.484305
1.486188
1.488314
1.499094
1.518273
1.522374
1.529043
1.527056
1.531046
1.514405
1.518824
1.507777
1.500709
1.496998
1.502878
1.502754
1.516181
1.499768
1.507198
1.498707
1.482607
1.490297
1.497548
1.487777
1.493935
1.492997
1.484291
1.494696
1.485683
1.493730
1.494769
1.480227
1.487972
1.484412
1.502235
1.491340
1.493331
1.492897
1.520107
1.484676
1.507392
1.506558
1.499128
1.486231
1.504679
1.482928
1.481949
1.484673
1.492442
1.500513
1.477322
1.482840
1.482830
1.482805
1.488018
1.487572
1.502764
1.481760
1.491262
1.486501
1.492321
1.480079
1.501533
1.482022
1.490079
1.504198
1.494992
1.483953
1.476269
1.502526
1.481312
1.473479
1.495179
1.478405
1.476390
1.503368
1.483983
1.477858
1.489816
1.476355
1.478914
1.483346
1.495428
1.512013
1.502168
1.508906
1.488025
1.487489
1.488375
1.499206
1.484089
1.484048
1.497911
1.473071
1.485169
1.493717
1.478284
1.477500
1.491616
1.485688
1.496123
1.487967
1.476623
1.498625
1.471445
1.494196
1.479219
1.489709
1.490586
1.486726
1.478665
1.492425
1.481499
1.499997
1.496380
1.497635
1.476498
1.488991
1.495081
1.487761
1.488216
1.478166
1.481204
1.488590
1.491723
1.475430
1.498882
1.485820
1.480980
1.487619
1.487429
1.475516
1.499764
1.475798
1.483672
1.481968
1.475509
1.481913
1.474741
1.480154
1.486272
1.476739
1.506410
1.488822
1.476184
1.484444
1.476151
1.497766
1.493400
1.488326
1.491371
1.486167
1.475402
1.489784
1.494202
1.495305
1.493029
1.471456
1.484474
1.478129
1.481542
1.473612
1.475162
1.469968
1.476544
1.481068
1.482013
1.469615
1.499531
1.494506
1.479484
1.494996
1.492039
1.484136
1.497274
1.493635
1.492168
1.477249
1.481353
1.500059
1.470966
1.487848
1.483613
1.484110
1.480684
1.478790
1.476486
1.471947
1.475021
1.484269
1.479734
1.477280
1.483547
1.487229
1.486573
1.489807
1.476817
1.481526
1.489767
1.490598
1.504667
1.480826
1.487867
1.480739
1.480155
1.481166
1.473871
1.477959
1.484418
1.478827
1.494550
1.486906
1.488958
1.488337
1.472343
1.484189
1.488599
1.495771
1.481568
1.492884
1.478271
1.472612
1.483421
1.471872
1.480961
