2.300493
2.305278
2.299140
2.283925
2.285527
2.274735
2.258044
2.236646
2.194580
2.142356
2.152891
2.033833
2.049919
1.929341
1.992574
1.891799
1.932612
1.849781
1.840386
1.850601
1.815592
1.875737
1.784443
1.880561
1.798323
1.750681
1.776188
1.752935
1.778381
1.721675
1.683485
1.764852
1.737440
1.691663
1.663677
1.674812
1.660942
1.626842
1.644374
1.640221
1.614648
1.609956
1.568200
1.567064
1.578363
1.581946
1.573879
1.578740
1.557023
1.576688
1.556403
1.587048
1.563545
1.580183
1.589254
1.550762
1.527765
1.559263
1.599354
1.525882
1.556825
1.539702
1.546028
1.542123
1.550054
1.527046
1.570406
1.536647
1.538041
1.525800
1.529471
1.537814
1.558721
1.553923
1.554962
1.526285
1.554704
1.514953
1.528160
1.545924
1.548177
1.547970
1.557472
1.548641
1.526738
1.540882
1.521154
1.534179
1.533953
1.536574
1.516805
1.530367
1.519184
1.532453
1.530166
1.535259
1.523976
1.550609
1.536934
1.545857
1.527309
1.516270
1.508576
1.545665
1.566924
1.532049
1.541219
1.536081
1.533164
1.508784
1.514499
1.530186
1.530121
1.519934
1.524955
1.504252
1.522135
1.524674
1.516818
1.527360
1.530239
1.504278
1.511169
1.519450
1.535287
1.542712
1.529235
1.530544
1.543509
1.521122
1.528779
1.523479
1.498023
1.528589
1.511938
1.566950
1.511721
1.533117
1.515638
1.512975
1.509970
1.525217
1.512913
1.532345
1.522871
1.488538
1.559237
1.534435
1.517856
1.515752
1.531667
1.514406
1.518019
1.506853
1.528349
1.503422
1.503290
1.504663
1.535697
1.503312
1.537005
1.523657
1.503879
1.520782
1.504968
1.516914
1.496188
1.594995
1.529800
1.535190
1.510595
1.523145
1.550252
1.517718
1.496890
1.516831
1.495688
1.480283
1.525401
1.533245
1.504045
1.503574
1.514829
1.518873
1.530771
1.519812
1.517352
1.498532
1.535075
1.509324
1.512766
1.488749
1.530105
1.511134
1.502392
1.494570
1.503915
1.534585
1.495704
1.511734
1.519813
1.513215
1.522012
1.517226
1.501158
1.506754
1.521742
1.518825
1.517694
1.506551
1.510563
1.535700
1.519266
1.499622
1.528420
1.529273
1.521232
1.504157
1.499120
1.513409
1.506710
1.495942
1.493687
1.522035
1.505998
1.534938
1.507378
1.513286
1.519646
1.502718
1.520674
1.509334
1.496029
1.496705
1.521945
1.505573
1.512360
1.506068
1.510265
1.523776
1.495685
1.502173
1.533341
1.512348
1.516076
1.509612
1.496259
1.516310
1.496106
1.506444
1.515680
1.497378
1.494690
1.517953
1.496190
1.513783
1.494432
1.517664
1.481732
1.501637
1.520703
1.529545
1.539046
1.536311
1.512401
1.509128
1.490506
1.504352
1.519547
1.514733
1.500338
1.517808
1.521362
1.500870
1.502652
1.511908
1.500563
1.507841
1.509195
1.504721
1.498895
1.509798
1.507433
1.498829
1.508292
1.508922
1.505475
1.519101
1.512879
1.493856
1.502742
1.527061
1.506820
1.489149
1.513930
1.507891
1.503994
1.507360
1.518020
1.501719
1.528975
1.491304
1.490928
1.485233
1.514241
1.497978
1.501266
1.503801
1.503929
1.492433
1.500790
1.514336
1.501724
1.512090
1.498968
1.510581
1.521823
1.502514
1.507260
1.498074
1.515298
1.522652
1.488328
1.507226
1.500552
1.497990
1.493910
1.488370
1.508863
1.516218
1.502772
1.488452
1.503158
1.508884
1.495666
1.500034
1.496717
1.498352
1.503577
1.501612
1.506722
1.506281
1.510412
1.508571
1.482059
1.492739
1.509772
1.492589
1.499146
1.497722
1.505448
1.510238
1.487384
1.503948
1.511691
1.503280
1.491780
1.506795
1.508259
1.518882
1.494020
1.514533
1.493755
1.487498
1.505632
1.513306
1.513823
1.499856
1.503437
1.492339
1.501332
1.503508
1.503938
1.514195
1.506282
1.496066
1.504736
1.500575
1.498890
1.507998
1.481586
1.489038
1.500469
1.499617
1.507538
1.503865
1.500389
1.503251
1.482658
1.504695
1.491502
1.511235
1.494088
1.486005
1.508332
1.503287
1.505322
1.479092
1.489892
1.514552
1.507831
1.516236
1.488510
1.492423
1.500256
1.486053
1.505429
1.489790
1.496509
1.503657
1.502035
1.518863
1.498381
1.503013
1.497085
1.498279
1.500580
1.496972
1.498880
1.485448
1.496340
1.500045
1.504643
1.496883
1.502456
1.477915
1.502962
1.501401
1.492534
1.499823
1.494592
1.518660
1.488937
1.507746
1.486097
1.496274
1.487681
1.482689
1.513037
1.498969
1.501522
1.501374
1.492371
1.487851
1.485103
1.502770
1.507640
1.511154
1.475199
1.531314
1.490443
1.506251
1.502267
1.496055
1.514601
1.477920
1.491725
1.500809
1.500370
1.496419
1.508586
1.498995
1.513504
1.487696
1.508659
1.488080
1.489778
1.491821
1.505244
1.486281
1.480582
1.496493
1.494613
1.494929
1.489003
1.482993
1.494562
1.504974
1.504822
1.480446
1.480655
1.482230
1.496193
1.483234
1.488503
1.518593
1.505902
1.495133
1.491114
1.490549
1.499719
1.517040
1.484107
1.491018
1.491465
1.505689
1.502954
1.510803
1.495819
1.503422
