2.303369
2.302320
2.301518
2.290450
2.280766
2.281184
2.268254
2.265678
2.247783
2.234078
2.202833
2.208370
2.188059
2.161169
2.114515
2.105350
2.107979
2.083986
2.067612
2.023377
1.973396
1.945302
1.892500
1.924077
1.866416
1.841813
1.851813
1.792920
1.812636
1.739228
1.770003
1.740093
1.742900
1.738567
1.752120
1.721280
1.725418
1.696842
1.718134
1.670801
1.702466
1.707570
1.696072
1.689718
1.661513
1.701458
1.666054
1.660240
1.658269
1.629063
1.627585
1.650152
1.668029
1.662427
1.643303
1.670090
1.646069
1.608776
1.609799
1.652719
1.633287
1.671638
1.616224
1.648080
1.633260
1.649163
1.622979
1.624828
1.660802
1.602861
1.618432
1.622669
1.647497
1.601944
1.639941
1.599456
1.587333
1.573589
1.590475
1.621133
1.620523
1.584872
1.638953
1.628042
1.578896
1.642456
1.617632
1.630998
1.623999
1.625938
1.572954
1.591296
1.558713
1.614639
1.611201
1.592231
1.570730
1.573059
1.629080
1.599445
1.581121
1.589972
1.586314
1.593548
1.573308
1.591399
1.601574
1.600897
1.574360
1.574364
1.586465
1.583980
1.634105
1.561501
1.589766
1.564433
1.586737
1.573815
1.589859
1.566835
1.584204
1.584917
1.598382
1.559475
1.573661
1.590482
1.592331
1.571974
1.548585
1.553465
1.600806
1.565757
1.577694
1.558495
1.560728
1.603081
1.557832
1.586054
1.571260
1.573654
1.557234
1.555981
1.588834
1.604802
1.572623
1.564718
1.564303
1.576776
1.569419
1.571368
1.601434
1.564558
1.576020
1.568211
1.539496
1.590372
1.566546
1.551033
1.578887
1.546379
1.593349
1.573710
1.589814
1.573740
1.543603
1.590101
1.551530
1.539954
1.545500
1.563718
1.555005
1.518655
1.579557
1.551536
1.547319
1.567001
1.537767
1.574794
1.551561
1.564693
1.576997
1.563401
1.549428
1.569697
1.566893
1.547861
1.539011
1.526971
1.570629
1.521553
1.555918
1.518367
1.558264
1.551280
1.561334
1.567304
1.528668
1.551996
1.531612
1.587579
1.545294
1.547634
1.543010
1.575770
1.547661
1.539736
1.546899
1.548589
1.545360
1.552475
1.547386
1.532404
1.595032
1.535756
1.558425
1.547531
1.573916
1.547876
1.539412
1.567255
1.530346
1.546526
1.542520
1.557831
1.559283
1.560326
1.519908
1.523475
1.510702
1.561933
1.526486
1.560015
1.533434
1.542473
1.546819
1.531678
1.532052
1.571196
1.518868
1.536466
1.544891
1.523142
1.568716
1.528882
1.531502
1.544992
1.544250
1.530936
1.538331
1.548652
1.544504
1.537642
1.548685
1.532225
1.538834
1.516708
1.553434
1.531391
1.546012
1.535925
1.545084
1.523093
1.533614
1.550052
1.546766
1.558161
1.552992
1.518193
1.516452
1.543580
1.531237
1.509747
1.558787
1.553298
1.549433
1.538505
1.557193
1.507437
1.527252
1.540445
1.521202
1.521014
1.525595
1.532866
1.527742
1.533639
1.566881
1.529688
1.528948
1.524962
1.524583
1.551695
1.521809
1.540382
1.521274
1.544473
1.537246
1.531510
1.517485
1.537784
1.515513
1.541860
1.526538
1.532487
1.555631
1.541185
1.525767
1.537696
1.521831
1.533403
1.518741
1.524779
1.500927
1.550543
1.528969
1.565189
1.512749
1.525389
1.514002
1.516419
1.527384
1.516038
1.509849
1.504046
1.541022
1.534241
1.525870
1.540522
1.527077
1.529417
1.517888
1.516105
1.553279
1.528110
1.522628
1.517756
1.511208
1.538302
1.534800
1.521050
1.522444
1.503717
1.531028
1.535777
1.527164
1.518983
1.525677
1.517076
1.523105
1.521152
1.516430
1.506796
1.513377
1.502858
1.524973
1.502769
1.525956
1.531733
1.544810
1.514435
1.530735
1.534079
1.521370
1.516095
1.502995
1.514538
1.497295
1.503571
1.520538
1.522702
1.553065
1.515071
1.527924
1.519186
1.533464
1.539744
1.515351
1.543346
1.504908
1.519681
1.513907
1.512788
1.517813
1.546782
1.511160
1.513627
1.497634
1.509530
1.531107
1.524431
1.517479
1.508859
1.514776
1.534799
1.513246
1.508937
1.506465
1.533550
1.514472
1.506498
1.514180
1.542264
1.540984
1.527559
1.524062
1.509239
1.510981
1.522115
1.510675
1.511055
1.517800
1.528377
1.501892
1.502811
1.506741
1.491658
1.513906
1.538302
1.527139
1.514591
1.517455
1.517896
1.509877
1.530988
1.528456
1.511617
1.516650
1.510367
1.520054
1.517198
1.491145
1.514145
1.515166
1.516589
1.496437
1.502938
1.532330
1.517593
1.517181
1.503174
1.516169
1.493013
1.521922
1.511222
1.502876
1.500365
1.514268
1.524178
1.500563
1.500835
1.518538
1.515784
1.499432
1.527212
1.511403
1.508511
1.503315
1.516623
1.510747
1.513383
1.511237
1.506077
1.502654
1.501856
1.520420
1.508276
1.494752
1.513878
1.500877
1.513036
1.511705
1.498882
1.510159
1.488161
1.499398
1.500668
1.528767
1.508170
1.553141
1.498593
1.496273
1.515894
1.512289
1.497568
1.519134
1.503386
1.513462
1.537748
1.524271
1.505107
1.497613
1.510058
1.502981
1.487745
1.513803
1.523295
1.511319
1.515405
1.498749
1.505953
