2.303853
2.308848
2.301987
2.297870
2.302595
2.302431
2.308231
2.301713
2.305356
2.303538
2.305033
2.302314
2.304333
2.300105
2.298786
2.302046
2.305083
2.302425
2.299376
2.298834
2.303841
2.298434
2.302052
2.302339
2.299582
2.301327
2.299206
2.301296
2.299648
2.300550
2.296468
2.299357
2.298891
2.299154
2.295891
2.298143
2.297782
2.301588
2.300647
2.294508
2.296799
2.297016
2.301186
2.297091
2.297806
2.294656
2.290303
2.297224
2.293486
2.294386
2.300976
2.293936
2.296985
2.294254
2.290195
2.293935
2.290612
2.290471
2.291095
2.291370
2.295158
2.292439
2.292470
2.297009
2.289598
2.286042
2.291993
2.286623
2.287758
2.297488
2.289252
2.283899
2.287310
2.283036
2.287215
2.282408
2.280147
2.282917
2.279301
2.283997
2.279640
2.283066
2.282599
2.286647
2.282935
2.288223
2.275554
2.270742
2.265179
2.270916
2.275895
2.274772
2.257695
2.277199
2.251361
2.277575
2.256523
2.269155
2.256925
2.263196
2.255646
2.249570
2.253432
2.263242
2.253006
2.246954
2.247506
2.248052
2.225377
2.224345
2.212746
2.238746
2.217606
2.205490
2.176701
2.192411
2.240742
2.207597
2.216254
2.201944
2.207901
2.198821
2.150529
2.124178
2.144729
2.197906
2.172476
2.132827
2.160329
2.226202
2.135270
2.119248
2.159256
2.161298
2.138967
2.136010
2.107058
2.126274
2.128865
2.133857
2.106469
2.132782
2.019396
2.120117
2.109787
2.099474
2.081156
2.132331
2.089262
1.963742
2.039719
2.030266
2.075147
2.063561
2.032794
2.076963
2.071226
2.028593
2.042730
2.072989
2.047254
2.003610
2.072034
1.970874
1.891266
2.081157
2.006807
1.973634
2.011027
2.014042
1.954018
2.006228
1.919098
1.921225
2.016543
1.893047
2.013422
1.910387
1.951228
1.935110
1.949468
1.919905
1.943615
1.938956
2.038899
2.043556
1.895104
1.960482
1.990060
1.962308
1.985374
2.066143
2.023943
1.885384
1.980624
1.992290
1.980176
1.980927
1.934636
1.823380
1.926802
1.989970
1.967052
1.943291
1.765876
1.841420
1.900092
1.878404
1.809117
1.978822
1.820237
1.795092
1.788910
1.778997
1.868923
2.071133
1.814166
1.945375
1.946838
1.876567
1.971195
1.797122
1.907600
1.942912
1.948450
1.908638
1.902808
1.755175
1.763046
1.900544
1.762679
1.907573
1.819008
1.853054
1.716678
1.780721
1.904001
1.757738
1.811129
1.772563
1.905542
1.943255
1.889364
1.911945
1.722805
1.773107
1.751449
1.764559
1.845274
1.825435
1.786826
1.803839
1.772958
1.694019
1.964684
1.979508
1.994674
1.773296
1.754324
1.873600
1.797147
1.797824
1.786978
1.710977
1.763934
1.777955
1.840161
1.795423
1.781310
1.762894
1.849644
1.745841
1.749306
1.751450
1.750383
1.735779
1.800017
1.894625
1.748409
1.712684
1.721211
1.648857
1.811899
1.862978
1.740345
1.773146
1.716672
1.735427
1.781746
1.632235
1.726201
1.750880
1.713243
1.783888
1.666304
1.835781
1.615285
1.776297
1.832569
1.644186
1.762412
1.748629
1.709252
1.800053
1.906005
1.790357
1.728762
1.742749
1.588181
1.863200
1.649679
1.717928
1.830544
1.618202
1.660724
1.844909
1.815463
1.670423
1.773465
1.663599
1.690834
1.700097
1.810090
1.657766
1.709396
1.733105
1.630366
1.705448
1.725424
1.665606
1.777788
1.666498
1.633185
1.764289
1.619973
1.673679
1.686024
1.689280
1.652043
1.712918
1.700142
1.774059
1.769997
1.657749
1.663392
1.821515
1.692733
1.693704
1.583463
1.794833
1.608263
1.788916
1.736958
1.627971
1.824677
1.726596
1.605144
1.683400
1.656961
1.799586
1.748786
1.709993
1.553424
1.621867
1.649897
1.717157
1.768115
1.658531
1.609135
1.642895
1.574328
1.754617
1.726354
1.539462
1.645741
1.640255
1.616089
1.619225
1.585329
1.685106
1.812963
1.617832
1.652372
1.606265
1.709774
1.573896
1.771355
1.527780
1.549932
1.636957
1.543444
1.675230
1.644512
1.630542
1.596816
1.712791
1.698874
1.666504
1.556393
1.542361
1.516661
1.922384
1.685004
1.646930
1.586899
1.663683
1.413125
1.597612
1.512184
1.610306
1.612552
1.627172
1.492140
1.787626
1.614352
1.817877
1.513728
1.621048
1.708131
1.509533
1.619351
1.574019
1.518991
1.580574
1.588241
1.734250
1.613191
1.732336
1.564698
1.540261
1.634157
1.663709
1.626722
1.566106
1.517256
1.463956
1.676527
1.599616
1.541902
1.559546
1.460219
1.545649
1.642490
1.598518
1.496430
1.575174
1.453342
1.435185
1.660552
1.548063
1.619431
1.468491
1.683229
1.616990
1.537249
1.647735
1.569690
1.501756
1.659665
1.551047
1.515911
1.532518
1.584756
1.518629
1.698054
1.637816
1.450794
1.488944
1.624459
1.489024
1.430952
1.599117
1.544284
1.493611
1.528341
1.596511
1.527684
1.516311
1.555145
1.443645
1.649571
1.558123
1.603725
1.584249
1.646582
1.487346
1.523986
1.529437
1.496068
1.395170
1.690529
1.523387
1.637347
1.640088
1.455319
1.555296
1.599829
1.642612
1.479494
1.466575
1.358839
1.459033
1.512458
1.573883
1.557150
1.395463
1.475841
1.552319
1.546603
1.510184
1.589740
1.331644
1.367787
1.510405
1.599078
1.619133
1.511942
1.698736
1.330552
1.452012
1.448033
1.370877
1.572425
1.652477
1.463625
1.578650
1.506874
1.498700
1.400920
1.530168
1.474126
1.444730
1.379794
1.616953
1.522691
1.488815
1.586508
1.259012
1.473929
1.583524
1.667668
1.419508
1.326317
1.833783
1.443340
1.508266
1.481500
1.419976
1.383797
1.556260
1.553998
1.572405
1.397479
1.491211
1.397732
1.420339
1.510952
1.447187
1.588916
1.461560
1.392210
1.425843
1.564761
1.396954
1.474462
1.420400
1.447275
1.434749
1.516796
1.641028
1.421179
1.427122
1.560066
1.542933
1.409101
1.312117
1.489382
1.511807
1.451849
1.651225
1.486567
1.473756
1.322558
1.501085
1.596457
1.454569
1.631521
1.376827
1.500492
1.497581
1.452548
1.700415
1.372606
1.379886
1.531523
1.510364
1.465670
1.606354
1.434743
1.435646
1.593933
1.428015
1.470608
1.566444
1.344788
1.404178
1.287812
1.184470
1.381111
1.401605
1.624445
1.411243
1.462729
1.495479
1.437695
1.451843
1.610667
1.413335
1.542974
1.464195
1.382740
1.477367
1.449108
1.530126
1.346297
1.367068
1.492148
1.400139
1.425318
1.599587
1.392970
1.433920
1.468092
1.371476
1.522333
1.481687
1.494673
1.448924
1.352885
1.500275
1.468680
1.481093
1.478134
1.425451
1.512174
1.320114
1.361608
1.495008
1.382935
1.327948
1.454542
1.614241
1.399130
1.451273
1.379372
1.314851
1.362155
1.544573
1.569615
1.408101
1.427952
1.643512
1.369372
1.638191
1.439307
1.287515
1.407224
1.404983
1.539189
1.430235
1.296097
1.473671
1.377066
1.356446
1.501318
1.298319
1.501882
1.406712
1.604560
1.362052
1.616844
1.315999
1.420062
1.512308
1.558435
1.268316
1.346304
1.360389
1.573417
1.448302
1.455355
1.484377
1.430707
1.440291
1.301948
1.232757
1.342844
1.415825
1.440280
1.475071
1.502799
1.214027
1.388520
1.237141
1.302442
1.464283
1.313596
1.393901
1.478469
1.358885
1.538954
1.383421
1.368646
1.589767
1.272044
1.519416
1.379697
1.520820
1.672538
1.283279
1.429336
1.289839
1.416316
1.375648
1.490455
1.367304
1.331667
1.485143
1.316173
1.407661
1.479569
1.626032
1.345493
1.286333
1.247682
1.548967
1.464880
1.367985
1.510856
1.469715
1.309756
1.416129
1.446144
1.414988
1.242460
1.400932
1.467662
1.456963
1.346830
1.268627
1.322407
1.419802
1.330477
1.432526
1.353767
1.392713
1.288541
1.329603
1.363278
1.377603
1.154049
1.361374
1.429825
1.333506
1.374058
1.223987
1.358674
1.354353
1.346826
1.320438
1.278119
1.368098
1.248160
1.499157
1.481099
1.420694
1.418787
1.461964
1.242493
1.390514
1.250918
1.233180
1.228930
1.349238
1.235374
1.368766
1.333426
1.389793
1.464275
1.261114
1.489755
1.301380
1.293582
1.247999
1.403395
1.399423
1.375016
1.377114
1.335076
1.306223
1.391005
1.376807
1.201158
1.239707
1.354109
1.257277
1.252228
1.276721
1.186283
1.342405
1.348871
1.456290
1.381065
1.395667
1.380899
1.283511
1.336511
1.424819
1.299961
1.412765
1.181589
1.346748
1.295481
1.314396
1.397913
1.375053
1.342138
1.364210
1.399496
1.159283
1.329461
1.347776
1.430448
1.229862
1.305492
1.461726
1.180827
1.222616
1.315258
1.198291
1.300439
1.364411
1.529252
1.445501
1.454725
1.182948
1.429734
1.122936
1.403736
1.282909
1.193564
1.294901
1.283122
1.313887
1.308470
1.404754
1.328939
1.313246
1.385247
1.350484
1.293265
1.182142
1.262068
1.508829
1.404037
1.298226
1.428877
1.262107
1.478665
1.295087
1.337736
1.418974
1.391393
1.318361
1.387892
1.292361
1.374456
1.256025
1.152732
1.331616
1.339162
1.314653
1.354603
1.379053
1.288414
1.344183
1.200183
1.455887
1.445676
1.388312
1.152713
1.125925
1.383125
1.410632
1.349849
1.317506
1.273405
1.213426
1.120463
1.276865
1.297003
1.206426
1.380771
1.189904
1.284765
1.245491
1.355717
1.458437
1.365264
1.172237
1.234666
1.131709
1.311371
1.133079
1.441147
1.194927
1.191161
1.210942
1.189583
1.306982
1.173983
1.257363
1.412675
1.272698
1.269116
1.369006
1.370739
1.510054
1.236125
1.347932
1.068039
1.179918
1.284606
1.330544
1.262064
1.310806
1.300207
1.361763
1.134825
1.237551
1.247182
1.274684
1.163870
1.394803
1.329693
1.148173
1.175184
1.264714
1.413974
1.216977
1.236139
1.269885
1.239339
1.313064
1.285029
1.220395
1.204049
1.310287
1.085697
1.335283
1.348878
1.259412
1.589812
1.301263
1.361698
1.134254
1.303482
1.295801
1.360035
1.278006
1.188026
1.230880
1.300513
1.237179
1.118381
1.094249
1.123230
1.044523
1.278518
1.024887
1.274826
1.099395
1.269123
1.237337
1.309880
1.136072
1.205709
0.932969
1.263918
1.206900
1.169611
1.197143
1.362239
1.109544
1.279181
1.156661
1.187259
1.100035
1.507560
1.196308
1.338842
1.296296
1.266605
1.244250
1.342652
1.258589
1.285854
1.260554
1.274456
1.109849
1.212941
1.289228
1.192956
1.480235
1.272405
1.321445
1.267262
1.278421
1.369568
1.229819
1.143372
1.128157
1.213716
1.303153
1.293495
1.228917
1.127811
1.098634
1.255446
1.096422
1.263563
1.322493
1.239663
1.157444
1.114858
1.282370
1.238262
1.289808
1.425540
1.145334
1.100495
1.300647
1.232497
1.321148
1.251408
1.197998
1.304798
1.132933
1.184877
1.178155
1.316199
1.129014
1.291107
1.117784
1.092739
1.122788
1.177911
1.290636
1.174847
1.359532
1.155403
1.194933
1.135963
1.176405
1.278922
1.299540
1.196292
1.161850
1.234981
1.229378
1.221810
1.040369
1.169979
1.238016
1.282414
1.181265
1.233331
1.048183
1.129828
1.004948
1.157618
1.135649
1.126088
1.154622
1.214398
1.116610
1.230011
1.338750
1.239806
1.162302
1.040435
1.166750
1.129852
1.196439
1.243290
1.169757
1.313321
1.110051
1.103379
1.322798
1.182301
1.069762
1.090741
1.142931
1.233649
1.161313
0.996380
1.328921
1.111452
1.272515
1.169116
1.366979
1.364152
1.235447
1.229026
1.314008
1.246438
1.012217
1.160425
1.264706
1.245962
1.257049
1.344428
1.386881
1.335773
1.126273
1.140817
1.147868
1.010219
1.239855
1.224507
1.178601
1.103025
1.185657
1.066019
1.138368
1.183631
1.120735
1.142952
1.063723
1.046662
1.316473
1.173772
1.232273
1.169654
1.004718
0.946775
1.123733
1.239036
1.084765
1.080208
0.984051
1.247073
1.148186
0.973786
1.065438
1.080105
1.069079
1.126502
1.137265
1.076347
1.087162
1.246885
1.197153
1.127178
1.407768
1.245053
0.942023
1.096331
1.239393
1.009134
1.227257
1.053782
1.197749
1.055696
1.128835
1.093342
1.184554
1.119050
1.112744
1.057408
1.198255
1.055284
1.343313
1.102011
0.913475
1.357630
1.060622
1.175009
1.166050
1.293103
1.171252
1.131785
1.167805
1.129116
1.013560
1.164295
1.251445
1.514918
1.116782
1.135579
1.078874
0.964481
1.292040
0.991136
1.077549
1.101226
1.073879
1.148841
1.156009
1.020628
1.118119
1.079081
1.050108
1.073302
0.942200
1.055082
1.079148
1.240723
1.130379
1.060961
1.320278
0.941244
1.005743
1.104599
1.095346
1.089119
1.116126
1.091830
1.048996
0.916394
1.339520
0.910109
1.038463
1.299229
1.120173
1.084828
1.193843
1.291918
0.983048
1.237089
1.092111
0.902891
1.109349
1.134418
1.188042
1.004263
0.976338
0.961850
1.076766
1.107131
1.148924
1.204548
1.157062
0.959648
1.167114
1.324744
0.957215
1.182849
1.271646
1.066566
1.193703
1.126480
1.203028
1.019370
1.114405
1.118494
1.033889
0.972684
0.948452
1.036936
1.252020
1.132314
1.189571
1.014758
1.168151
1.123147
1.331728
0.935775
1.008201
1.217536
1.062201
1.162863
1.159497
1.195833
1.165373
1.101643
1.062144
0.899285
1.302224
1.054877
1.046769
1.176335
0.954646
0.983097
1.067837
1.214642
1.172943
1.084669
1.024665
1.196771
1.032943
1.206244
0.970743
1.033626
1.149517
0.912225
0.985126
1.142982
1.127858
1.023298
0.841058
1.011768
1.090823
0.999275
1.003996
1.024202
1.087999
1.220057
1.086145
0.939834
1.101704
1.082723
1.073998
0.983822
0.923169
1.000819
1.225944
1.178436
1.173240
1.147713
1.084815
0.972777
1.176328
1.047966
1.050482
1.326098
1.054847
1.092539
1.062626
0.946646
0.915285
0.988087
1.108669
0.963048
0.997144
1.142325
1.074202
1.059400
0.971767
0.996692
0.976613
1.145029
1.043540
1.103598
0.948625
0.978518
1.073842
1.008906
1.195578
1.159948
1.123919
1.197423
1.102631
0.839356
0.911827
1.093434
1.069850
1.163312
1.078682
1.174943
1.098146
0.949177
1.067383
0.965356
1.043939
1.126816
1.183306
0.999053
1.202279
1.024694
1.216845
1.202971
1.209017
1.062349
1.221192
1.022592
1.155138
1.114447
1.244194
1.199756
1.014779
0.882179
1.205077
0.973149
1.239151
1.067262
1.307468
1.182844
1.098833
1.193460
0.948347
1.016732
1.008218
1.043741
1.039244
1.200200
1.648364
0.985889
1.105074
1.012858
1.071178
0.986279
0.961666
1.095359
1.042570
1.128561
1.095235
1.010683
1.108666
1.020320
1.115171
0.910901
0.974838
1.006779
1.071372
0.995595
1.137327
1.079979
0.919308
0.891024
1.209339
1.235505
1.084790
1.109880
0.992871
1.003673
1.175969
1.049942
1.071818
1.350864
1.315432
0.985359
1.076819
1.174344
0.918498
1.016016
1.164751
1.153718
1.056801
1.050359
0.925685
0.967570
1.185791
0.778555
0.931026
1.013586
0.954725
1.134733
1.221865
0.941244
0.972901
1.097613
0.984987
1.145032
0.974775
0.958539
1.043859
1.149714
0.947518
1.079148
1.151577
0.963421
1.314517
1.089792
1.063055
1.003804
1.111536
1.245601
1.163147
1.165801
1.117364
1.011518
1.064634
0.921525
1.004050
0.966194
1.049320
0.977148
1.075160
0.978381
1.124124
1.017916
1.000402
1.112951
0.933089
1.184647
0.933714
0.994963
1.063167
0.903015
0.977135
1.106031
1.278825
1.090494
1.114805
1.110484
0.934455
1.085093
1.174871
1.021425
0.989455
1.123896
0.980240
1.054581
0.938200
0.987143
1.013808
0.822791
0.988141
1.145540
0.904016
1.008073
0.957699
0.939838
0.963906
1.250916
1.018210
1.102927
1.120941
1.003492
0.965372
1.036608
0.987176
1.002458
0.866356
1.022336
1.023404
1.161885
1.138922
0.982888
1.094749
1.014746
1.087279
1.285402
1.014667
0.975676
1.038936
0.949306
1.184694
1.133777
0.929797
0.934471
0.992138
1.001113
0.953217
0.980601
0.913369
0.986148
0.992301
0.977386
0.992268
0.913920
0.984116
1.022798
1.006682
0.981226
0.843255
1.009997
0.905843
0.863413
1.197095
0.865866
0.939824
0.870312
0.969778
1.020112
1.045755
1.020498
1.095279
0.994032
1.033421
0.906199
1.252221
0.959129
1.021567
1.118498
0.971388
0.966033
0.961833
0.898488
1.071853
1.045791
1.131336
1.020955
0.965925
0.974832
1.131929
1.019608
0.914972
1.153417
1.046304
0.861853
1.044489
1.017409
1.016636
1.116288
1.086975
1.036266
0.878026
0.995678
0.966314
1.007086
1.211831
1.001115
0.990265
1.037125
1.050907
0.985856
0.863843
1.100147
0.984246
0.933439
0.795023
1.130600
1.014213
0.919005
0.941849
0.899517
0.882099
1.027510
0.966009
1.085122
0.845221
1.017671
0.964959
1.030168
0.923728
0.922734
0.946841
0.988620
0.997582
0.901505
0.957313
0.923910
1.114118
1.080468
0.920706
0.918051
0.894059
1.000969
0.970368
1.176516
0.948848
1.014233
0.834743
0.799756
1.073603
0.996253
1.016880
1.032429
0.929423
0.857459
1.329253
0.837295
1.053012
1.061484
0.925945
1.082594
0.913113
0.834337
0.967833
0.994316
0.970021
1.054641
0.865089
1.246712
0.786164
0.966890
1.035096
1.012845
0.957446
0.934587
1.001211
0.922220
1.109116
1.040438
0.974932
0.879060
1.049814
0.885565
0.818685
0.889590
0.880749
0.872727
0.660071
0.975323
0.972097
1.093839
1.006165
0.898990
0.867380
0.855641
1.093387
0.997366
0.832826
0.955457
0.839213
0.882188
1.081649
1.207553
0.909318
0.998462
1.120862
0.952441
1.053149
0.940109
1.068239
0.981252
1.006697
0.993223
0.918679
0.805814
0.947744
0.956709
1.070838
0.912689
0.990256
0.993053
1.025650
0.913239
1.209025
0.897052
0.919886
1.090484
0.959417
0.955541
0.986473
0.952440
0.895500
0.921738
0.953453
0.870170
0.863160
0.902814
1.025923
0.959595
0.809130
0.839051
1.106160
0.937090
1.064448
1.080084
0.771758
1.209201
0.750357
1.228189
0.965621
0.945773
1.077361
0.977400
0.974654
0.817385
0.706679
0.946948
0.859648
1.000544
0.905400
1.080845
1.141128
1.007495
1.007700
0.865756
0.948583
0.923520
0.939788
0.936436
0.899704
0.972922
1.048830
1.012575
1.075973
0.921063
1.071544
0.958628
1.027335
0.994761
1.198828
1.067952
0.931060
1.013526
0.983733
0.962905
1.135615
0.998308
1.067198
0.770923
0.867993
0.778446
1.000688
0.946479
0.884168
0.890917
0.755116
0.884637
0.960230
0.890305
0.933017
1.001364
0.873860
1.051859
0.966511
0.983897
0.977803
1.083583
0.951014
0.947397
0.845685
1.007017
0.941903
1.011764
1.052801
0.883017
0.943981
1.279994
0.926912
0.947412
0.860449
0.821129
0.971892
1.026074
0.985048
0.855348
1.140317
1.045632
0.925596
0.838643
0.869660
0.908513
0.986181
0.807442
0.981624
1.119636
0.714516
0.925548
0.781515
0.981167
0.829159
0.922989
1.032992
0.873519
0.922334
0.890647
0.984610
0.848930
0.906647
0.840419
0.934900
1.066175
0.841250
0.856836
0.804258
0.796115
0.897314
0.870375
0.885999
0.799563
0.861239
0.919493
0.789039
1.008893
0.739695
0.900157
0.843872
0.758472
1.039899
0.804381
0.971736
0.810763
0.818120
0.984157
0.935959
1.108933
0.999976
0.943740
0.818639
0.925367
0.704944
0.937804
0.927610
0.850061
0.995139
0.980501
0.916058
0.904762
1.016108
0.924416
0.837776
0.981797
0.923824
0.901539
0.983993
1.011740
0.972874
0.921525
0.865234
1.122020
0.944930
0.912442
0.848743
0.727389
1.002199
0.909509
0.731730
0.812458
0.904564
0.714877
0.962041
0.762704
1.306119
0.895450
0.875395
0.918313
1.084908
1.063579
1.056603
1.038009
0.924051
0.908070
0.937001
0.867805
0.880770
0.949983
0.981959
0.857571
0.760032
0.780341
0.965419
0.896548
1.132092
0.978256
1.046562
0.812051
0.889324
0.827157
1.045279
0.897646
0.895182
0.950755
0.850586
0.838868
0.854586
0.931260
0.845220
0.943703
0.873739
0.881586
0.775725
0.833329
0.999062
0.867004
0.928825
0.797980
0.885090
0.960456
0.987183
0.924633
0.979552
0.792631
0.981882
0.848610
0.780755
0.906849
0.847764
0.911140
1.029394
0.847441
0.962962
0.914680
0.684959
0.847080
0.797312
0.839328
0.946875
1.052749
0.944698
0.729393
0.773602
0.879650
0.740252
0.950388
0.949968
1.097856
0.975884
0.996574
0.858358
1.052080
0.950708
1.017339
0.976022
1.041992
0.806314
0.921350
0.862703
0.853633
0.684975
0.798869
1.105126
1.023826
0.976382
0.792582
0.951633
0.955093
1.139506
0.844186
0.823908
0.844955
0.902919
0.903646
0.753701
1.012822
0.784905
0.748209
1.002375
0.866225
1.110073
1.083815
0.879311
0.969477
0.940903
0.899855
0.847853
0.836923
0.865943
0.893427
1.039737
0.757002
1.048161
0.833197
0.766507
0.835176
0.966936
0.906628
0.917364
0.840338
0.881519
1.049428
0.700243
0.788020
0.910892
0.836557
0.850517
1.055024
0.850818
0.808414
0.844269
0.791354
0.856563
0.934602
0.876504
1.018284
0.719357
0.759566
0.823972
0.859531
0.735687
0.859076
1.016014
0.938701
0.791412
0.722149
1.009137
0.890243
0.952996
0.820323
0.882051
0.959909
0.871169
0.867403
0.649070
0.937350
1.157361
1.040069
0.788566
0.846605
0.642041
0.683352
0.653485
0.903349
0.833292
1.126164
0.811013
0.942016
0.757388
0.867870
0.848614
1.010005
0.983417
1.000816
0.899283
1.045789
0.850904
0.980419
0.775700
0.825142
0.873728
0.945289
0.865701
0.809439
0.869534
0.722916
1.102107
0.979054
0.868653
0.797668
0.975491
0.795271
0.772148
0.968002
0.837538
0.874264
0.869417
1.000550
0.744663
0.748100
1.191531
0.855678
0.897303
0.575735
0.862376
0.803757
0.763110
0.857541
0.939820
0.791932
0.842743
0.857916
0.857205
0.949373
0.771617
0.731518
0.980597
0.934584
0.804299
0.918582
0.868713
0.835068
0.822832
0.987129
1.034708
0.847185
0.885570
0.844092
0.755744
0.728312
0.817021
0.733355
0.802992
0.797817
0.956211
0.791254
0.924983
0.842862
0.910219
0.811488
0.994015
0.892172
1.008306
0.941549
0.977575
0.876501
0.759994
0.848480
0.952590
0.967291
1.302230
0.954054
1.096856
0.918134
0.911074
0.869682
0.822307
0.721535
0.936596
0.788749
0.899561
0.831725
0.927610
0.772671
0.928069
0.768616
0.908264
0.872464
0.983510
0.853383
0.744988
0.905479
0.907163
0.770874
0.811256
0.860793
0.774124
0.746973
0.754943
0.684635
1.073132
0.863046
0.957326
0.725932
1.074294
0.876001
0.893016
0.870911
0.825610
0.874716
0.808043
0.845548
0.926549
0.858215
0.892967
0.731711
0.784150
0.902162
0.941754
0.901018
0.846686
0.669513
0.834782
0.836767
0.877588
0.669126
0.835757
0.775514
0.931829
0.882293
0.825233
0.815623
0.942651
0.749203
0.791185
0.973231
0.908324
0.815514
0.695063
0.993580
0.849732
0.807530
0.863331
0.888777
0.745013
0.881899
0.829771
0.862741
0.710391
0.818317
0.839063
0.863592
0.900225
0.837819
0.874586
0.836198
0.829518
0.923517
0.783464
0.878592
0.850821
0.799965
0.874461
0.941325
0.654841
0.972625
1.166613
0.932741
0.676077
1.010280
0.885340
0.824861
0.667656
0.697216
0.864959
0.810062
1.018501
0.662818
1.024757
0.841074
0.918013
0.854593
0.713078
0.849838
0.908250
0.765307
0.986145
0.836869
0.857376
0.963133
0.816599
0.783589
0.777634
0.845056
0.910288
0.960824
0.846069
0.926900
0.824233
0.839447
0.900112
0.904465
0.777814
1.063581
0.719982
0.960335
0.707458
0.820169
0.748223
0.849611
0.912840
0.832706
0.972262
0.680190
0.880800
0.854003
0.886787
0.860153
0.821527
0.814741
0.703235
0.891679
0.966268
0.829131
0.829045
0.655411
0.955740
0.713580
0.775231
0.761533
0.810367
1.047752
0.797054
0.884624
0.824783
0.927694
0.723539
0.747334
0.920709
0.973217
0.749850
0.882183
0.798876
0.909554
0.898723
0.933613
0.752306
0.846786
0.813735
0.824098
0.880022
0.705052
0.794269
0.741388
0.648947
0.852436
0.746488
0.732801
0.802861
0.742112
0.727154
0.947127
0.922627
1.001969
0.946106
1.245048
0.859368
0.873657
0.988560
0.882873
0.823104
0.810140
0.730598
0.836826
1.002390
0.986989
0.967335
0.860467
0.855878
0.763048
0.782883
0.795487
0.715672
0.899785
0.765380
0.859359
0.750944
0.972960
0.734080
0.966918
0.751356
1.024772
0.795376
0.824402
0.923779
0.897682
0.702902
0.842217
1.117661
0.837906
0.867813
0.888427
0.937477
0.964146
1.081705
1.020586
0.859637
0.879976
0.725368
0.882889
0.812833
0.878945
0.872802
0.750183
0.860897
0.906776
0.901439
0.868849
0.740710
0.708666
0.951533
0.803033
0.732039
0.793764
0.934832
0.871630
0.625684
0.748652
0.847320
0.915020
0.765452
0.810455
0.943258
0.855601
0.806923
0.770336
0.812680
1.052804
0.561812
0.731921
0.856211
0.996834
0.871538
0.743286
0.933000
0.895813
0.832986
0.822326
0.800403
0.816024
0.905215
0.810876
0.809147
0.772932
1.005934
0.700474
0.921077
0.877828
0.635319
1.035480
0.985584
0.806622
0.987177
0.875562
0.729513
0.848454
0.603220
0.821578
0.860179
0.689940
0.872114
0.693096
0.731494
1.082050
0.664217
0.550643
0.945185
0.723455
0.976770
0.727681
0.866937
0.673532
0.841335
0.958787
0.887845
0.838603
0.759922
0.666737
0.655372
0.768086
0.660344
0.725480
0.692041
0.693854
0.812540
0.810088
0.900714
0.695744
0.786502
0.919689
0.932862
0.624788
0.818724
0.903899
0.707758
0.678180
0.879242
0.703265
0.799951
0.686795
0.790911
0.852288
0.801166
0.848755
0.778623
0.648302
0.765072
0.824104
0.786714
0.847860
0.722645
0.917265
0.777117
0.685911
0.895055
0.967316
1.011544
0.828935
0.739800
0.624268
0.718186
0.803331
0.878782
0.911631
0.951734
0.711421
0.792249
0.936834
0.823164
0.759516
0.668394
0.763183
0.742393
0.960335
0.663563
0.643398
0.924383
0.870802
0.857786
0.931716
0.853305
0.766643
0.785091
0.779251
0.711327
0.716965
0.817531
0.809249
0.812803
0.761972
0.732085
0.718332
0.874102
0.877932
0.957452
0.645297
0.660932
0.898078
0.565062
0.901790
0.707802
0.831825
0.826876
0.914627
0.814682
0.738948
0.756875
0.935251
0.583502
0.648421
0.712654
0.884156
0.610548
0.749171
0.821710
0.816603
1.088024
0.835040
0.720427
0.840949
0.731288
0.745377
1.033245
0.660628
0.693380
0.772511
0.693582
0.698688
0.895040
0.673094
0.760921
0.878908
0.721153
0.771155
0.747870
0.923304
0.812376
0.745024
0.628237
0.891155
0.781546
0.854826
0.897759
0.922404
0.887814
0.801810
0.796609
0.685140
0.491020
0.793392
0.762951
0.965262
0.696031
0.880640
0.827483
0.633455
0.648942
0.764098
0.978180
0.628032
1.074237
0.996883
1.021651
0.854634
0.700134
0.805796
0.875189
0.965576
0.784352
0.814276
0.746526
0.942851
0.772716
0.797314
0.732798
0.794839
0.988359
0.872908
0.787480
0.740511
0.742640
0.913065
0.741968
0.722195
0.731838
0.819028
0.946945
0.969881
0.636895
0.888370
0.921072
0.826854
0.733844
0.939493
0.670356
0.779209
0.854195
1.027095
0.751057
0.818862
0.866520
0.762138
0.777731
0.671811
0.840747
0.813076
0.739979
0.891773
0.767968
0.791292
0.714038
0.692002
0.500440
0.833523
0.953573
0.932392
1.010471
0.797539
0.643463
0.748917
0.577160
0.776111
0.888621
0.667145
0.709128
0.955202
0.893015
0.695688
0.970993
0.570135
0.728244
0.612078
0.855963
0.946459
0.690044
0.848552
0.718397
0.805762
0.809650
0.858065
0.715866
0.810545
0.860364
0.851838
1.085879
0.833920
0.601878
0.902637
0.832641
0.746748
0.725012
0.732531
0.720646
0.877936
0.825936
0.603160
0.624283
0.790631
0.702473
0.910054
0.990748
0.775422
0.847887
0.781114
0.742039
0.789477
0.881805
0.826151
1.045594
0.901054
0.940829
1.001154
0.950332
0.699735
0.644133
0.757655
0.829163
0.885708
0.888301
0.727599
0.836545
0.654788
0.971657
0.715506
0.757858
0.777471
0.853992
0.791657
0.873398
0.793980
0.707289
0.622878
0.686086
0.673792
0.762399
0.640960
0.813450
0.769729
0.760091
0.842517
0.610808
0.934536
0.847171
0.821792
0.718429
0.739029
0.687829
0.947387
0.686718
0.742969
0.858815
0.821793
0.765474
0.913722
0.808261
0.843460
0.843116
0.808604
0.948309
0.857142
0.708147
0.838633
0.697240
0.863425
0.734108
0.756321
0.729675
0.683273
0.955459
0.602389
0.778273
0.878171
0.869466
0.655416
0.731056
0.870979
0.568236
0.710000
0.699799
0.603521
0.543465
0.880683
0.690900
0.851207
0.705450
0.663986
0.917287
0.828031
0.850214
0.853372
0.655749
0.785881
0.871772
0.728052
0.846291
0.818657
0.884436
0.826908
0.742958
0.777180
0.800838
0.932021
0.700503
0.843000
0.830155
0.716654
0.869143
0.825202
0.770716
0.660088
0.799371
0.726404
0.612744
1.056275
0.655608
0.872200
0.769800
0.840403
0.659008
0.802095
0.740483
0.615887
0.721626
0.855423
0.754059
0.646495
0.762926
0.833559
0.734131
0.819293
0.723635
0.628806
0.687389
0.781703
0.768925
0.773893
0.660298
0.808232
0.830862
0.799947
0.698432
0.750636
0.818654
0.761211
0.995592
0.768829
0.553130
0.612097
0.620419
0.562435
0.688495
0.828899
0.517336
0.911218
0.764269
0.694266
0.732312
0.609506
0.636663
0.754384
0.872448
0.783777
0.888924
0.657770
0.928417
0.701204
0.659686
0.950614
0.886469
0.965173
0.835097
0.775813
0.722826
0.739868
0.580366
0.609517
0.773718
0.887491
0.842125
0.875505
0.613617
0.808834
0.620227
0.700310
0.644640
0.881606
0.729592
0.855794
0.726317
0.705841
0.861816
0.824309
0.755269
0.796296
0.829089
0.782806
0.740798
0.754212
0.783003
0.893822
0.855072
0.598333
0.651609
0.692707
0.720141
0.773662
0.811483
0.810189
0.776109
0.668124
0.887728
0.635552
0.704484
0.647962
0.780499
0.698774
0.734615
0.701162
0.667235
0.616339
0.594440
0.786515
0.679686
0.903919
0.805480
0.787870
0.859312
0.807113
0.735326
0.566893
0.614019
0.807232
0.947645
0.756660
0.674809
0.777687
0.773753
0.877519
0.713156
0.630893
0.845321
0.834722
0.740197
0.718843
0.717949
0.759140
0.571058
0.692779
0.767582
0.878966
0.698036
0.525548
0.635653
0.564894
0.558557
0.891420
0.710604
0.810523
0.841911
0.764913
0.699194
0.912083
0.701989
0.831527
0.778697
0.711004
0.912405
0.882357
0.663635
0.900302
0.860049
0.665464
0.710725
0.777935
0.538212
0.780582
0.673696
0.737893
0.588882
0.696248
0.907200
0.721296
0.755412
0.694532
0.749188
0.870981
0.737660
0.892775
0.663074
0.965233
0.657066
0.752462
0.893315
0.731358
0.821520
0.696882
0.743881
0.743953
0.610449
0.663327
0.867072
0.746493
0.650602
0.541696
0.488891
0.658133
0.762381
0.842242
0.687520
0.799602
0.751737
0.604484
0.669923
0.683401
0.849361
0.854183
0.931651
0.546114
0.741588
0.593508
0.677767
0.807537
0.808754
0.930823
0.819868
0.968343
0.697514
0.982809
0.707688
0.789011
0.802957
0.874956
0.893653
0.703483
0.756007
0.831867
0.769666
0.802177
0.789996
0.947014
0.759003
0.725546
0.775837
0.467627
0.683611
0.741002
0.766870
0.660281
0.546391
0.582821
0.953403
0.723489
0.648996
0.771090
0.912021
0.788975
0.738589
0.672448
0.672773
0.661377
0.546155
0.826991
0.806502
0.877644
0.731566
0.850460
0.838276
0.772227
0.448446
0.582803
0.703170
0.576712
0.615826
0.780240
0.718122
0.675175
0.455848
0.908228
0.765984
0.685134
0.867560
0.733118
0.939938
0.606281
0.767414
0.754536
0.667497
0.632577
0.736094
0.754082
0.583963
0.892990
0.761587
0.652619
0.711121
0.821401
0.841896
0.670427
0.782854
0.877904
0.680591
0.765662
0.767674
0.763066
0.994635
0.674880
0.757356
0.594128
0.920680
0.567058
0.869868
0.817464
0.650765
0.860450
0.799163
0.591237
0.883385
0.686822
0.539526
0.577633
0.737614
0.911398
0.662942
0.719846
0.865658
0.741552
0.799902
0.631558
0.871025
0.883591
0.729627
0.716063
0.749081
0.835186
0.657727
0.681602
0.889787
0.871609
0.800876
0.595024
0.761797
0.783597
0.564769
0.657388
0.739255
0.719667
0.693055
0.660194
0.892657
0.773520
0.713011
0.786729
0.781932
0.881909
0.723684
0.773496
0.686689
0.839346
0.867125
0.612650
0.798519
0.767795
0.667716
0.776159
0.623798
0.657418
0.771731
0.653844
0.533020
0.698837
0.680513
0.857153
0.557853
0.776559
0.785305
0.651947
0.674471
0.679593
0.712282
0.770296
0.979498
0.725022
0.712614
0.667067
0.535069
0.628160
0.639845
0.869695
0.754883
0.775080
0.803701
0.682419
0.610815
0.726610
0.597448
0.647377
0.771720
0.637708
0.925368
0.784992
0.849950
0.789483
0.691099
0.698494
0.686275
0.815443
0.739588
0.666799
0.600789
0.545531
0.718527
0.679396
0.738144
0.651230
0.645667
0.692651
0.752778
0.604547
0.633072
0.795176
0.575789
0.699693
0.918237
0.829364
0.687141
0.696860
0.697327
0.725741
0.811465
0.808467
0.708213
0.797432
0.790468
0.656940
0.765257
0.632491
0.755590
0.788761
0.643133
0.683433
0.576116
0.769194
0.621969
0.680368
0.755422
0.698274
0.554919
0.675642
0.877872
0.500323
0.928974
0.942240
0.946682
0.819740
0.813000
0.831141
0.851532
0.755646
0.667741
0.855140
1.439906
0.611452
1.105284
0.793342
0.653243
0.874623
0.804677
0.719634
0.618196
0.719026
0.790333
0.597400
0.722182
0.775112
0.724250
0.654490
0.878377
0.718130
0.621319
0.746241
0.742898
0.703248
0.527149
0.813572
0.699701
0.746152
0.812292
0.749534
0.756471
0.569183
0.604373
0.660233
0.585649
0.641419
0.647909
0.839226
0.659132
0.556426
0.765420
0.719818
0.672757
0.611299
0.707802
0.721450
0.736803
0.687599
0.820382
0.867517
0.780677
0.614697
0.761177
0.739996
0.699238
0.610274
0.807282
0.757613
0.674329
0.805996
0.798351
0.671816
0.815413
0.809932
0.785923
0.673228
0.387435
0.764255
0.710553
0.896228
0.876004
0.653051
0.618267
0.812158
0.703212
0.652201
0.784421
0.721028
0.699416
0.726366
0.681098
0.602865
0.528436
0.732838
0.756428
0.784928
0.759695
0.760636
0.945318
0.624553
0.743893
0.732002
0.641940
0.759051
0.643682
0.661299
0.687583
0.690019
0.652246
0.748527
0.697400
0.725801
0.555312
0.663413
0.649050
0.563127
0.730392
0.571442
0.665769
0.740845
0.706368
0.751316
0.815695
0.637818
0.871222
0.630180
0.832327
0.821646
0.911633
0.866533
0.795065
0.779012
0.610186
0.569589
0.691873
0.748209
0.563252
0.698593
0.727492
0.876717
0.510854
0.801797
0.877476
0.678613
0.805311
0.675741
0.644323
0.748318
0.421784
0.639056
0.644350
0.838217
0.755650
0.663590
0.711491
0.735125
0.665248
0.620127
0.905497
0.711153
0.809875
0.733952
0.752850
0.792489
0.577802
0.781360
0.633019
0.678451
0.887092
0.627813
0.748668
0.632599
0.979069
1.012735
0.886643
0.822286
0.759143
0.692697
1.019048
0.802363
0.843257
0.669346
0.697342
0.958065
0.627599
0.471380
0.651238
0.619548
0.685602
0.941555
0.791578
0.967247
0.728721
0.646856
0.759856
0.603250
0.752503
0.652317
0.648985
0.859895
0.769992
0.937028
0.656852
0.865025
0.767294
0.582125
0.722625
0.689082
0.711122
0.550725
0.701219
0.614308
0.693201
0.715688
0.755003
0.653044
0.687060
0.652932
0.853826
0.610056
0.534005
0.757779
0.616004
0.850150
0.728764
0.681801
0.719208
0.621010
0.656030
0.587615
0.565307
0.643980
0.871262
0.937134
0.821964
0.712109
1.056832
0.703542
0.860632
0.801055
0.757345
0.681659
0.722077
0.664247
0.724788
0.598811
0.627759
0.704828
0.700326
0.859244
0.726194
0.785204
0.876036
0.750532
0.829710
0.796417
0.599514
0.834618
0.714748
0.595824
0.646608
0.645082
0.618691
0.751129
0.895847
0.838945
0.616115
0.539236
0.329858
0.737120
0.628762
0.736352
0.619212
0.671143
0.653568
0.759841
0.793972
0.611029
0.656111
0.611144
0.824174
0.688567
0.654809
0.701960
0.562554
0.681678
0.694840
0.848928
0.667265
0.766522
0.736730
0.766622
0.738437
0.622820
0.714454
0.709024
0.749077
0.786102
0.607069
0.732579
0.601103
0.698545
0.633010
0.628376
0.624116
0.636244
0.715029
0.745331
0.899440
0.663453
0.936946
0.697941
0.614111
0.703704
0.721489
0.737103
0.631509
0.838826
0.469973
0.519432
0.674991
0.695464
0.736251
0.710970
0.717587
0.686402
0.890440
0.655233
0.709189
0.489379
0.594487
0.485534
0.560909
0.692214
0.556623
0.567726
0.651612
0.665007
0.885250
0.715427
0.850767
0.746913
0.695504
0.611222
0.785058
0.617847
0.509401
0.777792
0.796278
0.887179
0.780331
0.736346
0.659181
0.666823
0.671333
0.779357
0.738619
0.867233
0.728348
0.666132
0.550638
0.722663
0.947410
0.520941
0.654866
0.846393
0.902010
0.599708
0.656554
0.721167
0.631234
0.626817
0.605422
0.562652
0.696171
0.622560
0.832746
0.713791
0.701297
0.661285
0.660112
0.651304
0.753520
0.542935
0.627063
0.593342
0.698069
0.831412
0.656319
0.855404
0.648283
0.649399
0.708741
0.518124
0.635021
0.746661
0.800945
0.681573
0.640581
0.841472
0.693651
0.615892
0.662362
0.607160
0.801545
0.780504
0.708723
0.653144
0.717464
0.583575
0.521481
0.597223
0.839317
0.609759
0.563431
0.537674
0.604750
0.652878
0.785681
0.652593
0.679475
0.672161
0.782298
0.635404
0.796475
0.662503
0.586605
0.731630
0.519471
0.793949
0.739656
0.739848
0.671468
0.603263
0.411914
0.533826
0.624099
0.585234
0.663946
0.917765
0.885830
0.714479
0.826201
0.649064
0.836909
0.669168
0.703733
0.693505
0.607817
0.606049
0.436321
0.697364
0.730232
0.523431
0.812822
0.803043
0.644569
0.715586
0.743109
0.631994
0.813910
0.660273
0.743762
0.718849
0.619107
1.043989
0.762766
0.694387
0.633399
0.634906
0.575186
0.765535
0.558586
0.705356
0.834328
0.716324
0.658495
0.732343
0.678073
0.747453
0.831833
0.609949
0.679011
0.674976
0.640159
0.723787
0.581347
0.617558
0.731619
0.597234
0.920285
0.803498
0.753125
0.733336
0.726473
0.838349
0.747300
0.564216
0.651684
0.644451
0.560953
0.592998
0.611752
0.596357
0.775135
0.737656
0.620773
0.598715
0.604889
0.737676
0.815423
0.593013
0.698266
0.577900
0.630384
0.786752
0.711303
0.590328
0.546847
0.778383
0.569389
0.824856
0.816173
0.780727
0.848732
0.676298
0.571380
0.760104
0.629423
0.797882
0.686206
0.590513
0.703011
0.748394
0.568985
0.790415
0.795449
0.528998
0.683059
0.734745
0.784292
0.649962
0.777629
0.772002
0.761891
0.637285
0.596531
0.745224
0.782369
0.670112
0.664640
0.477439
0.908946
0.673363
0.791983
0.735250
0.714343
0.734473
0.722459
0.689871
0.629030
0.770479
0.616692
0.739622
0.735315
0.533255
0.826230
0.709728
0.616364
0.709199
0.761783
0.765052
0.521863
0.742987
0.600037
0.713488
0.895320
0.737057
0.993544
0.640283
0.726556
0.634382
0.757675
0.591541
0.679813
0.610242
0.534807
0.576168
0.547123
0.572493
0.775772
0.786511
0.705407
0.700344
0.637418
0.743075
0.787709
0.741448
0.607509
0.617910
0.875548
0.775757
0.734258
0.663731
0.759978
0.641695
0.629008
0.677563
0.775324
0.740073
0.549096
0.815240
0.788070
0.737637
0.571035
0.773345
0.715316
0.701732
0.643201
0.650447
0.536437
0.796453
0.671850
0.802592
0.475949
0.502557
0.866916
0.520254
0.989280
0.846713
0.670437
0.714693
0.805446
0.693338
0.879711
0.709534
0.693236
0.603787
0.678256
0.716428
0.582896
0.495317
0.562340
0.639526
0.702602
0.464959
0.594757
0.681633
0.671935
0.802660
0.671339
0.546121
0.511697
0.644012
0.456028
0.700268
0.848173
0.688946
0.583171
0.659577
0.777795
0.732444
0.679122
0.808796
0.796073
0.511172
0.622742
0.784430
0.753211
0.800856
0.896339
0.709199
0.678211
0.619640
0.863482
0.643791
0.601040
0.752253
0.725956
0.715298
0.612240
0.546525
0.699241
0.783986
0.846878
0.910890
0.563257
0.574785
0.661719
0.638183
0.696019
0.572217
0.676532
0.759253
0.750833
0.615669
0.483511
0.612016
0.672982
0.576252
0.522640
0.717285
0.746781
0.715344
0.677601
0.670370
0.562184
0.805680
0.633355
0.707815
0.720505
0.642883
0.560668
0.656205
0.681254
0.621423
0.418800
