2.302106
2.301811
2.299104
2.294480
2.267833
2.280014
2.253331
2.236285
2.186838
2.163592
2.118296
2.166864
2.115366
2.102317
2.048995
2.051536
2.035391
2.074626
1.956944
1.946145
2.007072
1.922830
1.957301
1.879536
1.856043
1.839856
1.845448
1.844866
1.818505
1.807205
1.788513
1.782609
1.825658
1.876631
1.837455
1.855678
1.822177
1.757718
1.786762
1.791507
1.723243
1.753380
1.792515
1.750198
1.820993
1.776045
1.732153
1.741596
1.811344
1.778514
1.794551
1.713885
1.779639
1.691553
1.745822
1.794447
1.794254
1.790413
1.764385
1.885091
1.772644
1.780103
1.724228
1.751152
1.820525
1.783208
1.784717
1.788787
1.760446
1.746675
1.758883
1.764549
1.762062
1.713460
1.752362
1.711736
1.754162
1.700667
1.719044
1.755777
1.697817
1.737994
1.725820
1.686592
1.729730
1.814968
1.731078
1.774905
1.731924
1.724224
1.744413
1.767629
1.797926
1.816880
1.758342
1.750480
1.718877
1.815761
1.755848
1.719985
1.811776
1.690595
1.764183
1.753421
1.831095
1.745178
1.754675
1.776299
1.684853
1.723669
1.732673
1.743613
1.798916
1.723943
1.744618
1.679797
1.749618
1.698536
1.689883
1.749996
1.778502
1.748348
1.772095
1.748854
1.741326
1.754941
1.760137
1.818773
1.705534
1.704665
1.731035
1.732449
1.693540
1.709046
1.704826
1.721828
1.675646
1.693119
1.678385
1.647997
1.710500
1.743143
1.720453
1.705690
1.657108
1.672118
1.724331
1.698725
1.687042
1.688409
1.688059
1.740907
1.657549
1.697101
1.695649
1.656944
1.659469
1.721940
1.692435
1.690403
1.698624
1.683479
1.676899
1.751305
1.636318
1.624147
1.683428
1.692773
1.624572
1.703190
1.693596
1.686743
1.654477
1.674226
1.623747
1.667496
1.686448
1.661520
1.612609
1.692093
1.690991
1.667619
1.734967
1.644446
1.692334
1.663003
1.673672
1.657411
1.657327
1.665996
1.657500
1.680978
1.563895
1.670582
1.637254
1.666356
1.722059
1.685531
1.635022
1.708637
1.676838
1.622487
1.726331
1.710516
1.720420
1.681545
1.624935
1.675089
1.630336
1.645933
1.678069
1.669260
1.596772
1.696398
1.690329
1.703851
1.681627
1.655352
1.667353
1.707717
1.666110
1.633146
1.629912
1.707457
1.630720
1.630161
1.695949
1.654951
1.669584
1.655296
1.704718
1.679668
1.609449
1.687804
1.665447
1.637047
1.646056
1.694208
1.664101
1.679480
1.650872
1.634680
1.699968
1.640586
1.718068
1.692718
1.618730
1.712466
1.632577
1.679356
1.629908
1.691030
1.701179
1.619367
1.632637
1.650925
1.638680
1.629194
1.647143
1.690417
1.672771
1.647206
1.670881
1.600824
1.671717
1.707143
1.629104
1.704758
1.653919
1.641624
1.630332
1.616538
1.715426
1.640689
1.674878
1.640345
1.683186
1.670397
1.670014
1.675634
1.641574
1.640879
1.661437
1.669477
1.645092
1.719402
1.652262
1.616150
1.594717
1.635976
1.636190
1.735290
1.643094
1.618074
1.669877
1.655106
1.681936
1.679816
1.660772
1.668763
1.639956
1.675017
1.646768
1.681893
1.653940
1.603895
1.656206
1.643568
1.624946
1.651291
1.662346
1.636260
1.660396
1.653719
1.690461
1.613442
1.653371
1.699762
1.653303
1.655769
1.681816
1.645630
1.660637
1.663311
1.634933
1.660938
1.663037
1.653001
1.670428
1.680270
1.669523
1.653070
1.604376
1.697848
1.622225
1.668702
1.628257
1.609335
1.637283
1.698756
1.646647
1.663209
1.648479
1.667313
1.670524
1.631131
1.682628
1.616554
1.661012
1.637614
1.645309
1.679068
1.664709
1.647030
1.632400
1.674973
1.628145
1.664107
1.601754
1.685494
1.663473
1.642774
1.662839
1.669221
1.582914
1.667739
1.651883
1.601652
1.632802
1.631237
1.668243
1.650484
1.629777
1.704478
1.671755
1.650324
1.663139
1.623953
1.645591
1.765164
1.654069
1.629125
1.628272
1.657052
1.648571
1.671080
1.601580
1.637469
1.625653
1.619624
1.656104
1.702827
1.698272
1.699536
1.659504
1.664831
1.655085
1.681952
1.647128
1.640252
1.627071
1.662975
1.665111
1.558890
1.640002
1.669978
1.585791
1.644689
1.626266
1.664189
1.619159
1.684298
1.670052
1.646983
1.636702
1.677868
1.653940
1.632556
1.670785
1.669023
1.685946
1.667668
1.603229
1.611221
1.625306
1.659305
1.662859
1.608590
1.672493
1.566209
1.612886
1.686079
1.635785
1.679326
1.625209
1.671380
1.620329
1.655450
1.626707
1.618456
1.639494
1.654580
1.630479
1.693875
1.705391
1.626965
1.742975
1.658315
1.634844
1.589669
1.647111
1.651011
1.637897
1.664731
1.634440
1.625463
1.683113
1.672904
1.668268
1.662544
1.641116
1.652992
1.645895
1.702371
1.609260
1.617754
1.676373
1.639719
1.623258
1.614683
1.683699
1.642291
1.638886
1.655095
1.645909
1.637097
1.654450
1.577799
1.661055
1.621787
1.653721
1.646503
1.611016
1.691656
1.638985
1.640302
1.592951
1.656248
1.631105
1.647871
1.652308
1.599240
1.666882
1.655841
1.610148
1.655125
1.700116
1.639876
1.621788
1.633485
