2.307854
2.307689
2.314992
2.315162
2.315627
2.327613
2.348471
2.307900
2.329737
2.299080
2.294164
2.249305
2.187579
2.195586
2.072058
1.942429
1.911647
1.894237
1.892525
1.868284
1.798055
1.772773
1.786393
1.761696
1.794265
1.816000
1.779110
1.735021
1.680363
1.799030
1.763036
1.725420
1.751887
1.677019
1.685817
1.722524
1.731630
1.721473
1.635866
1.628159
1.633242
1.638796
1.623520
1.649197
1.657409
1.643970
1.643733
1.622696
1.587880
1.595094
1.596620
1.608313
1.581435
1.621887
1.607553
1.580397
1.585901
1.579945
1.572356
1.589713
1.578304
1.593142
1.578416
1.561869
1.581396
1.564097
1.556335
1.549703
1.537596
1.549058
1.535484
1.529276
1.530044
1.555718
1.524819
1.566956
1.536866
1.545395
1.551613
1.543318
1.524449
1.561208
1.532570
1.530101
1.508094
1.516380
1.519977
1.541157
1.535693
1.506898
1.538377
1.519470
1.511613
1.538780
1.554728
1.527544
1.508379
1.515892
1.496173
1.522315
1.502723
1.527953
1.552821
1.510820
1.518669
1.514596
1.508319
1.516028
1.508588
1.522751
1.509241
1.524946
1.527595
1.536561
1.525680
1.530429
1.517829
1.506739
1.549615
1.514035
1.491114
1.518889
1.565507
1.527775
1.499549
1.543311
1.505054
1.522988
1.493678
1.491236
1.509820
1.516416
1.496265
1.499417
1.504950
1.524274
1.497959
1.522216
1.501287
1.521615
1.487145
1.489449
1.486634
1.490611
1.499032
1.486085
1.509926
1.507433
1.496497
1.509982
1.506694
1.502044
1.500426
1.495561
1.511000
1.494581
1.501675
1.499966
1.500000
1.507560
1.504309
1.492370
1.495065
1.487927
1.516472
1.491946
1.504093
1.512845
1.513858
1.506378
1.513497
1.489416
1.506983
1.508060
1.486770
1.488154
1.507169
1.507445
1.480847
1.497455
1.486418
1.493879
1.506523
1.492858
1.509678
1.491006
1.511678
1.505922
1.512452
1.476772
1.506045
1.491636
1.491353
1.486155
1.485337
1.494506
1.498439
1.493910
1.493521
1.505301
1.492664
1.501031
1.501698
1.482481
1.514698
1.492088
1.495720
1.485304
1.479327
1.477478
1.531067
1.494503
1.489717
1.496905
1.489810
1.495925
1.501224
1.498424
1.484398
1.514396
1.498531
1.511942
1.486453
1.482734
1.494399
1.493823
1.481769
1.488147
1.488012
1.491210
1.495043
1.494396
1.476889
1.472993
1.495407
1.480381
1.485119
1.494263
1.514022
1.514933
1.500449
1.486733
1.483411
1.495923
1.483087
1.498114
1.478265
1.495602
1.501691
1.490325
1.490970
1.479023
1.479960
1.488521
1.492872
1.484998
1.505325
1.494478
1.489823
1.472485
1.490828
1.492189
1.502746
1.505383
1.490086
1.491241
1.519688
1.484770
1.486550
1.489549
1.498095
1.477317
1.489953
1.493015
1.486098
1.501481
1.499030
1.482252
1.496160
1.478878
1.478803
1.489625
1.487825
1.472673
1.498415
1.470868
1.483458
1.483365
1.477840
1.494138
1.479222
1.499024
1.486845
1.485702
1.487952
1.498168
1.484602
1.472656
1.492493
1.491314
1.487402
1.492316
1.479264
1.486477
1.475706
1.488199
1.496427
1.476521
1.488144
1.496298
1.494773
1.504199
1.483291
1.475921
1.478267
1.486318
1.485190
1.474079
1.491763
1.497108
1.487828
1.486592
1.488307
1.477486
1.486663
1.484695
1.487427
1.488022
1.476504
1.478147
1.477349
1.492841
1.493693
1.470623
1.480440
1.479643
1.486618
1.478959
1.476574
1.480753
1.484144
1.503303
1.489298
1.470259
1.485494
1.474282
1.483235
1.475123
1.501876
1.482494
1.484042
1.491268
1.485060
1.473464
1.485356
1.474780
1.480582
1.485600
1.482949
1.490105
1.475334
1.478037
1.472825
1.487223
1.480563
1.479835
1.489385
1.498481
1.475301
1.477076
1.481778
1.476642
1.485822
1.486010
1.481149
1.475682
1.477093
1.480951
1.490679
1.528216
1.473068
1.476158
1.477720
1.493802
1.488288
1.495589
1.477794
1.470198
1.472817
1.476270
1.486377
1.485712
1.482627
1.501821
1.474842
1.483023
1.471971
1.477834
1.472003
1.482850
1.487460
1.494727
1.498836
1.500199
1.482229
1.484049
1.480338
1.468653
1.475087
1.487088
1.476196
1.475922
1.481542
1.509285
1.490190
1.475937
1.471895
1.476298
1.471119
1.472925
1.480642
1.477478
1.487071
1.495234
1.481620
1.474941
1.472689
1.482713
1.483987
1.474693
1.477676
1.486739
1.486351
1.476601
1.491817
1.471772
1.471815
1.476351
1.480987
1.488196
1.476226
1.481866
1.480665
1.474144
1.485133
1.500113
1.484523
1.480800
1.478007
1.482968
1.488695
1.486522
1.479559
1.473158
1.478332
1.471115
1.485788
1.480817
1.490569
1.476393
1.474540
1.483976
1.468734
1.470598
1.465854
1.480474
1.477129
1.468265
1.486349
1.479415
1.484368
1.483372
1.493691
1.469343
1.483356
1.472004
1.472940
1.479812
1.474419
1.483837
1.484913
1.492426
1.477296
1.470379
1.483729
1.482990
1.477617
1.472755
1.494115
1.474479
1.476720
1.489917
1.479578
1.498801
1.479381
1.475500
1.479927
1.472685
1.487286
1.472270
