2.306508
2.306722
2.306905
2.292757
2.340536
2.353881
2.379016
2.281545
2.281085
2.270037
2.305888
2.267655
2.274081
2.304000
2.289616
2.289288
2.268735
2.308798
2.295001
2.268599
2.270584
2.248082
2.304364
2.270288
2.249825
2.273798
2.265607
2.257455
2.266122
2.288771
2.282367
2.265702
2.258923
2.282178
2.250474
2.235866
2.242512
2.252112
2.257518
2.249274
2.248837
2.266062
2.250052
2.294782
2.255478
2.255407
2.229067
2.259079
2.251230
2.257222
2.265209
2.263279
2.247718
2.269972
2.262753
2.266804
2.234767
2.191820
2.211709
2.260154
2.229024
2.232977
2.266232
2.217558
2.200282
2.177601
2.145595
2.141154
2.141175
2.243412
2.190855
2.188759
2.185442
2.153617
2.160465
2.168482
2.155005
2.162642
2.170567
2.154351
2.192558
2.188773
2.135748
2.198805
2.166616
2.152630
2.170112
2.163208
2.164865
2.158798
2.188663
2.140416
2.187506
2.197690
2.180422
2.136300
2.182476
2.165392
2.228043
2.172257
2.181302
2.181478
2.121794
2.146508
2.148411
2.183012
2.221737
2.138513
2.181520
2.157747
2.159756
2.190014
2.182065
2.203566
2.158041
2.167598
2.206481
2.160446
2.168815
2.149308
2.146538
2.165074
2.167789
2.203022
2.149332
2.166216
2.140471
2.226050
2.161690
2.176053
2.168784
2.191062
2.197482
2.192460
2.202627
2.149641
2.180910
2.184529
2.169761
2.181998
2.195775
2.167456
2.158099
2.167144
2.149634
2.216475
2.196929
2.145503
2.181130
2.212772
2.181438
2.146736
2.188226
2.206968
2.193742
2.173357
2.179215
2.188898
2.150793
2.198526
2.202451
2.193516
2.172729
2.205369
2.166963
2.189051
2.160841
2.145576
2.197330
2.184295
2.152862
2.146865
2.171025
2.166183
2.150756
2.178528
2.181814
2.182409
2.185468
2.120958
2.128276
2.197748
2.169308
2.196945
2.159056
2.190406
2.184177
2.173900
2.186463
2.162794
2.189408
2.164738
2.171847
2.167320
2.197748
2.175345
2.160113
2.190482
2.198354
2.183473
2.138090
2.129508
2.161620
2.159625
2.162225
2.166440
2.143531
2.136012
2.149817
2.211085
2.188176
2.142610
2.204211
2.132982
2.183961
2.166476
2.159057
2.156867
2.189195
2.156515
2.188513
2.178665
2.198372
2.175364
2.200972
2.174623
2.158587
2.128411
2.192653
2.129607
2.192555
2.224781
2.197297
2.208469
2.134915
2.199252
2.158605
2.190600
2.144154
2.159878
2.135678
2.127495
2.148292
2.160366
2.174230
2.144994
2.148174
2.191011
2.144642
2.172257
2.157882
2.192023
2.156046
2.151809
2.165578
2.166165
2.172609
2.189642
2.189954
2.181320
2.181437
2.197443
2.186694
2.150364
2.165424
2.127825
2.142493
2.150404
2.180707
2.142005
2.161481
2.164973
2.174799
2.182688
2.169392
2.115211
2.143784
2.184955
2.196810
2.197767
2.158451
2.220618
2.182865
2.151420
2.159251
2.188586
2.143648
2.170966
2.170566
2.173079
2.187882
2.164738
2.174388
2.150873
2.154993
2.175833
2.241070
2.160289
2.180206
2.132901
2.158547
2.156339
2.180206
2.186063
2.166282
2.190959
2.180733
2.165267
2.135109
2.174018
2.167926
2.171083
2.168101
2.181419
2.141770
2.140948
2.189115
2.164778
2.169213
2.172140
2.171494
2.211848
2.187827
2.151284
2.143472
2.181947
2.161870
2.150815
2.166850
2.211573
2.187354
2.153745
2.236595
2.158881
2.150166
2.184332
2.164738
2.181401
2.135443
2.143861
2.156221
2.126262
2.203995
2.161048
2.179835
2.204387
2.159408
2.175323
2.177748
2.108525
2.180517
2.134504
2.187959
2.140596
2.158099
2.158587
2.195401
2.157047
2.157806
2.191557
2.232436
2.190893
2.160212
2.174564
2.164973
2.181438
2.130289
2.169352
2.140010
2.197638
2.166147
2.142357
2.181790
2.149524
2.150833
2.190306
2.190934
2.161657
2.145309
2.142709
2.166498
2.133741
2.135755
2.149700
2.180147
2.151108
2.188293
2.133976
2.142768
2.165989
2.163729
2.158272
2.159192
2.180950
2.188410
2.187706
2.160678
2.159467
2.205737
2.141653
2.166851
2.190130
2.182413
2.161265
2.221792
2.173137
2.157630
2.163590
2.204505
2.166792
2.150052
2.147044
2.182828
2.173431
2.150070
2.149523
2.217280
2.205092
2.168278
2.142064
2.165560
2.155987
2.176578
2.159600
2.166264
2.180539
2.158881
2.143021
2.156768
2.150364
2.190912
2.174054
2.150052
2.204564
2.165930
2.135131
2.175169
2.157630
2.142551
2.166146
2.195636
2.164961
2.187824
2.204446
2.167984
2.165149
2.191345
2.158998
2.191069
2.205150
2.167005
2.181984
2.182395
2.163182
2.124971
2.158451
2.117276
2.149601
2.168061
2.174194
2.141007
2.211261
2.157689
2.151772
2.172921
2.158939
2.196751
2.143138
2.149796
2.181203
2.118156
2.175720
2.182065
2.149546
2.162266
2.183624
2.163175
2.191968
2.182787
2.186382
2.141946
2.191521
2.151813
2.126556
2.171318
2.180656
2.212494
2.148174
2.196223
2.174370
2.165754
2.197033
2.173427
2.207124
2.182816
2.157101
2.161991
2.164973
2.165560
2.164210
