2.312095
2.299840
2.281336
2.265684
2.275409
2.239404
2.236659
2.157219
2.076755
2.008854
1.903925
1.826401
1.794725
1.745339
1.780150
1.744842
1.712674
1.748641
1.672252
1.651073
1.639031
1.646130
1.624278
1.661565
1.634502
1.606333
1.581985
1.596251
1.579867
1.591344
1.570666
1.564160
1.593881
1.592516
1.577095
1.562884
1.565739
1.548530
1.584161
1.603051
1.584804
1.544852
1.562244
1.591750
1.522613
1.564263
1.530209
1.536368
1.572967
1.553964
1.550364
1.529243
1.551307
1.537003
1.557139
1.530852
1.553603
1.534396
1.531987
1.533733
1.551921
1.523040
1.511235
1.541691
1.536572
1.510780
1.532430
1.528002
1.511981
1.506356
1.553092
1.533753
1.541227
1.520485
1.510257
1.503594
1.527249
1.500571
1.529041
1.531698
1.510174
1.547719
1.539218
1.525043
1.503406
1.522887
1.520751
1.505098
1.502961
1.487428
1.528541
1.513798
1.515673
1.522841
1.495667
1.498217
1.527871
1.512898
1.516547
1.537506
1.517070
1.507687
1.522304
1.516594
1.519056
1.494490
1.507189
1.502327
1.491274
1.523003
1.511477
1.507725
1.484658
1.507943
1.511765
1.502088
1.491842
1.500805
1.485932
1.497958
1.505435
1.503563
1.516836
1.504014
1.509170
1.507410
1.502696
1.500848
1.503119
1.494289
1.487395
1.500054
1.493584
1.510263
1.483688
1.492489
1.511598
1.518131
1.493359
1.525504
1.518815
1.508205
1.516968
1.503496
1.501365
1.488143
1.514209
1.493999
1.495552
1.491002
1.507244
1.513457
1.503971
1.491025
1.495329
1.482427
1.496508
1.520518
1.485572
1.486737
1.502463
1.487440
1.491807
1.486807
1.523392
1.495159
1.494006
1.505466
1.501334
1.486121
1.482315
1.500018
1.519472
1.512096
1.509276
1.487738
1.483710
1.490401
1.490221
1.495524
1.502397
1.511558
1.524140
1.491645
1.508129
1.490016
1.492902
1.482525
1.491459
1.505415
1.482595
1.489336
1.518122
1.489442
1.488252
1.486677
1.503034
1.491115
1.490132
1.483247
1.489493
1.479141
1.500825
1.480891
1.505605
1.495981
1.480277
1.493112
1.495271
1.499392
1.485905
1.479378
1.498713
1.499120
1.486550
1.490107
1.492877
1.489910
1.506955
1.486647
1.509243
1.479961
1.482203
1.484960
1.487635
1.486060
1.504516
1.489278
1.487114
1.493790
1.490487
1.517641
1.493428
1.495797
1.495401
1.500463
1.480516
1.477229
1.487782
1.485026
1.489231
1.494891
1.488347
1.492595
1.482499
1.480314
1.491254
1.504284
1.489838
1.485416
1.509898
1.490017
1.482273
1.496287
1.491364
1.494378
1.485765
1.486426
1.487745
1.489772
1.497559
1.504002
1.476165
1.484158
1.483374
1.469489
1.476347
1.478601
1.490512
1.488648
1.475153
1.487967
1.477923
1.475813
1.483817
1.477321
1.486161
1.498843
1.504227
1.488679
1.492325
1.487079
1.499785
1.486060
1.480661
1.496804
1.495560
1.494831
1.495967
1.474745
1.486300
1.498456
1.493565
1.473169
1.507383
1.473811
1.480916
1.473737
1.497435
1.470639
1.479454
1.492717
1.487613
1.470894
1.483187
1.482348
1.493356
1.488947
1.490185
1.471422
1.489560
1.484168
1.479290
1.473888
1.499542
1.480904
1.479432
1.480152
1.479967
1.483366
1.495394
1.471041
1.484297
1.472780
1.475196
1.475956
1.494002
1.472859
1.485558
1.485324
1.502959
1.488903
1.471137
1.492444
1.480407
1.503772
1.499568
1.492145
1.488703
1.480064
1.471918
1.488940
1.485043
1.486496
1.482715
1.487169
1.500665
1.486118
1.467836
1.478276
1.494205
1.492358
1.475203
1.473658
1.483282
1.491376
1.484479
1.473120
1.473478
1.475046
1.494737
1.490583
1.473235
1.471341
1.483684
1.482041
1.480328
1.480243
1.482284
1.470845
1.489578
1.492665
1.497195
1.480819
1.486258
1.475444
1.475574
1.475133
1.478124
1.475335
1.481490
1.480267
1.471781
1.495215
1.481367
1.486971
1.497635
1.480034
1.475935
1.478884
1.488541
1.485138
1.497194
1.468876
1.489510
1.485444
1.476621
1.471770
1.483340
1.474317
1.479285
1.485191
1.473481
1.479441
1.471420
1.484039
1.481866
1.485198
1.491903
1.478285
1.487268
1.479882
1.486031
1.486365
1.469859
1.481820
1.470101
1.473663
1.481127
1.488918
1.474176
1.486260
1.485959
1.483740
1.488553
1.487166
1.489061
1.477563
1.473391
1.481352
1.477142
1.483900
1.469044
1.472640
1.483802
1.470768
1.475631
1.482604
1.491206
1.474793
1.482005
1.487906
1.490573
1.482377
1.484385
1.493243
1.473509
1.481863
1.481686
1.471943
1.479012
1.476457
1.493211
1.475420
1.483549
1.469314
1.471611
1.469047
1.479450
1.475397
1.484246
1.483924
1.480642
1.477183
1.478769
1.478102
1.494366
1.475809
1.483006
1.481486
1.467548
1.479462
1.477593
1.482434
1.484025
1.479464
1.483834
1.476385
1.502130
1.480046
1.472988
1.466588
1.475585
1.478206
1.488611
1.485148
1.470318
1.483156
1.474898
1.470631
1.500800
1.490837
1.476480
1.475806
1.489982
1.481116
1.471183
1.476120
1.474435
1.474355
