2.313271
2.318069
2.329538
2.343084
2.376052
2.411808
2.454276
2.499021
2.522307
2.522373
2.695318
2.886124
2.950320
2.915422
3.155134
3.164270
3.061221
2.918129
3.180329
3.355273
3.356763
3.224796
3.127036
2.946855
2.843067
2.800562
2.770501
2.754834
2.878792
3.028437
3.045055
3.048609
3.063480
3.025657
3.018031
2.989291
2.997561
2.971838
2.985930
2.969377
2.968114
2.987812
2.983706
2.956798
2.955108
2.971664
3.111423
3.100275
3.121424
3.095385
3.042450
3.037181
3.016656
3.024358
3.058518
3.233175
3.218011
3.219169
3.171097
3.146051
3.122744
3.135757
3.112031
3.102874
3.110572
3.115158
3.127603
3.158221
3.171317
3.188486
3.223960
3.266588
3.251579
3.313046
3.320315
3.329561
3.334373
3.357427
3.427417
3.415148
3.421105
3.431855
3.413454
3.440819
3.401520
3.437296
3.465976
3.422520
3.492464
3.431314
3.497783
3.445328
3.443707
3.433429
3.397424
3.408405
3.402835
3.401193
3.446942
3.423722
3.438777
3.436678
3.457075
3.352592
3.231476
3.113802
3.109193
3.112308
3.140975
3.133436
3.170783
3.202897
3.286287
3.301300
3.367722
3.375104
3.203104
3.058061
2.996095
2.706293
2.577187
2.648565
2.684365
2.758084
2.824970
2.714863
2.434234
2.112303
1.996090
1.966779
1.955018
1.978349
1.839003
1.733524
1.659396
1.586253
1.338018
1.457595
1.754680
1.892252
2.024334
1.752967
1.518424
1.473283
1.357794
1.125536
1.083147
1.336870
1.579143
1.709037
1.557094
0.751076
0.460972
3.569495
3.708918
4.802461
6.060970
3.099717
0.000036
167.726624
197.270676
185.445328
247.822037
290.313751
223.491623
188.863068
115.016815
49.930294
17.910946
6.373477
3.855508
3.210793
2.982956
2.893289
2.827795
2.782456
2.749278
2.735647
2.734530
2.720825
2.713417
2.717353
2.720652
2.730917
2.735229
2.738888
2.747618
2.754292
2.767112
2.774338
2.786343
2.803217
2.812515
2.808975
2.809519
2.814176
2.813093
2.818462
2.824080
2.832666
2.835918
2.854695
2.856272
2.867718
2.889964
2.900699
2.925056
2.958536
2.995091
3.003899
3.035579
3.057140
3.136410
3.213727
3.303330
3.413888
3.540643
3.634093
3.719831
3.761440
3.938388
4.138714
4.275161
4.357667
4.486544
4.461849
4.388776
4.549396
4.676672
4.719337
4.793802
4.825223
4.849307
4.914433
4.897102
4.777402
4.798831
4.739541
4.673345
4.727791
4.640121
4.558098
4.586146
4.535562
4.505000
4.523599
4.476083
4.527797
4.508771
4.521251
4.627936
4.808053
4.861471
4.980846
5.096268
5.227579
5.385424
5.476644
5.613924
5.732011
5.673942
5.750940
5.855467
5.893425
5.857463
5.983513
5.932243
5.959503
6.117224
6.176702
6.191848
6.267717
6.357253
6.512113
6.676930
6.845332
7.072267
7.165856
7.370284
7.560060
7.622046
7.749895
7.710787
7.637437
7.730292
7.791158
7.931461
8.385517
8.727160
8.930655
9.183151
9.644736
10.103049
10.467575
11.109281
11.551194
11.863220
12.351538
12.244958
11.943337
11.551280
12.216805
13.025056
14.725787
14.703249
14.668016
15.284310
15.685442
15.665824
16.225882
17.379608
18.004866
19.654243
20.994646
22.160051
23.530760
24.781015
25.501852
25.905434
27.911076
29.729734
31.624718
35.990448
37.182732
38.753052
40.054768
45.711361
52.778179
52.287018
52.483307
62.319389
69.368233
70.146133
59.325356
55.621136
54.036591
52.729866
52.027523
53.158157
51.897175
50.483955
45.601292
42.675388
37.837414
35.992069
24.957220
25.316641
27.703121
27.386791
16.138227
6.236603
3.381471
9.148593
0.932515
21.850466
71.887352
176.775269
233.477463
292.143646
1.562114
313.326569
206.243301
45.955235
2.720498
2.787286
3.165262
3.273156
3.151726
3.050870
2.906205
2.681815
2.602357
2.577456
2.568968
2.568155
2.570629
2.589913
2.602656
2.643527
2.681223
2.681913
2.696537
2.682455
2.691163
2.649960
2.647151
2.642454
2.642973
2.652524
2.671495
2.675322
2.691764
2.731418
2.727177
2.709990
2.731498
2.738164
2.744678
2.763016
3.030034
3.721022
3.557361
4.261090
4.326504
3.924018
3.612654
3.402822
3.306780
3.393914
3.457878
3.619072
3.849643
3.927433
4.506742
4.939804
5.245185
6.226353
6.462141
5.533180
4.747633
4.072783
3.818301
3.968454
4.571893
5.573584
6.211988
6.298240
5.956469
6.463139
7.194058
6.787032
5.554978
3.841933
3.403770
2.713710
2.375505
2.564431
3.331707
3.305163
2.883144
2.802539
3.380893
4.445476
5.015607
5.987837
5.539100
5.729095
8.178799
12.607786
15.044737
9.202554
13.182343
23.939020
13.461725
36.907738
81.547005
85.427200
93.678230
64.924004
46.285332
53.926483
152.703339
342.756165
456.395203
418.459595
289.494354
177.686752
1211.304321
3836.831055
4216.200195
4414.504395
1869.640503
0.000000
16292.534180
13711.240234
5052.277832
757.914185
776.410889
1341.844238
2586.196045
4475.529785
16236.954102
37254.285156
87361.812500
257141.343750
765073.937500
1966300.500000
4003584.250000
9694988.000000
22047604.000000
38282044.000000
58812244.000000
105980936.000000
153068688.000000
241310832.000000
334968096.000000
568445312.000000
745768000.000000
996447616.000000
1663510016.000000
