2.304320
2.307935
2.300660
2.300675
2.293157
2.294814
2.287615
2.287293
2.281173
2.275779
2.264515
2.259527
2.228167
2.232465
2.197713
2.136803
2.156677
2.094004
2.041422
1.944795
1.985098
1.938525
1.905496
1.901838
1.886696
1.909619
1.836798
1.905094
1.926621
1.836655
1.859578
1.845873
1.865264
1.833525
1.838316
1.865233
1.870164
1.828609
1.743846
1.788525
1.809841
1.779299
1.817235
1.769280
1.756594
1.787199
1.731962
1.799610
1.736835
1.781374
1.752463
1.723946
1.817614
1.795096
1.752578
1.700133
1.752666
1.670666
1.677152
1.732881
1.681916
1.683204
1.661135
1.652437
1.644136
1.639398
1.692438
1.661505
1.682284
1.626727
1.631002
1.653701
1.666765
1.690936
1.659533
1.675655
1.635449
1.627154
1.672493
1.697497
1.640314
1.635019
1.653325
1.627631
1.657735
1.644455
1.599564
1.651496
1.677447
1.647061
1.634999
1.641764
1.619887
1.606699
1.588335
1.675194
1.654380
1.605054
1.604605
1.613091
1.576341
1.587219
1.595953
1.587949
1.559560
1.549391
1.577785
1.581354
1.571082
1.564626
1.558762
1.566484
1.579512
1.544011
1.557911
1.574519
1.573018
1.554550
1.571100
1.538384
1.564447
1.553300
1.584296
1.538394
1.549164
1.539609
1.557151
1.548865
1.564884
1.558930
1.565611
1.556512
1.549722
1.565895
1.565883
1.538583
1.554002
1.547234
1.526786
1.527567
1.515014
1.556179
1.531451
1.548981
1.548096
1.563065
1.529081
1.521367
1.514709
1.551563
1.569187
1.536340
1.528568
1.546542
1.552513
1.516927
1.548202
1.546165
1.520756
1.514895
1.554825
1.557347
1.527236
1.560499
1.552883
1.524296
1.537524
1.534060
1.550297
1.536061
1.538291
1.525958
1.514566
1.519962
1.553867
1.545666
1.527756
1.563893
1.532876
1.534588
1.526943
1.512547
1.517727
1.539587
1.528277
1.526103
1.539795
1.533038
1.531625
1.536253
1.544103
1.529057
1.521609
1.529110
1.537211
1.539073
1.523681
1.526591
1.511136
1.523629
1.539247
1.509238
1.530094
1.532349
1.543229
1.520451
1.518762
1.526965
1.543025
1.522897
1.532450
1.512732
1.534518
1.535578
1.522105
1.521011
1.519023
1.534516
1.529080
1.533647
1.509768
1.533458
1.530713
1.512681
1.511527
1.522335
1.522912
1.513129
1.519870
1.519662
1.515307
1.536659
1.538085
1.532567
1.502824
1.520243
1.517302
1.527425
1.534329
1.534231
1.531526
1.510511
1.532594
1.522493
1.518601
1.517998
1.521674
1.510951
1.523202
1.518373
1.524943
1.533202
1.515725
1.524982
1.522500
1.526327
1.525554
1.522526
1.533057
1.515172
1.514186
1.514087
1.498167
1.521123
1.525427
1.513525
1.526209
1.509473
1.519583
1.518183
1.546027
1.502230
1.528173
1.526507
1.525116
1.502254
1.509480
1.513400
1.528194
1.521052
1.515391
1.509365
1.516843
1.516001
1.507634
1.503209
1.527314
1.514189
1.516799
1.530172
1.506050
1.504179
1.543283
1.527824
1.535563
1.515905
1.510092
1.501730
1.517158
1.511025
1.510855
1.497979
1.518297
1.528254
1.515093
1.514094
1.508888
1.514600
1.505250
1.522760
1.506863
1.505292
1.533212
1.520620
1.540713
1.522829
1.511804
1.497092
1.505926
1.522816
1.511480
1.516055
1.520578
1.511380
1.518753
1.506068
1.510195
1.516654
1.506809
1.522142
1.502692
1.503932
1.507681
1.520672
1.508286
1.492237
1.507000
1.501256
1.511011
1.514979
1.493187
1.503958
1.512358
1.515247
1.509590
1.517152
1.517295
1.510631
1.508809
1.501539
1.526120
1.501642
1.508464
1.522600
1.528259
1.512120
1.515672
1.513029
1.528561
1.515613
1.510076
1.517714
1.518506
1.490101
1.495817
1.502615
1.518248
1.517020
1.530051
1.515273
1.511939
1.502725
1.512495
1.512801
1.527543
1.506940
1.527212
1.507166
1.502075
1.515303
1.501553
1.491274
1.507257
1.483094
1.501852
1.501360
1.504086
1.510354
1.518676
1.491996
1.512254
1.525441
1.504193
1.511495
1.510596
1.496656
1.525254
1.516077
1.506787
1.497486
1.499161
1.509958
1.511784
1.506490
1.524217
1.500726
1.511968
1.497143
1.497046
1.515868
1.508536
1.507996
1.505555
1.511042
1.495714
1.500991
1.503456
1.504081
1.508996
1.505744
1.517430
1.515867
1.496453
1.495441
1.510206
1.512285
1.496309
1.514286
1.503742
1.511202
1.520940
1.500814
1.501219
1.502764
1.514382
1.503635
1.501769
1.513074
1.500405
1.517039
1.501619
1.504295
1.498900
1.507615
1.506896
1.510083
1.507337
1.515018
1.512809
1.503405
1.494815
1.503635
1.509135
1.506896
1.505003
1.496664
1.491035
1.503871
1.517256
1.513948
1.508922
1.512535
1.506110
1.503165
1.504508
1.507028
1.499700
1.506777
1.498769
1.507618
1.492788
1.515480
1.498934
1.499114
1.507382
1.512496
1.503041
1.503731
1.502933
1.509561
1.500297
1.493124
1.499203
1.509261
1.507750
1.500026
1.513678
1.508508
1.500080
1.497594
1.507581
1.506808
1.495336
1.503857
1.502918
1.520835
1.486644
1.502292
1.518869
1.512718
