2.303345
2.302998
2.304722
2.297329
2.292572
2.278758
2.268709
2.264826
2.245196
2.242218
2.252588
2.259583
2.256969
2.214011
2.204788
2.192877
2.186179
2.201021
2.175985
2.171681
2.124505
2.137367
2.139913
2.131904
2.110757
2.020111
1.985907
1.964974
2.044691
1.976643
2.032183
1.975954
1.837335
1.866477
1.830622
1.831716
1.839372
1.830260
1.834116
1.883007
1.841484
1.851133
1.807289
1.747105
1.768382
1.836143
1.751517
1.841244
1.757855
1.787755
1.781597
1.799516
1.722320
1.719115
1.713568
1.766271
1.721138
1.700867
1.724813
1.726724
1.716176
1.718656
1.759080
1.742845
1.720176
1.751550
1.708390
1.690536
1.727978
1.720996
1.707182
1.664270
1.688748
1.669254
1.702576
1.636847
1.664751
1.671887
1.709406
1.678711
1.634766
1.658330
1.655659
1.671335
1.665936
1.641667
1.648877
1.634016
1.666162
1.671273
1.658880
1.630811
1.668139
1.658250
1.632013
1.628303
1.644812
1.654053
1.623399
1.669008
1.633462
1.606681
1.626155
1.636262
1.632657
1.649460
1.644815
1.654150
1.626874
1.668014
1.616630
1.632574
1.624964
1.595844
1.605831
1.640532
1.597586
1.616707
1.651605
1.647998
1.653398
1.667221
1.625801
1.611507
1.649788
1.651874
1.615182
1.615245
1.667045
1.579196
1.605826
1.638386
1.599918
1.658705
1.611663
1.656034
1.669270
1.659394
1.625022
1.564280
1.661235
1.626006
1.627114
1.615097
1.611755
1.627310
1.627133
1.613058
1.645048
1.595562
1.622565
1.617263
1.652291
1.589254
1.614835
1.642859
1.683893
1.610853
1.627558
1.619367
1.617203
1.606757
1.601534
1.618440
1.623586
1.615572
1.596269
1.604314
1.657172
1.611982
1.626416
1.583488
1.632513
1.638602
1.609428
1.594628
1.588654
1.602425
1.602722
1.622100
1.664757
1.609257
1.599724
1.578926
1.605592
1.616858
1.636023
1.628708
1.629678
1.605804
1.592990
1.603170
1.628515
1.600862
1.594477
1.595045
1.573647
1.648971
1.599901
1.590176
1.621184
1.617505
1.596807
1.606859
1.625423
1.625520
1.601154
1.613536
1.681982
1.608279
1.585424
1.632378
1.623424
1.602928
1.582186
1.596992
1.567619
1.626650
1.561465
1.596195
1.633272
1.638619
1.652490
1.632325
1.602468
1.598451
1.612010
1.617327
1.600244
1.626927
1.604160
1.626827
1.613545
1.592661
1.618070
1.622356
1.600846
1.595594
1.611040
1.610761
1.593725
1.596823
1.621187
1.611458
1.629738
1.618422
1.608891
1.604645
1.564988
1.615089
1.606296
1.647305
1.621971
1.605347
1.593215
1.588728
1.583453
1.592346
1.617176
1.592336
1.610538
1.571064
1.598566
1.612202
1.589450
1.585514
1.616697
1.566887
1.573371
1.604067
1.644724
1.635881
1.604841
1.584989
1.652187
1.609482
1.586449
1.584598
1.578624
1.581688
1.590914
1.586697
1.566621
1.565596
1.604061
1.564999
1.626734
1.581263
1.574557
1.574381
1.561900
1.615925
1.571156
1.651641
1.595440
1.572224
1.597953
1.591873
1.586878
1.611606
1.622474
1.594609
1.565914
1.562388
1.601166
1.571047
1.628874
1.603653
1.596400
1.624592
1.611291
1.609864
1.550016
1.583705
1.561499
1.592789
1.594983
1.556679
1.576457
1.566533
1.585483
1.612649
1.585938
1.584608
1.598524
1.585173
1.620538
1.571051
1.605021
1.601797
1.585557
1.569555
1.593057
1.580522
1.593404
1.589602
1.551970
1.565682
1.626392
1.560842
1.580925
1.607852
1.590638
1.579265
1.572960
1.608755
1.538459
1.569555
1.586963
1.607801
1.581155
1.604516
1.571328
1.582161
1.585843
1.605057
1.578329
1.552645
1.612663
1.612280
1.577171
1.583430
1.610367
1.595900
1.563590
1.553072
1.584844
1.598114
1.557644
1.565594
1.611442
1.571016
1.602238
1.564802
1.601885
1.586188
1.599674
1.603414
1.567622
1.579182
1.557599
1.557549
1.597204
1.587252
1.579848
1.654160
1.636526
1.589135
1.560751
1.581007
1.587530
1.567950
1.582030
1.596772
1.597290
1.569346
1.591336
1.591461
1.572644
1.571894
1.578338
1.562280
1.572491
1.584764
1.555634
1.593004
1.555145
1.603090
1.590222
1.562631
1.581638
1.591779
1.590826
1.559390
1.598279
1.571025
1.586927
1.544485
1.567745
1.593333
1.567300
1.583076
1.554547
1.591725
1.600082
1.619766
1.554066
1.615460
1.554716
1.599298
1.575277
1.586784
1.585241
1.575051
1.587852
1.562585
1.554067
1.571428
1.565889
1.602540
1.599625
1.612282
1.579798
1.614072
1.598616
1.579148
1.574449
1.560964
1.550111
1.574958
1.578112
1.597886
1.561154
1.566410
1.533772
1.556821
1.568800
1.538160
1.586516
1.570633
1.601512
1.614885
1.592574
1.617555
1.576379
1.584494
1.575968
1.564294
1.572769
1.554759
1.571540
1.585195
1.548235
1.585550
1.604583
1.564348
1.567248
1.584289
1.554180
1.580492
1.554550
1.553546
1.582627
1.591061
1.580791
1.565323
1.572514
1.579707
1.586985
1.571778
1.571940
1.578820
1.569559
1.589590
1.593328
1.543220
1.577578
1.568182
1.575642
1.566416
