0.0469
0.2344
0.6484
0.8047
0.7578
0.5625
0.4844
0.7344
0.7266
0.7656
0.6094
0.5000
0.5000
0.6328
0.7578
0.5391
0.3516
0.2656
0.1641
0.1016
0.0938
0.0547
0.0547
0.0234
0.0312
0.0703
0.0312
0.0625
0.0391
0.0312
0.0312
0.0156
0.0469
0.0391
0.0625
0.0391
0.0234
0.0000
0.0234
0.0469
0.0312
0.0156
0.0234
0.0312
0.0547
0.0234
0.0156
0.0156
0.0391
0.0469
0.0547
0.0312
0.0234
0.0312
0.0391
0.0156
0.0703
0.0391
0.0547
0.0547
0.0547
0.0469
0.0312
0.0469
0.0312
0.0156
0.0469
0.0156
0.0391
0.0469
0.0312
0.0078
0.0000
0.0234
0.0391
0.0156
0.0391
0.0156
0.0391
0.0391
0.0078
0.0547
0.0234
0.0391
0.0312
0.0312
0.0000
0.0938
0.0703
0.0312
0.0312
0.0391
0.0312
0.0469
0.0469
0.0469
0.0156
0.0234
0.0391
0.0078
0.0234
0.0312
0.0234
0.0156
0.0156
0.0469
0.0234
0.0469
0.0156
0.0234
0.0391
0.0312
0.0469
0.0781
0.0312
0.0469
0.0156
0.0391
0.0312
0.0312
0.0156
0.0469
0.0312
0.0234
0.0625
0.0000
0.0312
0.0391
0.0156
0.0000
0.0547
0.0234
0.0547
0.0156
0.0391
0.0312
0.0312
0.0312
0.0625
0.0625
0.0391
0.0156
0.0547
0.0391
0.0312
0.0234
0.0469
0.0391
0.0391
0.0234
0.0391
0.0156
0.0312
0.0547
0.0312
0.0234
0.0156
0.0547
0.0156
0.0234
0.0703
0.0312
0.0547
0.0391
0.0469
0.0234
0.0234
0.0234
0.0391
0.0234
0.0234
0.0625
0.0156
0.0312
0.0391
0.0156
0.0391
0.0312
0.0156
0.0547
0.0234
0.0234
0.0625
0.0469
0.0156
0.0156
0.0312
0.0469
0.0156
0.0625
0.0234
0.0547
0.0312
0.0234
0.0156
0.0469
0.0391
0.0312
0.0312
0.0156
0.0234
0.0391
0.0234
0.0469
0.0391
0.0234
0.0312
0.0391
0.0469
0.0547
0.0391
0.0391
0.0156
0.0391
0.0156
0.0391
0.0234
0.0469
0.0469
0.0469
0.0312
0.0234
0.0312
0.0391
0.0312
0.0312
0.0469
0.0000
0.0469
0.0312
0.0312
0.0234
0.0391
0.0781
0.0547
0.0391
0.0312
0.0469
0.0078
0.0391
0.0391
0.0156
0.0312
0.0312
0.0078
0.0391
0.0312
0.0312
0.0391
0.0469
0.0469
0.0469
0.0234
0.0391
0.0391
0.0547
0.0234
0.0156
0.0312
0.0078
0.0156
0.0391
0.0234
0.0312
0.0312
0.0312
0.0469
0.0469
0.0312
0.0391
0.0078
0.0156
0.0312
0.0312
0.0312
0.0469
0.0781
0.0312
0.0156
0.0156
0.0234
0.0625
0.0312
0.0547
0.0547
0.0234
0.0312
0.0234
0.0312
0.0469
0.0234
0.0625
0.0469
0.0234
0.0234
0.0156
0.0234
0.0156
0.0312
0.0078
0.0469
0.0078
0.0547
0.0625
0.0469
0.0312
0.0312
0.0234
0.0234
0.0547
0.0156
0.0312
0.0469
0.0078
0.0312
0.0312
0.0547
0.0312
0.0234
0.0547
0.0156
0.0547
0.0547
0.0234
0.0469
0.0469
0.0234
0.0391
0.0469
0.0703
0.0156
0.0312
0.0391
0.0312
0.0078
0.0312
0.0312
0.0547
0.0156
0.0234
0.0078
0.0312
0.0234
0.0156
0.0391
0.0547
0.0547
0.0234
0.0156
0.0469
0.0391
0.0234
0.0547
0.0312
0.0312
0.0312
0.0312
0.0156
0.0156
0.0547
0.0547
0.0469
0.0703
0.0312
0.0312
0.0312
0.0312
0.0156
0.0391
0.0312
0.0469
0.0156
0.0156
0.0312
0.0391
0.0391
0.0391
0.0234
0.0234
0.0156
0.0156
0.0078
0.0391
0.0234
0.0469
0.0469
0.0391
0.0391
0.0312
0.0156
0.0078
0.0469
0.0312
0.0625
0.0469
0.0312
0.0469
0.0156
0.0078
0.0391
0.0312
0.0547
0.0391
0.0469
0.0469
0.0156
0.0312
0.0469
0.0312
0.0000
0.0312
0.0156
0.0859
0.0391
0.0078
0.0391
0.0469
0.0469
0.0156
0.0156
0.0547
0.0391
0.0156
0.0156
0.0859
0.0156
0.0234
0.0312
0.0547
0.0312
0.0078
0.0469
0.0312
0.0312
0.0547
0.0156
0.0234
0.0156
0.0078
0.0625
0.0469
0.0469
0.0391
0.0156
0.0547
0.0391
0.0625
0.0234
0.0156
0.0156
0.0391
0.0391
0.0391
0.0391
0.0547
0.0156
0.0391
0.0391
0.0312
0.0312
0.0703
0.0547
0.0234
0.0156
0.0156
0.0547
0.0312
0.0547
0.0625
0.0234
0.0234
0.0469
0.0391
0.0469
0.0312
0.0078
0.0391
0.0312
0.0312
0.0312
0.0156
0.0469
0.0156
0.0234
0.0312
0.0312
0.0391
0.0391
0.0234
0.0312
0.0312
0.0156
0.0234
0.0625
0.0625
0.0391
0.0391
0.0547
0.0391
0.0234
