2.301884
2.304646
2.310285
2.310779
2.311842
2.329291
2.341638
2.338927
2.343619
2.354771
2.334169
2.345297
2.283391
2.164603
2.192364
2.215094
2.132229
2.014614
2.041235
2.038046
1.974596
1.916456
1.884467
1.936521
1.964426
1.866728
1.898519
1.883976
1.898822
1.880816
1.885386
1.775687
1.739078
1.748863
1.811190
1.843195
1.853085
1.799438
1.773344
1.780307
1.745193
1.762164
1.737214
1.735654
1.829001
1.722142
1.706965
1.736940
1.713084
1.689973
1.684079
1.737061
1.741340
1.716518
1.711471
1.693438
1.668846
1.678605
1.704638
1.674312
1.673836
1.659705
1.711686
1.696975
1.663671
1.679024
1.661255
1.690252
1.663054
1.674655
1.642843
1.704073
1.638950
1.659537
1.651773
1.602878
1.611888
1.588379
1.602091
1.583390
1.574946
1.591336
1.581046
1.569576
1.565102
1.576668
1.552125
1.577244
1.536120
1.558481
1.568866
1.558383
1.542865
1.528030
1.578793
1.524255
1.519075
1.553566
1.570165
1.537301
1.547412
1.525248
1.563640
1.556600
1.523081
1.563720
1.542042
1.529315
1.524931
1.535924
1.580400
1.522347
1.536083
1.564586
1.513782
1.589168
1.512843
1.514507
1.559578
1.503294
1.535134
1.509739
1.543796
1.526069
1.517126
1.530468
1.527743
1.543203
1.530192
1.524561
1.532324
1.544167
1.521461
1.537772
1.531922
1.526719
1.518119
1.542209
1.547633
1.538392
1.535850
1.523825
1.519514
1.512656
1.547111
1.523213
1.512556
1.534592
1.517168
1.539726
1.515653
1.510262
1.532245
1.538821
1.508339
1.510045
1.526785
1.514783
1.516774
1.510256
1.500821
1.524519
1.526824
1.516358
1.512717
1.515203
1.519791
1.545753
1.536064
1.519775
1.524487
1.534254
1.511601
1.499781
1.522312
1.524265
1.542328
1.514046
1.508519
1.499513
1.496746
1.528382
1.508235
1.505421
1.510022
1.521081
1.513230
1.504723
1.508913
1.508240
1.502455
1.533618
1.515101
1.503382
1.499894
1.519952
1.542908
1.505372
1.496447
1.513740
1.510619
1.509538
1.511968
1.517717
1.513984
1.525772
1.505153
1.510008
1.507036
1.509015
1.499274
1.521533
1.503671
1.500920
1.505025
1.521638
1.508356
1.486947
1.504298
1.495712
1.531557
1.516024
1.511705
1.517747
1.527422
1.513626
1.504869
1.498507
1.499051
1.512743
1.505053
1.517707
1.512883
1.502995
1.495520
1.492625
1.504585
1.494314
1.489798
1.506112
1.521327
1.517149
1.509439
1.526029
1.502277
1.510541
1.514251
1.498016
1.500050
1.498332
1.498785
1.500116
1.515944
1.489335
1.506011
1.496286
1.493272
1.508489
1.499193
1.492803
1.496858
1.496819
1.496984
1.515463
1.491375
1.511274
1.507393
1.497773
1.509788
1.493612
1.503667
1.502089
1.507760
1.499290
1.501378
1.490261
1.493692
1.503048
1.511350
1.514904
1.505767
1.510079
1.492285
1.495051
1.492662
1.508255
1.489640
1.485938
1.486702
1.517773
1.487914
1.494595
1.510723
1.488528
1.507283
1.495505
1.484890
1.505605
1.504510
1.497622
1.513837
1.504342
1.510548
1.485321
1.492375
1.498938
1.494502
1.507639
1.504648
1.507913
1.489027
1.490372
1.482379
1.503402
1.502251
1.498040
1.499998
1.499820
1.497145
1.491903
1.519707
1.483970
1.490660
1.503390
1.502681
1.494250
1.487917
1.484685
1.512396
1.508428
1.502743
1.482439
1.487263
1.490735
1.485278
1.478613
1.500560
1.490516
1.489055
1.487370
1.494152
1.502357
1.482324
1.484766
1.489427
1.505793
1.480164
1.488356
1.492545
1.492536
1.509809
1.509301
1.506477
1.498016
1.495790
1.506608
1.488460
1.496222
1.493384
1.494326
1.488246
1.493017
1.494501
1.497531
1.500698
1.487836
1.526353
1.485270
1.486133
1.482946
1.497522
1.501747
1.490431
1.511363
1.489585
1.485721
1.480885
1.486021
1.488653
1.482978
1.495483
1.499433
1.488591
1.499433
1.495463
1.491467
1.481981
1.492172
1.490613
1.482979
1.490747
1.503002
1.483103
1.487608
1.485963
1.486042
1.508057
1.491772
1.501863
1.500343
1.486368
1.488468
1.490956
1.485857
1.504218
1.483694
1.479077
1.478043
1.478084
1.486136
1.510598
1.492954
1.498717
1.485239
1.492390
1.496720
1.477012
1.493849
1.481422
1.490566
1.496060
1.506001
1.486408
1.497283
1.486868
1.492533
1.483954
1.478186
1.480655
1.496535
1.476288
1.518109
1.493659
1.491972
1.486896
1.491708
1.491810
1.480153
1.487043
1.491531
1.507329
1.506632
1.492800
1.485184
1.496993
1.477118
1.490720
1.479467
1.489116
1.491613
1.483694
1.481081
1.495942
1.478687
1.482511
1.473171
1.494468
1.485184
1.493782
1.496870
1.492108
1.492074
1.492635
1.481657
1.478710
1.477046
1.483357
1.487845
1.487445
1.480124
1.487254
1.488786
1.475260
1.486841
1.499507
1.502649
1.491385
1.488822
1.488837
1.483608
1.485695
1.478660
1.483440
1.489727
1.487757
1.495471
1.485582
1.490414
1.495323
1.492191
1.478350
1.484964
1.491645
1.489170
1.491949
1.498226
1.476106
1.485750
1.489771
1.491292
