2.303245
2.305410
2.301773
2.291353
2.284827
2.279829
2.255228
2.234687
2.216456
2.214662
2.213520
2.200022
2.218469
2.230793
2.198511
2.155033
2.108113
2.052119
1.966054
1.937112
1.928289
1.955459
1.988689
1.988263
1.992125
1.957248
1.838730
1.865253
1.778690
1.757808
1.740940
1.704355
1.746462
1.758476
1.797271
1.813209
1.744870
1.721903
1.747319
1.706615
1.658830
1.683387
1.694639
1.705443
1.697925
1.713405
1.674857
1.700572
1.698660
1.720106
1.677214
1.656808
1.658211
1.662101
1.629426
1.644081
1.654991
1.633702
1.639174
1.660535
1.680940
1.691720
1.692162
1.705013
1.653988
1.594516
1.675744
1.615497
1.611208
1.595518
1.612992
1.630464
1.615502
1.612217
1.595256
1.582947
1.599193
1.599735
1.579356
1.647098
1.644241
1.621313
1.634396
1.600725
1.629303
1.661176
1.645080
1.596871
1.618338
1.603204
1.603844
1.605399
1.638423
1.606333
1.608282
1.593783
1.612349
1.594933
1.617158
1.558370
1.629227
1.578170
1.598592
1.566896
1.587519
1.587446
1.596400
1.601850
1.575753
1.596329
1.565382
1.573799
1.585767
1.602251
1.591586
1.607814
1.607097
1.585904
1.607053
1.591665
1.624571
1.583298
1.565265
1.594518
1.623739
1.589912
1.596994
1.555090
1.597775
1.557316
1.578596
1.540318
1.549437
1.593200
1.595534
1.539638
1.569978
1.617967
1.556648
1.580884
1.583862
1.585457
1.571567
1.562306
1.567358
1.587133
1.556482
1.567574
1.546570
1.587295
1.584827
1.523811
1.585608
1.554097
1.567444
1.580763
1.558566
1.573775
1.537761
1.552286
1.541194
1.569462
1.622535
1.548422
1.540760
1.546094
1.532474
1.570595
1.567978
1.592726
1.532427
1.538518
1.568889
1.576438
1.552261
1.534395
1.551201
1.568452
1.556083
1.543099
1.518067
1.547229
1.555525
1.546230
1.557127
1.567873
1.546995
1.540217
1.529688
1.594684
1.547323
1.554939
1.554784
1.593679
1.584178
1.540571
1.568190
1.544475
1.538151
1.559954
1.540689
1.544727
1.504323
1.535319
1.545888
1.559544
1.542231
1.527711
1.559982
1.554542
1.575255
1.541902
1.549753
1.534430
1.576844
1.531111
1.542203
1.559276
1.533890
1.528751
1.565137
1.560117
1.593549
1.601411
1.590102
1.578277
1.568882
1.575652
1.586322
1.574072
1.557077
1.586194
1.547724
1.551986
1.546900
1.533969
1.549309
1.541870
1.540481
1.549830
1.540467
1.574084
1.554387
1.571278
1.550938
1.553794
1.576235
1.549818
1.594868
1.569491
1.591234
1.586714
1.565467
1.521006
1.530446
1.552054
1.570203
1.549033
1.583921
1.539391
1.548536
1.539644
1.526111
1.517389
1.525525
1.570059
1.539417
1.537851
1.541797
1.564754
1.553137
1.555774
1.557701
1.538584
1.548855
1.523723
1.567017
1.586026
1.554001
1.521531
1.542572
1.525739
1.532863
1.507591
1.537476
1.524908
1.549587
1.516595
1.514333
1.537893
1.535049
1.537805
1.541228
1.551619
1.531328
1.527034
1.545833
1.558628
1.546031
1.567868
1.518460
1.516192
1.530788
1.533176
1.511970
1.536923
1.517069
1.515031
1.521899
1.503428
1.524949
1.538971
1.535789
1.550751
1.546296
1.540365
1.527042
1.540850
1.546288
1.529516
1.522628
1.538903
1.517414
1.520916
1.500378
1.559915
1.529753
1.522435
1.531946
1.529500
1.541857
1.529259
1.515078
1.528397
1.553727
1.549073
1.531883
1.532965
1.535918
1.543687
1.528272
1.500917
1.544072
1.512765
1.512504
1.513656
1.509878
1.508291
1.508747
1.502993
1.531685
1.527377
1.521820
1.554395
1.518898
1.556577
1.523731
1.520235
1.557511
1.510205
1.508499
1.519347
1.529298
1.537248
1.545478
1.520319
1.508308
1.499413
1.529498
1.503876
1.538925
1.529503
1.507355
1.525619
1.508399
1.520665
1.507725
1.528582
1.517647
1.532651
1.538071
1.521707
1.517475
1.551837
1.511174
1.536588
1.525213
1.524984
1.540412
1.539570
1.536696
1.519371
1.512232
1.521333
1.520244
1.520195
1.533257
1.504932
1.534266
1.513543
1.530697
1.524235
1.519746
1.523421
1.526227
1.517898
1.511455
1.513994
1.523454
1.501769
1.506832
1.522138
1.520152
1.503529
1.524815
1.519007
1.532554
1.533290
1.527469
1.545783
1.531917
1.509731
1.533018
1.518467
1.531273
1.533263
1.536341
1.542448
1.533887
1.512240
1.518417
1.513044
1.499375
1.516025
1.509827
1.528615
1.499283
1.513794
1.508502
1.503369
1.505613
1.514194
1.527795
1.514222
1.504229
1.519809
1.515551
1.498745
1.522981
1.523601
1.497679
1.513651
1.531633
1.518134
1.511085
1.499886
1.521186
1.518274
1.524931
1.522920
1.503006
1.512053
1.492082
1.491633
1.513209
1.490225
1.507636
1.519288
1.496178
1.501628
1.526402
1.511707
1.499582
1.512294
1.515585
1.506798
1.523891
1.515703
1.509430
1.506173
1.513808
1.531753
1.518006
1.504197
1.488582
1.526092
1.494561
1.500740
1.513444
1.508367
1.526486
1.522392
1.506328
1.535791
1.509117
1.506529
1.517782
1.544412
1.507779
1.486877
