2.295701
2.301975
2.302833
2.302957
2.304443
2.303204
2.302671
2.303005
2.303748
2.303073
2.304195
2.308276
2.304000
2.308572
2.306832
2.312769
2.316057
2.328832
2.329823
2.327173
2.305030
2.282756
2.252480
2.234472
2.232769
2.300545
2.371140
2.397238
2.426776
2.389808
2.318185
2.295069
2.359704
2.421237
2.407477
2.420986
2.422888
2.409631
2.462447
2.431260
2.438081
2.474417
2.455333
2.424714
2.466821
2.439708
2.523870
2.485436
2.455550
2.553393
2.550394
2.543647
2.502672
2.531836
2.497690
2.434124
2.359058
2.377264
2.470566
2.480091
2.576632
2.355428
2.212520
2.312508
2.451351
2.575334
2.566416
2.587265
2.537403
2.456072
2.400804
2.556421
2.581386
2.573928
2.478410
2.556104
2.464797
2.501726
2.566804
2.553001
2.557231
2.435272
2.427680
2.496656
2.569103
2.586940
2.498387
2.355549
2.286752
2.431796
2.526613
2.538574
2.569138
2.452721
2.254030
2.124927
2.068120
2.126465
2.278447
2.424868
2.495757
2.600960
2.586459
2.584205
2.535170
2.590641
2.565824
2.583539
2.643512
2.671803
2.614002
2.671620
2.608620
2.639556
2.680366
2.635820
2.647421
2.561043
2.608654
2.638063
2.636307
2.650480
2.638056
2.662334
2.655123
2.581533
2.584968
2.500525
2.433897
2.402099
2.419875
2.426423
2.487600
2.555487
2.636949
2.624384
2.558394
2.570923
2.473143
2.430053
2.296032
2.229733
2.207214
2.204980
2.213681
2.260958
2.318115
2.330373
2.352502
2.440691
2.442652
2.466372
2.439685
2.400837
2.407663
2.367568
2.381143
2.334944
2.320156
2.251122
2.283022
2.286210
2.302797
2.284730
2.230223
2.316575
2.312493
2.438517
2.357810
2.425922
2.384637
2.354537
2.267516
2.331491
2.305137
2.369742
2.291731
2.216881
2.053479
2.124606
2.129894
2.138792
2.270471
2.181134
2.248568
2.238955
2.191551
2.240496
2.330563
2.266397
2.365262
2.218615
2.160918
2.205772
2.290222
2.279139
2.280743
2.372774
2.375158
2.519587
2.419575
2.433572
2.418213
2.416468
2.347303
2.332507
2.330273
2.253097
2.278672
2.310063
2.273969
2.253736
2.256833
2.244147
2.198549
2.196186
2.155808
2.097445
2.070016
2.014024
2.068101
2.102626
2.146830
2.188882
2.216592
2.229360
2.232838
2.166617
2.189569
2.250682
2.268917
2.301442
2.257143
2.263402
2.330410
2.330484
2.339672
2.286061
2.329669
2.307199
2.364560
2.267026
2.303407
2.312633
2.290086
2.245095
2.326057
2.319277
2.315593
2.306478
2.278913
2.310403
2.263034
2.261183
2.217003
2.281050
2.206445
2.210400
2.249717
2.293411
2.305073
2.345131
2.351830
2.276975
2.258231
2.197396
2.358366
2.271785
2.306309
2.331850
2.288278
2.318717
2.173518
2.176199
2.156912
2.204653
2.259163
2.280233
2.317224
2.297929
2.295901
2.233177
2.239539
2.333832
2.270123
2.298308
2.276212
2.287150
2.250432
2.328125
2.276570
2.237559
2.171715
2.109575
2.174868
2.298006
2.271164
2.234451
2.324317
2.221421
2.262948
2.180676
2.131283
2.121511
2.174020
2.201263
2.266153
2.304459
2.276234
2.330979
2.346118
2.227943
2.311050
2.250785
2.293074
2.241143
2.285501
2.277968
2.305210
2.320499
2.254684
2.316176
2.167954
2.217630
2.290754
2.319180
2.259897
2.173466
2.200537
2.265069
2.313877
2.303846
2.312422
2.244384
2.352013
2.307430
2.190448
2.209167
2.165958
2.208844
2.268377
2.199857
2.287322
2.291951
2.318871
2.332046
2.316065
2.239263
2.255431
2.184427
2.218605
2.297974
2.273365
2.304902
2.311022
2.182578
2.137639
2.180569
2.214442
2.270497
2.283489
2.293725
2.350400
2.218697
2.193410
2.295178
2.272062
2.312652
2.288942
2.275272
2.121586
2.251578
2.195437
2.257707
2.292131
2.284894
2.292595
2.230270
2.224724
2.157298
2.026526
2.083632
2.105840
2.224251
2.231278
2.270089
2.302410
2.255335
2.291508
2.283441
2.154158
2.108047
2.140306
2.211346
2.248019
2.313075
2.205148
2.293477
2.296715
2.278329
2.296450
2.254360
2.243361
2.099331
2.179072
2.213691
2.220150
2.223324
2.244655
2.309831
2.254422
2.258416
2.305313
2.225130
2.283482
2.222909
2.217832
2.197176
2.200902
2.260437
2.257762
2.289711
2.284549
2.288984
2.241468
2.193188
2.101587
2.095520
2.205493
2.217381
2.212863
2.174849
2.220668
2.275894
2.305343
2.267344
2.268010
2.226093
2.121559
2.165500
2.150315
2.170501
2.332952
2.232288
2.267727
2.274353
2.117300
2.143852
2.189455
2.226063
2.290299
2.256428
2.313309
2.258638
2.299513
2.299951
2.226269
2.222065
2.245885
2.276097
2.279279
2.278130
2.218050
2.173871
2.202267
2.233849
2.258389
2.300276
2.301382
2.290897
2.240412
2.182956
2.217825
2.252342
2.264180
2.205076
2.220655
2.256615
2.221952
2.102768
2.057602
2.129903
2.166810
2.174044
2.243493
2.292977
2.267817
2.253600
2.240832
2.154841
2.184772
2.240261
2.147513
2.125684
2.267034
2.265177
2.245827
2.260014
2.177043
2.162985
