2.305345
2.288024
2.285266
2.271849
2.261112
2.269276
2.239302
2.233908
2.148725
2.068057
2.017189
1.954278
1.862847
1.801014
1.824991
1.829325
1.773002
1.778626
1.755537
1.724424
1.773370
1.756376
1.750622
1.734229
1.730827
1.702693
1.730802
1.685083
1.688750
1.628770
1.616670
1.638351
1.633473
1.650113
1.643413
1.609583
1.632068
1.635306
1.596862
1.606948
1.601201
1.634867
1.614002
1.597680
1.596136
1.616307
1.588575
1.636029
1.558558
1.582371
1.588614
1.624263
1.579529
1.600940
1.609289
1.588213
1.601635
1.547341
1.564003
1.587429
1.583954
1.595133
1.563204
1.610670
1.584797
1.607185
1.594733
1.588170
1.544766
1.556484
1.610772
1.606328
1.575295
1.565232
1.532221
1.576440
1.517171
1.549006
1.547934
1.523621
1.525094
1.536702
1.541567
1.548098
1.513733
1.529946
1.508308
1.554503
1.501705
1.519207
1.520435
1.529871
1.545356
1.546307
1.505355
1.529513
1.540817
1.520806
1.518166
1.509828
1.522133
1.506003
1.504409
1.518453
1.507803
1.533641
1.505594
1.526076
1.522275
1.538123
1.501398
1.505484
1.493962
1.503115
1.538539
1.501021
1.525235
1.501113
1.511084
1.491742
1.513078
1.522760
1.511514
1.495633
1.515374
1.496584
1.516182
1.517052
1.495234
1.511193
1.499406
1.523191
1.494706
1.490143
1.505631
1.505084
1.501156
1.508215
1.513181
1.505081
1.505738
1.503410
1.513777
1.507401
1.508872
1.513646
1.498328
1.508599
1.494209
1.511644
1.513521
1.494162
1.497310
1.494918
1.529527
1.496293
1.499184
1.499457
1.506692
1.496536
1.504084
1.499747
1.489184
1.482699
1.512606
1.489692
1.501806
1.496752
1.499245
1.499487
1.487801
1.514251
1.501792
1.495548
1.490973
1.519772
1.496676
1.491793
1.495425
1.496599
1.498693
1.479936
1.490918
1.509762
1.487114
1.496239
1.513181
1.493131
1.505424
1.500648
1.502383
1.510618
1.488980
1.482694
1.497617
1.513840
1.489586
1.511294
1.498919
1.500497
1.490289
1.483358
1.488193
1.490170
1.501864
1.504581
1.502198
1.510924
1.511585
1.500854
1.503636
1.494468
1.488150
1.488891
1.483064
1.494765
1.495922
1.515602
1.494622
1.480634
1.477050
1.491098
1.482039
1.490907
1.501207
1.490162
1.493756
1.492107
1.491085
1.484906
1.508290
1.492746
1.502261
1.492107
1.482550
1.504074
1.489819
1.493366
1.501548
1.477184
1.486469
1.483509
1.497912
1.499524
1.483808
1.494992
1.504368
1.497486
1.506694
1.488748
1.494720
1.489631
1.479696
1.496715
1.481355
1.488463
1.484589
1.496091
1.489834
1.479058
1.488243
1.510075
1.495789
1.492474
1.481712
1.484627
1.486731
1.483601
1.490677
1.503398
1.482604
1.489363
1.486501
1.482335
1.495745
1.485451
1.484353
1.502729
1.502286
1.483747
1.487554
1.493070
1.500266
1.494320
1.483605
1.511994
1.485667
1.485198
1.490122
1.506764
1.496684
1.500914
1.501260
1.480265
1.475211
1.497107
1.481984
1.477971
1.486038
1.478067
1.499044
1.492517
1.486026
1.489953
1.489295
1.487355
1.500692
1.484185
1.479210
1.476713
1.505258
1.488591
1.472260
1.481373
1.498318
1.486001
1.499746
1.505378
1.491355
1.488146
1.487608
1.487435
1.481356
1.483910
1.489755
1.498407
1.495338
1.483596
1.478777
1.489210
1.480328
1.486155
1.487901
1.485667
1.486672
1.508460
1.482873
1.488163
1.490650
1.481830
1.477623
1.490894
1.503880
1.485578
1.484413
1.487399
1.487766
1.488200
1.486051
1.481961
1.484350
1.482562
1.484056
1.489685
1.476173
1.488837
1.493048
1.488314
1.489804
1.519739
1.480027
1.475653
1.501819
1.484226
1.483274
1.490068
1.495078
1.475512
1.488382
1.484231
1.486605
1.496948
1.481884
1.508911
1.485508
1.480400
1.489621
1.484583
1.482211
1.476307
1.479794
1.479317
1.484677
1.478983
1.474156
1.484593
1.488742
1.482483
1.488238
1.491071
1.485001
1.475447
1.478688
1.487185
1.505188
1.491966
1.481293
1.476739
1.477265
1.478792
1.479006
1.493831
1.492775
1.493776
1.492700
1.475466
1.492130
1.480237
1.486765
1.486975
1.488194
1.492715
1.480101
1.483055
1.474487
1.487430
1.481828
1.476498
1.489068
1.481951
1.476651
1.493583
1.479636
1.479621
1.482906
1.482812
1.482625
1.485235
1.503148
1.489150
1.483967
1.485536
1.486259
1.482340
1.507148
1.482689
1.484187
1.479949
1.492352
1.475057
1.480958
1.491317
1.485336
1.480214
1.475202
1.478392
1.494141
1.475029
1.484969
1.481378
1.481168
1.474011
1.482510
1.481470
1.489298
1.477683
1.469990
1.479699
1.482464
1.491668
1.482619
1.482552
1.477670
1.477798
1.483222
1.502208
1.473080
1.485598
1.476078
1.505647
1.480205
1.475353
1.485026
1.485720
1.480156
1.475223
1.488864
1.483424
1.487865
1.479432
1.475865
1.477322
1.494661
1.482636
1.488729
1.488805
1.481992
1.476282
1.496328
1.472815
1.476048
1.483565
1.473783
1.513215
1.475145
1.482020
1.472803
1.489420
1.480506
1.481060
