2.317615
2.299462
2.285094
2.264042
2.250841
2.233082
2.172917
2.206371
2.028013
1.981651
1.946591
1.891975
1.862123
1.793751
1.761974
1.693191
1.727744
1.682117
1.671327
1.690410
1.644295
1.647593
1.642348
1.626974
1.619102
1.632331
1.611356
1.586303
1.585596
1.572160
1.553220
1.566461
1.587720
1.574512
1.570071
1.564124
1.580457
1.535048
1.561363
1.555162
1.571364
1.546581
1.567667
1.536493
1.543550
1.567740
1.554132
1.584591
1.582024
1.554261
1.540558
1.528948
1.565963
1.524110
1.544554
1.519571
1.564088
1.520150
1.532513
1.531770
1.555137
1.508879
1.524415
1.584151
1.511871
1.533679
1.532792
1.502683
1.536046
1.533224
1.522401
1.541208
1.523112
1.509659
1.512476
1.567462
1.510788
1.517245
1.515952
1.514646
1.530139
1.523868
1.501099
1.528237
1.518266
1.506068
1.518388
1.523760
1.524292
1.506290
1.510383
1.507955
1.514167
1.505180
1.542649
1.501331
1.504265
1.502969
1.508417
1.510025
1.489513
1.495156
1.519405
1.505101
1.510483
1.515053
1.498291
1.513526
1.494080
1.496023
1.515584
1.500819
1.510339
1.517764
1.509467
1.505682
1.489455
1.492216
1.502366
1.492594
1.509121
1.470890
1.509044
1.506154
1.493005
1.522325
1.506863
1.504745
1.511276
1.501517
1.499645
1.482628
1.504808
1.497514
1.494345
1.500695
1.499489
1.487729
1.487146
1.495418
1.503435
1.499820
1.516379
1.520079
1.491107
1.491540
1.489557
1.499385
1.471826
1.485593
1.509851
1.511436
1.487002
1.499403
1.486672
1.496589
1.502518
1.490164
1.499053
1.492422
1.502976
1.485982
1.489979
1.505252
1.486587
1.499612
1.498193
1.499842
1.508392
1.492423
1.489812
1.498514
1.490484
1.490474
1.485597
1.484847
1.478424
1.499311
1.484977
1.491950
1.487342
1.501063
1.481503
1.509192
1.478014
1.474943
1.496218
1.483612
1.493471
1.533219
1.510911
1.495914
1.489322
1.505145
1.496543
1.485787
1.477014
1.500121
1.481442
1.479521
1.501341
1.496915
1.485461
1.475673
1.482666
1.497495
1.492475
1.477107
1.483968
1.493324
1.498314
1.481569
1.482589
1.477919
1.475745
1.478443
1.500563
1.492475
1.480522
1.498803
1.490453
1.471589
1.495720
1.480631
1.478696
1.489417
1.483576
1.487941
1.497876
1.496724
1.481465
1.488993
1.484586
1.487977
1.497196
1.492051
1.471372
1.492566
1.486261
1.479000
1.482100
1.477323
1.493687
1.474046
1.487946
1.474667
1.486016
1.481352
1.481712
1.479497
1.498536
1.484259
1.478004
1.478849
1.493058
1.476751
1.493052
1.487286
1.472600
1.492190
1.502201
1.481607
1.488496
1.475226
1.484363
1.496929
1.488280
1.477819
1.478876
1.481088
1.486747
1.482094
1.483759
1.478272
1.488041
1.488924
1.478695
1.499352
1.484484
1.483383
1.471434
1.481452
1.476704
1.492638
1.487741
1.476779
1.473053
1.472547
1.487592
1.483793
1.476503
1.487897
1.500982
1.491153
1.474080
1.492371
1.473147
1.486010
1.471864
1.481309
1.488987
1.482618
1.479482
1.483970
1.486613
1.472251
1.473962
1.492574
1.477324
1.478512
1.469320
1.467748
1.480820
1.488188
1.489453
1.475120
1.485212
1.480781
1.474278
1.486975
1.496615
1.481734
1.483450
1.489285
1.476588
1.476030
1.484521
1.490708
1.487274
1.491568
1.477367
1.469200
1.480310
1.492997
1.482295
1.480742
1.482153
1.472109
1.481242
1.471249
1.468050
1.499237
1.482323
1.476634
1.471002
1.469998
1.484088
1.468749
1.486518
1.472837
1.483932
1.484692
1.477853
1.472367
1.503341
1.483677
1.484044
1.467495
1.487219
1.474048
1.476016
1.475078
1.480094
1.473449
1.476473
1.482928
1.471007
1.473930
1.493666
1.486674
1.490754
1.471196
1.487809
1.470668
1.496382
1.482557
1.475628
1.476331
1.490364
1.479796
1.483552
1.480196
1.477504
1.481994
1.475453
1.479664
1.477057
1.477740
1.469111
1.468279
1.468248
1.488259
1.472768
1.492496
1.484906
1.470065
1.473919
1.489105
1.467031
1.472352
1.467314
1.494426
1.475739
1.484130
1.479702
1.481269
1.476532
1.496564
1.482029
1.494622
1.476741
1.476031
1.470176
1.477620
1.474292
1.471877
1.468127
1.468662
1.480796
1.486952
1.480598
1.469649
1.481825
1.485204
1.466990
1.478807
1.468442
1.478108
1.472508
1.491454
1.475506
1.471561
1.472174
1.480220
1.467373
1.466740
1.474655
1.474364
1.465716
1.467014
1.495477
1.491429
1.473314
1.472468
1.484867
1.483544
1.471454
1.481521
1.476124
1.469473
1.490554
1.481246
1.480193
1.465667
1.478979
1.472819
1.470140
1.479183
1.488963
1.475002
1.478791
1.469024
1.483193
1.477280
1.484522
1.481685
1.478048
1.472614
1.476311
1.475534
1.473138
1.476403
1.471612
1.483273
1.468285
1.480918
1.466878
1.481184
1.473872
1.484594
1.478336
1.487825
1.467841
1.491872
1.465563
1.485566
1.476047
1.480646
1.474259
1.471255
1.465515
1.468486
1.469967
1.479440
1.472426
1.485844
1.473968
1.472648
1.481363
1.474882
