2.312820
2.299079
2.281102
2.262717
2.242997
2.263246
2.207009
2.158240
2.070596
2.051171
1.949165
1.864738
1.829924
1.805092
1.728584
1.723179
1.737777
1.730515
1.705697
1.673346
1.693207
1.675340
1.683790
1.650150
1.615886
1.642689
1.604858
1.638258
1.621008
1.620635
1.589283
1.623240
1.603898
1.589489
1.570638
1.582472
1.578955
1.564056
1.561896
1.579000
1.555383
1.559061
1.544693
1.535536
1.540774
1.575846
1.561965
1.551805
1.540785
1.533326
1.578442
1.581383
1.533408
1.540539
1.549252
1.529440
1.544749
1.515136
1.548177
1.521221
1.553120
1.540856
1.536304
1.518415
1.541292
1.559040
1.551827
1.560658
1.541288
1.540720
1.524489
1.548532
1.528482
1.530667
1.547117
1.523583
1.563091
1.515145
1.508988
1.531455
1.526488
1.521594
1.554697
1.546474
1.515781
1.534767
1.536621
1.543690
1.518997
1.504381
1.534902
1.538001
1.503511
1.536715
1.535994
1.504350
1.515370
1.521499
1.504645
1.536286
1.505581
1.505768
1.526548
1.497674
1.502442
1.519902
1.522552
1.513745
1.499334
1.512671
1.500185
1.510519
1.517576
1.476296
1.492042
1.487558
1.512749
1.488413
1.493953
1.516201
1.512832
1.502533
1.517702
1.499656
1.499679
1.517674
1.512909
1.536631
1.507357
1.520061
1.507484
1.500827
1.498686
1.505976
1.511021
1.500062
1.525949
1.517572
1.509189
1.513588
1.521067
1.501527
1.508903
1.523872
1.502192
1.503610
1.530899
1.497992
1.511711
1.502677
1.515306
1.475024
1.525034
1.505215
1.520288
1.499753
1.485221
1.495792
1.497036
1.507238
1.506339
1.494368
1.508699
1.493962
1.500695
1.508770
1.490099
1.493639
1.490777
1.508236
1.526946
1.490660
1.499673
1.512978
1.499183
1.492613
1.500379
1.527301
1.491950
1.506135
1.490999
1.512760
1.495808
1.497012
1.484197
1.493274
1.487717
1.527493
1.504273
1.496471
1.494350
1.502349
1.496104
1.491698
1.500454
1.497174
1.499295
1.474932
1.491685
1.506669
1.503958
1.491679
1.496033
1.498713
1.484916
1.488918
1.498709
1.497194
1.492222
1.492494
1.502844
1.505914
1.500900
1.525744
1.503521
1.497213
1.488440
1.497724
1.481292
1.489103
1.516369
1.503264
1.501626
1.473506
1.498487
1.499417
1.486848
1.530913
1.484081
1.514454
1.480138
1.490213
1.478113
1.503795
1.485793
1.482520
1.487699
1.501747
1.493172
1.490039
1.489313
1.500369
1.503799
1.483984
1.485712
1.488601
1.490638
1.489200
1.487972
1.483715
1.495554
1.487453
1.524660
1.498604
1.474698
1.502845
1.486831
1.490984
1.482694
1.515245
1.517170
1.493217
1.494129
1.501356
1.504061
1.473294
1.492436
1.479835
1.503858
1.482765
1.501337
1.488992
1.498224
1.503794
1.484004
1.483647
1.478669
1.495540
1.498005
1.481255
1.507322
1.488822
1.492362
1.483491
1.484972
1.476285
1.492087
1.492920
1.500739
1.487954
1.481883
1.483990
1.498122
1.482280
1.481490
1.486670
1.497087
1.479731
1.496187
1.499300
1.493619
1.489857
1.499423
1.474393
1.495422
1.483043
1.502820
1.483036
1.482855
1.486055
1.493911
1.478716
1.505590
1.474384
1.481281
1.474816
1.508734
1.488348
1.486837
1.480332
1.482477
1.495247
1.473804
1.483497
1.500019
1.479594
1.490920
1.507659
1.489317
1.486150
1.487139
1.486514
1.488994
1.485746
1.484302
1.486786
1.484414
1.487582
1.503207
1.487058
1.478098
1.490038
1.490054
1.495699
1.489061
1.494441
1.486379
1.476228
1.479904
1.484267
1.477470
1.484728
1.482598
1.476664
1.486406
1.481228
1.486672
1.482701
1.471991
1.483027
1.486800
1.476379
1.492916
1.495943
1.479954
1.473878
1.489819
1.478744
1.492166
1.489410
1.506014
1.493220
1.479009
1.487014
1.496610
1.482856
1.485883
1.475242
1.492416
1.483315
1.485287
1.478914
1.479026
1.475375
1.487078
1.479160
1.483907
1.473579
1.473289
1.482704
1.491934
1.480355
1.486370
1.482113
1.475426
1.492272
1.482763
1.485745
1.492331
1.486404
1.498501
1.470672
1.473237
1.491423
1.504817
1.478940
1.476832
1.480638
1.486761
1.479510
1.485025
1.487979
1.470979
1.494257
1.473847
1.498106
1.487715
1.466504
1.486045
1.484148
1.477165
1.477778
1.482906
1.475874
1.483413
1.491322
1.485291
1.489839
1.476048
1.480330
1.480792
1.490349
1.480854
1.495019
1.495466
1.483394
1.482026
1.471622
1.481517
1.477693
1.491121
1.480388
1.490522
1.484554
1.477689
1.477183
1.482391
1.473406
1.473095
1.485504
1.483455
1.480823
1.473238
1.474782
1.479821
1.470002
1.479498
1.480378
1.486187
1.473276
1.482663
1.476485
1.476734
1.470227
1.474151
1.471482
1.496211
1.477443
1.487231
1.471579
1.482948
1.486486
1.472471
1.479092
1.473642
1.483380
1.478848
1.497344
1.486771
1.489737
1.466706
1.494884
1.483966
1.467600
1.482629
1.483028
1.483889
1.471795
1.479474
1.479608
1.491415
1.475236
1.485193
1.470444
1.494690
1.474156
1.491712
1.496487
1.484195
1.476676
