2.305303
2.302737
2.309157
2.318644
2.311960
2.341856
2.353948
2.354775
2.322200
2.263510
2.302592
2.304692
2.262797
2.287150
2.292841
2.297460
2.297586
2.300961
2.301927
2.301154
2.301805
2.302017
2.302604
2.302432
2.302297
2.302483
2.302326
2.302483
2.302483
2.302534
2.302483
2.302585
2.302483
2.302483
2.302585
2.302428
2.302585
2.302585
2.302483
2.302585
2.302585
2.302483
2.302534
2.302585
2.302534
2.302585
2.302534
2.302585
2.302585
2.302585
2.302534
2.302585
2.302585
2.302585
2.302585
2.302534
2.302585
2.302585
2.302585
2.302585
2.302585
2.302534
2.302585
2.302480
2.302585
2.302585
2.302585
2.302534
2.302585
2.302585
2.302585
2.302585
2.302585
2.302534
2.302585
2.302585
2.302585
2.302534
2.302585
2.302585
2.302585
2.302585
2.302585
2.302534
2.302534
2.302585
2.302585
2.302585
2.302585
2.302534
2.302585
2.302483
2.302585
2.302428
2.302585
2.302585
2.302585
2.302534
2.302585
2.302585
2.302585
2.302534
2.302585
2.302585
2.302585
2.302585
2.302585
2.302585
2.302585
2.302534
2.302585
2.302585
2.302585
2.302585
2.302585
2.302585
2.302534
2.302585
2.302585
2.302483
2.302585
2.302585
2.302585
2.302585
2.302585
2.302585
2.302585
2.302585
2.302585
2.302585
2.302585
2.302534
2.302534
2.302428
2.302585
2.302585
2.302585
2.302585
2.302483
2.302585
2.302483
2.302534
2.302534
2.302585
2.302585
2.302534
2.302534
2.302585
2.302585
2.302585
2.302534
2.302585
2.302534
2.302483
2.302534
2.302534
2.302480
2.302585
2.302585
2.302585
2.302483
2.302585
2.302585
2.302585
2.302534
2.302534
2.302585
2.302534
2.302585
2.302585
2.302585
2.302585
2.302483
2.302534
2.302585
2.302585
2.302585
2.302585
2.302480
2.302585
2.302585
2.302483
2.302585
2.302483
2.302585
2.302585
2.302534
2.302534
2.302585
2.302483
2.302204
2.302483
2.302585
2.302483
2.302534
2.302381
2.302585
2.302534
2.302483
2.302534
2.302585
2.302432
2.302534
2.302534
2.302428
2.302534
2.302432
2.302381
2.302534
2.302381
2.302483
2.302483
2.302483
2.302279
2.302330
2.301922
2.301989
2.301310
2.300136
2.298775
2.296566
2.296511
2.291154
2.296402
2.297693
2.295902
2.297382
2.299728
2.301463
2.302177
2.302177
2.301922
2.301769
2.300749
2.299677
2.294041
2.274520
2.270889
2.299932
2.302534
2.302585
2.302585
2.302585
2.302585
2.302585
2.302585
2.302585
2.302534
2.302585
2.302585
2.302534
2.302585
2.302585
2.302585
2.302585
2.302585
2.302585
2.302585
2.302534
2.302480
2.302585
2.302585
2.302585
2.302585
2.302585
2.302585
2.302585
2.302585
2.302585
2.302585
2.302585
2.302585
2.302585
2.302585
2.302585
2.302585
2.302480
2.302534
2.302585
2.302585
2.302585
2.302534
2.302534
2.302585
2.302585
2.302585
2.302585
2.302585
2.302534
2.302585
2.302585
2.302585
2.302534
2.302585
2.302585
2.302585
2.302585
2.302585
2.302585
2.302585
2.302585
2.302585
2.302534
2.302585
2.302585
2.302585
2.302585
2.302585
2.302585
2.302585
2.302585
2.302585
2.302585
2.302585
2.302534
2.302585
2.302585
2.302483
2.302585
2.302585
2.302534
2.302534
2.302585
2.302585
2.302585
2.302585
2.302585
2.302585
2.302585
2.302585
2.302585
2.302585
2.302534
2.302480
2.302585
2.302585
2.302585
2.302585
2.302585
2.302585
2.302585
2.302585
2.302585
2.302585
2.302585
2.302585
2.302534
2.302534
2.302585
2.302585
2.302534
2.302585
2.302585
2.302534
2.302585
2.302585
2.302585
2.302585
2.302585
2.302585
2.302585
2.302585
2.302585
2.302585
2.302585
2.302585
2.302585
2.302585
2.302585
2.302585
2.302483
2.302585
2.302585
2.302585
2.302585
2.302585
2.302585
2.302585
2.302480
2.302585
2.302585
2.302585
2.302585
2.302585
2.302585
2.302585
2.302585
2.302585
2.302585
2.302585
2.302585
2.302585
2.302585
2.302585
2.302585
2.302534
2.302585
2.302585
2.302480
2.302585
2.302585
2.302585
2.302585
2.302534
2.302534
2.302585
2.302483
2.302585
2.302585
2.302585
2.302585
2.302585
2.302585
2.302585
2.302585
2.302585
2.302534
2.302585
2.302585
2.302534
2.302534
2.302585
2.302585
2.302585
2.302534
2.302585
2.302585
2.302585
2.302585
2.302534
2.302534
2.302585
2.302585
2.302585
2.302585
2.302585
2.302585
2.302585
2.302585
2.302585
2.302585
2.302585
2.302585
2.302585
2.302585
2.302534
2.302585
2.302585
2.302585
2.302585
2.302585
2.302585
2.302585
2.302480
2.302585
2.302585
2.302585
2.302585
2.302585
2.302585
2.302585
2.302585
2.302585
2.302585
2.302585
2.302585
2.302534
2.302585
2.302585
2.302585
2.302585
2.302585
2.302534
2.302585
2.302585
2.302585
2.302585
2.302585
2.302585
2.302585
2.302585
2.302585
2.302585
2.302428
2.302585
2.302585
2.302585
2.302585
2.302534
2.302585
2.302585
2.302534
2.302585
2.302483
2.302585
2.302585
2.302585
2.302585
2.302585
2.302585
