2.299958
2.296279
2.296521
2.292725
2.283975
2.282016
2.295784
2.273712
2.258350
2.240256
2.250658
2.227578
2.201110
2.202619
2.140432
2.137924
2.076592
2.072220
2.027406
1.982406
1.942832
1.971916
1.877186
1.862936
1.817010
1.799829
1.816480
1.744078
1.767913
1.743194
1.769310
1.700496
1.757890
1.713643
1.685463
1.705695
1.672208
1.674381
1.678779
1.673035
1.687500
1.650951
1.626192
1.665038
1.665748
1.634717
1.648482
1.630592
1.615665
1.613672
1.635959
1.663850
1.630844
1.631390
1.651230
1.597686
1.598648
1.622074
1.598688
1.638945
1.653185
1.611221
1.589085
1.590600
1.647273
1.604547
1.609739
1.629279
1.591459
1.607009
1.624195
1.573581
1.580138
1.592270
1.614799
1.562522
1.630211
1.591128
1.597706
1.614317
1.613597
1.578542
1.569296
1.563347
1.607839
1.578138
1.575068
1.595704
1.571698
1.605097
1.592746
1.601240
1.565946
1.607796
1.584381
1.593040
1.564332
1.594948
1.625469
1.569826
1.585452
1.570190
1.569937
1.581554
1.592148
1.557331
1.558606
1.555277
1.570203
1.578574
1.548594
1.562871
1.554891
1.569603
1.581391
1.557747
1.588263
1.574744
1.553226
1.563264
1.576838
1.551438
1.559830
1.563183
1.582503
1.565749
1.557840
1.562355
1.588963
1.564888
1.583194
1.589994
1.576964
1.587754
1.557683
1.556936
1.558729
1.542503
1.559243
1.563082
1.550954
1.558621
1.564828
1.563843
1.550694
1.547541
1.569915
1.559473
1.555883
1.559053
1.578997
1.592322
1.578189
1.569475
1.548623
1.548040
1.563439
1.562853
1.534826
1.539342
1.570766
1.550938
1.564826
1.547128
1.562133
1.531551
1.567812
1.561535
1.571876
1.600939
1.539878
1.576300
1.559674
1.559484
1.549487
1.552720
1.525361
1.543849
1.562490
1.534690
1.561843
1.532708
1.586352
1.538541
1.553578
1.556569
1.550794
1.551705
1.541714
1.565332
1.554578
1.534664
1.575283
1.534647
1.537860
1.558327
1.544050
1.541872
1.548567
1.537798
1.559876
1.560422
1.543450
1.575602
1.548851
1.541297
1.539206
1.541661
1.534036
1.566041
1.549313
1.537924
1.529593
1.548488
1.542656
1.535890
1.574788
1.545675
1.578659
1.541614
1.534672
1.560986
1.553276
1.549798
1.564750
1.528959
1.534464
1.560850
1.543940
1.534099
1.532624
1.542722
1.557648
1.531719
1.534916
1.554727
1.536705
1.531645
1.540945
1.535644
1.545885
1.539787
1.550636
1.541347
1.537990
1.575822
1.523766
1.558012
1.540414
1.545852
1.529910
1.578801
1.528626
1.539256
1.531855
1.530101
1.540390
1.545492
1.542075
1.556170
1.527303
1.557477
1.552943
1.552514
1.541748
1.527123
1.536229
1.532782
1.536275
1.548424
1.552688
1.546694
1.530825
1.514017
1.526988
1.529389
1.536719
1.539565
1.527957
1.553008
1.543375
1.525343
1.554443
1.549294
1.547417
1.545938
1.531509
1.522984
1.569023
1.517854
1.555442
1.544039
1.542416
1.554171
1.544789
1.539109
1.522507
1.520850
1.527922
1.536512
1.533738
1.541851
1.544566
1.542228
1.534459
1.524930
1.546608
1.548410
1.535044
1.539742
1.525876
1.525157
1.556971
1.512234
1.539444
1.527157
1.532453
1.514748
1.567609
1.530642
1.528242
1.517058
1.544244
1.537752
1.535175
1.522747
1.522438
1.529801
1.530486
1.546783
1.526298
1.527481
1.535362
1.541716
1.552928
1.537922
1.543735
1.529900
1.523370
1.503810
1.552031
1.555356
1.543356
1.538335
1.516855
1.540315
1.510426
1.539684
1.506914
1.520742
1.514050
1.554853
1.546246
1.530799
1.521477
1.527504
1.535054
1.530954
1.532968
1.529121
1.510179
1.558252
1.539089
1.533567
1.516835
1.533147
1.496156
1.536820
1.528452
1.544591
1.524299
1.557539
1.532258
1.553956
1.540980
1.538848
1.514421
1.529461
1.524123
1.546264
1.523207
1.511608
1.555579
1.518755
1.515993
1.555284
1.533764
1.541212
1.514707
1.535247
1.522635
1.514777
1.536224
1.517080
1.524447
1.534908
1.535587
1.514738
1.522946
1.543569
1.524192
1.518719
1.525115
1.537111
1.522075
1.548397
1.533769
1.528427
1.534065
1.527981
1.505050
1.516488
1.530135
1.521133
1.531641
1.531244
1.517237
1.551218
1.509668
1.517778
1.520831
1.532411
1.527420
1.526248
1.511297
1.529005
1.517652
1.534708
1.520930
1.523837
1.522032
1.525322
1.532815
1.508659
1.522487
1.525183
1.533238
1.518376
1.542289
1.539889
1.522043
1.527115
1.541178
1.517353
1.519238
1.500076
1.525145
1.520162
1.529568
1.527544
1.518354
1.526618
1.540237
1.540314
1.533956
1.505449
1.512980
1.524803
1.539029
1.508575
1.529711
1.509789
1.513390
1.547845
1.531281
1.499994
1.522565
1.520711
1.521287
1.537117
1.531791
1.524252
1.529543
1.519090
1.510549
1.507037
1.517215
1.537512
1.517479
1.536717
1.524299
1.531518
1.517971
1.517146
1.532578
1.532601
1.507598
1.538578
1.499198
1.512324
1.539940
1.518256
1.512469
1.515117
1.519375
1.505421
1.513919
1.515229
1.521910
1.503285
