2.310707
2.309400
2.310421
2.306760
2.306270
2.305902
2.302681
2.301614
2.307080
2.313018
2.307284
2.313848
2.309180
2.295073
2.275668
2.278416
2.262189
2.238947
2.231515
2.204728
2.204912
2.196892
2.175552
2.169323
2.148745
2.144328
2.124914
2.105104
2.074240
2.068405
2.050821
2.008072
1.989317
1.973518
1.944385
1.830242
1.888157
1.884697
1.949634
1.961310
1.962539
1.898194
1.785185
1.714005
1.693125
1.686932
1.733693
1.721376
1.719626
1.705760
1.724958
1.711675
1.734015
1.745149
1.756867
1.765027
1.773745
1.738790
1.727589
1.731566
1.743973
1.719865
1.694944
1.676636
1.643034
1.626911
1.599908
1.624972
1.602310
1.644049
1.617209
1.598126
1.634772
1.657309
1.606094
1.583383
1.607748
1.618743
1.653368
1.678241
1.626887
1.628115
1.634257
1.633001
1.621908
1.633959
1.634313
1.651389
1.650762
1.622399
1.593149
1.620916
1.617685
1.615283
1.579074
1.603415
1.593327
1.614900
1.617585
1.643896
1.647503
1.636031
1.671409
1.639525
1.664492
1.645568
1.641544
1.649555
1.654015
1.646060
1.606981
1.612857
1.611467
1.615475
1.592370
1.601990
1.605556
1.629536
1.635754
1.675265
1.629910
1.639909
1.672323
1.641969
1.627163
1.608061
1.607408
1.639848
1.624008
1.625054
1.594662
1.592938
1.580438
1.582531
1.603841
1.612885
1.600949
1.586823
1.587373
1.614168
1.611343
1.630945
1.627580
1.637658
1.648241
1.615632
1.650200
1.630004
1.623044
1.630264
1.603148
1.580415
1.604548
1.632541
1.590130
1.588713
1.593584
1.602420
1.580319
1.558196
1.580301
1.599943
1.584697
1.570583
1.574037
1.582730
1.600623
1.619039
1.584120
1.572936
1.575153
1.598495
1.595643
1.572841
1.587104
1.570444
1.599435
1.608096
1.602714
1.585903
1.607212
1.561436
1.561092
1.576538
1.556830
1.578435
1.549268
1.576361
1.556356
1.609845
1.581746
1.586570
1.597985
1.586846
1.621440
1.651848
1.612602
1.624663
1.631765
1.635317
1.567713
1.578141
1.551558
1.564495
1.547104
1.560302
1.540062
1.547818
1.535105
1.586417
1.581775
1.609841
1.627976
1.629368
1.610999
1.621867
1.637451
1.634773
1.670482
1.678700
1.677991
1.658023
1.686324
1.672823
1.712221
1.685803
1.661503
1.688140
1.644706
1.634396
1.644958
1.639967
1.659686
1.656524
1.638038
1.642390
1.645335
1.630735
1.647492
1.673592
1.663092
1.655940
1.640929
1.701958
1.658908
1.669912
1.655610
1.626321
1.655185
1.652228
1.654604
1.629391
1.633342
1.648960
1.643624
1.655157
1.632637
1.638186
1.635791
1.651797
1.647571
1.657637
1.635265
1.650059
1.665406
1.638563
1.606817
1.652757
1.636324
1.638245
1.619927
1.661912
1.617182
1.645760
1.704286
1.708933
1.672700
1.683329
1.697307
1.631423
1.631374
1.625195
1.634587
1.649530
1.620754
1.634769
1.624968
1.609500
1.611498
1.608585
1.618997
1.625038
1.656073
1.617220
1.632694
1.601457
1.608570
1.595590
1.613539
1.599066
1.622345
1.649949
1.646698
1.613392
1.676716
1.666875
1.679424
1.680739
1.657131
1.674733
1.635304
1.619588
1.606119
1.619670
1.589045
1.596935
1.612390
1.600296
1.593150
1.608573
1.603064
1.588568
1.588704
1.634228
1.600841
1.643315
1.597027
1.599485
1.644072
1.591957
1.577652
1.615350
1.594184
1.584231
1.596860
1.620196
1.598482
1.622559
1.604093
1.636477
1.644095
1.616395
1.626267
1.615973
1.575678
1.577886
1.559572
1.579585
1.560865
1.587078
1.590095
1.543257
1.533566
1.527289
1.502974
1.505825
1.509007
1.509271
1.496728
1.510033
1.511696
1.554731
1.528569
1.542313
1.512779
1.527718
1.521766
1.550629
1.554631
1.539461
1.548205
1.513708
1.536136
1.524787
1.518521
1.514581
1.538324
1.500971
1.517445
1.548861
1.519585
1.541202
1.494850
1.512150
1.512196
1.492627
1.512440
1.480473
1.495534
1.501339
1.509824
1.507594
1.511032
1.494025
1.479887
1.498234
1.509407
1.496652
1.520230
1.511482
1.525711
1.514259
1.516948
1.546320
1.531091
1.536632
1.523031
1.516358
1.537588
1.527598
1.510481
1.516192
1.492425
1.494913
1.496150
1.498120
1.499087
1.487724
1.494833
1.501436
1.488051
1.485478
1.520029
1.506349
1.494483
1.495025
1.499011
1.486911
1.513528
1.484118
1.518161
1.486941
1.489079
1.504934
1.492224
1.517612
1.519538
1.500588
1.519326
1.494888
1.503590
1.492419
1.496539
1.492222
1.505280
1.493780
1.478462
1.510651
1.507848
1.485803
1.510471
1.494972
1.479451
1.515393
1.484196
1.496944
1.488652
1.503852
1.491278
1.499364
1.525636
1.483958
1.520499
1.517733
1.489644
1.493331
1.502433
1.493656
1.494196
1.503780
1.486448
1.514014
1.509143
1.489396
1.495864
1.499020
1.507976
1.482274
1.488132
1.484083
1.505206
1.486313
1.507445
1.498200
1.498287
1.494974
1.484177
1.494339
1.484677
1.510341
1.488768
1.516374
1.480376
1.526458
1.494286
1.510905
1.484575
1.500993
1.482813
1.477471
