2.302106
2.294466
2.294047
2.294437
2.271518
2.282401
2.246397
2.258186
2.195313
2.220550
2.137319
2.152864
2.122844
2.046087
1.972901
1.923840
1.858015
1.859211
1.833078
1.801037
1.772248
1.768954
1.722042
1.720806
1.740686
1.753699
1.659550
1.687314
1.689233
1.731142
1.718928
1.658961
1.630044
1.671691
1.691378
1.660302
1.695403
1.585008
1.664426
1.647345
1.627708
1.653508
1.619045
1.636750
1.631381
1.611842
1.655938
1.606941
1.638707
1.661402
1.634545
1.656169
1.615803
1.584368
1.626081
1.611120
1.617303
1.634421
1.641923
1.579818
1.674043
1.614722
1.616432
1.614521
1.632886
1.608406
1.618261
1.624188
1.657905
1.604477
1.588990
1.609604
1.616764
1.605505
1.616949
1.651343
1.640732
1.657382
1.613223
1.565421
1.585016
1.587063
1.604704
1.593337
1.591168
1.588373
1.681844
1.588119
1.628414
1.594056
1.596602
1.565107
1.610437
1.597197
1.575921
1.542268
1.642102
1.602625
1.594778
1.593893
1.607759
1.607437
1.594390
1.635646
1.660575
1.592645
1.555209
1.601254
1.555506
1.569632
1.596851
1.609864
1.623824
1.611362
1.581956
1.575607
1.567330
1.569308
1.574991
1.586348
1.599515
1.630533
1.557606
1.614797
1.584248
1.617638
1.615411
1.594005
1.559180
1.592051
1.620711
1.622023
1.644348
1.565747
1.578011
1.563935
1.597658
1.616090
1.587597
1.590799
1.560206
1.583234
1.619512
1.582348
1.587854
1.558244
1.537638
1.583953
1.560841
1.571704
1.576628
1.578423
1.566398
1.547996
1.637666
1.564255
1.595893
1.619726
1.589567
1.597264
1.561036
1.563754
1.576818
1.584786
1.609254
1.592385
1.584983
1.607434
1.554125
1.563094
1.536035
1.593193
1.605971
1.549845
1.552840
1.601895
1.562929
1.566235
1.621557
1.558725
1.618161
1.548385
1.588714
1.597631
1.631146
1.546705
1.620176
1.556394
1.604878
1.534103
1.579602
1.574408
1.645906
1.564738
1.596025
1.569313
1.581835
1.548108
1.578585
1.549231
1.604635
1.561343
1.557689
1.584052
1.576530
1.570190
1.636836
1.557442
1.586832
1.566984
1.524228
1.563770
1.562285
1.588969
1.557304
1.629578
1.564940
1.550501
1.545488
1.634550
1.561111
1.559563
1.558645
1.579777
1.596232
1.578817
1.566549
1.590961
1.578956
1.603107
1.527649
1.605073
1.590548
1.573930
1.578227
1.586956
1.603008
1.561450
1.561658
1.556835
1.586151
1.563538
1.524568
1.554689
1.564985
1.537406
1.562945
1.551745
1.634261
1.623389
1.556538
1.560737
1.605013
1.550787
1.556095
1.590856
1.600030
1.580268
1.596197
1.574183
1.540990
1.567016
1.581864
1.554224
1.536718
1.596231
1.578973
1.568231
1.529399
1.567980
1.566157
1.607939
1.588959
1.590645
1.559028
1.607117
1.557810
1.570611
1.565336
1.574080
1.570188
1.532259
1.595501
1.569090
1.565094
1.596245
1.578143
1.533442
1.588415
1.533646
1.600430
1.580772
1.582303
1.558194
1.545839
1.571818
1.584557
1.570730
1.557390
1.593597
1.573845
1.577189
1.567580
1.554857
1.542956
1.585555
1.548245
1.593885
1.565794
1.556906
1.521113
1.534141
1.560505
1.576818
1.565953
1.559737
1.545074
1.579296
1.601003
1.602795
1.588351
1.560432
1.549053
1.572943
1.536483
1.537120
1.546760
1.552454
1.602013
1.610837
1.574538
1.640121
1.593777
1.567935
1.596849
1.545198
1.562846
1.561225
1.562264
1.584844
1.561466
1.636726
1.572437
1.546718
1.545244
1.574543
1.573884
1.598050
1.588510
1.531099
1.539237
1.572150
1.531756
1.568795
1.604587
1.575543
1.580477
1.554141
1.532730
1.601727
1.581492
1.529742
1.611736
1.550776
1.562941
1.575199
1.568165
1.606667
1.551570
1.552628
1.568854
1.592192
1.587051
1.569614
1.552524
1.540099
1.553597
1.602620
1.578500
1.543628
1.545639
1.562948
1.580717
1.533419
1.556964
1.519328
1.553893
1.593388
1.554547
1.622264
1.567326
1.546733
1.561466
1.548790
1.552465
1.595632
1.565153
1.592193
1.593630
1.612558
1.561956
1.527810
1.575861
1.615535
1.555326
1.550132
1.592209
1.534777
1.605318
1.571435
1.549975
1.558905
1.549369
1.613578
1.559702
1.582430
1.537477
1.602855
1.532526
1.547112
1.572983
1.594064
1.588649
1.558501
1.571793
1.562880
1.584588
1.546737
1.563388
1.561962
1.554706
1.572935
1.568708
1.574791
1.558576
1.552665
1.605729
1.546245
1.583100
1.556658
1.589293
1.572583
1.579902
1.606780
1.520901
1.568869
1.561680
1.553277
1.568302
1.579709
1.552425
1.594175
1.541859
1.600632
1.570809
1.528197
1.590291
1.542934
1.536201
1.588168
1.599255
1.520843
1.613547
1.574691
1.580737
1.550264
1.591984
1.574098
1.543249
1.553948
1.554988
1.541328
1.615970
1.577196
1.563591
1.596880
1.602988
1.580183
1.545253
1.523330
1.547545
1.575639
1.568403
1.571295
1.586890
1.566442
1.583830
1.583661
1.554562
1.581396
1.567921
1.546574
1.567849
1.577709
1.568411
1.562629
1.570761
1.549657
1.581144
1.565966
