2.292969
2.285154
2.294951
2.335031
2.440379
2.249776
2.235363
2.212044
2.223933
2.229976
2.234960
2.236066
2.237119
2.237069
2.237232
2.237287
2.237287
2.237287
2.237287
2.237287
2.237287
2.237287
2.237287
2.237287
2.237287
2.237287
2.237287
2.237287
2.237287
2.237287
2.237287
2.237287
2.237287
2.237287
2.237287
2.237287
2.237287
2.237287
2.237287
2.237287
2.237287
2.237287
2.237287
2.237287
2.237287
2.237287
2.237287
2.237287
2.237287
2.237287
2.237287
2.237287
2.237287
2.237287
2.237287
2.237287
2.237287
2.237287
2.237287
2.237287
2.237287
2.237287
2.237287
2.237287
2.237287
2.237287
2.237287
2.237287
2.237287
2.237287
2.237287
2.237287
2.237287
2.237287
2.237287
2.237287
2.237287
2.237287
2.237287
2.237287
2.237287
2.237287
2.237287
2.237287
2.237287
2.237287
2.237287
2.237287
2.237287
2.237287
2.237287
2.237287
2.237287
2.237287
2.237287
2.237287
2.237287
2.237287
2.237287
2.237287
2.237287
2.237287
2.237287
2.237287
2.237287
2.237287
2.237287
2.237287
2.237287
2.237287
2.237287
2.237287
2.237287
2.237287
2.237287
2.237287
2.237287
2.237287
2.237287
2.237287
2.237287
2.237287
2.237287
2.237287
2.237287
2.237287
2.237287
2.237287
2.237287
2.237287
2.237287
2.237287
2.237287
2.237287
2.237287
2.237287
2.237287
2.237287
2.237287
2.237287
2.237287
2.237287
2.237287
2.237287
2.237287
2.237287
2.237287
2.237287
2.237287
2.237287
2.237287
2.237287
2.237287
2.237287
2.237287
2.237287
2.237287
2.237287
2.237287
2.237287
2.237287
2.237287
2.237287
2.237287
2.237287
2.237287
2.237287
2.237287
2.237287
2.237287
2.237287
2.237287
2.237287
2.237287
2.237287
2.237287
2.237287
2.237287
2.237287
2.237287
2.237287
2.237287
2.237287
2.237287
2.237287
2.237287
2.237287
2.237287
2.237287
2.237287
2.237287
2.237287
2.237287
2.237287
2.237287
2.237287
2.237287
2.237287
2.237287
2.237287
2.237287
2.237287
2.237287
2.237287
2.237287
2.237287
2.237287
2.237287
2.237287
2.237287
2.237287
2.237287
2.237287
2.237287
2.237287
2.237287
2.237287
2.237287
2.237287
2.237287
2.237287
2.237287
2.237287
2.237287
2.237287
2.237287
2.237287
2.237287
2.237287
2.237287
2.237287
2.237287
2.237287
2.237287
2.237287
2.237287
2.237287
2.237287
2.237287
2.237287
2.237287
2.237287
2.237287
2.237287
2.237287
2.237287
2.237287
2.237287
2.237287
2.237287
2.237287
2.237287
2.237287
2.237287
2.237287
2.237287
2.237287
2.237287
2.237287
2.237287
2.237287
2.237287
2.237287
2.237287
2.237287
2.237287
2.237287
2.237287
2.237287
2.237287
2.237287
2.237287
2.237287
2.237287
2.237287
2.237287
2.237287
2.237287
2.237287
2.237287
2.237287
2.237287
2.237287
2.237287
2.237287
2.237287
2.237287
2.237287
2.237287
2.237287
2.237287
2.237287
2.237287
2.237287
2.237287
2.237287
2.237287
2.237287
2.237287
2.237287
2.237287
2.237287
2.237287
2.237287
2.237287
2.237287
2.237287
2.237287
2.237287
2.237287
2.237287
2.237287
2.237287
2.237287
2.237287
2.237287
2.237287
2.237287
2.237287
2.237287
2.237287
2.237287
2.237287
2.237287
2.237287
2.237287
2.237287
2.237287
2.237287
2.237287
2.237287
2.237287
2.237287
2.237287
2.237287
2.237287
2.237287
2.237287
2.237287
2.237287
2.237287
2.237287
2.237287
2.237287
2.237287
2.237287
2.237287
2.237287
2.237287
2.237287
2.237287
2.237287
2.237287
2.237287
2.237287
2.237287
2.237287
2.237287
2.237287
2.237287
2.237287
2.237287
2.237287
2.237287
2.237287
2.237287
2.237287
2.237287
2.237287
2.237287
2.237287
2.237287
2.237287
2.237287
2.237287
2.237287
2.237287
2.237287
2.237287
2.237287
2.237287
2.237287
2.237287
2.237287
2.237287
2.237287
2.237287
2.237287
2.237287
2.237287
2.237287
2.237287
2.237287
2.237287
2.237287
2.237287
2.237287
2.237287
2.237287
2.237287
2.237287
2.237287
2.237287
2.237287
2.237287
2.237287
2.237287
2.237287
2.237287
2.237287
2.237287
2.237287
2.237287
2.237287
2.237287
2.237287
2.237287
2.237287
2.237287
2.237287
2.237287
2.237287
2.237287
2.237287
2.237287
2.237287
2.237287
2.237287
2.237287
2.237287
2.237287
2.237287
2.237287
2.237287
2.237287
2.237287
2.237287
2.237287
2.237287
2.237287
2.237287
2.237287
2.237287
2.237287
2.237287
2.237287
2.237287
2.237287
2.237287
2.237287
2.237287
2.237287
2.237287
2.237287
2.237287
2.237287
2.237287
2.237287
2.237287
2.237287
2.237287
2.237287
2.237287
2.237287
2.237287
2.237287
2.237287
2.237287
2.237287
2.237287
2.237287
2.237287
2.237287
2.237287
2.237287
2.237287
2.237287
2.237287
2.237287
2.237287
2.237287
2.237287
2.237287
2.237287
2.237287
2.237287
2.237287
2.237287
2.237287
2.237287
2.237287
2.237287
2.237287
2.237287
2.237287
2.237287
2.237287
2.237287
2.237287
2.237287
