2.320127
2.311536
2.304892
2.295864
2.288295
2.304751
2.303768
2.299358
2.290911
2.283550
2.268481
2.248400
2.288516
2.362618
2.379965
2.400012
2.294782
2.317580
2.314982
2.389985
2.510421
2.459719
2.309334
2.158745
2.142863
2.196919
2.101528
2.022925
2.144410
2.179742
2.220769
1.998978
2.016601
2.044162
2.027838
2.116287
2.110260
2.146007
2.059567
1.943687
1.844717
1.856852
1.884652
1.893953
1.978046
1.996090
2.066609
2.041116
2.116980
1.979922
1.857936
1.824235
1.826412
1.756373
1.772466
1.767020
1.760286
1.878827
1.877792
1.856939
2.039642
2.022364
2.063494
1.772665
1.714142
1.795273
1.776167
1.762476
1.706424
1.731423
1.714417
1.752605
1.687914
1.740841
1.752555
1.734442
1.770629
1.773794
1.737144
1.755723
1.764029
1.748227
1.809120
1.835808
1.711131
1.671621
1.651591
1.656245
1.730589
1.661595
1.663654
1.680500
1.659298
1.616077
1.689022
1.674969
1.644281
1.674383
1.647635
1.674996
1.713944
1.662526
1.682323
1.642765
1.649983
1.631643
1.618962
1.593843
1.648586
1.617578
1.583664
1.602356
1.595541
1.573108
1.574347
1.626103
1.587383
1.601638
1.573365
1.563820
1.590290
1.589015
1.577269
1.548724
1.570267
1.593176
1.595108
1.584974
1.580576
1.601340
1.590591
1.570898
1.588690
1.583286
1.580867
1.561488
1.579225
1.589597
1.571449
1.612754
1.554225
1.580070
1.577009
1.595667
1.569904
1.551970
1.558416
1.588111
1.571061
1.575442
1.576730
1.567635
1.589307
1.570659
1.543831
1.559603
1.578156
1.549261
1.551436
1.529415
1.553265
1.564226
1.553125
1.559674
1.558244
1.542194
1.522659
1.552468
1.571026
1.543843
1.540897
1.540675
1.530658
1.571370
1.555539
1.566909
1.542426
1.531416
1.534755
1.532730
1.549500
1.539841
1.541841
1.529336
1.565754
1.535408
1.540393
1.541667
1.534974
1.544374
1.529378
1.557341
1.532435
1.511139
1.572677
1.506507
1.507427
1.536117
1.520881
1.526792
1.535223
1.526662
1.534018
1.558150
1.532984
1.540672
1.535519
1.553884
1.548393
1.538337
1.525655
1.549480
1.543847
1.540171
1.547126
1.525217
1.525503
1.548623
1.528093
1.554156
1.526991
1.527892
1.536649
1.538585
1.520827
1.515521
1.565427
1.511317
1.515998
1.553063
1.536555
1.527789
1.538471
1.531419
1.551629
1.530075
1.532074
1.505064
1.517047
1.521999
1.535948
1.522975
1.506757
1.526909
1.538430
1.518275
1.532502
1.523960
1.545180
1.509075
1.528730
1.505762
1.537776
1.520682
1.530435
1.526950
1.520692
1.526220
1.517866
1.534876
1.512477
1.522144
1.535191
1.518466
1.517101
1.536470
1.511830
1.520162
1.519580
1.528857
1.520596
1.526139
1.524383
1.525039
1.509537
1.521160
1.503752
1.542337
1.505511
1.504572
1.538605
1.512284
1.549025
1.507201
1.510756
1.522852
1.507032
1.528204
1.512808
1.543573
1.528120
1.522088
1.533465
1.527621
1.509207
1.524806
1.523829
1.520089
1.524319
1.529072
1.522049
1.509652
1.528843
1.500205
1.521148
1.509483
1.515089
1.524184
1.508244
1.499469
1.505795
1.505309
1.520674
1.501504
1.521005
1.513440
1.503130
1.502472
1.520176
1.521865
1.522494
1.529486
1.530638
1.523896
1.506474
1.501721
1.512747
1.525350
1.521023
1.502639
1.495169
1.534966
1.513716
1.506434
1.511328
1.505703
1.542646
1.514669
1.515553
1.512391
1.531567
1.510142
1.506651
1.512908
1.514908
1.507180
1.518546
1.507560
1.515785
1.502546
1.516671
1.512137
1.502344
1.518944
1.529034
1.511556
1.531338
1.508381
1.506766
1.510358
1.504075
1.505739
1.517557
1.503851
1.536809
1.519423
1.504454
1.507239
1.504357
1.515701
1.495081
1.498153
1.525706
1.526488
1.503048
1.518610
1.512368
1.517852
1.500000
1.500578
1.503075
1.503825
1.499512
1.524406
1.517056
1.509211
1.510486
1.535129
1.510148
1.511420
1.512340
1.517409
1.511696
1.499813
1.503977
1.509361
1.516411
1.497890
1.500112
1.500168
1.514759
1.509196
1.529280
1.509715
1.496491
1.513247
1.510953
1.529999
1.518534
1.498340
1.508970
1.505091
1.507068
1.503435
1.495925
1.505337
1.494307
1.492203
1.501370
1.524309
1.508297
1.507734
1.513631
1.510395
1.491548
1.497393
1.489100
1.503896
1.486814
1.507154
1.499159
1.518094
1.492974
1.515468
1.521919
1.504978
1.505184
1.512667
1.503663
1.504247
1.514397
1.523149
1.511211
1.503881
1.499112
1.519124
1.506834
1.493808
1.496683
1.490164
1.503178
1.513415
1.508808
1.502933
1.506448
1.496078
1.504993
1.493077
1.506719
1.495605
1.495663
1.515145
1.508646
1.500995
1.501389
1.502588
1.504972
1.492534
1.514656
1.509472
1.499356
1.491333
1.493692
1.490117
1.504598
1.516496
1.500373
1.497751
1.497793
1.502966
1.490737
1.496780
1.501730
1.500586
1.501569
1.511248
1.491584
1.501246
1.506088
1.516788
1.500808
1.502244
1.507258
1.526034
1.490580
1.503501
1.513390
1.490867
1.516227
1.503399
