2.303345
2.303947
2.292656
2.273694
2.276205
2.256893
2.227758
2.204849
2.198788
2.167156
2.148774
2.140452
2.172243
2.184832
2.179746
2.169016
2.075385
2.032114
1.996215
1.950198
1.930881
1.951308
1.903548
1.894788
1.859268
1.842992
1.873812
1.853748
1.892534
1.812370
1.777437
1.773369
1.735292
1.753523
1.759348
1.764443
1.772568
1.768730
1.759827
1.699114
1.707740
1.708840
1.714390
1.695367
1.669630
1.742954
1.675066
1.688158
1.659258
1.682289
1.701562
1.672824
1.638199
1.645818
1.635774
1.686100
1.644625
1.648729
1.667900
1.654020
1.649125
1.656381
1.661569
1.649126
1.629740
1.642264
1.660250
1.605087
1.641421
1.637157
1.650175
1.658415
1.640161
1.640964
1.677225
1.648921
1.635943
1.654498
1.662135
1.630184
1.629606
1.633920
1.631814
1.657498
1.632015
1.633273
1.636166
1.606985
1.618579
1.638154
1.636273
1.613410
1.622039
1.628522
1.611068
1.607508
1.650766
1.600552
1.607868
1.606610
1.614408
1.600734
1.606688
1.591774
1.615030
1.635156
1.606525
1.616714
1.610234
1.606040
1.601040
1.600686
1.600010
1.593737
1.584955
1.597147
1.597454
1.590086
1.604400
1.606315
1.617665
1.638669
1.613719
1.599011
1.610840
1.631890
1.590951
1.579509
1.623065
1.593616
1.597502
1.605330
1.598471
1.606732
1.601171
1.603015
1.615826
1.606004
1.615222
1.586541
1.605532
1.590521
1.583771
1.605901
1.600756
1.614058
1.600611
1.600525
1.614137
1.594598
1.598929
1.601379
1.595089
1.593469
1.592508
1.618119
1.620296
1.613968
1.609138
1.599305
1.593105
1.589872
1.584987
1.597663
1.607775
1.610043
1.587843
1.579307
1.593646
1.596500
1.591332
1.601404
1.598335
1.593370
1.611787
1.580525
1.604398
1.593872
1.595283
1.617614
1.610515
1.605284
1.594994
1.601205
1.604641
1.617570
1.593673
1.594311
1.591528
1.603359
1.581258
1.597275
1.597783
1.600975
1.592674
1.592226
1.577555
1.581728
1.568053
1.594844
1.593632
1.600461
1.599369
1.594976
1.585279
1.599355
1.589472
1.611571
1.623749
1.606745
1.600964
1.585816
1.600711
1.581513
1.589162
1.593053
1.593401
1.603780
1.577663
1.587600
1.602593
1.631480
1.620184
1.607317
1.614300
1.582757
1.580402
1.605219
1.583776
1.580958
1.587822
1.589787
1.595289
1.582784
1.595035
1.584692
1.596006
1.608084
1.585055
1.598924
1.591109
1.586821
1.603721
1.584174
1.596946
1.577800
1.593343
1.595171
1.581994
1.592198
1.590029
1.609143
1.588197
1.594963
1.600458
1.585148
1.573324
1.586288
1.585347
1.585990
1.581502
1.595376
1.591192
1.589775
1.579070
1.607513
1.594351
1.574414
1.569078
1.574734
1.601721
1.589218
1.578586
1.583198
1.603764
1.599694
1.576678
1.588995
1.584197
1.573720
1.597907
1.588888
1.574100
1.566289
1.564649
1.567727
1.585835
1.570303
1.588985
1.580301
1.581729
1.582379
1.570721
1.595112
1.574614
1.586953
1.590406
1.594414
1.577054
1.591915
1.588355
1.565911
1.577470
1.563925
1.600944
1.569263
1.604258
1.573276
1.603334
1.584775
1.592812
1.581779
1.560905
1.569550
1.569057
1.592651
1.578250
1.577985
1.565813
1.567154
1.560833
1.574311
1.578019
1.587271
1.587421
1.572370
1.576233
1.572784
1.592744
1.584013
1.569398
1.573576
1.577006
1.587707
1.578909
1.566361
1.572812
1.575272
1.567819
1.576039
1.565854
1.570710
1.567446
1.565519
1.577101
1.577422
1.571776
1.569193
1.582309
1.571809
1.574081
1.586109
1.574669
1.592426
1.567590
1.565381
1.573552
1.582074
1.566481
1.570274
1.575412
1.567646
1.567075
1.570091
1.570032
1.578197
1.593522
1.586022
1.566918
1.583452
1.584988
1.559860
1.579981
1.564295
1.583220
1.579636
1.570293
1.566400
1.573508
1.574208
1.572832
1.569776
1.571131
1.570744
1.577947
1.592336
1.567038
1.574129
1.563316
1.572845
1.552700
1.556300
1.567300
1.570250
1.565348
1.566942
1.571623
1.580676
1.563526
1.574024
1.563398
1.561133
1.565479
1.574570
1.553424
1.572084
1.569344
1.563246
1.567380
1.560358
1.576990
1.586917
1.594095
1.577313
1.567525
1.565288
1.576074
1.556987
1.562582
1.551469
1.553202
1.554706
1.563727
1.565910
1.584260
1.582933
1.565935
1.577944
1.569046
1.564930
1.563267
1.592814
1.557468
1.549295
1.569675
1.559029
1.546246
1.562193
1.573311
1.558628
1.563744
1.567480
1.562836
1.565155
1.572078
1.557544
1.577728
1.558363
1.561412
1.560915
1.566423
1.586163
1.560280
1.563863
1.557066
1.565629
1.571422
1.548197
1.562571
1.560459
1.580933
1.575381
1.561059
1.564053
1.565432
1.551234
1.572507
1.563667
1.559589
1.558188
1.556785
1.567855
1.558370
1.561071
1.579133
1.562142
1.556774
1.574841
1.563157
1.565958
1.563360
1.540805
1.552554
1.564904
1.566116
1.557084
1.543204
1.558692
1.553076
1.538886
1.553699
1.561620
1.566144
1.538357
1.553095
1.553540
1.550871
1.553652
1.576046
1.558696
