2.305830
2.307388
2.304446
2.304789
2.304065
2.316114
2.306379
2.406338
2.476289
2.508695
2.720019
2.776274
2.851768
2.776520
2.854671
2.845888
2.870741
2.732862
2.766631
2.698094
2.736942
2.696672
2.760132
2.712030
2.781993
2.734032
2.671965
2.750213
2.679669
2.724829
2.670173
2.670332
2.693515
2.690722
2.662972
2.720618
2.768224
2.783479
2.682452
2.692158
2.681475
2.702288
2.659740
2.681056
2.731697
2.755046
2.652746
2.703972
2.687835
2.706544
2.721916
2.656930
2.692887
2.723467
2.707277
2.653772
2.717914
2.712836
2.655167
2.692206
2.652557
2.754156
2.735401
2.644929
2.745252
2.725296
2.746392
2.738117
2.708126
2.754613
2.714483
2.687973
2.744141
2.697637
2.748795
2.715144
2.698846
2.750641
2.749274
2.708058
2.766044
2.681399
2.759967
2.698737
2.760609
2.737309
2.744549
2.627276
2.738159
2.700536
2.653929
2.698612
2.730361
2.678745
2.717882
2.723791
2.692676
2.644772
2.735376
2.652935
2.662932
2.753982
2.659378
2.672399
2.621224
2.655769
2.739882
2.678189
2.629071
2.710065
2.652064
2.675107
2.748652
2.749525
2.659974
2.634589
2.689442
2.713208
2.769747
2.672475
2.671415
2.682852
2.655683
2.725166
2.719209
2.665024
2.681159
2.655573
2.670896
2.684335
2.687969
2.639806
2.695020
2.723921
2.667852
2.666414
2.694048
2.677360
2.672133
2.691996
2.698303
2.695815
2.750638
2.650525
2.727239
2.718039
2.704816
2.730364
2.683300
2.639509
2.675808
2.695059
2.652466
2.629558
2.618612
2.640696
2.654156
2.645034
2.642483
2.675007
2.722185
2.731911
2.714873
2.727148
2.643355
2.730841
2.706829
2.719208
2.651675
2.615040
2.717492
2.740461
2.719031
2.715590
2.707648
2.682348
2.626108
2.716392
2.690939
2.723076
2.685589
2.670035
2.709119
2.628996
2.638194
2.706810
2.721762
2.711962
2.633490
2.650460
2.670130
2.673626
2.681611
2.672521
2.650201
2.571778
2.635806
2.641309
2.668155
2.551656
2.567351
2.636341
2.643322
2.559603
2.669953
2.697740
2.623960
2.658201
2.637323
2.615235
2.629075
2.683272
2.650619
2.599888
2.628268
2.699900
2.604831
2.633433
2.596389
2.645351
2.575065
2.526754
2.500404
2.571153
2.545790
2.584972
2.539660
2.603971
2.550308
2.593372
2.621432
2.518158
2.587545
2.594744
2.569733
2.610051
2.561327
2.557415
2.581583
2.457764
2.519778
2.502339
2.556943
2.428042
2.576170
2.504211
2.482037
2.442944
2.503011
2.536022
2.511343
2.541402
2.534370
2.487302
2.487134
2.526123
2.453803
2.503934
2.532415
2.525117
2.556717
2.487816
2.526364
2.545990
2.488896
2.565427
2.503010
2.499142
2.556597
2.535939
2.563497
2.518351
2.493772
2.566769
2.416989
2.511614
2.488140
2.565186
2.521404
2.495953
2.455968
2.518552
2.508999
2.508222
2.491355
2.506948
2.491355
2.516780
2.504185
2.536946
2.471005
2.542996
2.451370
2.456581
2.516984
2.558118
2.511578
2.480328
2.503241
2.474891
2.508222
2.538528
2.544590
2.555172
2.455212
2.517387
2.535939
2.559880
2.504909
2.497154
2.492261
2.480412
2.505433
2.537197
2.457730
2.505292
2.505444
2.498303
2.544590
2.518132
2.535939
2.473366
2.510487
2.526952
2.550547
2.556681
2.534691
2.501249
2.485456
2.527455
2.488216
2.507710
2.530392
2.474304
2.482336
2.520357
2.493436
2.543242
2.512501
2.502776
2.506807
2.490155
2.513256
2.497993
2.513340
2.520660
2.508931
2.483956
2.551636
2.559564
2.536494
2.458763
2.527397
2.455664
2.593248
2.485493
2.505800
2.521095
2.533337
2.502366
2.477670
2.495528
2.441679
2.546540
2.549518
2.494674
2.522877
2.432070
2.518048
2.477932
2.497348
2.526390
2.491937
2.514729
2.485886
2.512385
2.610875
2.481361
2.533664
2.596394
2.570974
2.566292
2.467996
2.516119
2.468170
2.467718
2.505302
2.529830
2.514651
2.438844
2.534622
2.544616
2.478415
2.503110
2.496698
2.530433
2.530883
2.520230
2.536946
2.549561
2.513922
2.566706
2.521347
2.532079
2.481000
2.527035
2.497012
2.509111
2.513980
2.481503
2.512779
2.455088
2.434041
2.418945
2.549036
2.519307
2.547956
2.549969
2.533013
2.490013
2.543599
2.527900
2.456891
2.449498
2.494611
2.540910
2.536159
2.548878
2.533337
2.518216
2.481167
2.414755
2.499850
2.479489
2.555819
2.542577
2.511065
2.535881
2.527984
2.521908
2.494242
2.520397
2.472935
2.487889
2.481335
2.425775
2.571729
2.515348
2.539724
2.489053
2.513282
2.557278
2.527145
2.528042
2.463999
2.563916
2.486933
2.503262
2.511377
2.462404
2.527874
2.505780
2.520948
2.480186
2.507411
2.515354
2.506860
2.517712
2.503416
2.524267
2.536936
2.506618
2.516549
2.524686
2.456960
2.509502
2.518887
2.589671
2.535099
2.517042
2.495450
2.501384
2.542073
2.550441
2.495198
2.509900
2.478640
2.557950
2.464955
2.509984
2.505495
2.454078
2.535125
2.440259
2.491665
2.508463
2.503565
2.565310
2.518394
2.539429
