0.6172
0.6016
0.6328
0.6484
0.7031
0.7656
0.6406
0.1406
0.1016
0.0938
0.1484
0.0469
0.4453
0.6406
0.6094
0.6484
0.5391
0.6094
0.6641
0.6875
0.7500
0.7266
0.6484
0.6953
0.7344
0.6797
0.7188
0.6562
0.6875
0.6562
0.6719
0.7422
0.6484
0.6250
0.7344
0.7109
0.6953
0.7812
0.7969
0.7109
0.6250
0.7188
0.6484
0.6641
0.7422
0.6719
0.7656
0.6484
0.6953
0.7578
0.5859
0.6719
0.6875
0.7578
0.7109
0.6641
0.6641
0.7188
0.7031
0.7031
0.6797
0.6875
0.6953
0.6016
0.7031
0.7344
0.7266
0.6562
0.6641
0.7734
0.6328
0.6562
0.5938
0.7188
0.7188
0.7031
0.7422
0.7422
0.7422
0.6797
0.7109
0.8047
0.8125
0.7031
0.7109
0.8125
0.7188
0.8438
0.7969
0.7266
0.7656
0.7734
0.7422
0.7578
0.7344
0.7812
0.7812
0.7812
0.6719
0.7578
0.7891
0.8125
0.7891
0.7422
0.7656
0.7734
0.7812
0.7500
0.7812
0.6875
0.7891
0.6875
0.7266
0.7656
0.7344
0.6953
0.7500
0.8047
0.8281
0.8359
0.8047
0.8359
0.8516
0.8359
0.8438
0.8359
0.8047
0.8516
0.7969
0.8438
0.8672
0.8047
0.8516
0.8359
0.7812
0.8281
0.8281
0.7969
0.7734
0.7812
0.8594
0.8125
0.8906
0.8594
0.7734
0.8203
0.8672
0.8516
0.8594
0.7969
0.7734
0.7656
0.8672
0.8047
0.8359
0.8828
0.8750
0.8125
0.9141
0.8125
0.8516
0.8984
0.8516
0.8047
0.8438
0.8828
0.9219
0.8750
0.8516
0.7812
0.8672
0.8438
0.8125
0.7031
0.8047
0.7969
0.6875
0.7188
0.7266
0.8047
0.7812
0.7500
0.8359
0.7812
0.7812
0.7344
0.6641
0.6562
0.7188
0.8438
0.8594
0.8281
0.8203
0.7656
0.7734
0.6797
0.7500
0.7812
0.7969
0.7656
0.7969
0.7891
0.7812
0.8281
0.8438
0.8750
0.8203
0.8516
0.7891
0.7578
0.8438
0.8516
0.8359
0.8516
0.8281
0.8672
0.8359
0.8281
0.8359
0.8594
0.9062
0.8906
0.8906
0.7969
0.6953
0.7266
0.7344
0.8750
0.7969
0.7891
0.8516
0.8906
0.8906
0.8516
0.9062
0.8281
0.8906
0.8281
0.8750
0.8594
0.8281
0.8047
0.8828
0.8203
0.8281
0.8203
0.7266
0.7109
0.8125
0.8203
0.8906
0.8906
0.8828
0.8984
0.8750
0.8984
0.8594
0.8984
0.8359
0.8438
0.8281
0.8125
0.8438
0.8281
0.8672
0.8906
0.8281
0.8828
0.8984
0.8594
0.8125
0.8828
0.8672
0.9062
0.8281
0.9062
0.8516
0.8594
0.9219
0.8203
0.9375
0.8750
0.9062
0.8359
0.8984
0.8594
0.8125
0.8672
0.8750
0.8906
0.8828
0.8750
0.8594
0.8984
0.8359
0.8750
0.8594
0.9219
0.8281
0.8516
0.8828
0.8828
0.8594
0.8125
0.8750
0.8438
0.9141
0.8672
0.9141
0.8906
0.8750
0.8516
0.8828
0.8906
0.8750
0.8750
0.8828
0.8672
0.7969
0.8750
0.8906
0.8359
0.8438
0.8984
0.8438
0.8047
0.8047
0.8516
0.8906
0.9609
0.9375
0.8828
0.8750
0.8516
0.8047
0.8281
0.8359
0.9297
0.8906
0.8672
0.8828
0.9062
0.8672
0.9062
0.8672
0.8203
0.8594
0.7500
0.8906
0.8594
0.8438
0.9297
0.8984
0.9141
0.8984
0.8906
0.8359
0.9297
0.8828
0.8906
0.8906
0.8750
0.8438
0.8984
0.9297
0.9062
0.9062
0.8750
0.8828
0.8750
0.8984
0.8984
0.8750
0.8594
0.9219
0.8984
0.8203
0.8906
0.8594
0.8750
0.8984
0.8906
0.8906
0.8516
0.9062
0.8828
0.8672
0.8828
0.9062
0.8672
0.8594
0.8828
0.8750
0.9141
0.8828
0.8984
0.8828
0.8281
0.8750
0.8672
0.8672
0.8203
0.8750
0.9062
0.8750
0.8594
0.8984
0.9141
0.8750
0.8750
0.8672
0.8125
0.9062
0.8750
0.9062
0.9062
0.8750
0.8125
0.8672
0.8594
0.8516
0.9062
0.8984
0.8750
0.8047
0.8359
0.8750
0.8828
0.8750
0.8828
0.9141
0.8438
0.8516
0.8516
0.8828
0.9141
0.8984
0.8984
0.9062
0.9141
0.8359
0.8906
0.8594
0.8828
0.9141
0.8984
0.8672
0.8828
0.8984
0.8906
0.8906
0.8828
0.8984
0.8672
0.9141
0.9375
0.9219
0.8203
0.8906
0.8906
0.8281
0.8750
0.9297
0.8828
0.9062
0.8047
0.8672
0.8516
0.8906
0.8984
0.8984
0.9219
0.8594
0.8750
0.8672
0.8438
0.8281
0.8750
0.9062
0.8594
0.8750
0.8438
0.9062
0.8750
0.9141
0.8594
0.8516
0.8984
0.8594
0.8828
0.9062
0.9062
0.9297
0.9062
0.8594
0.9141
0.8672
0.8906
0.8516
0.8672
