2.287565
2.295564
2.294497
2.297412
2.286856
2.303235
2.303328
2.305541
2.310091
2.302199
2.288250
2.270852
2.262026
2.273738
2.305238
2.324978
2.305112
2.326140
2.330427
2.320941
2.371787
2.336116
2.321803
2.255959
2.238153
2.262378
2.174404
1.970898
1.819622
1.728549
1.695929
1.671692
1.699598
1.726842
1.839296
1.953519
2.024395
2.019020
1.922119
1.795244
1.752739
1.747104
1.755051
1.722863
1.751637
1.775865
1.755066
1.772353
1.753763
1.746074
1.769346
1.730640
1.710827
1.672887
1.676027
1.707149
1.731896
1.770645
1.751291
1.753344
1.727418
1.713915
1.709386
1.701290
1.669336
1.686964
1.637709
1.637540
1.651650
1.628201
1.647359
1.634124
1.618716
1.617349
1.650133
1.596674
1.626137
1.618812
1.641022
1.700625
1.740045
1.720746
1.742684
1.707913
1.676777
1.683684
1.653885
1.601552
1.573707
1.574092
1.568612
1.587661
1.546858
1.553415
1.564448
1.602486
1.584962
1.591837
1.647367
1.664400
1.660371
1.643751
1.661149
1.679462
1.687796
1.649408
1.689847
1.662117
1.649163
1.674926
1.566268
1.574939
1.601530
1.563527
1.593378
1.617132
1.573724
1.575189
1.581230
1.603836
1.563135
1.563913
1.613136
1.575203
1.564834
1.618449
1.629726
1.590259
1.626418
1.623986
1.606106
1.625304
1.636254
1.570393
1.572723
1.582347
1.603594
1.591905
1.570526
1.573929
1.591778
1.570176
1.595705
1.577537
1.540640
1.543342
1.581679
1.579547
1.592482
1.597752
1.576824
1.601879
1.615708
1.613927
1.592331
1.617319
1.652640
1.572075
1.552461
1.601061
1.571737
1.543600
1.574041
1.525887
1.534823
1.541743
1.556183
1.544062
1.547228
1.552271
1.552834
1.577419
1.550169
1.551025
1.602646
1.592213
1.561941
1.616753
1.607716
1.632517
1.632590
1.604392
1.574261
1.573326
1.590838
1.566470
1.551132
1.578367
1.540075
1.571230
1.611256
1.578682
1.599215
1.558898
1.585090
1.575021
1.616129
1.611199
1.632132
1.582190
1.564429
1.571270
1.575912
1.592732
1.575557
1.539158
1.543031
1.523695
1.535274
1.560548
1.537723
1.524604
1.567115
1.531853
1.565760
1.582929
1.552927
1.538455
1.592316
1.551070
1.577208
1.549109
1.559094
1.577272
1.642047
1.728717
1.741875
1.888063
1.992569
2.099936
2.216842
2.210952
2.251721
2.249694
2.246053
2.257077
2.281830
2.257603
2.297130
2.289387
2.258329
2.120887
2.208042
2.211886
2.046835
2.073084
1.966991
1.915303
2.100029
2.199210
2.259596
2.310438
2.328344
2.330988
2.337301
2.332755
2.265434
2.287265
2.250293
2.243967
2.202972
2.129519
1.941532
1.979118
2.013407
2.104666
2.183423
2.227751
2.259402
2.279682
2.268366
2.265537
2.261491
2.257247
2.298009
2.240517
2.325638
2.280449
2.296236
2.314169
2.306356
2.260746
2.260041
2.276683
2.248341
2.196239
2.216191
2.221480
2.260852
2.219556
2.243857
2.184317
2.109403
1.985260
2.152760
2.126259
2.165670
2.247409
2.269575
2.269318
2.263715
2.224776
2.145884
2.182164
2.227884
2.272045
2.313488
2.267710
2.355104
2.293798
2.317374
2.301564
2.277571
2.297966
2.260243
2.222078
2.246921
2.081128
1.939264
1.831839
1.830761
1.903732
1.857155
1.982607
2.053076
2.121284
2.217309
2.263715
2.284404
2.266664
2.276926
2.294456
2.255770
2.299829
2.253891
2.277821
2.251684
2.214704
2.044951
2.094215
2.156017
2.287593
2.198037
2.267057
2.263575
2.273776
2.307791
2.332443
2.287524
2.257677
2.280976
2.204537
2.248859
2.179923
2.219421
2.174970
2.138823
2.115559
2.189535
2.197684
2.250727
2.277561
2.253073
2.274786
2.324757
2.336275
2.345181
2.358021
2.294832
2.290055
2.257965
2.261683
2.186821
2.236769
2.219650
2.174550
2.238652
2.127452
1.953270
1.910532
2.021324
2.097636
2.145074
2.161836
2.236434
2.269041
2.328818
2.310124
2.342081
2.319734
2.354481
2.330067
2.301827
2.359385
2.314444
2.300546
2.262506
2.292810
2.268004
2.224047
2.270534
2.206424
2.250818
2.179722
2.066529
2.031985
2.120986
2.145406
2.174575
2.134319
2.187821
2.207985
2.192131
2.187766
2.261826
2.283178
2.289414
2.271937
2.249907
2.289398
2.250808
2.301432
2.316701
2.262925
2.284480
2.329177
2.309968
2.228589
2.282063
2.292809
2.307722
2.312788
2.250474
2.240691
2.292439
2.205502
2.221489
2.252249
2.155156
2.114089
2.154995
2.157848
2.159215
2.208499
2.292351
2.264688
2.296410
2.237294
2.303153
2.305047
2.255460
2.311923
2.317434
2.293553
2.259852
2.274411
2.289903
2.263176
2.263762
2.230164
2.229275
2.199663
2.264953
2.249705
2.229386
2.209752
2.250068
2.253759
2.231568
2.251683
2.235688
2.286354
2.230418
2.241822
2.323640
2.323260
2.304447
2.334665
2.304187
2.309440
2.302110
2.284436
2.298265
2.284221
2.306585
2.291702
2.240227
2.240819
2.295459
2.220450
2.237032
2.308547
2.310452
2.265628
2.257154
2.214929
2.146408
2.193410
2.227399
2.192566
