2.302982
2.296899
2.292619
2.296680
2.288786
2.285957
2.287122
2.267810
2.255198
2.251928
2.241324
2.211489
2.236420
2.231129
2.241739
2.184789
2.157688
2.183053
2.095579
2.078021
2.040598
1.995969
1.963488
1.896780
1.883688
1.851792
1.831514
1.828399
1.821429
1.762815
1.743288
1.802666
1.712978
1.742531
1.739795
1.766041
1.717564
1.723761
1.697951
1.692232
1.682962
1.673739
1.691018
1.657291
1.655962
1.683671
1.666497
1.657558
1.661871
1.717273
1.634130
1.642186
1.660384
1.632101
1.645543
1.625949
1.583318
1.637383
1.618125
1.605990
1.593066
1.594288
1.653157
1.599699
1.640345
1.584147
1.615059
1.629239
1.632243
1.603731
1.612372
1.626878
1.600377
1.596953
1.622045
1.612867
1.605668
1.604545
1.588269
1.585091
1.597112
1.599832
1.582228
1.569998
1.557407
1.572496
1.576580
1.592498
1.592928
1.569055
1.608167
1.582627
1.578526
1.607565
1.575533
1.583389
1.591852
1.569469
1.587752
1.575463
1.567725
1.549312
1.577622
1.556402
1.583590
1.555181
1.550744
1.583416
1.564828
1.543851
1.573420
1.551720
1.573183
1.583093
1.567096
1.558657
1.548474
1.557244
1.575098
1.587953
1.533880
1.552515
1.572528
1.566020
1.541184
1.533793
1.566493
1.552813
1.554234
1.561967
1.566484
1.560051
1.540005
1.541380
1.565181
1.565666
1.529608
1.558091
1.555011
1.533136
1.556317
1.554858
1.538680
1.527947
1.539834
1.559448
1.590801
1.535658
1.547305
1.540980
1.516874
1.520108
1.521866
1.554456
1.546163
1.528485
1.570817
1.535414
1.539781
1.534056
1.521120
1.542327
1.524087
1.587683
1.549341
1.547249
1.549660
1.531622
1.539944
1.523587
1.558106
1.537832
1.532792
1.526377
1.527867
1.515669
1.536838
1.542834
1.520852
1.548577
1.549447
1.525184
1.522297
1.535574
1.533821
1.541949
1.516600
1.543418
1.531646
1.548097
1.521724
1.535806
1.518553
1.542850
1.564219
1.497276
1.504673
1.516901
1.506877
1.513547
1.496514
1.522783
1.510508
1.529553
1.518601
1.525211
1.523471
1.526266
1.548164
1.513134
1.509061
1.554329
1.545578
1.506296
1.551506
1.516793
1.514308
1.532931
1.523294
1.550978
1.518629
1.523876
1.535171
1.515159
1.520005
1.519516
1.493790
1.524423
1.517949
1.541018
1.513917
1.508048
1.531364
1.523951
1.523861
1.532781
1.521249
1.521654
1.507360
1.520105
1.500041
1.518453
1.498408
1.522675
1.516096
1.537403
1.521938
1.512067
1.495537
1.513689
1.528705
1.515765
1.508718
1.562797
1.509622
1.499122
1.513933
1.502255
1.501920
1.499891
1.528858
1.498073
1.513827
1.499808
1.519265
1.497019
1.506366
1.496668
1.497312
1.529155
1.504408
1.497586
1.498204
1.509663
1.510163
1.528534
1.536266
1.487182
1.507833
1.519678
1.511164
1.505212
1.514982
1.520048
1.503326
1.516545
1.511511
1.494833
1.510781
1.507843
1.511135
1.497175
1.505112
1.513121
1.527540
1.524485
1.526045
1.514784
1.525043
1.489422
1.492496
1.502584
1.507227
1.544060
1.521193
1.502253
1.512915
1.493857
1.514974
1.492486
1.497335
1.509884
1.517304
1.509829
1.499719
1.504909
1.505845
1.516925
1.504962
1.523599
1.516525
1.509391
1.518477
1.505899
1.494462
1.492719
1.491216
1.497678
1.543031
1.491295
1.505761
1.508976
1.492245
1.506333
1.492760
1.502286
1.513865
1.497074
1.492487
1.503340
1.505081
1.512138
1.503938
1.494297
1.519712
1.517842
1.507380
1.527462
1.496546
1.503380
1.484121
1.479628
1.495157
1.502481
1.507895
1.513430
1.504668
1.507993
1.498772
1.515699
1.489026
1.506000
1.499814
1.485258
1.507161
1.512752
1.487744
1.508652
1.495494
1.496249
1.498070
1.489159
1.508298
1.528429
1.488994
1.508010
1.504225
1.490509
1.496717
1.514278
1.494661
1.499943
1.488086
1.494802
1.498887
1.520537
1.494789
1.503365
1.501019
1.516641
1.545201
1.503993
1.492896
1.525060
1.513599
1.508767
1.486256
1.493955
1.499550
1.484521
1.500200
1.506979
1.495404
1.517146
1.498353
1.482419
1.487259
1.500479
1.480180
1.488513
1.485054
1.505093
1.490148
1.482662
1.501935
1.493167
1.509717
1.500412
1.493762
1.477961
1.498799
1.488353
1.475141
1.512093
1.492610
1.504139
1.485274
1.514022
1.480454
1.497264
1.487774
1.499636
1.496979
1.501291
1.500152
1.501989
1.497022
1.495244
1.486830
1.498363
1.473843
1.506599
1.509418
1.498369
1.506553
1.502999
1.504262
1.510212
1.498440
1.503262
1.520673
1.477694
1.502961
1.501676
1.501723
1.509391
1.499110
1.482682
1.493821
1.491453
1.488028
1.490118
1.509110
1.484051
1.480415
1.492571
1.517305
1.496405
1.488173
1.489109
1.505738
1.488659
1.486873
1.507873
1.485799
1.488158
1.499529
1.493083
1.502906
1.496707
1.485051
1.490434
1.500782
1.500057
1.494298
1.481183
1.502927
1.503034
1.508469
1.495709
1.490841
1.519674
1.492783
1.492245
1.483526
1.484774
1.484812
1.491651
1.515258
1.484108
