2.282240
2.303331
2.295725
2.302748
2.291942
2.291378
2.279844
2.291913
2.272238
2.268081
2.268600
2.258775
2.240265
2.249100
2.241675
2.231800
2.227884
2.219340
2.210477
2.205548
2.206439
2.181052
2.177792
2.160863
2.153100
2.159708
2.131098
2.142287
2.110544
2.091760
2.065450
2.066715
2.036910
2.040770
1.997236
2.010594
1.959579
1.977852
1.947541
1.910416
1.867477
1.856027
1.791803
1.741953
1.743418
1.701861
1.595809
1.559653
1.571180
1.464301
1.396225
1.348536
1.334012
1.290216
1.212494
1.152525
1.060584
1.023295
0.995541
0.936384
0.898642
0.916676
0.929683
0.821365
0.693906
0.653877
0.619157
0.639420
0.546943
0.583076
0.407366
0.471094
0.507094
0.460698
0.501046
0.436317
0.532078
0.563551
0.388288
0.355233
0.447462
0.411838
0.526746
0.419063
0.471584
0.469383
0.417661
0.250581
0.331817
0.343094
0.431501
0.377540
0.355534
0.418011
0.393947
0.360858
0.530634
0.342705
0.406169
0.497283
0.291822
0.404988
0.238139
0.307534
0.358603
0.314565
0.371071
0.319027
0.358173
0.283722
0.324426
0.300200
0.291699
0.218985
0.322233
0.288055
0.240995
0.407256
0.409627
0.363425
0.362250
0.297124
0.246339
0.319755
0.247386
0.298566
0.296240
0.358748
0.315773
0.251946
0.220868
0.311216
0.285981
0.143158
0.336930
0.312870
0.212487
0.262455
0.381980
0.311647
0.291010
0.254189
0.332641
0.320495
0.274019
0.298969
0.286994
0.310935
0.217982
0.356030
0.296325
0.153718
0.218181
0.228409
0.295893
0.206952
0.190170
0.295916
0.240916
0.270906
0.321365
0.216021
0.295433
0.303583
0.232118
0.218971
0.338784
0.291005
0.386648
0.212957
0.247253
0.267789
0.302721
0.324140
0.373850
0.218666
0.271968
0.254451
0.213544
0.222457
0.214352
0.162644
0.151852
0.156953
0.269023
0.284259
0.278906
0.185434
0.202473
0.373011
0.215868
0.380516
0.171221
0.255684
0.203459
0.200334
0.152377
0.239427
0.228538
0.420581
0.276749
0.241051
0.370707
0.151818
0.153003
0.244088
0.304303
0.136982
0.232938
0.253591
0.180806
0.174535
0.179973
0.167979
0.271276
0.322633
0.227876
0.233107
0.185645
0.300214
0.111192
0.158873
0.266248
0.153323
0.172126
0.195720
0.145923
0.101157
0.177881
0.196711
0.182945
0.200890
0.325394
0.268848
0.157575
0.201299
0.192607
0.270687
0.309616
0.190043
0.123562
0.199742
0.183319
0.224874
0.236195
0.211794
0.152424
0.273486
0.206439
0.214555
0.242577
0.211718
0.148388
0.176496
0.253216
0.178373
0.238149
0.204004
0.103217
0.204538
0.148526
0.123870
0.151063
0.179575
0.120139
0.137810
0.155150
0.144440
0.186136
0.244677
0.225756
0.200581
0.196076
0.184610
0.241856
0.234954
0.295190
0.146957
0.123607
0.134900
0.232589
0.155946
0.198533
0.087041
0.135079
0.282259
0.171116
0.146190
0.146301
0.174048
0.164290
0.110748
0.167294
0.162502
0.253999
0.162211
0.140565
0.145814
0.143062
0.179398
0.200547
0.178629
0.179613
0.321286
0.183047
0.128259
0.160216
0.171208
0.102515
0.114793
0.174686
0.137307
0.191452
0.155723
0.137452
0.119407
0.102843
0.280552
0.186517
0.135624
0.207450
0.265041
0.095665
0.144697
0.180208
0.257775
0.152558
0.158350
0.185132
0.261512
0.227541
0.251113
0.156107
0.152138
0.229007
0.153929
0.109746
0.125954
0.131971
0.089982
0.141089
0.134452
0.093179
0.142594
0.099594
0.097927
0.149135
0.112279
0.135117
0.148106
0.142964
0.221897
0.218323
0.149646
0.174153
0.178036
0.139074
0.130655
0.103905
0.290788
0.123564
0.220216
0.081504
0.196589
0.111045
0.141199
0.219148
0.177258
0.183800
0.122490
0.124881
0.129249
0.241999
0.064233
0.144896
0.131534
0.126262
0.156030
0.132902
0.061395
0.080987
0.103259
0.182563
0.081878
0.114607
0.131941
0.177603
0.146295
0.110438
0.131734
0.107593
0.133409
0.098486
0.167028
0.203252
0.084434
0.290634
0.061534
0.258751
0.066070
0.085965
0.152572
0.269658
0.056327
0.129941
0.104325
0.079770
0.190961
0.149449
0.118683
0.181266
0.084036
0.106239
0.083014
0.177273
0.190881
0.133582
0.256815
0.293398
0.248294
0.141490
0.111299
0.187659
0.117064
0.124669
0.066191
0.104099
0.112555
0.127000
0.066738
0.091166
0.162952
0.122107
0.158915
0.168495
0.065945
0.088201
0.093507
0.052590
0.153345
0.106552
0.105014
0.163073
0.094393
0.114513
0.078099
0.153759
0.207862
0.081357
0.153071
0.085801
0.151428
0.158756
0.100527
0.114732
0.030771
0.117876
0.087483
0.102373
0.104946
0.093762
0.101681
0.192690
0.140768
0.164062
0.121571
0.127773
0.123838
0.137912
0.142835
0.107637
0.216029
0.092766
0.136864
0.099670
0.044097
0.103270
0.092386
0.185159
0.111161
0.113718
0.116827
0.120127
0.108872
0.078440
0.034618
0.171614
0.076468
0.083373
0.120757
0.033273
0.125755
0.129738
0.385888
0.080400
0.109234
0.095804
0.094629
0.202945
0.148553
