2.288047
2.291279
2.286061
2.291065
2.288340
2.297669
2.319690
2.310873
2.305510
2.264452
2.203461
2.186807
2.217399
2.196087
2.229862
2.274286
2.284307
2.289032
2.294065
2.297934
2.300768
2.301551
2.302326
2.302534
2.302534
2.302432
2.301529
2.300511
2.300698
2.301198
2.301345
2.299071
2.298834
2.298871
2.295919
2.296704
2.297655
2.296137
2.292012
2.294795
2.293202
2.293685
2.291755
2.292508
2.293919
2.293468
2.292172
2.290211
2.295883
2.291211
2.292639
2.292408
2.291919
2.292252
2.289947
2.292658
2.293379
2.289264
2.289666
2.290977
2.287773
2.292101
2.288937
2.289669
2.290192
2.289929
2.287084
2.287017
2.286808
2.287089
2.287222
2.290834
2.286610
2.286408
2.289039
2.289038
2.286814
2.290331
2.287188
2.289230
2.289575
2.288942
2.287260
2.286810
2.285291
2.286850
2.290245
2.284569
2.287275
2.289197
2.289790
2.288340
2.287910
2.286676
2.288700
2.285340
2.289639
2.292691
2.286681
2.290094
2.287268
2.285366
2.287373
2.287095
2.290455
2.284914
2.286308
2.286678
2.284007
2.288923
2.285435
2.285554
2.287659
2.283922
2.285920
2.291398
2.283354
2.288404
2.285642
2.289362
2.286225
2.283207
2.287760
2.284399
2.289544
2.287492
2.288183
2.286123
2.288352
2.286987
2.287406
2.289234
2.288269
2.286793
2.287234
2.289239
2.287796
2.287499
2.283451
2.289971
2.284638
2.283358
2.285736
2.287724
2.289618
2.288002
2.287392
2.289026
2.286227
2.284491
2.282669
2.290121
2.289803
2.287716
2.287102
2.286482
2.287759
2.289016
2.288510
2.285053
2.286045
2.285007
2.288369
2.284580
2.286335
2.286498
2.288822
2.285495
2.288618
2.285552
2.287004
2.285797
2.289039
2.281239
2.287893
2.284497
2.285802
2.286005
2.287149
2.287110
2.287782
2.287280
2.285992
2.286509
2.288685
2.288728
2.286135
2.287335
2.285489
2.285900
2.289544
2.285437
2.287899
2.287985
2.288173
2.287532
2.287633
2.287220
2.284307
2.287782
2.283591
2.285955
2.285097
2.285910
2.284347
2.285907
2.287440
2.286479
2.287254
2.286570
2.283513
2.285318
2.281842
2.289783
2.288413
2.289879
2.284862
2.288941
2.287325
2.287174
2.285883
2.288999
2.283049
2.284318
2.287258
2.285607
2.285027
2.285282
2.284696
2.283926
2.286710
2.285322
2.287577
2.285347
2.285910
2.287241
2.283780
2.287082
2.287834
2.285440
2.285543
2.283029
2.284158
2.288729
2.286490
2.285887
2.285872
2.290557
2.286093
2.286833
2.284681
2.284229
2.283644
2.287107
2.287596
2.287646
2.287273
2.285186
2.288007
2.282781
2.286126
2.282202
2.285311
2.286113
2.282324
2.280821
2.285820
2.280577
2.283414
2.286688
2.281991
2.283149
2.287905
2.286767
2.282424
2.282266
2.285126
2.284712
2.283144
2.283857
2.285446
2.284165
2.282161
2.279447
2.283780
2.282783
2.278620
2.282116
2.276555
2.275826
2.281810
2.250275
2.227820
2.227663
2.227511
2.226995
2.226719
2.225863
2.227967
2.227851
2.227141
2.225493
2.224175
2.221959
2.224140
2.225124
2.223001
2.221955
2.224042
2.225620
2.230325
2.227267
2.227044
2.224576
2.226556
2.225483
2.225381
2.225243
2.226408
2.223564
2.227240
2.226477
2.223752
2.223142
2.222858
2.226617
2.224189
2.228494
2.221760
2.228637
2.222471
2.227646
2.226021
2.226122
2.224676
2.225062
2.226663
2.221022
2.228883
2.220364
2.223685
2.218686
2.226705
2.223472
2.225019
2.224168
2.223189
2.221430
2.223860
2.223062
2.225914
2.219450
2.224985
2.222904
2.222403
2.222926
2.223560
2.222842
2.221549
2.224351
2.224561
2.222271
2.220900
2.222646
2.218722
2.224441
2.222948
2.224283
2.222024
2.224389
2.222595
2.222709
2.220176
2.221817
2.221534
2.227044
2.224612
2.223082
2.224666
2.227396
2.223693
2.220268
2.222758
2.221614
2.221599
2.224007
2.224550
2.225302
2.223372
2.221679
2.219989
2.224707
2.219553
2.221212
2.218773
2.223065
2.219794
2.221189
2.222250
2.224455
2.219216
2.221645
2.221239
2.218266
2.225096
2.221247
2.223005
2.220256
2.219959
2.224456
2.222711
2.222004
2.222653
2.220818
2.218298
2.221180
2.220785
2.222288
2.220690
2.220917
2.216996
2.219048
2.221348
2.221980
2.220781
2.217923
2.219777
2.219656
2.222327
2.220380
2.217038
2.222283
2.223286
2.221696
2.218205
2.217602
2.216927
2.219089
2.222810
2.219669
2.220466
2.218589
2.224967
2.220445
2.217314
2.220340
2.214740
2.220689
2.221748
2.217677
2.219269
2.220448
2.215960
2.212940
2.212538
2.164273
2.157071
2.159398
2.160950
2.153781
2.158723
2.158957
2.157393
2.153301
2.158942
2.158056
2.161138
2.158118
2.162569
2.156457
2.156611
2.161379
2.159515
2.160644
2.157451
2.158499
2.160726
2.155764
2.157069
2.159734
2.158519
2.160382
2.157319
2.161278
2.159456
2.158804
2.160430
2.161861
2.160051
2.159061
2.158425
2.165844
2.159343
2.153297
2.160186
2.156323
2.160590
2.156285
2.157308
2.161150
