2.317851
2.314334
2.312249
2.306508
2.295564
2.284010
2.271668
2.267684
2.239582
2.223413
2.199208
2.187249
2.189012
2.131819
2.156928
2.102353
2.096507
2.048062
1.931466
1.885471
1.843197
1.720328
1.536367
1.433889
1.350802
1.198042
1.132774
0.948705
0.850927
0.881607
0.865345
0.715471
3.510370
5.399874
3.839697
4.244853
11.444112
11.770052
8.717754
6.024983
3.267599
2.384343
2.453937
2.417837
2.307066
2.250894
2.290119
2.301833
2.238937
2.202404
2.121429
2.117797
2.149462
1.993206
2.175647
2.160079
2.414044
2.658686
2.382243
2.431942
2.802027
2.136126
1.726394
1.550238
1.309051
0.649679
0.353649
0.504990
0.473607
0.437913
0.482656
0.526275
0.343874
0.452732
0.816451
0.770853
0.582048
0.515122
0.302592
0.319594
0.195495
0.363851
0.273326
0.285684
0.321791
0.304664
0.361356
0.218967
0.302923
0.222551
0.219726
0.235253
0.297898
0.448794
0.208197
0.275539
0.224539
0.310565
0.163112
0.295442
0.252041
0.283890
0.273081
0.225417
0.136219
0.228056
0.087642
0.198583
0.300757
0.219974
0.152655
0.151141
0.330339
0.273295
0.391924
0.307630
0.188924
0.151158
0.281967
0.151736
0.256714
0.214112
0.271017
0.098545
0.271164
0.075587
0.139609
0.097787
0.102965
0.284524
0.282171
0.166587
0.172917
0.177234
0.076063
0.186122
0.233529
0.158268
0.079921
0.117147
0.061100
0.169334
0.334907
0.258026
0.092504
0.164106
0.117981
0.162497
0.219941
0.115775
0.159786
0.134506
0.095942
0.165388
0.098210
0.175808
0.154635
0.133841
0.182536
0.099262
0.126193
0.457797
0.239316
0.112135
0.157241
0.208080
0.100683
0.177726
0.276441
0.116369
0.153911
0.271651
0.124164
0.120789
0.380689
0.081759
0.087596
0.192189
0.148821
0.185779
0.051410
0.126901
0.307152
0.181185
0.214451
0.121020
0.251250
0.068253
0.133503
0.126266
0.430939
0.115736
0.149521
0.197497
0.207029
0.258776
0.164777
0.111458
0.080585
0.208465
0.194730
0.054144
0.109192
0.229179
0.157806
0.152719
0.092853
0.159208
0.263649
0.107398
0.136284
0.090483
0.127720
0.172545
0.092305
0.165388
0.121180
0.053894
0.151640
0.189557
0.149499
0.124085
0.077306
0.133731
0.081870
0.086616
0.074666
0.109671
0.058212
0.113503
0.158464
0.044734
0.089814
0.098364
0.212657
0.136987
0.135522
0.193533
0.196354
0.645784
0.229009
0.178644
0.189613
0.229947
0.777887
0.322428
0.627099
0.365351
0.144446
0.381658
0.183459
0.093652
0.185787
0.176424
0.166056
0.124199
0.146861
0.050812
0.159240
0.163029
0.095202
0.145746
0.112634
0.136486
0.101490
0.166307
0.042747
0.154383
0.147708
0.103367
0.211506
0.101429
0.094173
0.179418
0.068519
0.111408
0.073155
0.109003
0.105614
0.087272
0.065600
0.050897
0.055832
0.227274
0.172284
0.066086
0.073553
0.090298
0.118805
0.044268
0.129436
0.078049
0.103352
0.084832
0.076806
0.166623
0.152792
0.086594
0.094143
0.060359
0.087145
0.127785
0.070310
0.197534
0.101190
0.082004
0.078471
0.064426
0.147954
0.096949
0.112674
0.096172
0.060008
0.042008
0.015595
0.091480
0.057190
0.094981
0.106784
0.056769
0.101732
0.097254
0.119644
0.095196
0.074970
0.161961
0.145031
0.200233
0.050129
0.041792
0.076737
0.173046
0.092495
0.118047
0.099773
0.058001
0.046950
0.101215
0.048598
0.067305
0.032017
0.083116
0.117325
0.034555
0.077205
0.020439
0.040705
0.061067
0.026154
0.076763
0.040421
0.044796
0.147238
0.045177
0.096333
0.031655
0.136434
0.116210
0.082929
0.118250
0.080313
0.148650
0.045968
0.069050
0.284273
0.122352
0.027147
0.051095
0.076071
0.095377
0.062730
0.132523
0.069753
0.056946
0.175563
0.133228
0.067218
0.084019
0.103789
0.046337
0.183843
0.068760
0.069592
0.099730
0.033397
0.098864
0.132893
0.060998
0.037753
0.060942
0.076021
0.065722
0.061200
0.014224
0.074147
0.038801
0.053582
0.169626
0.059008
0.092287
0.055733
0.043732
0.087034
0.020248
0.092054
0.053158
0.091695
0.067901
0.053562
0.028736
0.056331
0.044476
0.115781
0.069774
0.131926
0.094595
0.089973
0.049665
0.169428
0.091323
0.214384
0.114895
0.047854
0.117862
0.061891
0.107867
0.151420
0.112617
0.084235
0.144911
0.028724
0.103232
0.119148
0.048276
0.029853
0.143667
0.101521
0.021369
0.020892
0.090530
0.057050
0.082266
0.074034
0.141096
0.099480
0.075695
0.081652
0.159620
0.091504
0.076331
0.210783
0.056584
0.091105
0.069592
0.013991
0.082962
0.184189
0.106674
0.052599
0.033269
0.018892
0.040141
0.066704
0.056214
0.145717
0.205283
0.100091
0.052569
0.020140
0.070393
0.038676
0.045800
0.068686
0.045678
0.039546
0.050494
0.139485
0.047499
0.027779
0.082976
0.043708
0.019249
0.051857
0.091938
0.133784
0.027880
0.058066
0.071264
0.076530
0.189904
0.122399
0.034436
0.074358
0.009300
0.024107
0.025045
0.046859
0.024160
0.087827
0.053654
