2.309151
2.314657
2.323086
2.262415
2.206273
2.162589
2.103817
2.211560
2.241305
2.286013
2.293644
2.289045
2.270387
2.238223
2.222948
2.184636
2.184525
2.184268
2.185430
2.183287
2.153669
2.119150
2.123416
2.120436
2.126925
2.124552
2.127620
2.123386
2.119662
2.121607
2.111428
2.112806
2.114587
2.115181
2.111228
2.109868
2.112635
2.112338
2.113161
2.114038
2.111681
2.112142
2.113844
2.113271
2.112753
2.110799
2.111937
2.110846
2.118372
2.113097
2.120590
2.114225
2.112496
2.113315
2.111507
2.115839
2.110963
2.113358
2.113292
2.113002
2.107436
2.116338
2.114977
2.111836
2.113787
2.108566
2.112193
2.113538
2.113880
2.113346
2.110659
2.113146
2.107710
2.110835
2.111915
2.115208
2.110583
2.108669
2.111206
2.108063
2.112069
2.113091
2.111716
2.110576
2.111407
2.111380
2.112520
2.111767
2.114871
2.111550
2.112140
2.125875
2.424311
2.579123
2.986693
2.961522
2.955869
2.953125
2.956870
2.953308
2.954879
2.953185
2.954104
2.951659
2.952234
2.954247
2.948765
2.948952
2.949164
2.953822
2.951728
2.951252
2.950039
2.948452
2.949552
2.952960
2.949909
2.949385
2.949443
2.949307
2.953336
2.951835
2.950274
2.950204
2.949963
2.952235
2.949850
2.949003
2.947973
2.950785
2.946331
2.950214
2.948997
2.951409
2.951545
2.950640
2.949731
2.953366
2.953506
2.953593
2.952413
2.952567
2.951678
2.954496
2.954862
2.952738
2.952906
2.956818
2.950974
2.955312
2.955770
2.953558
2.955168
2.953547
2.952868
2.954088
2.954031
2.954896
2.949668
2.954879
2.954360
2.954949
2.951766
2.949853
2.953124
2.952100
2.949025
2.955287
2.954740
2.954073
2.955852
2.948469
2.953064
2.952867
2.955715
2.952952
2.949096
2.953838
2.955875
2.955764
2.949571
2.954087
2.952531
2.956483
2.949435
2.951313
2.950886
2.949795
2.952423
2.946912
2.948159
2.949612
2.952763
2.949614
2.952862
2.950732
2.947514
2.946660
2.947670
2.944157
2.947642
2.946772
2.947536
2.946398
2.948427
2.951803
2.948746
2.945118
2.946081
2.946157
2.948270
2.946575
2.945922
2.944406
2.947100
2.946504
2.948220
2.947078
2.947330
2.947992
2.944368
2.946275
2.948446
2.944816
2.944729
2.944698
2.942695
2.940803
2.931797
2.872357
2.864806
2.863655
2.863515
2.861918
2.861243
2.861895
2.861302
2.854171
2.825301
2.778810
2.775000
2.773732
2.774678
2.773839
2.774493
2.775797
2.776161
2.776145
2.775951
2.775569
2.774190
2.774874
2.773532
2.773763
2.773639
2.773408
2.773408
2.773887
2.773887
2.773247
2.773763
2.773858
2.774066
2.773408
2.774214
2.774301
2.776191
2.774975
2.777019
2.775654
2.775019
2.774111
2.774014
2.776187
2.773942
2.773930
2.773408
2.773298
2.774090
2.773627
2.773132
2.773591
2.772571
2.762506
2.689315
2.678593
2.678875
2.679359
2.678845
2.680670
2.677891
2.676908
2.676049
2.677834
2.674586
2.672164
2.655687
2.570226
2.568534
2.568961
2.568747
2.568119
2.568482
2.566943
2.566888
2.567345
2.565669
2.566810
2.565394
2.562586
2.560277
2.556056
2.472339
2.445051
2.443103
2.442134
2.438643
2.437026
2.435957
2.432061
2.431318
2.430805
2.430395
2.430485
2.429882
2.430378
2.430164
2.430057
2.430485
2.431182
2.430310
2.430613
2.430113
2.431075
2.430630
2.435329
2.496458
2.628391
2.656251
2.596977
2.569511
2.568362
2.563748
2.572010
2.576001
2.581856
2.587288
2.590276
2.592605
2.593371
2.596004
2.596201
2.597090
2.597107
2.596646
2.597428
2.597765
2.597552
2.597518
2.597872
2.597197
2.597979
2.597872
2.597321
2.597979
2.597872
2.597659
2.597872
2.597749
2.597765
2.597518
2.597872
2.597979
2.597872
2.597411
2.597872
2.597979
2.597659
2.597979
2.597765
2.597535
2.597535
2.597765
2.597765
2.597979
2.597979
2.597872
2.597872
2.597872
2.597872
2.597979
2.597749
2.597979
2.597979
2.597659
2.597979
2.597979
2.597979
2.597872
2.597411
2.597872
2.597979
2.597979
2.597979
2.597765
2.597872
2.597979
2.597518
2.597765
2.597872
2.597979
2.597979
2.597979
2.597552
2.597749
2.597642
2.597872
2.597979
2.597979
2.597979
2.597872
2.597979
2.597765
2.597979
2.597979
2.597872
2.597765
2.597765
2.597979
2.597642
2.597642
2.597749
2.597872
2.597979
2.597872
2.597765
2.597749
2.597979
2.597979
2.597749
2.597979
2.597642
2.597428
2.597979
2.597411
2.597872
2.597765
2.597872
2.597979
2.597979
2.597979
2.597979
2.597872
2.597765
2.597872
2.597765
2.597749
2.597765
2.597765
2.597765
2.597979
2.597872
2.597872
2.597765
2.597872
2.597518
2.597979
2.597659
2.597749
2.597979
2.597872
2.597765
2.597749
2.597749
2.597979
2.597765
2.597979
2.597749
2.597979
2.597749
2.597979
2.597979
2.597872
2.597979
2.597979
2.597979
2.597659
2.597872
2.597979
2.597979
2.597765
2.597872
2.597749
2.597765
2.597979
2.597872
2.597749
2.597765
2.597979
2.597872
