2.305806
2.307399
2.306515
2.308215
2.310603
2.314218
2.319815
2.326169
2.330855
2.337401
2.341531
2.344104
2.351111
2.356032
2.365937
2.385494
2.392456
2.397579
2.390781
2.366702
2.366807
2.344303
2.314670
2.311098
2.297557
2.286433
2.271539
2.256503
2.254478
2.245679
2.235841
2.216706
2.204221
2.199998
2.190850
2.151243
2.160152
2.132178
2.087879
2.055565
2.046900
2.031535
1.980291
1.969561
1.926476
1.887643
1.850725
1.851066
1.838440
1.892017
1.866530
1.853744
1.810367
1.787272
1.727462
1.826221
1.794683
1.779751
1.773500
1.775343
1.792850
1.771732
1.796971
1.717583
1.749091
1.770452
1.710088
1.769291
1.717690
1.751488
1.730944
1.744610
1.748481
1.734835
1.760403
1.761057
1.728064
1.744439
1.728177
1.726413
1.689117
1.702886
1.698166
1.735463
1.692188
1.695286
1.713329
1.673828
1.710026
1.678393
1.693407
1.687408
1.684842
1.700352
1.708536
1.692790
1.664561
1.701113
1.714658
1.706686
1.680913
1.693293
1.694932
1.672070
1.658084
1.659788
1.683613
1.664380
1.687222
1.682908
1.714821
1.649348
1.731217
1.712519
1.656411
1.684920
1.653572
1.641392
1.679601
1.643521
1.664826
1.680307
1.646437
1.665793
1.659705
1.693319
1.665706
1.640993
1.658589
1.641267
1.667298
1.653737
1.631235
1.665817
1.613651
1.643724
1.660444
1.657780
1.653448
1.624730
1.633138
1.628747
1.646279
1.623906
1.682107
1.659753
1.638472
1.660123
1.617299
1.640799
1.639757
1.664896
1.599317
1.626627
1.601497
1.677335
1.627323
1.660290
1.655110
1.640154
1.621595
1.624301
1.610153
1.640473
1.616535
1.622084
1.610487
1.613421
1.610056
1.608232
1.643370
1.642461
1.629197
1.601345
1.595295
1.644580
1.633903
1.593129
1.627193
1.636200
1.617199
1.599355
1.602165
1.590016
1.598166
1.623270
1.593792
1.596650
1.618588
1.608751
1.601041
1.613578
1.637434
1.634988
1.614097
1.618573
1.605197
1.599299
1.591990
1.554472
1.574858
1.594401
1.619517
1.634797
1.618061
1.622811
1.608896
1.603648
1.570978
1.545442
1.591140
1.585476
1.609016
1.602721
1.602688
1.590066
1.621009
1.580888
1.572425
1.595703
1.550816
1.621285
1.610169
1.579449
1.595282
1.598394
1.612598
1.583825
1.617438
1.599383
1.582944
1.603763
1.595771
1.561736
1.587276
1.585500
1.562842
1.583121
1.577418
1.605643
1.562190
1.573740
1.547063
1.585287
1.600506
1.588508
1.603469
1.587705
1.605248
1.561248
1.556212
1.563287
1.572555
1.568968
1.611622
1.557601
1.578267
1.579989
1.560980
1.583879
1.582472
1.590562
1.591720
1.585043
1.569062
1.586425
1.548842
1.565971
1.608359
1.582853
1.552545
1.551943
1.558231
1.591243
1.588757
1.599633
1.567130
1.625786
1.548650
1.522046
1.578569
1.551949
1.588802
1.540754
1.555500
1.559453
1.532435
1.621218
1.582100
1.575424
1.551961
1.567543
1.588533
1.544259
1.566955
1.566205
1.551434
1.570372
1.576980
1.547896
1.560421
1.562645
1.568952
1.560856
1.564334
1.560253
1.562910
1.569050
1.554372
1.558594
1.558456
1.553392
1.561422
1.583403
1.566944
1.552062
1.582081
1.549115
1.521703
1.559613
1.540124
1.544072
1.552215
1.533197
1.544496
1.554451
1.596284
1.566870
1.595108
1.540506
1.572468
1.548305
1.582465
1.532048
1.566062
1.527192
1.537524
1.568438
1.568082
1.577176
1.557734
1.530307
1.590996
1.547449
1.585204
1.566250
1.551213
1.550297
1.572052
1.553999
1.546412
1.524893
1.540697
1.545033
1.548906
1.551007
1.549618
1.533224
1.558930
1.540444
1.534562
1.548462
1.528707
1.537434
1.560577
1.586772
1.580833
1.527005
1.550387
1.551765
1.547414
1.546848
1.556617
1.567062
1.518705
1.558327
1.534141
1.575926
1.553631
1.558860
1.559018
1.530338
1.543360
1.553050
1.572101
1.573684
1.543084
1.533593
1.510366
1.533592
1.542376
1.548368
1.549865
1.525790
1.525040
1.554707
1.566187
1.547252
1.557837
1.542583
1.579343
1.539558
1.535356
1.528696
1.514014
1.549514
1.540295
1.535189
1.526084
1.539457
1.576740
1.549017
1.542581
1.548308
1.558120
1.571128
1.535983
1.568898
1.526333
1.548218
1.535695
1.523902
1.526894
1.543173
1.542274
1.559050
1.541893
1.531874
1.543553
1.524693
1.521775
1.540550
1.520921
1.547894
1.573599
1.549956
1.540965
1.531867
1.550839
1.547207
1.528633
1.535730
1.545193
1.532355
1.521103
1.571056
1.542469
1.559636
1.535297
1.520614
1.544343
1.533900
1.530026
1.547181
1.542945
1.559631
1.536975
1.530469
1.563328
1.540649
1.528713
1.525336
1.537152
1.548602
1.531988
1.546494
1.545629
1.533764
1.541500
1.559698
1.585971
1.532508
1.541360
1.530972
1.536295
1.514368
1.525530
1.528158
1.573896
1.531557
1.543050
1.525383
1.524600
1.549489
1.526122
1.529363
1.542263
1.532218
1.553556
1.528764
1.520746
1.504125
1.509803
1.579749
1.500050
1.525847
1.531911
1.515561
1.532478
1.531465
