2.304775
2.304274
2.302963
2.302757
2.303700
2.299136
2.294868
2.288347
2.284753
2.274087
2.269355
2.285045
2.302481
2.282497
2.256670
2.247644
2.214602
2.208527
2.176728
2.184926
2.190500
2.139871
2.107580
2.101719
2.144104
2.093258
2.155055
2.118520
2.088131
2.161275
2.134733
2.071231
2.074510
1.963091
2.066720
2.248182
2.222292
2.115434
1.986736
1.822547
1.740419
1.748742
1.721747
1.694017
1.714525
1.699641
1.702566
1.693398
1.697496
1.742178
1.741638
1.678358
1.741290
1.703772
1.680494
1.676285
1.711708
1.765550
1.783225
1.797346
1.835352
1.797392
1.801947
1.741939
1.687506
1.693289
1.694300
1.692302
1.747127
1.707847
1.652351
1.650376
1.704034
1.667874
1.697836
1.731958
1.592432
1.663336
1.635567
1.652843
1.655004
1.699725
1.631883
1.662191
1.643617
1.645279
1.699386
1.633116
1.643444
1.679861
1.618961
1.657553
1.633315
1.641932
1.626146
1.638842
1.611809
1.632128
1.614403
1.614344
1.618107
1.626842
1.646728
1.615336
1.608236
1.628855
1.629599
1.640769
1.649717
1.625923
1.565324
1.609815
1.606448
1.550498
1.631359
1.593312
1.603207
1.572490
1.634551
1.603034
1.581917
1.635806
1.630554
1.628917
1.589846
1.591898
1.639006
1.640710
1.600052
1.620999
1.617301
1.606359
1.582864
1.562891
1.587471
1.596496
1.585564
1.598653
1.598002
1.641607
1.576332
1.572457
1.592568
1.607946
1.586690
1.623881
1.600266
1.578163
1.588269
1.584574
1.597612
1.569067
1.604291
1.603628
1.582557
1.564131
1.589694
1.585917
1.594313
1.576387
1.597694
1.563308
1.582916
1.588288
1.642789
1.590992
1.599716
1.577715
1.581894
1.558310
1.571416
1.561445
1.587417
1.604976
1.572001
1.601859
1.589721
1.570341
1.614665
1.561257
1.556720
1.595268
1.570661
1.571640
1.562763
1.564251
1.596455
1.578271
1.549725
1.561054
1.608487
1.576717
1.581515
1.553514
1.568984
1.572900
1.592495
1.571639
1.553437
1.540864
1.550483
1.585754
1.570427
1.561410
1.552487
1.552660
1.554818
1.543236
1.567849
1.564528
1.552245
1.596699
1.545867
1.593499
1.567439
1.578889
1.570854
1.540063
1.593356
1.596495
1.584400
1.533676
1.601188
1.601752
1.568439
1.564510
1.553691
1.528956
1.563451
1.577278
1.567943
1.544480
1.553396
1.568020
1.571495
1.549357
1.575526
1.563795
1.569199
1.564478
1.568870
1.565290
1.572018
1.584427
1.566791
1.558759
1.543862
1.551619
1.540079
1.573040
1.557223
1.554585
1.525569
1.559265
1.530845
1.523428
1.546800
1.571399
1.560908
1.556672
1.536531
1.532180
1.568728
1.556875
1.534525
1.583124
1.522652
1.559929
1.569873
1.524368
1.555827
1.538079
1.555111
1.540444
1.569551
1.557682
1.533465
1.559596
1.549374
1.551376
1.551672
1.575913
1.551515
1.560464
1.530364
1.545626
1.551030
1.538436
1.545056
1.561907
1.536703
1.551424
1.537333
1.564695
1.534052
1.539033
1.550094
1.537189
1.559884
1.552972
1.560867
1.529261
1.557172
1.645579
1.523183
1.542235
1.545571
1.544166
1.543465
1.550093
1.552489
1.546768
1.558248
1.545635
1.529409
1.554934
1.528596
1.526547
1.512879
1.545539
1.557550
1.534510
1.544688
1.525661
1.527834
1.543534
1.523255
1.534227
1.552796
1.549432
1.547460
1.561547
1.548112
1.521914
1.525311
1.537236
1.554669
1.561174
1.553865
1.539670
1.563793
1.618906
1.555197
1.540653
1.547446
1.535721
1.551077
1.548895
1.524010
1.535748
1.536184
1.510197
1.514887
1.542675
1.528664
1.544814
1.529392
1.504671
1.532818
1.521107
1.545760
1.542129
1.529599
1.509591
1.560599
1.527265
1.525482
1.559448
1.522530
1.520090
1.529887
1.563640
1.515960
1.533940
1.586005
1.560863
1.524561
1.525369
1.528254
1.557850
1.525011
1.531632
1.552030
1.511144
1.546824
1.549480
1.550613
1.519241
1.501249
1.531170
1.535649
1.517659
1.526341
1.528069
1.546496
1.551077
1.562001
1.528274
1.547007
1.517767
1.518020
1.528012
1.533077
1.538238
1.513463
1.510082
1.528772
1.524950
1.509435
1.497460
1.521292
1.507486
1.509645
1.542425
1.522679
1.521560
1.533719
1.576161
1.543560
1.525312
1.511243
1.521741
1.534983
1.529162
1.538161
1.511339
1.521439
1.521724
1.519521
1.514820
1.534465
1.515972
1.544805
1.506444
1.543568
1.532248
1.525269
1.528983
1.522900
1.522902
1.506390
1.534135
1.511187
1.549158
1.501947
1.508242
1.500217
1.550508
1.526662
1.520227
1.508456
1.526042
1.532210
1.540436
1.519614
1.522076
1.501527
1.532169
1.525125
1.553620
1.526736
1.521013
1.528987
1.532731
1.509159
1.552448
1.542882
1.511046
1.521755
1.522222
1.507876
1.528848
1.508176
1.538134
1.522505
1.505206
1.517897
1.509278
1.511029
1.504506
1.523741
1.495465
1.535265
1.536789
1.505380
1.528879
1.526315
1.518546
1.515243
1.503256
1.531571
1.522300
1.497146
1.500896
1.549844
1.501802
1.520491
1.523491
1.500259
1.503580
