2.300667
2.300786
2.306609
2.285353
2.292556
2.281642
2.275288
2.269793
2.258994
2.260408
2.245638
2.244951
2.223122
2.221008
2.208556
2.203380
2.185350
2.183870
2.186338
2.144835
2.141291
2.129072
2.122977
2.082280
2.063792
2.018287
2.022605
1.986102
1.955002
1.904822
1.864457
1.818867
1.860105
1.722430
1.692907
1.695076
1.596201
1.624629
1.470772
1.427616
1.227218
1.101917
1.098083
1.085808
0.908930
0.859940
0.870659
0.752729
0.650394
0.609148
0.723484
0.646894
0.680649
0.562494
0.437460
0.456264
0.333755
0.441847
0.545365
0.450706
0.583614
0.438243
0.446651
0.395202
0.445301
0.453976
0.318547
0.438807
0.427446
0.377683
0.549498
0.462708
0.283338
0.401446
0.496099
0.533966
0.637529
0.395544
0.310766
0.412622
0.424836
0.415119
0.474035
0.368338
0.413330
0.439712
0.312918
0.530402
0.318523
0.283459
0.358328
0.481580
0.471381
0.421154
0.381337
0.314177
0.393376
0.325568
0.320657
0.296983
0.519938
0.291460
0.455433
0.300665
0.359094
0.232571
0.256433
0.451053
0.334196
0.405110
0.337889
0.450696
0.390079
0.309524
0.364224
0.376165
0.483601
0.439989
0.362667
0.303196
0.337480
0.295472
0.286929
0.425628
0.316820
0.232302
0.233090
0.372387
0.265565
0.339522
0.203147
0.276358
0.331012
0.344115
0.422943
0.456486
0.302809
0.291470
0.267116
0.358164
0.352165
0.222236
0.385296
0.296538
0.313690
0.327501
0.350311
0.357556
0.294703
0.281484
0.286225
0.358584
0.501280
0.328555
0.311870
0.343745
0.261731
0.225031
0.257981
0.344726
0.284002
0.373540
0.226752
0.385244
0.324907
0.270642
0.264545
0.392871
0.227016
0.225092
0.382996
0.250262
0.388910
0.261276
0.208120
0.278134
0.227162
0.269834
0.197092
0.355326
0.292732
0.284663
0.287326
0.304607
0.374784
0.376097
0.290373
0.250108
0.282990
0.262699
0.214837
0.356818
0.241662
0.209497
0.368151
0.347346
0.372819
0.338503
0.284235
0.327501
0.244719
0.374962
0.206350
0.283192
0.225401
0.243047
0.362617
0.317407
0.264738
0.227212
0.288802
0.190420
0.263976
0.284952
0.286059
0.221090
0.355642
0.252817
0.191968
0.194559
0.374037
0.403389
0.311497
0.217110
0.192224
0.203012
0.302508
0.475281
0.362575
0.256921
0.382316
0.353125
0.219559
0.188832
0.208360
0.339326
0.222294
0.294623
0.333549
0.233865
0.178420
0.281580
0.254236
0.252732
0.290802
0.202905
0.304897
0.271036
0.288266
0.302928
0.197092
0.314786
0.222158
0.324802
0.313330
0.211178
0.321027
0.347948
0.168454
0.304301
0.237605
0.295903
0.202756
0.221417
0.223842
0.227609
0.275325
0.207266
0.279642
0.441435
0.325734
0.362737
0.177852
0.253376
0.227589
0.223174
0.167480
0.279973
0.221795
0.289955
0.232663
0.300408
0.371696
0.170697
0.176500
0.222127
0.250854
0.128310
0.262918
0.329551
0.246086
0.247667
0.273545
0.228865
0.154027
0.296117
0.243035
0.168423
0.261938
0.178905
0.142869
0.348517
0.172317
0.253334
0.225341
0.265074
0.190067
0.181426
0.248132
0.291337
0.401290
0.298229
0.219810
0.208166
0.127840
0.252250
0.248116
0.175270
0.226121
0.164016
0.320129
0.241216
0.200793
0.280277
0.186418
0.188987
0.147273
0.169413
0.245740
0.172050
0.359219
0.224231
0.310798
0.178544
0.175608
0.240517
0.415936
0.344005
0.172272
0.157179
0.269803
0.108351
0.226696
0.241751
0.117968
0.169543
0.297664
0.283072
0.215706
0.201701
0.209442
0.266392
0.324303
0.395786
0.141121
0.283659
0.160242
0.230329
0.229528
0.219016
0.180594
0.187419
0.189902
0.279301
0.199566
0.213410
0.194607
0.281505
0.226545
0.155155
0.120239
0.163124
0.227803
0.266402
0.291002
0.155936
0.182979
0.260644
0.174293
0.247952
0.172599
0.212085
0.175729
0.178582
0.218986
0.282407
0.119799
0.226840
0.210608
0.244260
0.286175
0.189757
0.197864
0.200503
0.292555
0.332411
0.159082
0.198582
0.293034
0.128064
0.175324
0.204391
0.246352
0.172705
0.277103
0.215076
0.194852
0.198808
0.141729
0.186736
0.217734
0.205781
0.137223
0.190804
0.235967
0.241707
0.184968
0.348558
0.319534
0.148220
0.249023
0.196431
0.200359
0.199452
0.227559
0.236883
0.164452
0.139019
0.217604
0.183921
0.169596
0.273828
0.250779
0.235879
0.192574
0.247282
0.201314
0.229488
0.275516
0.169737
0.270460
0.170503
0.156089
0.136586
0.233728
0.149540
0.248788
0.189713
0.138187
0.176264
0.254672
0.208201
0.093480
0.190394
0.196813
0.114405
0.262074
0.201720
0.107686
0.146776
0.235902
0.115003
0.131854
0.103062
0.138039
0.179683
0.208904
0.194029
0.221599
0.190376
0.212234
0.191555
0.254831
0.168404
0.100644
0.259828
0.391420
0.158165
0.205766
0.138335
0.195715
0.222721
0.331161
0.227417
0.306307
0.320260
0.237288
0.203431
0.179484
0.155001
0.101263
0.117533
0.183323
0.123200
0.133572
0.181199
0.079267
0.135596
0.190666
0.231226
