2.254004
2.251238
2.246795
2.241517
2.213103
2.199595
2.186205
2.164308
2.138108
2.120091
2.104753
2.088418
2.066974
2.043015
2.032522
2.007434
1.982841
1.965716
1.945845
1.928737
1.903084
1.878717
1.856095
1.798271
1.784539
1.745310
1.721543
1.705551
1.663829
1.662958
1.630881
1.620265
1.563640
1.568554
1.551367
1.530338
1.358856
1.206607
1.038817
1.087776
1.153878
0.993487
0.737497
1.373389
0.421730
21.007545
38.533829
32.855888
9.535054
18.653246
127.866386
77.625153
14.870248
3.417850
2.645555
2.542306
2.515691
2.519849
2.623982
2.654698
2.640794
2.775841
2.809291
2.827268
2.812006
2.712724
2.697186
2.676292
2.654716
2.626503
2.645605
2.648355
2.590750
2.593871
2.698658
2.664522
2.708101
2.682745
2.611596
2.635521
2.617154
2.585628
2.575350
2.479116
2.483754
2.513737
2.436896
2.479138
2.370440
2.385322
2.304052
2.296016
2.218772
2.265338
2.251025
2.230382
2.256127
2.201547
2.225554
2.247402
2.077345
1.941423
2.021301
1.850970
1.862667
1.823447
1.865203
1.705820
1.825607
1.720144
1.412215
1.495348
1.388161
1.339366
1.241440
1.250208
1.198152
1.356188
1.836689
1.512987
1.165811
1.055109
1.264503
1.624119
1.163255
0.982588
1.191965
0.703775
1.137774
1.390165
0.961106
0.831452
1.364738
1.333883
0.759424
0.912848
0.997836
1.481640
1.110516
0.516541
2.942525
1.769598
1.526866
1.762509
2.645591
7.768391
7.923186
1.397100
2.148778
5.079047
12.029327
5.599092
6.299501
4.977465
2.826990
4.188469
4.152101
3.764405
9.544569
23.432848
24.649345
26.188282
18.299538
157.684525
344.059509
667.048828
686.962036
92.572868
7.672190
4.140719
3.852253
1.992656
2.268525
1.900662
1.917627
1.932141
1.889668
1.910670
1.899605
1.906424
1.916885
1.959466
1.988847
2.046553
2.078743
2.137780
2.188046
2.224735
2.314120
2.377432
2.399199
2.382717
2.289322
2.230747
2.176590
2.079288
1.992094
1.980681
1.895431
1.881444
1.933937
1.912854
1.957404
1.912916
1.820455
1.760210
1.673949
1.551504
1.631033
1.720762
1.895267
1.913186
1.941216
1.873583
1.956983
1.723665
1.212645
1.350322
1.738227
1.462106
1.745440
1.319562
1.506796
1.544250
1.984650
1.970796
1.522015
0.852663
2.245572
1.519797
2.469763
2.312195
2.305950
21.005447
13.140285
8.563011
44.599365
16.321821
10.778412
9.111793
19.141409
13.129448
22.914049
38.967251
21.719906
359.514648
616.461365
1100.426392
105.982643
1.724241
1.651253
1.746398
2.099539
2.094357
2.315854
2.401310
2.016594
2.360906
3.332912
4.767984
3.156555
2.179990
1.684570
1.443283
1.407120
1.211830
1.751275
1.418612
1.844877
1.995558
1.668471
2.279730
3.276220
4.175259
7.271309
18.479828
3.155902
15.469128
24.506756
27.934797
7.222755
442.934875
282.678223
82.690521
118.208038
300.191559
51.513344
17.328283
18.147287
6.367871
3.396467
12.075095
14.809608
6.748967
35.024178
38.251022
47.875656
47.479881
46.508842
47.257183
45.869503
34.713314
921.775940
1555.716064
3311.436035
2798.540039
1375.534424
257.109192
353.153412
0.727902
0.802356
1.266165
1.609296
1.802255
1.924930
1.984054
2.018697
2.048855
2.076532
2.080734
2.055605
2.056993
2.092071
2.086050
2.099903
2.115680
2.127917
2.128793
2.123481
2.118115
2.113275
2.097445
2.095730
2.082319
2.069349
2.046468
2.073108
2.032297
2.043385
2.050503
2.060236
2.060261
2.038826
2.058036
2.028725
2.057766
1.996385
1.974888
1.990272
1.875062
1.835630
1.652323
1.243521
1.183963
1.670283
1.468420
1.351947
1.401618
1.812563
1.635901
1.494862
1.509507
2.127783
2.143434
2.157981
2.169176
2.176708
2.181558
2.173876
2.172212
2.164284
2.165037
2.143882
2.154795
2.140452
2.140363
2.148766
2.136876
2.136432
2.111170
2.124372
2.129723
2.136222
2.132617
2.130762
2.130911
2.143481
2.126160
2.124583
2.106551
2.083450
2.034307
1.995427
1.974363
1.930660
1.897521
1.863184
1.843014
1.816160
1.792727
1.783522
1.763186
1.752971
1.739002
1.727597
1.721461
1.715916
1.712694
1.709359
1.708071
1.706497
1.707014
1.707723
1.709300
1.710853
1.713563
1.716929
1.721371
1.724021
1.728486
1.730430
1.735599
1.740555
1.741651
1.746680
1.753457
1.755795
1.754579
1.761596
1.761783
1.763827
1.764221
1.760816
1.761050
1.763689
1.761567
1.760843
1.760657
1.759650
1.759314
1.758543
1.757813
1.758292
1.757307
1.754904
1.755800
1.754465
1.755937
1.754030
1.753461
1.754668
1.752033
1.752115
1.752848
1.752348
1.752010
1.751090
1.750732
1.751440
1.752403
1.752120
1.753017
1.751697
1.752451
1.752648
1.754757
1.753457
1.753703
1.754674
1.754527
1.754842
1.754302
1.755942
1.754918
1.753096
1.753270
1.754088
1.752617
1.753599
1.751879
1.752888
1.753339
1.752261
1.752158
1.751023
1.751699
1.753637
1.751995
1.750549
1.752768
1.752333
1.748346
1.748761
1.748059
1.749303
1.750221
1.752716
1.750924
1.749352
1.751860
