2.291372
2.292649
2.302499
2.313616
2.334971
2.356772
2.401178
2.404203
2.300145
2.321727
2.465419
2.457156
2.706762
2.920243
2.990340
3.020002
2.970407
2.845938
2.652072
2.456448
2.302296
2.246881
2.230300
2.336801
2.524515
2.624996
2.625578
2.555241
2.448744
2.274687
2.197867
2.169585
2.143341
2.146777
2.139185
2.227400
2.443630
2.545497
2.459036
2.259702
2.199608
2.068792
2.040766
2.008449
1.989908
1.814532
1.810449
1.792968
1.775653
1.785016
1.775263
1.701079
1.668059
1.625731
1.614279
1.614730
1.628770
1.664599
1.701024
1.731922
1.738813
1.737661
1.702833
1.769498
1.778203
1.866031
1.822775
1.735649
1.675277
1.668202
1.696459
1.749947
1.736443
1.741740
1.748140
1.779045
1.776922
1.769292
1.774823
1.797253
1.720766
1.630273
1.626061
1.630432
1.665124
1.655602
1.656425
1.667173
1.682333
1.688270
1.689050
1.682708
1.657055
1.656921
1.653093
1.662144
1.651224
1.657248
1.657446
1.677341
1.670036
1.649194
1.743317
1.742582
1.736120
1.714028
1.680886
1.679659
1.651787
1.640756
1.618077
1.605749
1.580609
1.596287
1.548084
1.562232
1.533318
1.526693
1.555236
1.526684
1.536966
1.544297
1.558257
1.581250
1.648024
1.630947
1.648348
1.641224
1.651752
1.626793
1.604845
1.570207
1.565792
1.577051
1.601745
1.606342
1.615460
1.619498
1.609413
1.591146
1.586271
1.550608
1.590266
1.545082
1.558769
1.574336
1.562324
1.560813
1.562156
1.538900
1.566748
1.635317
1.648641
1.648953
1.628870
1.643398
1.645790
1.650951
1.654217
1.597450
1.557357
1.544016
1.528354
1.580984
1.562553
1.587914
1.591447
1.565987
1.556749
1.554440
1.538003
1.546238
1.540202
1.596945
1.549547
1.571574
1.595678
1.639060
1.692541
1.679690
1.678288
1.682373
1.666870
1.680449
1.676082
1.691511
1.650222
1.643569
1.629781
1.640331
1.622102
1.592713
1.603951
1.599803
1.580800
1.577405
1.567041
1.576543
1.570596
1.555470
1.572988
1.544539
1.564062
1.562488
1.548435
1.544957
1.570716
1.552928
1.526721
1.541240
1.548488
1.563202
1.575587
1.581221
1.559850
1.555023
1.553530
1.593254
1.544368
1.534938
1.542474
1.544265
1.532987
1.534785
1.535598
1.536497
1.528097
1.530135
1.534916
1.524969
1.536143
1.563091
1.570390
1.542856
1.549949
1.539847
1.564179
1.540096
1.524318
1.545060
1.525287
1.528291
1.532837
1.548386
1.519871
1.540755
1.520105
1.526184
1.536497
1.525078
1.510528
1.526072
1.519108
1.505664
1.540691
1.522744
1.523763
1.518655
1.516019
1.532752
1.538252
1.535298
1.527138
1.522566
1.539465
1.523203
1.523234
1.516026
1.524320
1.523306
1.515839
1.519231
1.517262
1.523740
1.512055
1.520847
1.521499
1.512734
1.517823
1.550368
1.499739
1.522112
1.525207
1.496630
1.515206
1.519316
1.495300
1.514301
1.506647
1.506915
1.526948
1.509206
1.517008
1.503981
1.513860
1.518546
1.538660
1.502989
1.510101
1.496334
1.519582
1.525180
1.515443
1.507926
1.511836
1.526741
1.516466
1.501289
1.507364
1.511902
1.502511
1.515341
1.515089
1.511606
1.507148
1.502670
1.507986
1.502382
1.508766
1.509759
1.496224
1.503158
1.518007
1.507564
1.498692
1.495971
1.504882
1.494937
1.489536
1.512855
1.516827
1.496031
1.507189
1.511748
1.509668
1.500798
1.492814
1.500024
1.494965
1.511453
1.496506
1.508707
1.501324
1.509505
1.487040
1.510657
1.502821
1.492120
1.506349
1.491978
1.500624
1.502381
1.506429
1.496758
1.502549
1.512243
1.504244
1.515011
1.492837
1.496339
1.493892
1.495762
1.485944
1.514276
1.490498
1.500007
1.494197
1.483820
1.513196
1.504228
1.507706
1.506082
1.490740
1.507362
1.509023
1.494755
1.497824
1.491003
1.503152
1.496813
1.512680
1.490551
1.504405
1.484367
1.509531
1.487541
1.488710
1.498123
1.487050
1.500703
1.514001
1.495731
1.496532
1.481556
1.491424
1.511601
1.489739
1.483694
1.498159
1.490954
1.493130
1.495938
1.495056
1.500910
1.492905
1.488884
1.482566
1.488640
1.499295
1.490947
1.488580
1.483900
1.477950
1.499654
1.507250
1.510786
1.479579
1.529697
1.493912
1.483867
1.497825
1.490623
1.505042
1.489490
1.490581
1.497333
1.480474
1.486878
1.501227
1.488494
1.485767
1.488698
1.489872
1.495342
1.479656
1.486725
1.500746
1.477168
1.499199
1.502343
1.486699
1.501035
1.490559
1.487630
1.477804
1.484831
1.494417
1.491413
1.485483
1.476388
1.499061
1.514322
1.503529
1.494631
1.491666
1.486922
1.486773
1.479002
1.498115
1.480090
1.487982
1.489217
1.478911
1.486818
1.476055
1.493114
1.490476
1.476971
1.488732
1.500472
1.498015
1.488060
1.483037
1.502939
1.485773
1.505696
1.490055
1.481936
1.479066
1.484780
1.490740
1.501579
1.487385
1.486944
1.478381
1.487722
1.488982
1.487703
1.479509
1.476330
1.505762
1.498154
1.486102
1.472428
1.478008
1.481807
1.478108
1.490286
1.478745
1.472493
