2.305296
2.303214
2.300709
2.287719
2.288073
2.267441
2.287973
2.267246
2.276444
2.289856
2.289997
2.297482
2.281165
2.288273
2.291448
2.286140
2.291116
2.283026
2.283348
2.285928
2.289095
2.279591
2.284558
2.257548
2.242241
2.242430
2.230517
2.217769
2.234092
2.220597
2.223329
2.226299
2.216389
2.208131
2.224961
2.216482
2.205824
2.200844
2.194105
2.194220
2.205487
2.197486
2.182938
2.185422
2.190262
2.180508
2.188419
2.177433
2.149450
2.133448
2.144075
2.146219
2.131620
2.138235
2.157618
2.144229
2.138287
2.121601
2.121182
2.131802
2.112536
2.126648
2.149935
2.196567
2.118300
2.116305
2.099846
2.102913
2.047591
2.058889
2.040407
2.067734
2.057289
2.043771
2.020060
2.032357
1.983428
1.963719
1.974988
1.987091
1.973060
1.992474
1.962475
1.921609
1.923744
1.894400
1.882631
1.860541
1.870818
1.869074
1.858963
1.860662
1.840849
1.856598
1.845091
1.816234
1.836575
1.802602
1.788665
1.766995
1.804557
1.784841
1.818615
1.777671
1.742370
1.759347
1.741267
1.757184
1.749646
1.770670
1.770851
1.728494
1.756572
1.698186
1.727422
1.712003
1.724784
1.742963
1.753672
1.778740
1.765160
1.786639
1.717340
1.743096
1.741200
1.703522
1.702054
1.691530
1.721591
1.722761
1.724275
1.704527
1.736386
1.736603
1.716155
1.711511
1.711138
1.701668
1.734210
1.675676
1.689612
1.680481
1.722510
1.675834
1.719972
1.714705
1.683819
1.694496
1.690951
1.692731
1.694902
1.689595
1.684046
1.697349
1.722601
1.677056
1.662327
1.663337
1.661752
1.653432
1.688479
1.707436
1.673682
1.664731
1.667701
1.678427
1.665407
1.665708
1.693481
1.663900
1.663058
1.688886
1.681434
1.677704
1.675677
1.653554
1.681214
1.666142
1.660112
1.648854
1.666236
1.668360
1.642043
1.645495
1.674957
1.676463
1.644400
1.650300
1.647158
1.657280
1.645854
1.661507
1.684712
1.661211
1.658661
1.656399
1.639472
1.644207
1.650756
1.666027
1.654612
1.682895
1.675149
1.678072
1.664169
1.699551
1.656675
1.650602
1.641323
1.632797
1.647372
1.633150
1.623933
1.657947
1.656172
1.634010
1.637155
1.634972
1.671019
1.654625
1.647244
1.650061
1.642965
1.629625
1.626542
1.628865
1.638020
1.646088
1.617189
1.628338
1.634662
1.648391
1.622600
1.656316
1.660177
1.664181
1.640244
1.659277
1.649132
1.634974
1.655216
1.641932
1.636299
1.632387
1.640381
1.636417
1.630401
1.637180
1.645467
1.640656
1.629673
1.628435
1.632743
1.623948
1.626827
1.616284
1.628511
1.615906
1.642154
1.621545
1.645472
1.626270
1.609987
1.619387
1.632624
1.596170
1.604203
1.595284
1.612023
1.627818
1.619720
1.621925
1.615365
1.643596
1.621238
1.612375
1.620878
1.648068
1.605292
1.600410
1.620724
1.608562
1.641408
1.611870
1.631698
1.649210
1.634939
1.601118
1.632506
1.633789
1.650663
1.616468
1.617286
1.617947
1.617680
1.603223
1.612229
1.610369
1.614163
1.595376
1.629137
1.623103
1.617408
1.624617
1.626034
1.609189
1.612617
1.635075
1.629172
1.627631
1.604710
1.601983
1.607464
1.636988
1.626116
1.609630
1.621943
1.602945
1.604938
1.618020
1.595290
1.625756
1.607103
1.604005
1.603482
1.619863
1.607499
1.619772
1.611486
1.613149
1.610614
1.599873
1.600844
1.599197
1.615928
1.602716
1.634765
1.624595
1.624658
1.584530
1.589729
1.607845
1.589023
1.608509
1.580630
1.616238
1.633284
1.613272
1.596059
1.610149
1.600175
1.587645
1.613610
1.613748
1.608891
1.620136
1.615606
1.627501
1.613458
1.631987
1.609810
1.611338
1.596849
1.599271
1.607052
1.607821
1.617375
1.633387
1.617849
1.601560
1.612926
1.633489
1.623496
1.637263
1.645891
1.664380
1.621835
1.611863
1.647601
1.637650
1.609486
1.633866
1.649189
1.640927
1.622439
1.618380
1.588000
1.639356
1.629729
1.615083
1.638613
1.640531
1.633726
1.649934
1.649611
1.582810
1.617725
1.628785
1.623891
1.645362
1.635583
1.622303
1.581679
1.577560
1.604161
1.609621
1.613011
1.645271
1.650232
1.662594
1.603366
1.595526
1.574522
1.587693
1.586036
1.614619
1.617257
1.620474
1.629563
1.640795
1.581084
1.595344
1.600516
1.593419
1.596232
1.602553
1.576860
1.629371
1.586748
1.584640
1.584902
1.576677
1.584781
1.572731
1.583878
1.594040
1.605542
1.622829
1.605832
1.575077
1.565691
1.542627
1.572705
1.573728
1.591825
1.590196
1.600702
1.592092
1.598891
1.563298
1.592908
1.605795
1.568411
1.590138
1.611591
1.564848
1.604994
1.587979
1.590258
1.578483
1.572269
1.570061
1.577497
1.582812
1.581680
1.576516
1.573561
1.576489
1.567489
1.561004
1.568265
1.579074
1.585346
1.576589
1.590948
1.590876
1.585665
1.563455
1.578231
1.606024
1.588154
1.585136
1.598770
1.602660
1.602894
1.584030
1.577508
1.566683
1.595605
1.572781
1.591444
1.613393
1.627195
1.602962
1.612005
1.587143
1.598106
1.592301
1.609197
1.600815
