2.306684
2.306504
2.304233
2.300853
2.302190
2.304076
2.270112
2.259350
2.244712
2.242306
2.230501
2.239804
2.217364
2.186371
2.133226
2.121914
2.094286
1.990506
1.956149
1.936362
1.992279
1.992295
1.877720
1.859286
1.838640
1.803511
1.815297
1.799436
1.753652
1.778520
1.834377
1.810211
1.785830
1.822591
1.807839
1.841425
1.900132
1.811317
1.766597
1.772944
1.722421
1.796894
1.734279
1.763997
1.795780
1.772020
1.748142
1.735077
1.750632
1.744141
1.683843
1.703037
1.691302
1.681978
1.710888
1.698420
1.741741
1.761868
1.708736
1.751362
1.759548
1.773390
1.742819
1.737994
1.723823
1.718415
1.737480
1.713114
1.719549
1.673211
1.670878
1.675863
1.680384
1.647450
1.655827
1.704297
1.650126
1.684279
1.659009
1.649413
1.689974
1.707927
1.649785
1.654439
1.670127
1.636429
1.639305
1.664925
1.662981
1.671985
1.680767
1.655479
1.690401
1.659207
1.659972
1.631621
1.673968
1.647292
1.653283
1.657626
1.645505
1.654783
1.653147
1.647394
1.650930
1.655760
1.616032
1.633918
1.632344
1.649370
1.633948
1.648143
1.650837
1.624750
1.666582
1.639155
1.663536
1.646997
1.631654
1.655995
1.630662
1.678002
1.604643
1.646141
1.631614
1.607956
1.620178
1.645353
1.650498
1.659201
1.637899
1.630269
1.629167
1.612941
1.635417
1.621467
1.633131
1.660134
1.644392
1.654935
1.596455
1.629954
1.644237
1.608211
1.631675
1.627355
1.648682
1.628809
1.590309
1.628330
1.624620
1.629982
1.598179
1.622464
1.620982
1.632675
1.626359
1.609111
1.603265
1.600415
1.632622
1.627732
1.628083
1.629313
1.623636
1.604787
1.593690
1.605831
1.620636
1.635029
1.625168
1.604433
1.605679
1.606018
1.627318
1.644630
1.593921
1.593352
1.613940
1.617126
1.617677
1.611178
1.601648
1.592762
1.619437
1.592593
1.634829
1.593755
1.590027
1.590389
1.609990
1.632963
1.609332
1.575310
1.578312
1.594910
1.600813
1.600014
1.600557
1.580924
1.605172
1.579890
1.600734
1.571219
1.641408
1.612593
1.579307
1.607801
1.575972
1.611491
1.597904
1.615066
1.586349
1.584760
1.590790
1.575842
1.598112
1.592184
1.592912
1.579802
1.586617
1.581048
1.571331
1.576509
1.560894
1.565347
1.571127
1.536263
1.566171
1.570575
1.548147
1.566508
1.573093
1.555472
1.534090
1.533257
1.526727
1.558825
1.545378
1.554536
1.546661
1.546329
1.542204
1.525222
1.533210
1.525026
1.536481
1.556342
1.516612
1.536514
1.541639
1.547685
1.541899
1.510437
1.513494
1.536497
1.544798
1.530117
1.529576
1.535644
1.534950
1.527413
1.552208
1.506802
1.531170
1.524720
1.511087
1.531985
1.540255
1.522675
1.530037
1.528137
1.503059
1.530103
1.538018
1.526077
1.511675
1.538981
1.489384
1.516942
1.515512
1.521959
1.544907
1.508314
1.523850
1.521572
1.539723
1.513964
1.509514
1.530175
1.521081
1.512688
1.551182
1.509719
1.519290
1.536050
1.509596
1.509344
1.539709
1.542554
1.503572
1.508747
1.513977
1.526790
1.517327
1.514965
1.502984
1.535281
1.513199
1.514413
1.500502
1.532889
1.502259
1.507709
1.511199
1.496875
1.508659
1.515302
1.521966
1.530642
1.530055
1.513492
1.510932
1.513825
1.522694
1.522830
1.524525
1.497441
1.513959
1.498609
1.507747
1.512069
1.521189
1.509169
1.497176
1.507715
1.545055
1.512722
1.503780
1.513395
1.515527
1.519977
1.506906
1.497888
1.503201
1.524585
1.488845
1.527856
1.514253
1.508142
1.501410
1.501460
1.510650
1.504558
1.504035
1.515886
1.523835
1.511002
1.493472
1.497685
1.505142
1.510603
1.510613
1.509772
1.504742
1.506548
1.499317
1.504875
1.497191
1.505817
1.523449
1.521659
1.531326
1.500753
1.511778
1.515061
1.494991
1.509675
1.501541
1.495335
1.497822
1.500176
1.495502
1.534362
1.520609
1.507237
1.511587
1.500799
1.502126
1.491313
1.502832
1.497237
1.491422
1.507553
1.494092
1.500273
1.524957
1.534111
1.491926
1.533498
1.522368
1.492809
1.510990
1.497421
1.516022
1.494815
1.482586
1.493836
1.500326
1.510955
1.516069
1.504975
1.491640
1.502174
1.496674
1.509228
1.519349
1.507706
1.501703
1.482553
1.513145
1.493564
1.507566
1.497195
1.521556
1.547903
1.496918
1.493521
1.509699
1.487768
1.509143
1.501103
1.487275
1.495507
1.503274
1.512061
1.493608
1.505508
1.494570
1.501418
1.492567
1.504667
1.495104
1.503511
1.495113
1.507932
1.494416
1.498991
1.488130
1.509154
1.510938
1.508244
1.488873
1.499259
1.508246
1.495155
1.495187
1.498851
1.490867
1.510745
1.484140
1.490405
1.510790
1.490581
1.497229
1.497153
1.488016
1.505484
1.496700
1.487995
1.510753
1.483354
1.497433
1.509935
1.506302
1.517865
1.497517
1.490529
1.498773
1.484878
1.504010
1.501672
1.484413
1.509049
1.488698
1.491491
1.489264
1.517589
1.487539
1.503805
1.497115
1.512593
1.491697
1.525639
1.495255
1.490536
1.484343
1.496904
1.482366
1.497998
