2.303524
2.300061
2.301642
2.302864
2.299967
2.286275
2.296183
2.296492
2.294928
2.275491
2.270096
2.259187
2.244984
2.248050
2.241005
2.214017
2.245176
2.197911
2.201164
2.144964
2.141951
2.126155
2.104733
2.083750
2.037724
2.027317
1.995490
1.940045
1.897583
1.883759
1.882506
1.825385
1.857979
1.831124
1.782405
1.775811
1.764225
1.765406
1.708598
1.719642
1.760075
1.701409
1.694442
1.711453
1.659281
1.704986
1.669181
1.696764
1.697083
1.730770
1.655515
1.687489
1.668198
1.681381
1.679320
1.663662
1.664793
1.651008
1.636510
1.670667
1.652063
1.652464
1.641543
1.626880
1.623875
1.649310
1.638429
1.632222
1.635820
1.630173
1.633977
1.636528
1.642267
1.640837
1.627980
1.664346
1.599588
1.600799
1.637067
1.596803
1.594898
1.625177
1.595078
1.628278
1.608727
1.619789
1.637934
1.607129
1.626517
1.633577
1.600885
1.628660
1.658111
1.625319
1.604513
1.616444
1.574358
1.586961
1.619575
1.611420
1.590037
1.582437
1.600037
1.583637
1.601969
1.601592
1.596893
1.569230
1.594404
1.657400
1.594153
1.577660
1.591040
1.609037
1.613539
1.573435
1.598077
1.599023
1.593607
1.574880
1.571107
1.573332
1.589058
1.574265
1.560947
1.584312
1.582062
1.566142
1.586259
1.580608
1.571512
1.618337
1.578987
1.592193
1.543510
1.592140
1.574875
1.625797
1.586121
1.582046
1.609217
1.584857
1.599113
1.583143
1.590133
1.595643
1.573926
1.593799
1.570381
1.562937
1.545722
1.603920
1.579558
1.581172
1.573289
1.567178
1.579554
1.564377
1.566729
1.564965
1.564693
1.576103
1.563443
1.574757
1.571434
1.571436
1.569969
1.553810
1.550690
1.564926
1.561433
1.550512
1.575759
1.556360
1.563724
1.573321
1.549787
1.580902
1.573014
1.575251
1.540291
1.568157
1.556137
1.531145
1.541254
1.549088
1.566763
1.556128
1.567784
1.545036
1.545659
1.565719
1.537841
1.588159
1.522932
1.537095
1.556908
1.556861
1.569269
1.567847
1.532700
1.592493
1.545904
1.546636
1.540568
1.547777
1.524367
1.563796
1.550040
1.560714
1.527210
1.540475
1.528043
1.562655
1.542307
1.563003
1.539988
1.528077
1.549031
1.550714
1.529855
1.557866
1.561228
1.564558
1.594621
1.541747
1.512868
1.537322
1.511891
1.550119
1.573249
1.542791
1.539436
1.527420
1.547357
1.533624
1.565294
1.565462
1.541021
1.557475
1.572758
1.534654
1.523043
1.543749
1.533954
1.537830
1.537912
1.510272
1.525391
1.536064
1.549135
1.529705
1.554166
1.555449
1.508453
1.529295
1.522909
1.527706
1.530964
1.552912
1.541011
1.548377
1.542199
1.549803
1.543697
1.561210
1.542993
1.530787
1.513787
1.537725
1.547588
1.529703
1.550540
1.528448
1.549561
1.526752
1.542432
1.535550
1.553864
1.534344
1.535121
1.513817
1.522461
1.525899
1.538495
1.522446
1.516630
1.524527
1.538101
1.519835
1.541904
1.547574
1.543817
1.531658
1.524916
1.558186
1.520109
1.539699
1.510155
1.532000
1.531335
1.574234
1.529993
1.553357
1.531420
1.521562
1.529667
1.537045
1.543682
1.520450
1.548136
1.515062
1.538983
1.561492
1.512514
1.533867
1.534599
1.553222
1.524975
1.537158
1.519084
1.502033
1.531618
1.527038
1.499434
1.534262
1.527257
1.522910
1.528883
1.492704
1.530381
1.528654
1.520495
1.492848
1.514040
1.544788
1.544088
1.538592
1.534467
1.515905
1.514679
1.588659
1.520507
1.513116
1.537412
1.507916
1.546396
1.583210
1.526705
1.528556
1.518025
1.541524
1.497826
1.539035
1.534146
1.509410
1.512819
1.498978
1.545964
1.518210
1.512061
1.547581
1.526907
1.508585
1.527950
1.527376
1.540898
1.531733
1.515347
1.512733
1.508585
1.511206
1.508741
1.539637
1.551054
1.528888
1.515722
1.531014
1.531288
1.509735
1.505993
1.503748
1.545770
1.531389
1.521370
1.519537
1.527831
1.521744
1.532335
1.516627
1.509934
1.504354
1.508031
1.562770
1.502754
1.516927
1.520951
1.515420
1.510811
1.535233
1.509037
1.511258
1.528811
1.517526
1.518004
1.511058
1.519868
1.508368
1.523885
1.511348
1.543006
1.516875
1.537742
1.508847
1.586286
1.533822
1.528528
1.529219
1.497324
1.559801
1.523745
1.527617
1.515762
1.571787
1.533191
1.502098
1.511877
1.530710
1.517475
1.518986
1.489151
1.523133
1.506940
1.543056
1.531843
1.532448
1.520352
1.546738
1.535907
1.522465
1.538706
1.519868
1.528805
1.544662
1.526176
1.506405
1.510552
1.501668
1.501331
1.532962
1.505625
1.517136
1.528214
1.496822
1.509446
1.544797
1.532695
1.522953
1.496445
1.500249
1.513092
1.514796
1.547858
1.500652
1.525536
1.512341
1.516679
1.524525
1.509680
1.533204
1.516719
1.518014
1.547465
1.516090
1.520522
1.517878
1.504378
1.536701
1.508450
1.512976
1.517704
1.502068
1.534767
1.520002
1.538538
1.511858
1.503973
1.513722
1.534132
1.521592
1.513095
1.528627
1.509011
1.525752
1.513497
1.521928
1.545667
1.526757
1.501707
1.510533
