2.305296
2.300768
2.302295
2.289337
2.285071
2.278357
2.298997
2.290341
2.276936
2.260949
2.277686
2.279278
2.276520
2.275433
2.283621
2.277404
2.282122
2.284879
2.289672
2.290833
2.287101
2.288180
2.278653
2.280324
2.279171
2.279898
2.271365
2.258909
2.272557
2.249083
2.252284
2.263151
2.237419
2.220908
2.231269
2.226008
2.184557
2.180696
2.161597
2.164522
2.182642
2.174751
2.166776
2.156306
2.170999
2.158882
2.155935
2.147885
2.134386
2.104446
2.120643
2.133315
2.119530
2.127643
2.115804
2.061347
2.126121
2.139873
2.109922
2.102085
2.069736
2.068710
2.044844
2.037880
1.996801
2.036989
2.016107
2.019943
1.989001
1.995699
1.949719
1.942822
1.950104
1.924417
1.922647
1.908738
1.870765
1.864162
1.868646
1.883523
1.854986
1.845592
1.843881
1.805548
1.822052
1.804674
1.824482
1.781823
1.799762
1.802126
1.817712
1.793316
1.765442
1.790659
1.775003
1.767917
1.802262
1.760200
1.756524
1.742886
1.784969
1.780343
1.834984
1.785639
1.737197
1.722552
1.712650
1.707447
1.717445
1.741036
1.730255
1.697335
1.736769
1.682286
1.724579
1.718412
1.733719
1.727204
1.720762
1.725757
1.716076
1.729066
1.683876
1.706676
1.715190
1.671391
1.689565
1.700673
1.726452
1.730376
1.711048
1.679367
1.700529
1.695066
1.677419
1.683398
1.687111
1.700232
1.739496
1.684968
1.693599
1.668753
1.706080
1.651222
1.707025
1.693042
1.657593
1.687644
1.684907
1.694602
1.701554
1.678216
1.670089
1.688650
1.694321
1.660861
1.671922
1.672274
1.673422
1.670802
1.701152
1.716935
1.680255
1.659366
1.667098
1.676086
1.652751
1.657855
1.697583
1.665050
1.670767
1.687358
1.681993
1.668199
1.674224
1.649423
1.680616
1.659307
1.658646
1.650468
1.667671
1.658999
1.636951
1.636260
1.675087
1.678748
1.656620
1.660930
1.644633
1.645861
1.649451
1.661778
1.687125
1.667055
1.667892
1.667576
1.650408
1.644381
1.644550
1.659667
1.654698
1.679346
1.682135
1.668850
1.692179
1.716774
1.658764
1.650290
1.644615
1.623953
1.643531
1.644676
1.639943
1.678705
1.669447
1.639160
1.637691
1.629053
1.653928
1.645599
1.671183
1.683410
1.667120
1.644594
1.640937
1.633751
1.629647
1.622134
1.659022
1.664620
1.668754
1.672835
1.642861
1.652360
1.649297
1.659809
1.629559
1.646399
1.664049
1.657492
1.670257
1.662056
1.638482
1.618663
1.636390
1.634375
1.629889
1.643891
1.656869
1.656944
1.650836
1.641557
1.633152
1.622316
1.638986
1.631908
1.622239
1.619086
1.625574
1.619830
1.652000
1.626278
1.617100
1.626252
1.648912
1.615813
1.605904
1.592901
1.601014
1.623593
1.620291
1.628122
1.629903
1.647214
1.626961
1.614517
1.633854
1.673624
1.605608
1.607425
1.618648
1.603506
1.650769
1.627395
1.623660
1.654164
1.642795
1.600641
1.653345
1.628985
1.638742
1.608286
1.613829
1.616535
1.618482
1.625451
1.616128
1.614057
1.615498
1.589822
1.638694
1.616040
1.615903
1.620973
1.633464
1.601642
1.606858
1.624182
1.623715
1.621788
1.592785
1.600494
1.597244
1.632292
1.617288
1.604471
1.597509
1.589064
1.589788
1.607931
1.580634
1.617866
1.601820
1.588030
1.592162
1.604135
1.597604
1.631594
1.603753
1.610901
1.611906
1.594283
1.588037
1.591760
1.608564
1.589064
1.612291
1.603819
1.620114
1.573506
1.586079
1.604143
1.573318
1.595059
1.568606
1.593582
1.618890
1.598471
1.575490
1.591741
1.578447
1.559979
1.593095
1.597997
1.590979
1.597719
1.601095
1.611351
1.594944
1.599122
1.583548
1.589488
1.583814
1.591285
1.608334
1.573435
1.595109
1.572833
1.573336
1.584018
1.588888
1.606490
1.597028
1.607427
1.589689
1.614859
1.604632
1.589162
1.600907
1.591779
1.564521
1.569464
1.567754
1.566206
1.584436
1.558740
1.561964
1.582306
1.569910
1.564625
1.591471
1.604536
1.595107
1.579803
1.600676
1.565493
1.588909
1.590244
1.578547
1.595980
1.607529
1.570267
1.584057
1.577226
1.603304
1.567625
1.575068
1.582733
1.590596
1.624067
1.577223
1.598771
1.589290
1.604187
1.620253
1.612703
1.604002
1.610389
1.593015
1.600910
1.584396
1.595240
1.588525
1.591573
1.592726
1.600427
1.581967
1.605717
1.571663
1.591858
1.594871
1.599148
1.596578
1.580317
1.586371
1.589530
1.604946
1.619508
1.598494
1.594727
1.590117
1.564772
1.597549
1.579620
1.600163
1.581814
1.594466
1.573946
1.592842
1.566458
1.590294
1.632670
1.577145
1.567395
1.597195
1.563187
1.596871
1.585957
1.594365
1.575716
1.566497
1.561754
1.580683
1.580528
1.579689
1.559986
1.562407
1.572420
1.553687
1.547048
1.576579
1.571347
1.575402
1.558519
1.575512
1.572420
1.561986
1.557818
1.571111
1.580334
1.551525
1.550099
1.556366
1.582156
1.574334
1.563993
1.563121
1.546120
1.576975
1.550442
1.565542
1.573397
1.582274
1.542628
1.578405
1.561868
1.568851
1.545564
1.578392
1.585335
