2.290181
2.300203
2.303204
2.303700
2.303700
2.305046
2.304815
2.307400
2.306425
2.288371
2.302902
2.302833
2.304815
2.304691
2.304701
2.308400
2.311573
2.307788
2.307593
2.311955
2.297512
2.287631
2.314917
2.337196
2.333357
2.323974
2.304696
2.283910
2.293945
2.306826
2.350260
2.386288
2.416481
2.393318
2.351151
2.297161
2.323655
2.402895
2.502506
2.532526
2.501809
2.425903
2.349152
2.320823
2.463305
2.581926
2.557465
2.505225
2.438524
2.353029
2.377649
2.520076
2.560323
2.551458
2.505653
2.534794
2.534495
2.495220
2.542497
2.542944
2.466276
2.529352
2.518512
2.518787
2.444297
2.464273
2.499990
2.498826
2.381624
2.264641
2.435367
2.510765
2.512039
2.384246
2.268656
2.321919
2.469229
2.553734
2.345338
2.303937
2.448370
2.530783
2.538422
2.552339
2.582348
2.551767
2.581576
2.574880
2.597615
2.604959
2.602401
2.560165
2.604782
2.607820
2.604675
2.599222
2.590850
2.574025
2.568141
2.567952
2.568414
2.564542
2.567320
2.568226
2.567747
2.567995
2.566057
2.568226
2.567765
2.568119
2.548996
2.567905
2.567551
2.569004
2.568521
2.568333
2.566604
2.567674
2.567995
2.567850
2.568102
2.567765
2.567888
2.567765
2.567871
2.568226
2.567978
2.568102
2.567781
2.567196
2.566892
2.567798
2.567781
2.567201
2.567995
2.568226
2.568226
2.568534
2.567674
2.567871
2.567781
2.567072
2.568209
2.567781
2.568333
2.568102
2.567978
2.568119
2.567657
2.567444
2.568119
2.568226
2.567995
2.568226
2.567657
2.567888
2.567978
2.568102
2.567657
2.567888
2.568102
2.567995
2.567978
2.568333
2.568119
2.567410
2.567641
2.568119
2.568440
2.568333
2.567781
2.567551
2.567871
2.567534
2.568440
2.568333
2.567657
2.567995
2.568119
2.567534
2.568440
2.568012
2.567551
2.568333
2.568102
2.567534
2.568102
2.567995
2.568440
2.567551
2.567764
2.568102
2.568102
2.568102
2.567995
2.567978
2.567871
2.567213
2.567657
2.568226
2.568102
2.567995
2.568333
2.567551
2.567888
2.567995
2.567641
2.567781
2.567674
2.567781
2.567534
2.567427
2.567765
2.567354
2.567798
2.567781
2.565015
2.566735
2.560925
2.567991
2.534469
2.439366
2.529581
2.571140
2.513875
2.372152
2.437947
2.558048
2.510701
2.657297
2.697460
2.712879
2.712949
2.475230
2.694683
2.762645
2.766743
2.769654
2.690534
2.771606
2.771899
2.772643
2.772989
2.772704
2.773324
2.773240
2.772916
2.773062
2.772664
2.773408
2.773230
2.773324
2.773240
2.773324
2.773408
2.773240
2.773156
2.773040
2.773408
2.773324
2.773408
2.773324
2.773408
2.773408
2.773408
2.773408
2.773408
2.773324
2.773448
2.773408
2.773186
2.773763
2.773532
2.773280
2.773324
2.773247
2.773408
2.773532
2.773887
2.773887
2.774004
2.773656
2.773910
2.773448
2.774117
2.773532
2.773532
2.773656
2.774157
2.774298
2.774117
2.774820
2.774720
2.774371
2.774844
2.774224
2.775108
2.774134
2.774455
2.773572
2.773763
2.773736
2.774134
2.775075
2.773944
2.774359
2.773719
2.773843
2.773950
2.774070
2.774091
2.773488
2.774281
2.774007
2.773280
2.774061
2.774117
2.774837
2.774057
2.774017
2.773876
2.773614
2.773820
2.773902
2.773511
2.773984
2.773324
2.774260
2.773658
2.773427
2.772884
2.772978
2.773111
2.773237
2.772377
2.772150
2.772386
2.771227
2.771793
2.770574
2.768433
2.767828
2.763759
2.755240
2.738923
2.713414
2.682956
2.676422
2.676747
2.676747
2.676747
2.676747
2.676422
2.676747
2.676747
2.676422
2.676422
2.676222
2.676653
2.676747
2.676127
2.676747
2.676452
2.676747
2.676653
2.676747
2.676747
2.676422
2.676546
2.676004
2.676653
2.676422
2.676653
2.676653
2.676127
2.676264
2.676089
2.675982
2.676277
2.675380
2.675012
2.674730
2.671345
2.668730
2.665931
2.647802
2.608692
2.569743
2.563083
2.559825
2.554733
2.537696
2.507891
2.473568
2.444097
2.430553
2.429438
2.429314
2.426960
2.421757
2.396733
2.364401
2.331449
2.304195
2.302585
2.302585
2.302585
2.302585
2.302585
2.302585
2.302585
2.302585
2.302585
2.302585
2.302585
2.302585
2.302585
2.302585
2.302585
2.302585
2.302585
2.302585
2.302585
2.302585
2.302585
2.302585
2.302585
2.302585
2.302585
2.302585
2.302585
2.302585
2.302585
2.302585
2.302585
2.302585
2.302585
2.302585
2.302585
2.302585
2.302585
2.302585
2.302585
2.302585
2.302585
2.302585
2.302585
2.302585
2.302585
2.302585
2.302585
2.302585
2.302585
2.302585
2.302585
2.302585
2.302585
2.302585
2.302585
2.302585
2.302585
2.302585
2.302585
2.302585
2.302585
2.302585
2.302585
2.302585
2.302585
2.302585
2.302585
2.302585
2.302585
2.302585
2.302585
2.302585
2.302585
2.302585
2.302585
2.302585
2.302585
2.302585
2.302585
2.302585
2.302585
2.302585
2.302585
2.302585
2.302585
2.302585
2.302585
2.302585
2.302585
2.302585
2.302585
2.302585
2.302585
2.302585
2.302585
2.302585
