2.293089
2.294122
2.289273
2.297592
2.291903
2.297548
2.303956
2.321373
2.315531
2.322629
2.340640
2.363500
2.372402
2.406072
2.368991
2.347024
2.323799
2.299488
2.290157
2.289599
2.284544
2.299158
2.272596
2.269045
2.275559
2.272877
2.255448
2.289957
2.259444
2.256200
2.261762
2.260641
2.442021
2.631239
2.675969
2.711800
2.708829
2.694230
2.671583
2.634959
2.642420
2.551047
2.392118
2.209457
2.157696
2.171640
2.164718
2.170537
2.160423
2.144501
2.147462
2.130916
2.125185
2.120489
2.105754
2.104558
2.084914
2.061756
2.048738
2.024919
2.040599
2.003476
2.020230
2.031920
2.026351
2.021508
2.032552
2.035557
1.986843
1.985106
1.980826
1.959083
1.972099
1.985448
2.031728
2.055244
2.040834
2.011229
1.990461
1.974489
1.960437
1.955094
1.971994
1.943185
1.946253
1.949428
1.932057
1.946801
1.967772
1.944150
1.950213
1.937876
1.929023
1.926055
1.920349
1.922962
1.903921
1.912789
1.891537
1.892678
1.899704
1.888656
1.872906
1.879675
1.828156
1.813743
1.827270
1.875520
1.840144
1.846381
1.878452
1.866463
1.897482
1.863303
1.866915
1.860859
1.842548
1.790459
1.813826
1.777975
1.795727
1.793473
1.787659
1.823185
1.801326
1.814607
1.827114
1.832590
1.824818
1.817963
1.805547
1.785470
1.813140
1.776174
1.794186
1.815675
1.799488
1.792648
1.811627
1.789523
1.788355
1.787067
1.796702
1.794839
1.773369
1.771854
1.773943
1.782367
1.795456
1.770939
1.747460
1.819359
1.730337
1.740601
1.705094
1.687042
1.704186
1.739824
1.752403
1.799551
1.810757
1.811404
1.766974
1.726717
1.712187
1.654527
1.666443
1.691200
1.682861
1.698373
1.703671
1.679015
1.661809
1.692037
1.732498
1.684379
1.684431
1.634478
1.650950
1.656180
1.690365
1.738149
1.734477
1.654741
1.639311
1.658193
1.647819
1.678409
1.716398
1.685592
1.735618
1.725161
1.657418
1.632207
1.646664
1.626040
1.616921
1.624670
1.682274
1.656935
1.648863
1.664941
1.658657
1.661816
1.642979
1.619502
1.648552
1.610160
1.662902
1.615212
1.630397
1.637904
1.619816
1.661484
1.629783
1.631537
1.629558
1.614833
1.621298
1.584212
1.603999
1.608104
1.598526
1.616785
1.599915
1.598151
1.604409
1.646889
1.586255
1.567309
1.606030
1.588444
1.568776
1.569451
1.594707
1.592322
1.602594
1.611158
1.582614
1.584729
1.612972
1.611961
1.618062
1.592299
1.581305
1.601437
1.606696
1.586036
1.613173
1.566977
1.605635
1.595356
1.538607
1.576142
1.587762
1.582108
1.583293
1.606266
1.561564
1.573512
1.581328
1.597885
1.576532
1.557150
1.606497
1.589516
1.605381
1.570495
1.580308
1.574935
1.553364
1.586452
1.567843
1.554174
1.579613
1.584095
1.564927
1.574875
1.529039
1.582055
1.550777
1.563742
1.548281
1.570783
1.578285
1.549625
1.534205
1.539339
1.569338
1.567183
1.567194
1.568355
1.546140
1.570495
1.564982
1.553821
1.569749
1.578021
1.564983
1.538305
1.572230
1.551185
1.560986
1.556258
1.544627
1.594407
1.557569
1.575614
1.588493
1.522530
1.547448
1.577684
1.547185
1.535193
1.531222
1.552928
1.528929
1.556943
1.550422
1.552302
1.539339
1.543921
1.543846
1.528209
1.546681
1.537591
1.544592
1.535139
1.563569
1.539746
1.534057
1.542481
1.533479
1.565905
1.559223
1.532328
1.540339
1.536891
1.565617
1.569184
1.536590
1.561275
1.531230
1.549073
1.551777
1.556011
1.526524
1.527786
1.546622
1.537087
1.549202
1.531412
1.536939
1.521158
1.547619
1.544341
1.546414
1.526244
1.518138
1.538292
1.528547
1.525751
1.536333
1.561069
1.544721
1.560757
1.530208
1.548748
1.530708
1.524459
1.540872
1.561170
1.536778
1.558335
1.537778
1.551485
1.521303
1.528253
1.527370
1.497889
1.529765
1.523876
1.574703
1.529801
1.516261
1.519350
1.542472
1.525870
1.520666
1.505878
1.522760
1.534928
1.558183
1.540670
1.539897
1.544992
1.550993
1.550432
1.539781
1.538300
1.539632
1.530101
1.528409
1.549033
1.571176
1.551313
1.559996
1.562315
1.561026
1.531831
1.523280
1.543699
1.514674
1.551083
1.514970
1.510556
1.553721
1.538177
1.547665
1.505908
1.553986
1.560714
1.571673
1.567983
1.544660
1.529277
1.552001
1.545842
1.543107
1.560517
1.537895
1.552546
1.538401
1.555010
1.542209
1.545399
1.542187
1.520196
1.545072
1.547533
1.568564
1.567105
1.566037
1.561519
1.516044
1.565505
1.541611
1.549037
1.591125
1.632268
1.638479
1.658379
1.623411
1.590945
1.544965
1.566715
1.556827
1.569049
1.544459
1.521483
1.537956
1.556741
1.505436
1.521194
1.526221
1.548911
1.537371
1.530801
1.528297
1.545156
1.530247
1.525015
1.534600
1.524632
1.551557
1.548703
1.544045
1.543877
1.582579
1.569100
1.584589
1.564797
1.552172
1.560034
1.529024
1.537918
1.510270
1.529998
1.536031
1.516935
1.510257
1.523304
1.526896
1.526545
1.514829
1.499619
1.532283
1.511230
1.525813
1.524433
