2.330435
2.316884
2.308351
2.306281
2.275801
2.235969
2.218887
2.159399
2.028871
1.904818
1.846862
1.838956
1.773730
1.717832
1.678319
1.649086
1.634207
1.614838
1.661934
1.597691
1.596814
1.607509
1.587853
1.618985
1.598125
1.586547
1.568427
1.568647
1.552235
1.535958
1.567072
1.551590
1.569762
1.534029
1.564909
1.544143
1.525406
1.525887
1.545633
1.511239
1.525949
1.548619
1.541556
1.530223
1.526458
1.524420
1.532819
1.533576
1.520711
1.527923
1.513486
1.513187
1.514435
1.546684
1.510687
1.505661
1.520933
1.535129
1.514109
1.519526
1.507537
1.508533
1.486008
1.496492
1.506207
1.510178
1.508099
1.519076
1.524468
1.516146
1.508547
1.518821
1.497092
1.509827
1.484608
1.494073
1.486705
1.518378
1.513846
1.502116
1.523010
1.512525
1.497239
1.484036
1.504108
1.491849
1.486117
1.536629
1.482422
1.489254
1.521839
1.491379
1.507303
1.492064
1.491915
1.484717
1.502651
1.503361
1.502718
1.492749
1.495414
1.497942
1.507238
1.487753
1.498662
1.492229
1.510467
1.494862
1.478830
1.498818
1.483850
1.482510
1.486163
1.502334
1.491664
1.486421
1.494606
1.482752
1.504470
1.486950
1.479357
1.503656
1.489216
1.489864
1.486681
1.490790
1.485948
1.479699
1.481310
1.476965
1.495230
1.490101
1.482313
1.495498
1.488584
1.505727
1.491325
1.483874
1.499683
1.484356
1.478483
1.486798
1.488132
1.504474
1.492027
1.476579
1.487500
1.491590
1.506632
1.490943
1.494504
1.493614
1.493608
1.492370
1.480806
1.480253
1.477407
1.479397
1.482099
1.498571
1.495701
1.489432
1.492209
1.483310
1.480574
1.479043
1.478094
1.474514
1.488727
1.480040
1.503174
1.489303
1.484992
1.482224
1.491696
1.478034
1.478205
1.490805
1.493219
1.476870
1.480185
1.478943
1.494730
1.488837
1.480315
1.490902
1.480846
1.487725
1.483793
1.499735
1.484639
1.484116
1.477854
1.476768
1.488561
1.484645
1.481443
1.487843
1.476719
1.492461
1.500092
1.479128
1.473362
1.494133
1.484581
1.481724
1.483137
1.480356
1.471819
1.489982
1.486643
1.478948
1.479059
1.482894
1.476113
1.487403
1.477819
1.488828
1.487112
1.484972
1.479367
1.473881
1.488889
1.484347
1.475978
1.480059
1.482908
1.480998
1.491004
1.483929
1.485418
1.481419
1.491480
1.479227
1.475067
1.476206
1.473903
1.482989
1.471229
1.490254
1.492016
1.474373
1.477715
1.468987
1.485627
1.482767
1.472231
1.480190
1.485167
1.472819
1.474863
1.479934
1.472774
1.485249
1.481802
1.487612
1.477611
1.477439
1.488135
1.482616
1.475027
1.475884
1.481146
1.478269
1.483544
1.475824
1.472949
1.476540
1.488828
1.476235
1.495230
1.481386
1.474903
1.467557
1.481217
1.471125
1.471664
1.486702
1.476681
1.469298
1.471994
1.479635
1.474741
1.489544
1.472562
1.482048
1.476312
1.467344
1.483351
1.467317
1.473020
1.473940
1.476606
1.482265
1.476356
1.475837
1.470865
1.476369
1.474489
1.490225
1.471569
1.495978
1.489967
1.471016
1.479871
1.478589
1.478142
1.472608
1.476242
1.472327
1.473635
1.477268
1.491227
1.476024
1.482553
1.468685
1.475372
1.472880
1.482625
1.471199
1.484393
1.472135
1.472412
1.473757
1.480377
1.490461
1.469163
1.475943
1.481813
1.483308
1.478729
1.478609
1.467940
1.471608
1.476221
1.472920
1.480024
1.470533
1.480298
1.491378
1.472020
1.494021
1.469502
1.475971
1.473108
1.476923
1.475454
1.471376
1.477024
1.470919
1.470694
1.473778
1.476439
1.481980
1.469460
1.475276
1.468650
1.472783
1.479040
1.477186
1.477870
1.474928
1.475394
1.471351
1.480547
1.472796
1.468865
1.471515
1.486470
1.484249
1.481049
1.476366
1.472682
1.472394
1.471757
1.484230
1.475317
1.476043
1.474465
1.490691
1.468483
1.470031
1.469513
1.475030
1.471707
1.481075
1.469894
1.491649
1.472714
1.471619
1.474563
1.475777
1.476879
1.470424
1.477002
1.470987
1.475261
1.470449
1.490054
1.472023
1.468884
1.474059
1.481710
1.471247
1.470296
1.472658
1.470042
1.473933
1.474938
1.469488
1.471987
1.475093
1.479599
1.468582
1.477630
1.482659
1.481053
1.474320
1.475606
1.473356
1.469024
1.473770
1.468713
1.485685
1.478048
1.466626
1.478106
1.466331
1.469968
1.469837
1.467825
1.477429
1.467209
1.477133
1.471078
1.482709
1.481086
1.467149
1.474263
1.468287
1.469014
1.478536
1.466269
1.474808
1.466274
1.464422
1.468392
1.476589
1.470282
1.468201
1.479277
1.473324
1.478318
1.478842
1.479147
1.476934
1.476206
1.477846
1.481970
1.465630
1.479066
1.474460
1.478845
1.467716
1.466721
1.470947
1.472277
1.468711
1.467353
1.475052
1.468320
1.472309
1.476427
1.465412
1.468000
1.471668
1.468565
1.467328
1.467462
1.477697
1.469361
1.467980
1.469158
1.468369
1.473176
1.476801
1.469866
1.472999
1.471742
1.476772
1.481116
1.468370
1.488028
1.470679
1.470779
1.469291
1.471455
1.472794
1.477560
1.468353
