2.306068
2.303800
2.305146
2.304829
2.304350
2.303779
2.307101
2.306632
2.302306
2.302733
2.303500
2.302967
2.302578
2.303128
2.303166
2.300375
2.297938
2.292604
2.288709
2.288388
2.271485
2.268940
2.265726
2.264665
2.271657
2.265433
2.267649
2.260340
2.257491
2.268525
2.274385
2.254794
2.282429
2.249448
2.240579
2.243380
2.234542
2.251708
2.226204
2.233639
2.222440
2.230050
2.251246
2.214203
2.185957
2.187273
2.211031
2.184429
2.209939
2.177158
2.186267
2.176064
2.170909
2.190139
2.188222
2.228858
2.202671
2.253479
2.276772
2.278026
2.327721
2.288653
2.265519
2.228987
2.208378
2.138396
2.078705
2.019134
1.981594
1.954889
1.971888
1.954165
1.961850
1.981255
1.998717
1.951607
2.028363
2.013460
2.026494
2.007069
2.021539
2.029115
2.052259
2.052900
2.135265
2.181977
2.198626
2.173038
2.174843
2.154344
2.030979
2.068750
2.044085
2.088565
2.066147
2.103128
2.017268
1.981416
1.880473
1.838352
1.817775
1.790486
1.811938
1.825529
1.881487
1.903781
2.111104
2.168228
2.204103
2.092325
2.053829
1.970373
1.912917
1.880728
1.856717
1.870746
1.870805
1.879578
1.832252
1.760511
1.731679
1.808690
1.744694
1.764600
1.734044
1.768890
1.795552
1.833803
1.895115
2.071831
2.148394
2.210530
2.191463
2.148418
2.138779
2.105621
2.075619
2.043454
1.914691
1.820071
1.785563
1.760085
1.694992
1.740206
1.726544
1.716379
1.727121
1.770730
1.721493
1.763825
1.790633
1.800960
1.903560
1.990725
2.066857
2.126245
2.030968
2.009916
1.931737
1.853738
1.838728
1.781564
1.755607
1.714298
1.698213
1.703040
1.715106
1.751377
1.711434
1.785376
1.741145
1.751420
1.798783
1.777109
1.767698
1.833927
1.809938
1.787230
1.840737
1.928273
1.871415
1.949335
1.990521
1.909616
1.897254
1.782561
1.755083
1.745564
1.720345
1.715741
1.704247
1.723213
1.699172
1.698462
1.716966
1.686182
1.679907
1.737787
1.742308
1.766696
1.772794
1.741596
1.795100
1.776648
1.759477
1.789985
1.812070
1.775998
1.801439
1.767084
1.782723
1.788930
1.750760
1.720713
1.738681
1.709506
1.723497
1.715151
1.690410
1.715169
1.684420
1.752345
1.720157
1.748225
1.731706
1.744746
1.745138
1.826329
1.726489
1.696738
1.733273
1.723746
1.750867
1.721459
1.734936
1.649723
1.722497
1.720077
1.745179
1.738094
1.709152
1.763051
1.705505
1.697274
1.738946
1.706541
1.720743
1.721080
1.707589
1.711520
1.724552
1.694498
1.725547
1.711673
1.724563
1.692179
1.662847
1.701973
1.719610
1.743019
1.751166
1.694343
1.689935
1.673503
1.729629
1.694536
1.719287
1.677211
1.724189
1.703864
1.713127
1.691314
1.699467
1.675876
1.704316
1.716013
1.701557
1.698419
1.713161
1.703843
1.675201
1.688814
1.697264
1.699300
1.677491
1.674556
1.692085
1.719680
1.690093
1.678545
1.649185
1.627613
1.664692
1.695197
1.705740
1.691954
1.683332
1.709669
1.700652
1.697417
1.695805
1.703165
1.726585
1.725137
1.682634
1.638097
1.683493
1.666443
1.673009
1.713002
1.706145
1.710293
1.712066
1.652891
1.670700
1.671159
1.680960
1.693251
1.673073
1.663541
1.662469
1.672511
1.671148
1.711722
1.661529
1.702560
1.666312
1.659446
1.663353
1.661956
1.653397
1.650083
1.679649
1.617384
1.681194
1.658365
1.661086
1.658375
1.683258
1.683561
1.674335
1.650884
1.694946
1.685298
1.689015
1.651943
1.677132
1.632414
1.649911
1.713715
1.642733
1.655694
1.658263
1.690952
1.676802
1.669805
1.668110
1.642303
1.662104
1.647692
1.616137
1.620237
1.684298
1.654677
1.625954
1.637074
1.682469
1.663603
1.647800
1.628644
1.641672
1.626643
1.642753
1.649245
1.650498
1.647511
1.651526
1.652331
1.688462
1.687675
1.644623
1.650811
1.654051
1.618808
1.648238
1.661099
1.620294
1.640683
1.624873
1.618128
1.645816
1.650940
1.650742
1.635648
1.664991
1.634244
1.663865
1.634360
1.672233
1.615732
1.642934
1.669879
1.630053
1.615204
1.633262
1.642453
1.640572
1.633157
1.655516
1.637658
1.640551
1.665157
1.644531
1.618092
1.643781
1.624607
1.650297
1.637906
1.628451
1.632681
1.660875
1.657604
1.574784
1.630165
1.628683
1.629594
1.660088
1.615582
1.672592
1.683345
1.628042
1.658682
1.629556
1.676690
1.608239
1.631530
1.637631
1.634089
1.627419
1.616725
1.628628
1.602601
1.614971
1.603071
1.613341
1.639865
1.619893
1.619108
1.654870
1.637083
1.614281
1.636256
1.633309
1.628542
1.587911
1.606826
1.627784
1.601651
1.611691
1.599761
1.621949
1.629848
1.615778
1.608693
1.636568
1.631345
1.633535
1.636428
1.621472
1.632582
1.600765
1.632266
1.601221
1.639362
1.610129
1.634951
1.598619
1.637425
1.588763
1.628371
1.596377
1.602307
1.587389
1.598206
1.614372
1.618148
1.611882
1.594876
1.619699
1.622882
1.624711
1.641967
1.639446
1.625063
1.625906
1.617193
1.600103
1.626830
1.656267
1.595443
