2.302477
2.302707
2.303750
2.273117
2.236581
2.257130
2.225073
2.192716
2.152752
2.115305
2.115101
2.088663
2.092050
2.048359
2.053361
1.947902
1.871850
1.955978
1.770720
1.778590
1.692217
1.637589
1.588990
1.490035
1.468235
1.382113
1.414001
1.361567
1.340855
1.153124
1.068374
1.174762
0.912996
0.996350
1.012946
1.066360
0.973428
0.884694
0.866895
0.768834
0.839102
0.777531
0.784791
0.693329
0.732211
0.756175
0.703651
0.637362
0.659511
0.855303
0.594798
0.627187
0.644102
0.553632
0.602809
0.554647
0.414892
0.617389
0.528592
0.484275
0.446203
0.446479
0.736944
0.488615
0.587460
0.462376
0.529049
0.567432
0.521405
0.467233
0.544452
0.577213
0.461645
0.452416
0.516237
0.590506
0.517761
0.467596
0.487082
0.437291
0.462776
0.492996
0.437436
0.375228
0.382018
0.410658
0.398653
0.423348
0.458317
0.395996
0.608958
0.414371
0.385187
0.454297
0.477981
0.479827
0.492103
0.419030
0.433384
0.400439
0.364242
0.309483
0.482388
0.390408
0.452265
0.344176
0.388101
0.431394
0.383703
0.297595
0.310365
0.334811
0.344295
0.362391
0.389051
0.366696
0.337389
0.335890
0.394203
0.450237
0.261997
0.350411
0.456429
0.412647
0.330326
0.230331
0.392820
0.346890
0.329735
0.376260
0.342432
0.343556
0.271555
0.351352
0.404129
0.489283
0.291429
0.416337
0.312702
0.263268
0.387902
0.355332
0.352445
0.228664
0.301228
0.368111
0.495778
0.272587
0.365207
0.307554
0.245170
0.267746
0.232934
0.342316
0.381417
0.228340
0.347125
0.335850
0.379104
0.275301
0.278717
0.293700
0.208084
0.504578
0.306179
0.382622
0.266161
0.256667
0.408808
0.225111
0.457704
0.336976
0.280730
0.236955
0.242345
0.226197
0.292861
0.349236
0.213092
0.298019
0.418432
0.194705
0.236224
0.312727
0.330474
0.326480
0.244980
0.246699
0.325622
0.403651
0.309577
0.304837
0.228747
0.337665
0.394412
0.154045
0.194016
0.280012
0.186059
0.257945
0.187064
0.276954
0.207879
0.284090
0.256139
0.353979
0.241376
0.298821
0.370817
0.237576
0.222564
0.350840
0.323372
0.191457
0.376088
0.230136
0.201620
0.324342
0.239206
0.324123
0.226470
0.273870
0.311527
0.227644
0.310217
0.178895
0.199236
0.295704
0.305338
0.330184
0.240863
0.218591
0.280095
0.288749
0.292174
0.349002
0.237578
0.342377
0.161363
0.275274
0.187426
0.297438
0.137208
0.256418
0.322101
0.295385
0.231344
0.217096
0.172492
0.247509
0.273210
0.212182
0.261501
0.454484
0.234393
0.147697
0.217784
0.224004
0.274940
0.220745
0.297707
0.187081
0.234338
0.164916
0.272449
0.160566
0.259331
0.203959
0.156158
0.253976
0.225180
0.178287
0.188116
0.194676
0.161389
0.253538
0.286063
0.113614
0.283850
0.209975
0.263682
0.220646
0.197625
0.226417
0.183541
0.249944
0.221349
0.191972
0.211155
0.237273
0.191878
0.169000
0.240455
0.259107
0.277146
0.332627
0.331374
0.244857
0.383127
0.147215
0.131849
0.166842
0.243196
0.339092
0.204297
0.133518
0.260692
0.157503
0.261141
0.196071
0.207428
0.184100
0.228181
0.243534
0.158467
0.208814
0.252432
0.261150
0.230729
0.291809
0.249532
0.216936
0.196451
0.278486
0.123854
0.188449
0.177979
0.200152
0.338342
0.156580
0.230848
0.175135
0.140754
0.223415
0.131927
0.202889
0.237990
0.200073
0.144416
0.216771
0.170041
0.298548
0.234129
0.225652
0.238443
0.289817
0.238491
0.288448
0.130586
0.175791
0.143161
0.102450
0.129470
0.187992
0.235566
0.182032
0.243483
0.212044
0.274260
0.173809
0.121295
0.230307
0.198328
0.144502
0.267184
0.208587
0.163127
0.215775
0.204137
0.168941
0.163210
0.123758
0.241850
0.263908
0.142229
0.252432
0.191017
0.130306
0.127145
0.323166
0.127937
0.166409
0.098374
0.152692
0.179834
0.363126
0.166397
0.196970
0.132285
0.218035
0.359775
0.189022
0.156031
0.292691
0.251476
0.272096
0.124337
0.163500
0.190335
0.117731
0.166734
0.174324
0.173533
0.315064
0.156588
0.163502
0.125950
0.160951
0.118433
0.177542
0.127898
0.151610
0.151906
0.135337
0.218590
0.185086
0.243151
0.263106
0.142561
0.099255
0.190158
0.163829
0.106102
0.221638
0.091534
0.222502
0.126224
0.226043
0.128160
0.197489
0.111655
0.200146
0.131019
0.171399
0.174624
0.196685
0.143150
0.171964
0.104712
0.205033
0.097487
0.237179
0.181466
0.204355
0.174662
0.182716
0.176193
0.181275
0.114078
0.201798
0.199995
0.064390
0.241553
0.253119
0.164395
0.241838
0.187516
0.093714
0.176632
0.141760
0.164232
0.173463
0.190036
0.141195
0.119872
0.144442
0.247313
0.178973
0.130235
0.136988
0.248431
0.101426
0.117507
0.191357
0.079267
0.116159
0.168110
0.150882
0.215212
0.095644
0.148725
0.140894
0.179695
0.196512
0.217307
0.101992
0.249469
0.171353
0.157455
0.156516
0.109121
0.312291
0.232855
0.175543
0.106408
0.151726
0.160751
0.114796
0.232370
0.119073
