2.304536
2.295792
2.294464
2.292926
2.300412
2.273791
2.261013
2.243707
2.200249
2.180729
2.171272
2.147421
2.134603
2.092472
2.050273
1.986964
1.884287
1.919319
1.818355
1.822708
1.795722
1.753038
1.754406
1.691052
1.738724
1.735793
1.707792
1.712346
1.673823
1.656819
1.711314
1.710628
1.673632
1.643800
1.628880
1.648615
1.667843
1.650547
1.630152
1.658469
1.638711
1.697638
1.648854
1.657477
1.642189
1.599252
1.651878
1.670884
1.616977
1.640013
1.673611
1.653819
1.617955
1.582453
1.655923
1.609241
1.636405
1.608929
1.604079
1.655309
1.617682
1.606989
1.626451
1.641581
1.575445
1.560650
1.631804
1.664603
1.593083
1.576588
1.566409
1.636566
1.632291
1.578299
1.588605
1.565453
1.579285
1.600170
1.600997
1.614730
1.573204
1.601551
1.597776
1.610388
1.594541
1.626587
1.619234
1.596185
1.621831
1.614566
1.579924
1.593932
1.562790
1.629802
1.597727
1.573063
1.590499
1.595904
1.573636
1.575142
1.591816
1.571294
1.565987
1.608395
1.585603
1.601740
1.612932
1.611356
1.608817
1.620847
1.569265
1.596650
1.577697
1.544991
1.568299
1.630248
1.585019
1.569162
1.575734
1.590432
1.551723
1.529293
1.603590
1.569250
1.620190
1.570678
1.547378
1.591828
1.611735
1.606297
1.609175
1.648075
1.558173
1.545471
1.592669
1.590977
1.564761
1.566019
1.654690
1.565268
1.583038
1.559155
1.587031
1.543305
1.574770
1.560276
1.563384
1.591035
1.598680
1.579993
1.593821
1.602892
1.567543
1.561074
1.575479
1.545723
1.599015
1.564155
1.585514
1.560356
1.557222
1.558552
1.578916
1.597979
1.582070
1.558102
1.584311
1.579721
1.613238
1.578457
1.537327
1.595792
1.553716
1.601664
1.579905
1.603959
1.589452
1.572166
1.570952
1.565459
1.581754
1.581475
1.590994
1.548930
1.576229
1.533950
1.595597
1.574465
1.568385
1.571101
1.553067
1.558022
1.575000
1.526226
1.581600
1.575256
1.552969
1.512743
1.577063
1.551420
1.582145
1.549103
1.563193
1.588248
1.542910
1.578788
1.583298
1.617603
1.589897
1.580674
1.533973
1.544263
1.561914
1.565290
1.605570
1.609665
1.573656
1.577911
1.540018
1.561861
1.597184
1.555613
1.583368
1.603394
1.562261
1.582828
1.593024
1.593730
1.555710
1.602782
1.584714
1.601560
1.545872
1.571238
1.595336
1.545445
1.564705
1.603121
1.564420
1.576024
1.565599
1.601463
1.557463
1.535203
1.581029
1.531127
1.566315
1.528576
1.548685
1.593335
1.518989
1.562181
1.542339
1.565843
1.545487
1.558262
1.532166
1.541837
1.593881
1.644052
1.612287
1.566318
1.561804
1.580232
1.589502
1.561860
1.557793
1.605965
1.556421
1.542343
1.527888
1.561403
1.557077
1.557253
1.551091
1.547996
1.551374
1.554634
1.588167
1.579578
1.551877
1.575386
1.567580
1.545041
1.567539
1.542937
1.593817
1.604152
1.558954
1.558426
1.580227
1.577226
1.540199
1.559061
1.576428
1.521164
1.569372
1.560473
1.582541
1.580042
1.587288
1.589764
1.576628
1.530247
1.554374
1.566394
1.551983
1.565277
1.520767
1.565815
1.542047
1.564135
1.576782
1.606691
1.565203
1.571925
1.577473
1.549072
1.582023
1.559120
1.542733
1.520980
1.528402
1.558632
1.590365
1.580468
1.543494
1.620176
1.545905
1.560097
1.554190
1.564574
1.587685
1.542321
1.551420
1.538238
1.579241
1.589736
1.542948
1.580688
1.544583
1.565633
1.528307
1.548263
1.535720
1.554085
1.571923
1.574825
1.522311
1.563595
1.568512
1.586174
1.581498
1.561594
1.554810
1.623312
1.527369
1.603017
1.556572
1.549353
1.569046
1.574519
1.574433
1.544019
1.594893
1.562865
1.531776
1.563223
1.548385
1.534797
1.528189
1.600544
1.543062
1.567097
1.565610
1.580985
1.540377
1.546144
1.561075
1.578421
1.554165
1.584243
1.545589
1.566315
1.550151
1.546094
1.544125
1.582077
1.595759
1.561915
1.566297
1.515274
1.565889
1.554550
1.570726
1.503885
1.577481
1.566944
1.512913
1.554578
1.545510
1.577543
1.562118
1.541725
1.552540
1.535484
1.541671
1.590243
1.581922
1.553013
1.595405
1.585194
1.571467
1.542926
1.579134
1.561303
1.558828
1.523723
1.550601
1.563646
1.557120
1.565019
1.549752
1.575366
1.547536
1.534501
1.569150
1.572578
1.524754
1.568372
1.576132
1.541183
1.571634
1.561294
1.539530
1.550999
1.598294
1.575402
1.614950
1.542446
1.553153
1.558661
1.540209
1.577053
1.565426
1.538482
1.564231
1.549824
1.553908
1.533685
1.568848
1.545858
1.515403
1.538143
1.591320
1.564392
1.540595
1.541018
1.573344
1.582134
1.552437
1.538817
1.576186
1.548812
1.572500
1.546326
1.560448
1.535411
1.581940
1.528176
1.562825
1.556188
1.556733
1.572062
1.544242
1.543028
1.558724
1.548447
1.552266
1.525871
1.563607
1.557180
1.573250
1.562152
1.551810
1.567795
1.570435
1.535383
1.544015
1.589864
1.589819
1.565945
1.541142
1.560630
1.564910
1.552489
1.546714
1.563382
1.577526
1.538930
