2.302978
2.304887
2.297575
2.295516
2.292185
2.292156
2.293599
2.292176
2.276979
2.271297
2.253975
2.257420
2.249875
2.234079
2.209721
2.210441
2.200116
2.196365
2.168982
2.178711
2.133199
2.143551
2.116176
2.087688
2.027443
2.015575
1.988170
1.935958
1.910757
1.875632
1.894675
1.864154
1.824121
1.820540
1.790769
1.800503
1.787616
1.758120
1.745101
1.764223
1.747427
1.740450
1.704949
1.711297
1.710938
1.712210
1.706580
1.694955
1.691067
1.674584
1.726995
1.696905
1.665634
1.667078
1.670583
1.652481
1.678522
1.637131
1.647882
1.648714
1.660015
1.649550
1.658751
1.636476
1.642838
1.656177
1.642746
1.671466
1.642200
1.657909
1.631948
1.652826
1.628544
1.631065
1.628852
1.625481
1.662050
1.622478
1.598901
1.614806
1.611537
1.626727
1.645618
1.631673
1.592001
1.622446
1.634829
1.645571
1.590047
1.590891
1.621333
1.628439
1.585399
1.637650
1.633462
1.604235
1.587726
1.598817
1.587904
1.617755
1.577938
1.592311
1.611338
1.575866
1.574966
1.600886
1.596381
1.581855
1.581083
1.593696
1.569039
1.590352
1.607337
1.528321
1.574897
1.567426
1.589228
1.557123
1.574147
1.587118
1.581893
1.567042
1.606462
1.562711
1.555955
1.606531
1.569097
1.609316
1.580235
1.580216
1.569178
1.568224
1.560152
1.600940
1.604940
1.558084
1.600366
1.584223
1.579601
1.600792
1.574683
1.550756
1.580270
1.588366
1.551446
1.559405
1.609375
1.551318
1.569315
1.570756
1.585561
1.553316
1.573532
1.565290
1.568117
1.589916
1.553920
1.578545
1.544542
1.588594
1.585072
1.556520
1.554860
1.555399
1.571976
1.570047
1.549462
1.547409
1.547010
1.556607
1.596663
1.552735
1.558085
1.587851
1.546435
1.561256
1.550870
1.592009
1.551033
1.553235
1.537495
1.546323
1.547619
1.553113
1.538201
1.558209
1.542525
1.580851
1.558133
1.532941
1.562836
1.556072
1.559205
1.527084
1.546856
1.559803
1.561179
1.522995
1.543166
1.544095
1.553333
1.551222
1.558121
1.549500
1.556881
1.552106
1.558313
1.536966
1.552092
1.548499
1.553917
1.550409
1.547439
1.579819
1.569718
1.549305
1.545361
1.552906
1.546958
1.554419
1.567461
1.544942
1.544831
1.534054
1.570384
1.548399
1.529057
1.569177
1.522011
1.566487
1.520099
1.573004
1.526152
1.555455
1.540942
1.531074
1.535656
1.565320
1.545215
1.527736
1.534528
1.555987
1.542460
1.540794
1.524330
1.526150
1.552835
1.532562
1.531172
1.545875
1.518104
1.544413
1.576077
1.542785
1.531444
1.554561
1.556612
1.537058
1.522165
1.598214
1.570494
1.532726
1.542561
1.551190
1.554213
1.513799
1.540086
1.534052
1.563784
1.538263
1.541649
1.539100
1.571339
1.545144
1.519438
1.524855
1.527033
1.541579
1.554311
1.527160
1.556521
1.540772
1.529440
1.513824
1.537650
1.528457
1.554893
1.534611
1.541582
1.526918
1.526992
1.517453
1.538213
1.520833
1.505412
1.521939
1.541320
1.512572
1.531570
1.526384
1.548184
1.555951
1.543123
1.526753
1.538954
1.527796
1.537205
1.524043
1.517259
1.550123
1.537795
1.516005
1.548243
1.515416
1.515267
1.514741
1.548173
1.521178
1.514352
1.518248
1.530492
1.533580
1.513171
1.523380
1.520648
1.523180
1.544950
1.557012
1.527461
1.527213
1.525923
1.518099
1.545216
1.530212
1.535719
1.517165
1.534488
1.524011
1.553558
1.537302
1.514305
1.531584
1.532100
1.537146
1.530916
1.548878
1.532786
1.514495
1.507526
1.535546
1.502036
1.527333
1.529397
1.515899
1.503853
1.510995
1.526601
1.525210
1.506899
1.516557
1.513363
1.515846
1.539648
1.535963
1.517771
1.508312
1.532073
1.532321
1.529506
1.546293
1.531994
1.528915
1.508170
1.532064
1.528282
1.536940
1.518568
1.510032
1.533177
1.494960
1.523688
1.514563
1.506550
1.522685
1.520685
1.518725
1.526238
1.509967
1.497983
1.519962
1.540877
1.518429
1.510945
1.513317
1.504846
1.554772
1.503675
1.520533
1.537703
1.514562
1.534542
1.521670
1.508477
1.533591
1.557166
1.518942
1.521115
1.517306
1.512794
1.524560
1.518799
1.521669
1.506228
1.530070
1.494025
1.534573
1.508401
1.486519
1.515911
1.524766
1.530912
1.521585
1.512952
1.494345
1.526112
1.524669
1.522407
1.507134
1.497893
1.529319
1.510342
1.519296
1.512158
1.534461
1.548733
1.516350
1.510274
1.507809
1.519452
1.514800
1.512999
1.509509
1.525907
1.510956
1.511304
1.507886
1.498142
1.513236
1.503493
1.517881
1.509152
1.510981
1.503744
1.527979
1.524638
1.494547
1.517884
1.524645
1.516097
1.492146
1.502666
1.522292
1.497800
1.498825
1.519562
1.502225
1.523778
1.506972
1.509346
1.507368
1.514882
1.531282
1.496796
1.510017
1.495826
1.521479
1.501906
1.534540
1.522486
1.522506
1.489478
1.550586
1.507452
1.489842
1.501591
1.528771
1.508318
1.496635
1.511524
1.500893
1.540113
1.510415
1.520716
1.494120
1.534275
1.492434
1.520609
1.544191
1.504202
1.506858
