2.297457
2.319559
2.306712
2.275869
2.281801
2.271344
2.253786
2.250245
2.231874
2.223856
2.214257
2.188691
2.179003
2.151640
2.137112
2.103867
2.117087
2.065714
2.030923
2.000473
1.986312
1.918625
1.850871
1.849244
1.760014
1.732090
1.642176
1.622342
1.490005
1.388229
1.357493
1.219250
1.193677
1.094077
1.017082
0.956099
0.827648
0.795745
0.615585
0.667173
0.567440
0.627752
0.577710
0.453856
0.569874
0.569070
0.496044
0.620511
0.362422
0.433077
0.357567
0.591880
0.493081
0.619182
0.457469
0.313116
0.279891
0.361853
0.544562
0.208962
0.304728
0.389259
0.408379
0.354345
0.436827
0.304348
0.334055
0.251016
0.290933
0.242855
0.269541
0.233747
0.380317
0.430853
0.362849
0.253731
0.400196
0.188167
0.274587
0.286321
0.351863
0.370837
0.341538
0.342263
0.189431
0.380364
0.196728
0.216024
0.258973
0.269105
0.192657
0.289731
0.197086
0.235309
0.232021
0.239082
0.320633
0.388310
0.180670
0.273091
0.219805
0.158001
0.183722
0.273771
0.334262
0.258866
0.305491
0.304765
0.276995
0.189620
0.205696
0.191305
0.214505
0.232329
0.180254
0.151668
0.204433
0.246532
0.168924
0.226621
0.264716
0.164966
0.170546
0.166388
0.195304
0.268806
0.240358
0.234681
0.248292
0.221609
0.222246
0.190316
0.112340
0.194862
0.189440
0.354021
0.199024
0.266086
0.192863
0.142097
0.170294
0.246641
0.193063
0.203068
0.251646
0.079616
0.330729
0.287309
0.235220
0.216130
0.234846
0.175662
0.197243
0.161726
0.153867
0.124619
0.108101
0.109009
0.239053
0.135251
0.178013
0.179023
0.105211
0.226128
0.141836
0.139669
0.082324
0.477067
0.257520
0.214628
0.119859
0.199458
0.237484
0.183931
0.111966
0.179294
0.090751
0.075420
0.230425
0.255877
0.177614
0.168411
0.160198
0.137602
0.267390
0.157375
0.136517
0.087801
0.220898
0.113850
0.128436
0.055105
0.282292
0.203812
0.097324
0.089114
0.116957
0.197971
0.095476
0.101814
0.107523
0.139632
0.177899
0.146632
0.089125
0.113336
0.205025
0.161828
0.159448
0.087807
0.154656
0.193407
0.178826
0.123273
0.159747
0.307441
0.198633
0.163034
0.124266
0.176293
0.123698
0.074682
0.084294
0.188913
0.114234
0.192008
0.148816
0.128812
0.150521
0.141723
0.165759
0.114082
0.080939
0.102083
0.158036
0.140498
0.118116
0.122216
0.107633
0.151025
0.085522
0.101128
0.193200
0.117767
0.129081
0.102944
0.095875
0.125667
0.152376
0.088667
0.162314
0.085349
0.074596
0.131265
0.080701
0.112350
0.085718
0.165931
0.045997
0.109105
0.129126
0.194673
0.233339
0.353669
0.114875
0.109432
0.063448
0.067693
0.154862
0.131025
0.058409
0.144722
0.161234
0.118861
0.166787
0.104689
0.120503
0.128876
0.100892
0.106445
0.113441
0.114509
0.100929
0.098104
0.122923
0.176250
0.089603
0.156925
0.131043
0.085504
0.083670
0.133407
0.139634
0.078246
0.174398
0.111835
0.106110
0.160134
0.192110
0.120324
0.166650
0.046494
0.061981
0.048045
0.188762
0.097115
0.085300
0.077084
0.090067
0.058977
0.060890
0.134467
0.126656
0.128083
0.076686
0.082795
0.172383
0.086936
0.091058
0.069124
0.140339
0.141429
0.061925
0.125854
0.148833
0.138329
0.061511
0.064657
0.113215
0.147196
0.142896
0.088307
0.086013
0.071843
0.059792
0.086928
0.074392
0.086519
0.092213
0.105329
0.076974
0.123958
0.123035
0.093648
0.034629
0.090793
0.132784
0.059565
0.060022
0.090138
0.099444
0.167398
0.052209
0.139938
0.108599
0.108599
0.056950
0.110223
0.101946
0.251952
0.129288
0.122504
0.061481
0.048003
0.107918
0.113139
0.106284
0.082297
0.112939
0.068632
0.110720
0.090140
0.140159
0.086343
0.148676
0.070215
0.097264
0.107649
0.079405
0.122014
0.044020
0.050065
0.115926
0.052384
0.175236
0.121782
0.054840
0.102141
0.038417
0.140310
0.062278
0.153940
0.050404
0.034220
0.121987
0.077646
0.078921
0.026831
0.051738
0.184652
0.114333
0.168118
0.057114
0.063618
0.092699
0.054241
0.107432
0.062395
0.081494
0.129800
0.130701
0.150539
0.084684
0.076645
0.058448
0.072762
0.086163
0.110333
0.105258
0.037573
0.072984
0.075977
0.069691
0.100618
0.173140
0.020275
0.071982
0.073492
0.054153
0.105280
0.082586
0.271180
0.090559
0.107519
0.043516
0.120028
0.029697
0.036636
0.130297
0.057757
0.151302
0.124681
0.065975
0.042027
0.041807
0.114923
0.115610
0.163011
0.015257
0.184873
0.049488
0.074155
0.032711
0.070956
0.125631
0.025211
0.063649
0.084476
0.102892
0.067999
0.122737
0.064890
0.125207
0.071116
0.154856
0.093665
0.072656
0.086787
0.096575
0.066571
0.028002
0.143617
0.084201
0.068594
0.050568
0.050897
0.065146
0.070297
0.076004
0.014201
0.017864
0.055775
0.101942
0.027433
0.055789
0.150648
0.069432
0.112788
0.068670
0.084126
0.074367
0.105332
0.075323
0.050001
0.062384
0.113332
0.071985
0.168828
0.069289
0.083278
