0.1016
0.1406
0.1484
0.2500
0.2656
0.2969
0.3594
0.2734
0.2578
0.3594
0.3359
0.4609
0.4531
0.5703
0.5781
0.6250
0.5859
0.7188
0.7109
0.7891
0.7578
0.7031
0.7891
0.8047
0.7891
0.8281
0.7734
0.7656
0.8203
0.7969
0.8359
0.8438
0.8438
0.8125
0.7891
0.8359
0.8516
0.8281
0.8594
0.8828
0.8750
0.8594
0.8672
0.8594
0.9062
0.8750
0.9141
0.9219
0.8672
0.8906
0.8828
0.9219
0.9297
0.8672
0.9219
0.8594
0.9141
0.9297
0.9141
0.9297
0.8828
0.9297
0.9297
0.9062
0.8750
0.8984
0.9219
0.9375
0.9219
0.8828
0.9062
0.9219
0.9453
0.9219
0.9297
0.9688
0.8906
0.9141
0.9531
0.9375
0.9062
0.9453
0.9531
0.9609
0.9453
0.9219
0.9453
0.9609
0.9375
0.9453
0.9297
0.9375
0.9219
0.9688
0.9375
0.9609
0.9688
0.9375
0.9141
0.9609
0.9453
0.9531
0.9453
0.9531
0.9688
0.9375
0.9219
0.9375
0.9375
0.9453
0.9453
0.9141
0.9531
0.9375
0.9531
0.9609
0.9844
0.9609
0.9375
0.9297
0.9688
0.9766
0.9766
0.9688
0.9688
0.9531
0.9297
0.9688
0.9531
0.9219
0.9375
0.9297
0.9766
0.9453
0.9453
0.9688
0.9453
0.9375
0.9609
0.9375
0.9922
0.9688
0.9531
0.9531
0.9688
0.9609
0.9531
0.9531
0.9297
0.9844
0.9531
0.9844
0.9688
0.9609
0.9688
0.9609
0.9844
0.9844
0.9609
0.9766
0.9609
0.9609
0.9375
1.0000
0.9766
0.9766
0.9688
0.9297
0.9766
0.9297
0.9609
0.9453
0.9375
0.9375
0.9453
0.9766
0.9766
0.9922
0.9766
0.9766
0.9844
0.9688
0.9453
0.9531
0.9453
0.9766
0.9609
0.9922
0.9688
0.9375
0.9844
0.9844
0.9688
0.9688
0.9688
0.9453
0.9766
0.9688
0.9609
0.9453
0.9766
0.9922
0.9609
0.9609
0.9531
0.9688
0.9609
0.9531
0.9688
0.9844
0.9453
0.9766
0.9922
0.9688
0.9453
0.9688
0.9766
0.9922
0.9844
1.0000
0.9531
0.9766
0.9844
0.9609
0.9844
0.9688
0.9609
1.0000
0.9766
0.9531
0.9688
0.9844
0.9766
0.9922
0.9688
0.9531
0.9609
0.9609
0.9609
0.9844
0.9766
0.9766
0.9609
0.9766
0.9766
0.9766
0.9766
0.9766
0.9766
1.0000
0.9922
0.9844
0.9688
0.9844
0.9844
0.9531
0.9688
0.9922
0.9531
0.9453
0.9609
0.9922
0.9922
0.9844
0.9766
0.9531
0.9609
0.9922
0.9922
0.9609
0.9922
0.9844
0.9688
0.9922
0.9766
1.0000
1.0000
1.0000
0.9922
0.9609
1.0000
0.9922
0.9844
0.9453
0.9844
0.9766
0.9844
0.9766
0.9375
0.9688
0.9766
0.9844
1.0000
0.9688
0.9766
0.9609
0.9531
0.9609
0.9453
0.9609
0.9766
0.9922
0.9766
0.9375
0.9688
0.9609
0.9766
0.9688
0.9844
0.9609
0.9688
0.9844
0.9688
1.0000
0.9922
0.9844
0.9844
0.9688
0.9766
0.9766
0.9766
0.9844
0.9766
0.9844
0.9609
0.9766
0.9844
0.9766
1.0000
0.9609
0.9766
0.9688
0.9844
0.9688
0.9922
0.9844
0.9688
0.9766
0.9844
0.9766
0.9922
0.9844
0.9922
0.9922
0.9688
0.9688
0.9609
0.9766
0.9609
0.9844
0.9844
0.9766
0.9844
0.9844
0.9922
1.0000
0.9375
0.9766
0.9688
0.9688
0.9688
0.9688
0.9922
0.9844
0.9766
0.9766
0.9844
0.9688
0.9609
0.9609
0.9844
0.9766
0.9922
0.9844
0.9844
1.0000
0.9922
0.9922
0.9844
0.9844
0.9688
0.9688
0.9766
0.9766
0.9766
0.9922
0.9766
0.9688
0.9766
0.9922
1.0000
0.9688
0.9766
1.0000
0.9766
0.9844
0.9531
0.9844
0.9609
0.9688
1.0000
0.9297
0.9688
0.9609
0.9844
0.9688
0.9922
0.9844
1.0000
0.9922
0.9844
0.9922
0.9688
1.0000
0.9688
0.9688
0.9922
0.9844
0.9766
0.9766
0.9922
0.9609
0.9844
0.9844
0.9922
0.9922
0.9922
0.9766
0.9688
0.9922
0.9766
0.9766
0.9922
0.9688
0.9688
0.9922
0.9609
0.9844
0.9531
0.9844
0.9844
0.9844
0.9844
0.9922
0.9531
0.9922
0.9922
0.9766
1.0000
0.9922
0.9922
0.9922
0.9766
0.9609
0.9922
1.0000
0.9922
1.0000
0.9766
1.0000
0.9766
0.9844
1.0000
0.9922
0.9766
0.9922
0.9844
0.9922
0.9531
0.9844
0.9844
0.9922
0.9844
0.9844
0.9688
0.9531
0.9688
0.9844
0.9844
0.9766
0.9766
0.9766
0.9609
0.9844
0.9844
1.0000
0.9844
0.9844
0.9844
0.9688
0.9922
0.9844
0.9922
0.9688
0.9844
0.9688
0.9844
0.9844
0.9844
0.9688
