2.286660
2.286158
2.281849
2.282065
2.263326
2.254196
2.242823
2.232148
2.211194
2.212359
2.198822
2.184258
2.125878
2.086896
2.071390
1.980119
1.853118
1.847475
1.782205
1.767969
1.762507
1.762319
1.730369
1.667530
1.721587
1.677218
1.692284
1.756153
1.662612
1.701545
1.645304
1.659954
1.612796
1.661408
1.677543
1.684454
1.632676
1.599004
1.598006
1.589207
1.578384
1.618207
1.620046
1.612437
1.634647
1.607128
1.572885
1.590604
1.570227
1.573525
1.640607
1.612910
1.614732
1.587955
1.564298
1.561192
1.569700
1.574553
1.573209
1.586380
1.560329
1.568881
1.588874
1.566816
1.583134
1.598460
1.550960
1.600421
1.668148
1.646251
1.661706
1.606345
1.589985
1.566342
1.633726
1.583819
1.599869
1.571854
1.583670
1.610535
1.594006
1.569207
1.587353
1.599643
1.603640
1.611449
1.572719
1.556267
1.555149
1.568345
1.567224
1.588537
1.541808
1.544001
1.555396
1.568736
1.542684
1.550048
1.584149
1.602459
1.557204
1.543361
1.553184
1.566764
1.562663
1.550104
1.550009
1.548501
1.582861
1.584546
1.511004
1.504339
1.546296
1.521346
1.583134
1.568316
1.535101
1.538632
1.533627
1.560458
1.541075
1.542633
1.600422
1.543201
1.531459
1.545120
1.563069
1.504725
1.537458
1.515581
1.538550
1.556880
1.576631
1.518522
1.519950
1.534590
1.549230
1.558008
1.538165
1.525007
1.560399
1.526941
1.558559
1.539799
1.528834
1.501352
1.546169
1.544273
1.569533
1.545297
1.528806
1.557818
1.539176
1.517265
1.501559
1.545387
1.557665
1.501333
1.509242
1.567305
1.551043
1.533666
1.581207
1.517264
1.523330
1.534005
1.535863
1.517810
1.520312
1.512161
1.506354
1.537965
1.534873
1.529510
1.541454
1.527400
1.495901
1.518782
1.519454
1.520495
1.514358
1.506829
1.509310
1.499891
1.525149
1.546682
1.516737
1.533613
1.510629
1.560090
1.570458
1.527507
1.525348
1.485922
1.510881
1.504694
1.531480
1.525305
1.530235
1.517356
1.508263
1.508060
1.519593
1.558675
1.531647
1.503129
1.504491
1.492729
1.516896
1.526252
1.504697
1.485670
1.524827
1.490157
1.530269
1.545505
1.510589
1.499546
1.530714
1.511277
1.525820
1.501065
1.522786
1.513115
1.509761
1.523470
1.484008
1.499646
1.498129
1.502095
1.511008
1.538132
1.541513
1.542799
1.508556
1.482903
1.500132
1.489938
1.538116
1.513347
1.514947
1.492448
1.497379
1.502663
1.501443
1.517419
1.494165
1.512713
1.505820
1.505752
1.507158
1.499666
1.503731
1.497658
1.495036
1.527340
1.512569
1.530427
1.513652
1.533835
1.516178
1.526681
1.507819
1.488752
1.496468
1.502899
1.504808
1.519717
1.519408
1.514399
1.498718
1.502643
1.540154
1.505411
1.492737
1.475461
1.501908
1.525700
1.500172
1.511226
1.515891
1.503111
1.515067
1.508593
1.498450
1.490500
1.511993
1.513895
1.531294
1.488747
1.496866
1.500460
1.511194
1.491329
1.493250
1.493285
1.514945
1.490315
1.489802
1.530229
1.522738
1.504709
1.487355
1.494091
1.489980
1.505782
1.503157
1.524769
1.515159
1.502729
1.495530
1.518378
1.496231
1.496423
1.487602
1.510813
1.483005
1.494007
1.484870
1.502227
1.508829
1.509843
1.506502
1.508368
1.508188
1.482898
1.478450
1.506345
1.488651
1.488125
1.531955
1.497824
1.486795
1.509175
1.488845
1.492390
1.510518
1.494548
1.501366
1.517760
1.503298
1.516236
1.498186
1.486962
1.505814
1.505831
1.485642
1.516449
1.505803
1.480773
1.496555
1.505885
1.504714
1.489059
1.491850
1.493044
1.506557
1.489617
1.515936
1.515611
1.503761
1.493148
1.477630
1.501173
1.490528
1.481748
1.478793
1.488098
1.507696
1.495771
1.495668
1.516917
1.502366
1.509630
1.490795
1.509739
1.507573
1.495999
1.479783
1.486147
1.498456
1.494532
1.488654
1.489339
1.504703
1.525297
1.505021
1.493880
1.498591
1.501377
1.485176
1.485918
1.475034
1.515627
1.508936
1.486727
1.478942
1.501849
1.487550
1.486725
1.494850
1.482868
1.502149
1.496573
1.504003
1.522475
1.507540
1.491638
1.492044
1.477118
1.480301
1.492192
1.496211
1.484309
1.487694
1.509641
1.501904
1.510655
1.488985
1.509372
1.485647
1.520853
1.501506
1.491926
1.482512
1.482951
1.471164
1.481017
1.511243
1.500763
1.516546
1.519410
1.523128
1.490320
1.507134
1.471411
1.474752
1.487765
1.475716
1.491680
1.497828
1.484444
1.484340
1.504110
1.494237
1.494954
1.512156
1.489887
1.479917
1.479692
1.467128
1.493694
1.502025
1.502952
1.473768
1.478304
1.483454
1.470261
1.503600
1.490677
1.492282
1.477134
1.510102
1.526414
1.491453
1.482795
1.483503
1.485318
1.470471
1.493100
1.486807
1.499246
1.501401
1.494796
1.500336
1.476843
1.513762
1.478513
1.475619
1.503388
1.484801
1.485458
1.510745
1.486996
1.495544
1.496719
1.498906
1.471608
1.493026
1.479837
1.487636
1.491301
1.489826
1.485881
1.479897
1.483643
1.504413
1.489095
1.499863
1.505601
