2.299958
2.299797
2.298179
2.295770
2.285814
2.281744
2.294737
2.274116
2.263392
2.239224
2.236966
2.218759
2.197874
2.189083
2.148093
2.149935
2.106625
2.116416
2.074103
2.034928
2.001374
2.009234
1.919632
1.910475
1.864971
1.833210
1.852520
1.774022
1.789229
1.768648
1.787484
1.717846
1.783371
1.736045
1.707480
1.726303
1.692496
1.697359
1.694132
1.694936
1.704530
1.667275
1.643905
1.682971
1.682223
1.650768
1.662701
1.641725
1.619908
1.623938
1.653290
1.675718
1.640482
1.652245
1.665557
1.613057
1.610410
1.627381
1.604551
1.639685
1.663948
1.619065
1.598170
1.593262
1.657729
1.612507
1.623332
1.638643
1.595730
1.609000
1.625999
1.584032
1.587488
1.601517
1.619366
1.566923
1.636414
1.595808
1.598577
1.619906
1.615281
1.578700
1.566659
1.569872
1.613171
1.577951
1.580206
1.601143
1.569603
1.604944
1.600915
1.609606
1.577323
1.611699
1.582712
1.591908
1.557491
1.598511
1.626032
1.569908
1.580115
1.575930
1.568395
1.585909
1.589724
1.557609
1.564701
1.553481
1.568573
1.579400
1.544157
1.565039
1.551508
1.563792
1.575318
1.555879
1.589832
1.574663
1.550227
1.563986
1.575460
1.546674
1.559827
1.563144
1.584368
1.555799
1.552367
1.552291
1.586523
1.556881
1.576550
1.590714
1.565897
1.583358
1.551121
1.548592
1.549725
1.539473
1.550225
1.558648
1.548441
1.553813
1.563766
1.557899
1.546752
1.537450
1.566666
1.548556
1.555503
1.553552
1.571321
1.584635
1.573818
1.562583
1.539757
1.542069
1.557943
1.551554
1.520676
1.533061
1.560961
1.551419
1.560704
1.543555
1.560954
1.520808
1.565273
1.550128
1.566724
1.586098
1.529202
1.565308
1.551056
1.547869
1.539405
1.546429
1.521325
1.529954
1.553470
1.523942
1.554815
1.517222
1.572790
1.527772
1.540170
1.538756
1.539554
1.538852
1.531505
1.553186
1.548298
1.529030
1.558881
1.527381
1.532323
1.547302
1.528924
1.526113
1.527851
1.530133
1.548007
1.548711
1.530673
1.564389
1.543553
1.537554
1.529332
1.529479
1.516681
1.555011
1.534122
1.531090
1.516140
1.540889
1.531721
1.532032
1.560648
1.534544
1.563431
1.529134
1.530930
1.541298
1.537766
1.535603
1.543235
1.505478
1.520977
1.553715
1.530362
1.520630
1.515309
1.531253
1.539559
1.515107
1.524600
1.544073
1.518492
1.519457
1.527882
1.520466
1.522772
1.526018
1.540003
1.521498
1.517832
1.560063
1.511609
1.542244
1.524115
1.523003
1.515943
1.561284
1.514594
1.526495
1.514623
1.519664
1.519561
1.534830
1.528320
1.542224
1.511815
1.545700
1.541407
1.535025
1.525951
1.514391
1.519644
1.513861
1.527903
1.531376
1.528688
1.534047
1.511709
1.501956
1.517855
1.511847
1.520193
1.526951
1.506405
1.530786
1.523925
1.510774
1.530192
1.530795
1.525697
1.527502
1.511585
1.506193
1.553606
1.502814
1.536359
1.517666
1.523505
1.537896
1.530237
1.517385
1.510666
1.498873
1.512822
1.517079
1.508840
1.520924
1.528880
1.520242
1.517141
1.509222
1.524684
1.529287
1.511785
1.522951
1.507973
1.514073
1.534425
1.499336
1.518616
1.506740
1.512746
1.491465
1.543630
1.508288
1.513892
1.500257
1.521239
1.521671
1.515667
1.507926
1.501689
1.509779
1.518307
1.521232
1.507682
1.509824
1.518954
1.518337
1.530822
1.517420
1.510280
1.517038
1.503239
1.485208
1.528870
1.539365
1.531747
1.513752
1.498333
1.516879
1.493466
1.514781
1.492340
1.506447
1.495383
1.527611
1.516705
1.507806
1.501331
1.508313
1.510415
1.513352
1.504281
1.501398
1.493229
1.525342
1.506653
1.512766
1.494821
1.507150
1.485874
1.516385
1.501235
1.525542
1.495616
1.531739
1.513757
1.530550
1.514636
1.524492
1.497366
1.499924
1.501993
1.515226
1.508126
1.485825
1.527900
1.496913
1.495489
1.535493
1.509008
1.511904
1.492096
1.512645
1.502971
1.488917
1.511793
1.500440
1.497611
1.513892
1.509014
1.490950
1.497897
1.525238
1.503639
1.500751
1.508280
1.504923
1.496061
1.521209
1.502269
1.507370
1.519332
1.498058
1.481217
1.494909
1.502634
1.491680
1.512567
1.513330
1.498252
1.517196
1.490934
1.496310
1.493187
1.509398
1.508853
1.505068
1.485422
1.504882
1.502401
1.516205
1.499334
1.498538
1.499274
1.501107
1.506089
1.488698
1.492937
1.499369
1.508800
1.491694
1.510991
1.507128
1.497993
1.505800
1.517905
1.493833
1.496208
1.479315
1.500580
1.510146
1.509823
1.504131
1.498294
1.507212
1.511290
1.512430
1.503865
1.481695
1.486028
1.504185
1.507910
1.483816
1.508953
1.492646
1.488631
1.521547
1.505200
1.481049
1.500814
1.498312
1.499302
1.517008
1.512379
1.501731
1.498094
1.490086
1.488580
1.487438
1.493454
1.519095
1.497870
1.510500
1.504351
1.501615
1.497546
1.508428
1.514388
1.503487
1.485877
1.507890
1.481473
1.493660
1.508610
1.488421
1.488091
1.483076
1.488864
1.481794
1.494747
1.490530
1.494768
1.475443
