2.306243
2.289871
2.284485
2.266558
2.262193
2.238032
2.225955
2.184992
2.148597
2.132607
2.079529
2.113843
2.070351
2.074340
2.040884
1.982334
1.947913
1.933911
1.893862
1.811895
1.788711
1.796333
1.778103
1.781232
1.728142
1.698237
1.696972
1.672207
1.698422
1.694036
1.676187
1.673116
1.650818
1.640351
1.613806
1.617640
1.659278
1.595664
1.612062
1.630631
1.614250
1.611185
1.594150
1.650878
1.595700
1.601395
1.574616
1.573489
1.583756
1.577341
1.545561
1.562862
1.547652
1.579091
1.564202
1.583907
1.556797
1.582330
1.569246
1.537361
1.572048
1.609363
1.547918
1.561694
1.568333
1.549609
1.551387
1.568570
1.580119
1.555442
1.573767
1.549527
1.544880
1.548477
1.566448
1.535332
1.507501
1.542869
1.589286
1.538145
1.573567
1.536096
1.541226
1.559257
1.553084
1.537789
1.542398
1.559492
1.540517
1.539562
1.558803
1.533546
1.537292
1.550507
1.558207
1.528858
1.548528
1.546231
1.547444
1.519272
1.548723
1.539480
1.522761
1.531517
1.531261
1.542471
1.520706
1.520667
1.508560
1.563826
1.518006
1.519065
1.529371
1.517110
1.531255
1.525466
1.526687
1.514821
1.531763
1.530560
1.545372
1.521811
1.523531
1.518959
1.500679
1.527820
1.546203
1.520225
1.502950
1.522500
1.552035
1.524264
1.513528
1.523296
1.543542
1.510589
1.514205
1.516452
1.510732
1.521428
1.509040
1.520198
1.504944
1.510069
1.521964
1.525888
1.516271
1.532358
1.540601
1.513825
1.518701
1.501165
1.513708
1.515366
1.519154
1.496168
1.508999
1.513516
1.499218
1.539892
1.496083
1.527817
1.492421
1.504546
1.519272
1.513037
1.518065
1.542948
1.511955
1.492600
1.493604
1.514675
1.505587
1.523114
1.498770
1.503726
1.520727
1.536534
1.509809
1.514196
1.489177
1.508176
1.513253
1.494799
1.520425
1.505321
1.501716
1.509691
1.508778
1.525384
1.505389
1.510363
1.506358
1.520946
1.507424
1.494157
1.500830
1.501691
1.537159
1.513863
1.515014
1.480815
1.501741
1.506158
1.503871
1.496539
1.501272
1.494715
1.503271
1.511327
1.500891
1.494324
1.499983
1.496239
1.506865
1.496539
1.498837
1.494901
1.519805
1.499172
1.529605
1.495965
1.490780
1.496346
1.478420
1.496461
1.504805
1.489382
1.503065
1.501132
1.515826
1.493885
1.503924
1.489971
1.499203
1.486997
1.493941
1.488767
1.492176
1.501035
1.483257
1.496738
1.480400
1.502704
1.486700
1.475394
1.506926
1.519002
1.504195
1.492161
1.499552
1.513883
1.503316
1.489741
1.495281
1.487108
1.509832
1.503572
1.514889
1.498126
1.501668
1.497340
1.496040
1.498698
1.482429
1.493838
1.481910
1.500506
1.495158
1.487513
1.485038
1.481005
1.516879
1.481436
1.503942
1.480946
1.512022
1.491440
1.498341
1.500948
1.474690
1.497949
1.488830
1.507293
1.490812
1.494266
1.497770
1.490308
1.482423
1.496751
1.511451
1.491323
1.495522
1.485479
1.501459
1.504313
1.479010
1.491519
1.500300
1.482261
1.498042
1.487948
1.497424
1.477979
1.497517
1.488836
1.476934
1.517830
1.478811
1.494325
1.499864
1.490364
1.481335
1.503832
1.472752
1.489091
1.504427
1.496518
1.480584
1.490406
1.504209
1.488431
1.492759
1.485102
1.494589
1.477213
1.515945
1.493089
1.487051
1.493456
1.473699
1.477419
1.496097
1.487007
1.496248
1.494436
1.474962
1.489977
1.482351
1.503919
1.491934
1.475095
1.485562
1.493291
1.509156
1.494614
1.480076
1.486620
1.487535
1.469676
1.486382
1.498629
1.487113
1.482299
1.490543
1.477324
1.477851
1.495454
1.492993
1.497919
1.489498
1.502010
1.482551
1.476971
1.474162
1.488671
1.477892
1.474616
1.485439
1.497207
1.478074
1.492127
1.511708
1.489702
1.479562
1.493282
1.488968
1.494353
1.474129
1.470593
1.478303
1.501019
1.487611
1.499174
1.491915
1.493417
1.471092
1.481681
1.496209
1.481595
1.486109
1.485031
1.488949
1.499278
1.478296
1.475158
1.482017
1.484482
1.475662
1.485265
1.479244
1.499207
1.486236
1.478749
1.498150
1.488788
1.483947
1.479911
1.478640
1.475553
1.476881
1.492423
1.490274
1.473112
1.497065
1.502887
1.485790
1.487306
1.486734
1.473076
1.484989
1.496207
1.487336
1.480644
1.486314
1.488767
1.498609
1.482501
1.495582
1.482127
1.474889
1.476673
1.473049
1.500710
1.486067
1.491519
1.476681
1.479578
1.483064
1.479860
1.485190
1.495416
1.489993
1.488797
1.472462
1.484995
1.484531
1.490543
1.473568
1.488116
1.483195
1.475695
1.481041
1.483701
1.481231
1.472714
1.478096
1.483291
1.484790
1.477497
1.475557
1.495097
1.479096
1.482474
1.486963
1.471627
1.488039
1.483852
1.487169
1.490342
1.483632
1.477411
1.484300
1.478693
1.469334
1.483447
1.476453
1.472499
1.474878
1.483008
1.477943
1.472621
1.483300
1.482923
1.482772
1.496618
1.493732
1.477252
1.494756
1.483469
1.486564
1.482617
1.477217
1.485504
1.484924
1.491243
1.479474
1.485027
1.468041
1.472495
