1.500000
1.500000
1.500000
1.488750
1.257917
0.721719
0.604115
0.458125
0.607031
0.674583
0.619531
0.536875
0.483594
0.456667
0.453750
0.519323
0.532760
0.552708
0.512604
0.420260
0.426146
0.429063
0.505000
0.517262
0.497708
0.423750
0.395000
0.378698
0.382031
0.435417
0.411563
0.368438
0.334792
0.335365
0.364167
0.324115
0.306198
0.234531
0.270729
0.351458
0.362031
0.293490
0.219167
0.251146
0.301615
0.313073
0.286406
0.223929
0.265156
0.267917
0.238177
0.183438
0.202917
0.400104
0.242292
0.261927
0.356823
0.303073
0.245729
0.267396
0.231667
0.191458
0.225052
0.239479
0.223385
0.194063
0.181302
0.189010
0.170677
0.173698
0.159792
0.163929
0.164948
0.185052
0.162865
0.160729
0.135677
0.149687
0.155469
0.162083
0.148594
0.152813
0.109844
0.118906
0.136875
0.170052
0.146042
0.121823
0.114740
0.129635
0.131406
0.126979
0.139740
0.125417
0.118698
0.110357
0.120208
0.115104
0.121302
0.104583
0.125938
0.118646
0.115208
0.105885
0.120781
0.083854
0.118906
0.125104
0.113281
0.094948
0.098854
0.106667
0.107448
0.107813
0.096615
0.113125
0.097604
0.101563
0.096979
0.103214
0.112656
0.099531
0.096875
0.094896
0.080885
0.093021
0.078490
0.119167
0.111198
0.087396
0.095104
0.102865
0.102604
0.104167
0.103177
0.104896
0.103177
0.114427
0.088125
0.085521
0.089427
0.101927
0.101198
0.076786
0.086771
0.083333
0.084219
0.093073
0.103333
0.116250
0.095260
0.063750
0.091510
0.086719
0.090677
0.087500
0.088177
0.096771
0.098333
0.079271
0.090521
0.097917
0.103490
0.106094
0.101615
0.091354
0.093073
0.071667
0.106510
0.106042
0.108906
0.099635
0.095156
0.077604
0.074427
0.119583
0.129896
0.245260
0.108594
0.170104
0.103333
0.086406
0.143906
0.157813
0.131094
0.140208
0.143333
0.134688
0.082448
0.108906
0.156250
0.106310
0.076458
0.087917
0.093802
0.134062
0.102604
0.127708
0.100781
0.087448
0.106615
0.114010
0.114896
0.099010
0.118542
0.139583
0.128802
0.064219
0.091667
0.103698
0.073073
0.099375
0.102396
0.095625
0.088281
0.106548
0.090990
0.074792
0.093125
0.105313
0.113281
0.078698
0.071198
0.072240
0.074635
0.077344
0.060833
0.069844
0.074844
0.069531
0.145885
0.189010
0.097448
0.106198
0.090833
0.060833
0.115469
0.089583
0.084896
0.063929
0.087448
0.077552
0.082031
0.078646
0.083333
0.096354
0.068594
0.086719
0.082969
0.075521
0.107813
0.068906
0.138854
0.131823
0.147344
0.124896
0.110313
0.126927
0.073490
0.103854
0.107604
0.109531
0.092656
0.136429
0.126823
0.161719
0.178906
0.085260
0.072396
0.125313
0.103281
0.098281
0.125938
0.153229
0.097500
0.078698
0.125938
0.098854
0.069531
0.081719
0.111250
0.094167
0.067500
0.070260
0.079271
0.091302
0.121198
0.097024
0.066510
0.104635
0.119635
0.141302
0.143542
0.134948
0.138490
0.127917
0.085833
0.118438
0.171146
0.107760
0.061250
0.091094
0.119688
0.114948
0.107240
0.149635
0.117760
0.124583
0.087552
0.064479
0.113073
0.162619
0.129479
0.064479
0.082917
0.106563
0.118021
0.129635
0.154427
0.144740
0.116979
0.137448
0.093385
0.083125
0.122188
0.152240
0.097500
0.054323
0.118802
0.110938
0.088906
0.108333
0.124740
0.133438
0.102135
0.080357
0.097917
0.170365
0.235573
0.124531
0.061354
0.096771
0.128958
0.137083
0.135990
0.122188
0.154635
0.138698
0.128906
0.105625
0.109948
0.136250
0.132656
0.133698
0.179531
0.124167
0.082292
0.083542
0.104688
0.129405
0.159323
0.106146
0.079583
0.074792
0.105313
0.168281
0.174115
0.124219
0.068490
0.094844
0.110417
0.101042
0.109063
0.110521
0.096719
0.084271
0.069375
0.077292
0.111563
0.095781
0.131198
0.124531
0.085417
0.065000
0.105677
0.129635
0.152813
0.114167
0.153385
0.153906
0.145052
0.135052
0.128958
0.084635
0.091615
0.155625
0.158073
0.110833
0.082656
0.097292
0.076146
0.067656
0.085729
0.113125
0.116042
0.095625
0.074948
0.061190
0.094063
0.107604
0.090365
0.071823
0.066354
0.122344
0.153594
0.137292
0.113229
0.126615
0.176250
0.149010
0.089375
0.129479
0.158385
0.144063
0.113698
0.090000
0.107760
0.124115
0.121927
0.071042
0.043438
0.054405
0.129271
0.175833
0.149948
0.116823
0.085729
0.066458
0.081406
0.087865
0.069740
0.085417
0.055417
0.088490
0.079427
0.081563
0.056667
0.044740
0.056198
0.060938
0.050625
0.047969
0.064948
0.061823
0.059740
0.069048
0.056146
0.047656
0.059531
0.060521
0.041458
0.045365
0.040573
0.057240
0.052344
0.047031
0.057604
0.042708
0.045417
0.055365
0.046719
0.062083
0.056719
0.052292
0.053542
0.048490
0.043958
0.049948
0.069792
0.042857
0.070260
0.041094
0.051875
0.051094
0.050365
0.057604
0.052656
0.058333
0.035260
0.056823
0.047031
0.057604
0.055052
0.055313
0.043385
0.036510
0.048594
0.046875
0.043854
0.051771
