2.312435
2.296260
2.285083
2.273390
2.266525
2.238844
2.206010
2.148464
2.055562
1.968241
1.950818
1.897641
1.839250
1.807414
1.781153
1.744645
1.717281
1.745362
1.734814
1.723520
1.679192
1.654739
1.658452
1.655439
1.670970
1.650695
1.631944
1.605307
1.585896
1.594066
1.590997
1.580741
1.605620
1.599213
1.548133
1.558366
1.555306
1.526799
1.569236
1.578915
1.565461
1.571877
1.584302
1.545286
1.550767
1.549152
1.574221
1.565086
1.555080
1.552993
1.534832
1.543123
1.529091
1.580805
1.526985
1.542165
1.538054
1.528359
1.527287
1.579815
1.532041
1.539906
1.541707
1.537531
1.525237
1.554821
1.533938
1.526710
1.543595
1.549907
1.539887
1.519727
1.531035
1.520708
1.535662
1.534484
1.507694
1.531172
1.523401
1.521140
1.530439
1.582388
1.521049
1.499213
1.544260
1.519915
1.514209
1.538830
1.530289
1.556409
1.518643
1.524745
1.498003
1.483552
1.549848
1.538091
1.498585
1.498103
1.522075
1.516035
1.507959
1.540100
1.504692
1.520430
1.502239
1.524862
1.514953
1.494762
1.510015
1.496532
1.501720
1.491102
1.544894
1.490079
1.530897
1.491181
1.536997
1.491437
1.503418
1.490052
1.510147
1.493399
1.495490
1.500554
1.534984
1.508254
1.524904
1.499753
1.518711
1.509245
1.505326
1.491437
1.528504
1.519841
1.499903
1.500854
1.492371
1.518136
1.500695
1.522741
1.513008
1.510517
1.490824
1.522174
1.514002
1.519654
1.512343
1.498164
1.500470
1.503132
1.491596
1.525891
1.494176
1.503100
1.497646
1.490732
1.520893
1.504609
1.501941
1.493529
1.512194
1.518472
1.498882
1.539527
1.513014
1.486723
1.498972
1.477773
1.515983
1.520783
1.504172
1.496742
1.480843
1.520068
1.507416
1.509813
1.501603
1.496493
1.479062
1.487248
1.496993
1.482486
1.492956
1.494693
1.487676
1.491506
1.513612
1.489765
1.509174
1.492338
1.513679
1.499657
1.494705
1.489734
1.488604
1.489624
1.487550
1.477710
1.494204
1.488646
1.505594
1.527319
1.505895
1.497673
1.496401
1.497052
1.502766
1.500680
1.489638
1.498405
1.494773
1.500160
1.494067
1.512470
1.521187
1.479067
1.493265
1.483685
1.476583
1.489686
1.491689
1.520649
1.486844
1.496739
1.520289
1.474791
1.505708
1.490526
1.485710
1.504804
1.497790
1.510882
1.487526
1.496657
1.485309
1.522166
1.488937
1.486295
1.497043
1.508168
1.492202
1.502292
1.502321
1.479902
1.488159
1.503194
1.486807
1.482957
1.496126
1.507508
1.479303
1.479723
1.494730
1.488486
1.492373
1.480054
1.488773
1.506751
1.491440
1.477529
1.495282
1.488811
1.496176
1.485854
1.482629
1.476866
1.487136
1.489093
1.472286
1.487696
1.500856
1.489090
1.492838
1.495466
1.489731
1.502593
1.477242
1.488948
1.476867
1.491504
1.480211
1.524578
1.481958
1.486902
1.484745
1.475894
1.483112
1.487458
1.488552
1.485988
1.491091
1.515206
1.488236
1.478588
1.477533
1.474732
1.479667
1.486180
1.506291
1.476344
1.502582
1.485356
1.503030
1.527092
1.485707
1.506760
1.487683
1.490798
1.483777
1.482962
1.490316
1.503426
1.490835
1.487964
1.487479
1.482961
1.480598
1.476751
1.475517
1.483106
1.476803
1.476727
1.497678
1.499701
1.497889
1.477402
1.482002
1.487369
1.505348
1.486073
1.474442
1.483253
1.484583
1.473572
1.485554
1.487848
1.486761
1.485093
1.487001
1.498063
1.507286
1.480637
1.474751
1.492592
1.490006
1.496338
1.479530
1.490405
1.473431
1.479793
1.475867
1.477694
1.477885
1.474555
1.510201
1.472394
1.496771
1.491571
1.486546
1.481020
1.498162
1.484812
1.481587
1.482030
1.499956
1.476294
1.472022
1.483056
1.482771
1.468444
1.473327
1.474335
1.482742
1.499630
1.481439
1.494821
1.517501
1.485809
1.482048
1.490496
1.478356
1.489514
1.477313
1.474917
1.490398
1.479627
1.485553
1.497974
1.480239
1.494798
1.480385
1.487602
1.476726
1.507283
1.477291
1.487733
1.483095
1.473236
1.473303
1.472164
1.488123
1.482652
1.485230
1.487854
1.483783
1.488657
1.482611
1.484881
1.478428
1.485959
1.474386
1.483775
1.488982
1.471160
1.501947
1.491383
1.495207
1.484767
1.469615
1.520039
1.483539
1.479084
1.470652
1.468285
1.478402
1.475275
1.491650
1.483554
1.493681
1.483775
1.474721
1.491073
1.498458
1.490150
1.477714
1.491777
1.490161
1.476939
1.483273
1.474997
1.475800
1.478424
1.466978
1.495629
1.485565
1.482675
1.487758
1.471554
1.476137
1.481583
1.481752
1.485848
1.479597
1.472421
1.493453
1.470503
1.483064
1.468621
1.477218
1.493842
1.477252
1.473372
1.480220
1.478143
1.483375
1.483306
1.470514
1.480258
1.475501
1.485890
1.472042
1.484396
1.477093
1.477695
1.492680
1.489174
1.483621
1.478942
1.491256
1.481981
1.480468
1.476257
1.471149
1.491032
1.482138
1.509477
1.491859
1.477832
1.475747
1.477334
1.493726
1.476103
1.472939
1.468630
1.477877
1.469948
1.474850
1.480891
1.473164
1.477374
