2.303665
2.301035
2.303207
2.298355
2.298338
2.294533
2.291705
2.286105
2.289356
2.284059
2.277119
2.280934
2.267001
2.258569
2.264320
2.248242
2.238959
2.222658
2.218181
2.218960
2.187569
2.177760
2.175654
2.159914
2.141813
2.134244
2.087767
2.089351
2.040321
2.010910
2.038764
2.018578
1.997286
2.007971
1.942428
1.938565
1.926474
1.854535
1.931141
1.891415
1.856670
1.848129
1.848622
1.814594
1.818301
1.832227
1.809886
1.798968
1.780443
1.782472
1.770820
1.762134
1.750228
1.793938
1.748594
1.774269
1.746044
1.755242
1.749041
1.756863
1.708363
1.723654
1.741618
1.722844
1.710897
1.737043
1.711842
1.730336
1.712765
1.704941
1.713716
1.699233
1.704643
1.703071
1.713637
1.668769
1.659797
1.713811
1.691220
1.662354
1.692456
1.740047
1.689834
1.665583
1.682070
1.690877
1.658225
1.705274
1.674775
1.689704
1.643450
1.665087
1.635936
1.640154
1.686903
1.693267
1.625606
1.643330
1.641958
1.640568
1.635170
1.676916
1.645190
1.648224
1.633258
1.655873
1.640842
1.604134
1.623722
1.621949
1.637162
1.608209
1.676864
1.639847
1.636810
1.633122
1.656910
1.603878
1.635196
1.607009
1.599219
1.608050
1.617723
1.597443
1.670233
1.629003
1.613815
1.617695
1.626201
1.627001
1.623074
1.594194
1.633113
1.620298
1.599523
1.623143
1.611810
1.637717
1.593676
1.653996
1.617058
1.609236
1.592544
1.623518
1.632909
1.603597
1.617210
1.602820
1.588113
1.593762
1.591613
1.624420
1.584791
1.610529
1.588285
1.583729
1.583953
1.602033
1.589642
1.577062
1.616652
1.610831
1.591820
1.646793
1.604238
1.573310
1.603149
1.565250
1.607802
1.618146
1.592093
1.594969
1.568245
1.604222
1.602060
1.598459
1.600458
1.601978
1.569104
1.571239
1.580565
1.572697
1.586141
1.592893
1.570727
1.579313
1.622517
1.553521
1.583329
1.557209
1.597693
1.583331
1.578920
1.566599
1.561916
1.588781
1.557754
1.567686
1.569301
1.555499
1.568700
1.594689
1.579345
1.580725
1.575629
1.582015
1.575332
1.570999
1.563615
1.597238
1.574865
1.588180
1.577744
1.585120
1.616989
1.536734
1.557629
1.566995
1.545160
1.579611
1.556413
1.593815
1.572374
1.579112
1.581733
1.553558
1.586238
1.525558
1.574523
1.578465
1.578350
1.584643
1.550344
1.578965
1.556130
1.602377
1.580694
1.547093
1.568701
1.573134
1.560023
1.574764
1.578546
1.548470
1.546112
1.563556
1.546179
1.548789
1.570362
1.568263
1.537254
1.545717
1.555063
1.551499
1.573305
1.542271
1.572232
1.585742
1.550861
1.547492
1.558685
1.547664
1.576775
1.555170
1.548908
1.544304
1.566019
1.550068
1.525444
1.554414
1.581194
1.552590
1.551048
1.547063
1.553040
1.577492
1.539044
1.532755
1.530677
1.541383
1.561764
1.608025
1.560084
1.540256
1.555321
1.554911
1.540489
1.573106
1.539732
1.564019
1.546579
1.587757
1.534159
1.544576
1.529494
1.513559
1.543751
1.550215
1.574039
1.544472
1.553192
1.549541
1.566211
1.606649
1.553347
1.573364
1.540007
1.559045
1.541190
1.532577
1.573980
1.545389
1.567351
1.532911
1.548826
1.536344
1.543804
1.532158
1.528698
1.553644
1.518204
1.556259
1.553842
1.561592
1.553057
1.533161
1.519799
1.537747
1.581373
1.542546
1.523190
1.537361
1.553802
1.530593
1.544000
1.541641
1.540038
1.535398
1.537306
1.561169
1.572369
1.523911
1.525942
1.546809
1.536937
1.560771
1.518636
1.543460
1.535732
1.560573
1.526438
1.555126
1.538250
1.511323
1.606468
1.517238
1.561652
1.545081
1.538773
1.518958
1.551376
1.555578
1.549872
1.527211
1.555326
1.535055
1.522882
1.533007
1.525839
1.522752
1.515847
1.534093
1.531382
1.549474
1.540048
1.527137
1.582228
1.527971
1.519316
1.544878
1.535291
1.557162
1.531710
1.514424
1.543838
1.529027
1.529316
1.549562
1.528642
1.569188
1.534981
1.547509
1.515336
1.567971
1.537353
1.533971
1.519732
1.534804
1.511134
1.510238
1.547206
1.523627
1.533845
1.542513
1.534950
1.540539
1.535086
1.531720
1.513737
1.537709
1.504966
1.536295
1.549543
1.499200
1.536857
1.534328
1.552205
1.522063
1.520101
1.548560
1.528690
1.550688
1.504982
1.501612
1.530185
1.522585
1.547375
1.535739
1.539742
1.533064
1.517264
1.535050
1.564794
1.548113
1.517761
1.527546
1.536229
1.537475
1.532656
1.512072
1.508658
1.535252
1.502647
1.535066
1.525591
1.530569
1.541849
1.503625
1.533005
1.536049
1.522564
1.534087
1.518785
1.507107
1.547634
1.525749
1.541225
1.513090
1.533375
1.539348
1.511804
1.526041
1.511110
1.509900
1.542785
1.529272
1.503073
1.522496
1.521051
1.532072
1.522613
1.545359
1.520096
1.516557
1.532233
1.536493
1.526931
1.514481
1.523533
1.535856
1.526240
1.520551
1.514779
1.531423
1.526702
1.557103
1.531498
1.513962
1.506313
1.528539
1.544603
1.504988
1.510245
1.509466
1.517560
1.501344
1.523655
1.528977
1.517079
1.520643
