2.316805
2.291797
2.296610
2.271804
2.276044
2.285969
2.237718
2.201943
2.230681
2.157892
2.162207
2.148745
2.111382
2.080389
2.036830
1.938030
1.879588
1.874330
1.819392
1.853171
1.785286
1.661630
1.679792
1.583771
1.492983
1.480263
1.443991
1.376709
1.319201
1.317608
1.211504
1.215477
1.157281
1.040800
1.003147
1.069408
0.985502
0.951113
0.887373
0.808288
0.763485
0.866814
0.685340
0.790092
0.888942
0.657978
0.635891
0.598868
0.611719
0.838454
0.603709
0.506496
0.584675
0.624435
0.569742
0.544441
0.546129
0.781736
0.552315
0.543266
0.499413
0.605857
0.651204
0.589708
0.524949
0.586537
0.428530
0.393760
0.479792
0.415635
0.470007
0.431619
0.595273
0.607238
0.431361
0.408137
0.400376
0.526756
0.349584
0.447652
0.429248
0.427236
0.433163
0.323385
0.389960
0.584314
0.380507
0.523082
0.426957
0.519870
0.440730
0.420905
0.330989
0.414156
0.462627
0.402101
0.433367
0.380758
0.344565
0.425553
0.428559
0.521563
0.421738
0.365304
0.428142
0.582480
0.342606
0.322421
0.382092
0.332612
0.393701
0.499836
0.370365
0.381596
0.289713
0.372342
0.395768
0.375522
0.254212
0.300933
0.372715
0.424414
0.213681
0.476335
0.280996
0.264714
0.367895
0.323937
0.300245
0.368712
0.479914
0.312740
0.359057
0.351674
0.313672
0.362146
0.544785
0.440120
0.390819
0.269318
0.311253
0.375291
0.294487
0.283199
0.389828
0.255724
0.334012
0.310870
0.253666
0.314060
0.505373
0.321033
0.351173
0.362321
0.297536
0.292873
0.390178
0.287094
0.232598
0.334012
0.354679
0.408356
0.279862
0.361892
0.357389
0.328245
0.202072
0.367641
0.406776
0.275704
0.340901
0.257922
0.386398
0.322012
0.265474
0.225115
0.194482
0.362530
0.330212
0.319981
0.220534
0.287084
0.411072
0.290611
0.415231
0.253150
0.374976
0.184613
0.266595
0.264467
0.324604
0.183155
0.184798
0.294198
0.326592
0.208695
0.313433
0.205644
0.275153
0.206482
0.324542
0.232180
0.333551
0.198953
0.187683
0.263780
0.314652
0.337238
0.201903
0.308745
0.330251
0.275761
0.238835
0.409695
0.474519
0.272373
0.240378
0.283199
0.255314
0.221885
0.207917
0.202277
0.197549
0.333005
0.341429
0.339858
0.295472
0.212349
0.110304
0.224017
0.245167
0.332932
0.224837
0.338912
0.198914
0.253303
0.303659
0.167344
0.163284
0.182961
0.304212
0.265323
0.344669
0.138710
0.354050
0.261499
0.401126
0.245217
0.253284
0.254856
0.196990
0.232336
0.227262
0.266799
0.356619
0.348555
0.248676
0.258875
0.143502
0.164682
0.159043
0.232889
0.215546
0.233336
0.280083
0.261064
0.275417
0.138499
0.311451
0.208461
0.202519
0.250980
0.245898
0.187278
0.249063
0.230448
0.204660
0.236176
0.146364
0.234417
0.212258
0.240219
0.294936
0.347736
0.238069
0.175637
0.263922
0.228311
0.195681
0.272974
0.209135
0.210533
0.162589
0.212828
0.160722
0.210909
0.227101
0.169432
0.231610
0.158027
0.254062
0.304212
0.221910
0.171386
0.185670
0.187804
0.285945
0.281478
0.161683
0.235163
0.234078
0.183400
0.199250
0.246058
0.285716
0.150919
0.188427
0.173028
0.187581
0.173061
0.220552
0.193493
0.210224
0.160247
0.162337
0.267916
0.246312
0.191745
0.142758
0.134354
0.223137
0.202367
0.154757
0.279381
0.134884
0.287875
0.242347
0.290174
0.135475
0.251563
0.223829
0.250525
0.259849
0.205583
0.232347
0.292972
0.205311
0.225243
0.287102
0.156758
0.206920
0.196058
0.128620
0.161280
0.290596
0.169888
0.144695
0.232468
0.176724
0.131992
0.233088
0.192862
0.228422
0.315755
0.153211
0.202839
0.128584
0.172154
0.089813
0.134269
0.225252
0.172429
0.240005
0.141513
0.274558
0.129659
0.101144
0.203674
0.179008
0.204437
0.173636
0.153593
0.171131
0.218777
0.157927
0.170252
0.129798
0.243127
0.109057
0.123090
0.236218
0.233009
0.221904
0.235695
0.169621
0.255780
0.121086
0.177761
0.245867
0.246139
0.217529
0.266395
0.153013
0.231149
0.136644
0.200214
0.115504
0.232192
0.231274
0.109219
0.166414
0.172211
0.278826
0.130150
0.213730
0.193107
0.158915
0.182825
0.179435
0.274961
0.144971
0.146239
0.197454
0.189150
0.277084
0.118084
0.116437
0.216664
0.113573
0.170395
0.187353
0.126906
0.114251
0.214623
0.333055
0.132806
0.212801
0.224467
0.109096
0.198034
0.233190
0.335255
0.170737
0.134344
0.255291
0.219070
0.157581
0.109691
0.167852
0.212897
0.190274
0.150624
0.133949
0.243933
0.110119
0.160964
0.183096
0.225712
0.110589
0.197750
0.177363
0.156648
0.148553
0.112143
0.171296
0.222480
0.148962
0.177828
0.123980
0.162805
0.269692
0.121090
0.260887
0.280914
0.167743
0.209211
0.101447
0.238659
0.091822
0.126188
0.246979
0.171395
0.133631
0.169573
0.154386
0.140382
0.215547
0.214936
0.141624
0.131485
0.160014
0.108059
0.161740
0.086267
0.105442
0.150668
0.131581
0.224862
0.151623
0.174479
