2.305482
2.304970
2.301452
2.300368
2.301418
2.302465
2.301163
2.299292
2.299824
2.293628
2.281484
2.282866
2.265847
2.257343
2.243021
2.245038
2.228982
2.232491
2.236291
2.237312
2.250796
2.253274
2.288503
2.253989
2.265384
2.234864
2.195695
2.204349
2.149122
2.121032
2.070320
2.006643
1.994703
1.928255
1.977415
1.935550
1.963084
1.993583
1.896113
1.854771
1.853777
1.852219
1.886931
1.832931
1.856106
1.856264
1.784256
1.752689
1.743221
1.778186
1.776154
1.765104
1.751374
1.736033
1.746685
1.762900
1.766005
1.797359
1.685588
1.727804
1.724452
1.716356
1.722868
1.700766
1.704219
1.698820
1.730585
1.713812
1.677792
1.700378
1.680245
1.704959
1.695123
1.698498
1.706437
1.679265
1.697174
1.677323
1.658511
1.642737
1.657646
1.703216
1.668017
1.691478
1.649701
1.645874
1.672760
1.660498
1.677043
1.675456
1.675862
1.652527
1.660259
1.679159
1.666707
1.678259
1.640479
1.607347
1.662854
1.663114
1.667104
1.620965
1.646907
1.661975
1.646260
1.619040
1.633928
1.643355
1.641698
1.619959
1.661223
1.621713
1.657073
1.626949
1.630829
1.606095
1.652969
1.625501
1.620026
1.632442
1.634477
1.647083
1.625218
1.628445
1.608449
1.655369
1.625560
1.628517
1.602804
1.581321
1.607974
1.599292
1.630241
1.612642
1.631165
1.579886
1.613684
1.586571
1.625968
1.602125
1.609285
1.597000
1.595670
1.611809
1.625144
1.624354
1.642450
1.594041
1.606157
1.567515
1.553216
1.629595
1.593394
1.609652
1.596006
1.583566
1.573455
1.587139
1.572863
1.589764
1.578394
1.562921
1.584945
1.594993
1.571703
1.587020
1.642070
1.602599
1.596644
1.605402
1.638764
1.606053
1.580287
1.598387
1.615623
1.602719
1.571734
1.583586
1.594889
1.583843
1.575359
1.561174
1.581118
1.573931
1.575194
1.607992
1.613111
1.566668
1.594910
1.570124
1.611360
1.565694
1.566905
1.591985
1.575046
1.613644
1.547452
1.581280
1.586476
1.587224
1.575570
1.554686
1.568229
1.596216
1.551232
1.580102
1.548536
1.555304
1.591051
1.558527
1.559837
1.556473
1.575195
1.585118
1.569091
1.580075
1.593828
1.557078
1.578095
1.576433
1.562654
1.577684
1.579334
1.563137
1.554790
1.553828
1.557193
1.571076
1.553742
1.573990
1.541846
1.584904
1.553048
1.553115
1.598197
1.542869
1.581361
1.543271
1.570754
1.566477
1.567329
1.552952
1.570925
1.542896
1.539809
1.543305
1.534381
1.561232
1.574376
1.562476
1.573473
1.568056
1.569441
1.533856
1.545213
1.548006
1.555298
1.593265
1.569155
1.538696
1.565321
1.558859
1.554413
1.522530
1.549029
1.555701
1.560768
1.539315
1.534883
1.548174
1.555277
1.557315
1.529443
1.558878
1.539117
1.560011
1.560399
1.575646
1.548185
1.563062
1.520905
1.560690
1.543028
1.565648
1.559726
1.531590
1.547456
1.591833
1.542799
1.587197
1.525229
1.546846
1.539157
1.534497
1.536554
1.525751
1.552714
1.560450
1.527751
1.553359
1.549099
1.527839
1.557257
1.559943
1.535057
1.545305
1.547985
1.549652
1.560964
1.560357
1.548582
1.565435
1.534975
1.523800
1.530277
1.551697
1.542916
1.558369
1.554053
1.537620
1.550069
1.539931
1.541500
1.547951
1.573994
1.531267
1.551951
1.554125
1.534647
1.521761
1.524378
1.531261
1.534821
1.510964
1.517417
1.535392
1.509937
1.535275
1.563566
1.535146
1.547632
1.514046
1.571416
1.559749
1.550246
1.525774
1.537706
1.568362
1.523099
1.535807
1.547370
1.529984
1.546079
1.530558
1.517482
1.545847
1.519669
1.517448
1.517893
1.537113
1.516939
1.536638
1.527594
1.537138
1.531056
1.549795
1.522404
1.522668
1.540877
1.521909
1.514498
1.532702
1.521671
1.559162
1.545383
1.534893
1.536089
1.568491
1.520721
1.524045
1.506922
1.541111
1.556085
1.557220
1.535186
1.525976
1.551877
1.537835
1.540398
1.519839
1.526751
1.528139
1.534437
1.535162
1.535704
1.534001
1.513673
1.529654
1.534337
1.549733
1.529637
1.500915
1.542388
1.526702
1.519489
1.559084
1.522465
1.515837
1.533900
1.522078
1.515468
1.520238
1.517303
1.535585
1.515764
1.538363
1.514418
1.524397
1.538770
1.521886
1.536644
1.508027
1.528166
1.507105
1.539727
1.499414
1.527455
1.545181
1.523693
1.528497
1.570556
1.530488
1.500062
1.507432
1.543426
1.518122
1.512249
1.518571
1.527595
1.537132
1.492778
1.533141
1.524338
1.534789
1.518322
1.516135
1.509574
1.540498
1.516667
1.546586
1.538439
1.550903
1.528838
1.506982
1.526383
1.542019
1.525792
1.516820
1.509756
1.533268
1.540234
1.512936
1.510126
1.535640
1.508384
1.522270
1.513424
1.520322
1.517118
1.530428
1.513638
1.524061
1.517678
1.522181
1.512813
1.509078
1.520870
1.523896
1.530945
1.500427
1.526780
1.543167
1.514979
1.510705
1.520428
1.520501
1.511587
1.521592
1.508625
1.533208
1.540643
1.515386
1.525939
1.537942
1.504153
1.541045
1.523188
1.507000
1.531630
1.525665
