2.306892
2.304314
2.304204
2.299896
2.297164
2.294142
2.287981
2.283831
2.277296
2.266140
2.264326
2.252893
2.223617
2.216123
2.223113
2.171345
2.156347
2.044258
2.013808
2.025607
1.977065
1.972244
1.903833
2.010898
1.941472
1.969665
1.913355
1.897283
1.823937
1.946631
1.859560
1.838637
1.853558
1.832817
1.792802
1.834768
1.790074
1.751312
1.766003
1.778876
1.747403
1.778106
1.750869
1.743420
1.701228
1.727283
1.719231
1.736251
1.727117
1.725423
1.714019
1.742677
1.674207
1.685594
1.699250
1.721878
1.726034
1.710929
1.700068
1.682090
1.672965
1.675253
1.649351
1.697601
1.667106
1.659099
1.695001
1.651033
1.691920
1.685255
1.668391
1.652681
1.620986
1.686736
1.662070
1.672057
1.631133
1.651783
1.679275
1.717742
1.680417
1.698572
1.627880
1.678746
1.734885
1.654090
1.651188
1.638853
1.642635
1.662669
1.581488
1.692878
1.669774
1.651227
1.663047
1.664640
1.609760
1.623588
1.636469
1.658835
1.639290
1.626925
1.594812
1.579044
1.583014
1.592355
1.601839
1.578285
1.599113
1.566328
1.568593
1.563824
1.555616
1.588533
1.570507
1.549651
1.552894
1.572466
1.572447
1.587055
1.587055
1.553702
1.546615
1.572281
1.602731
1.540499
1.567103
1.556033
1.574713
1.530579
1.559920
1.547333
1.565371
1.558724
1.544342
1.558465
1.544716
1.546881
1.530183
1.556544
1.564853
1.524433
1.542601
1.548050
1.547268
1.549999
1.531642
1.545052
1.557995
1.570534
1.529888
1.545775
1.543018
1.561414
1.536241
1.547472
1.539896
1.551799
1.537887
1.519638
1.537029
1.533005
1.543057
1.557657
1.532550
1.542538
1.543207
1.552382
1.548616
1.546079
1.573145
1.531263
1.534070
1.546703
1.551196
1.540694
1.542621
1.527793
1.549914
1.537463
1.532145
1.536373
1.521927
1.533632
1.516636
1.539897
1.517401
1.536667
1.533103
1.536266
1.521491
1.511509
1.541389
1.523347
1.516195
1.527408
1.536391
1.532740
1.514672
1.531300
1.525990
1.522848
1.528554
1.530720
1.561303
1.509878
1.519537
1.527401
1.542288
1.543517
1.540542
1.565269
1.526314
1.512660
1.514835
1.518576
1.539387
1.519016
1.524298
1.514913
1.525305
1.541066
1.516055
1.528019
1.539849
1.527043
1.539018
1.530658
1.538985
1.513966
1.522199
1.517007
1.511490
1.508284
1.519864
1.526030
1.522245
1.510462
1.519457
1.517292
1.524300
1.505767
1.534479
1.503231
1.537457
1.523875
1.520861
1.545887
1.525820
1.515142
1.520225
1.512827
1.502846
1.545446
1.527647
1.525845
1.516297
1.509388
1.511410
1.511359
1.528841
1.516136
1.510186
1.501949
1.506886
1.526695
1.515765
1.511000
1.529972
1.518239
1.508103
1.509577
1.507888
1.503251
1.521493
1.522915
1.519214
1.515020
1.515229
1.522508
1.511936
1.528527
1.513002
1.524187
1.526805
1.509677
1.515487
1.535478
1.507744
1.512241
1.533614
1.514343
1.498548
1.499531
1.523424
1.494258
1.500091
1.515601
1.521075
1.525187
1.501898
1.510140
1.514075
1.522734
1.514952
1.519150
1.525639
1.505087
1.521095
1.517888
1.505981
1.513731
1.521328
1.516151
1.508829
1.506597
1.521930
1.503919
1.499899
1.504123
1.501723
1.511355
1.499095
1.509516
1.517024
1.513518
1.537005
1.507641
1.528763
1.510739
1.513808
1.509013
1.507051
1.499988
1.505388
1.519504
1.505548
1.518347
1.512196
1.498385
1.512255
1.509494
1.510002
1.514653
1.503476
1.504315
1.518064
1.514113
1.507725
1.517197
1.513127
1.519489
1.503456
1.499911
1.492946
1.508715
1.507388
1.516193
1.504796
1.517935
1.506735
1.505501
1.513428
1.510860
1.502223
1.511449
1.506216
1.499796
1.507299
1.499961
1.507601
1.523281
1.523043
1.512359
1.491098
1.492735
1.500173
1.516218
1.508305
1.503403
1.517651
1.512868
1.509707
1.512388
1.489717
1.492140
1.508916
1.499630
1.505533
1.504242
1.509435
1.508586
1.510403
1.504144
1.517574
1.494276
1.500391
1.500481
1.509829
1.513678
1.521240
1.509768
1.512733
1.517319
1.510947
1.492378
1.495265
1.519500
1.501742
1.504300
1.490179
1.501206
1.519785
1.502844
1.504946
1.502863
1.500411
1.485710
1.506983
1.505091
1.504019
1.519515
1.509049
1.502743
1.504957
1.503039
1.498998
1.515320
1.503948
1.501132
1.494327
1.508791
1.497983
1.515854
1.522576
1.499281
1.492790
1.528093
1.492780
1.486676
1.497092
1.508034
1.505859
1.504042
1.496723
1.505553
1.497018
1.508378
1.509880
1.504416
1.492366
1.490477
1.511623
1.493479
1.495027
1.498626
1.500431
1.501299
1.511110
1.505025
1.499744
1.501522
1.494216
1.488853
1.489997
1.522584
1.503247
1.499724
1.500685
1.498609
1.497687
1.499322
1.496355
1.512472
1.495938
1.492936
1.506586
1.496153
1.503145
1.520440
1.491062
1.499876
1.491850
1.510312
1.497654
1.486491
1.491905
1.500414
1.521901
1.506214
1.498728
1.512482
1.498168
1.511800
1.485077
1.496829
1.487791
1.499871
1.494182
1.498056
