2.304491
2.303931
2.302709
2.302709
2.302585
2.302709
2.302585
2.302585
2.302585
2.302709
2.303081
2.303328
2.302833
2.302585
2.302585
2.302585
2.302585
2.302585
2.302585
2.302585
2.302585
2.302585
2.302585
2.302585
2.302585
2.302585
2.302585
2.302585
2.302585
2.302585
2.302585
2.302585
2.302585
2.302585
2.302585
2.302585
2.302585
2.302585
2.302585
2.302585
2.302585
2.302585
2.302585
2.302585
2.302585
2.302585
2.302585
2.302585
2.302585
2.302585
2.302585
2.302585
2.302585
2.302585
2.302585
2.302585
2.302585
2.302585
2.302585
2.302585
2.302585
2.302585
2.302585
2.302585
2.302585
2.302585
2.302585
2.302585
2.302585
2.302585
2.302585
2.302585
2.302585
2.302585
2.302585
2.302585
2.302585
2.302585
2.302585
2.302585
2.302585
2.302585
2.302585
2.302585
2.302585
2.302585
2.302585
2.302585
2.302585
2.302585
2.302585
2.302585
2.302585
2.302585
2.302585
2.302585
2.302585
2.302585
2.302585
2.302585
2.302585
2.302585
2.302585
2.302585
2.302585
2.302585
2.302585
2.302585
2.302585
2.302585
2.302585
2.302585
2.302585
2.302585
2.302585
2.302585
2.302585
2.302585
2.302585
2.302585
2.302585
2.302585
2.302585
2.302585
2.302585
2.302585
2.302585
2.302585
2.302585
2.302585
2.302585
2.302585
2.302585
2.302585
2.302585
2.302585
2.302585
2.302585
2.302585
2.302585
2.302585
2.302585
2.302585
2.302585
2.302585
2.302585
2.302585
2.302585
2.302585
2.302585
2.302585
2.302585
2.302585
2.302585
2.302585
2.302585
2.302585
2.302585
2.302585
2.302585
2.302585
2.302585
2.302833
2.302585
2.302833
2.302709
2.302585
2.302833
2.302585
2.302833
2.302709
2.302833
2.302585
2.302585
2.302585
2.302709
2.302940
2.302709
2.302957
2.302957
2.302957
2.302709
2.302957
2.303204
2.302585
2.302833
2.302585
2.303080
2.302709
2.302585
2.303063
2.302956
2.302940
2.303204
2.302709
2.302833
2.302585
2.303187
2.302956
2.303683
2.302940
2.302709
2.303824
2.302957
2.302585
2.303756
2.303328
2.303559
2.303452
2.303576
2.303328
2.302957
2.303328
2.303948
2.303559
2.304319
2.302585
2.303418
2.303081
2.304533
2.303452
2.304072
2.304285
2.303418
2.303435
2.303187
2.303328
2.305175
2.303504
2.303790
2.303807
2.302957
2.305315
2.302957
2.303807
2.304674
2.305152
2.303435
2.304111
2.304409
2.304871
2.304358
2.303525
2.302902
2.307387
2.304623
2.306520
2.305259
2.306059
2.304127
2.305597
2.305282
2.304837
2.306640
2.305986
2.305223
2.311738
2.306695
2.308148
2.306020
2.304521
2.302567
2.304159
2.307738
2.309865
2.311224
2.308157
2.305550
2.307494
2.306347
2.306533
2.306072
2.309609
2.311597
2.311510
2.312851
2.307866
2.296630
2.302191
2.314199
2.310839
2.319024
2.313518
2.305990
2.301288
2.304828
2.307005
2.311191
2.313989
2.315064
2.309689
2.309706
2.324902
2.314284
2.314407
2.319041
2.323775
2.313241
2.303860
2.303113
2.300955
2.306130
2.310030
2.312378
2.315017
2.312800
2.306319
2.309713
2.336954
2.319842
2.317665
2.316970
2.307399
2.309799
2.292341
2.309018
2.333230
2.325872
2.335397
2.322934
2.315656
2.317461
2.307214
2.318766
2.320719
2.332824
2.327750
2.343667
2.331120
2.319599
2.322736
2.329508
2.335677
2.334941
2.271616
2.356198
2.394242
2.355850
2.326471
2.285214
2.264213
2.324670
2.330195
2.374005
2.357016
2.338079
2.310753
2.333380
2.344372
2.330386
2.307650
2.356183
2.340634
2.449159
2.373508
2.441566
2.364133
2.348594
2.311801
2.277842
2.258925
2.313579
2.289319
2.323577
2.338187
2.357899
2.347347
2.324556
2.292619
2.357616
2.426289
2.395978
2.385824
2.384053
2.286685
2.226106
2.230112
2.343533
2.421753
2.426753
2.325735
2.315635
2.319149
2.339609
2.318496
2.311281
2.238045
2.192094
2.165577
2.270385
2.376606
2.425977
2.410819
2.427183
2.413261
2.365966
2.309010
2.272816
2.295943
2.354035
2.321774
2.369365
2.373183
2.365011
2.421546
2.414417
2.391175
2.391796
2.366239
2.270375
2.182316
2.193705
2.275220
2.342839
2.386889
2.399561
2.367458
2.474401
2.386285
2.345423
2.273726
2.202637
2.260212
2.345914
2.449467
2.374768
2.349474
2.377700
2.385246
2.399194
2.321144
2.279639
2.310037
2.308194
2.370137
2.425706
2.436368
2.444146
2.393213
2.340282
2.305270
2.321813
2.378050
2.439744
2.395182
2.411785
2.404898
2.431993
2.362109
2.401623
2.435133
2.456942
2.390693
2.356744
2.363398
2.331321
2.266178
2.244823
2.265507
2.370499
2.405590
2.408168
2.405863
2.419784
2.397615
2.389689
2.434807
2.431198
2.414735
2.374159
2.343678
2.361255
2.422776
2.429501
2.429677
2.411129
2.398676
2.270167
2.286903
2.253457
2.239407
2.360806
2.372049
2.411650
2.421781
2.394474
2.287456
2.195763
2.243050
2.324257
2.367974
2.393820
2.397522
2.371352
2.375307
2.396969
2.365893
2.378356
2.323292
2.272172
