2.306970
2.305475
2.305617
2.299989
2.298830
2.286240
2.266709
2.259680
2.238940
2.217707
2.203898
2.201031
2.179072
2.161103
2.132902
2.102294
2.077822
2.011995
1.942459
1.917564
1.937441
1.879425
1.880334
1.854225
1.821823
1.828150
1.804277
1.763257
1.772641
1.774873
1.774664
1.711802
1.732462
1.769991
1.733342
1.768304
1.687318
1.674300
1.665683
1.640649
1.722914
1.660399
1.650853
1.630030
1.641158
1.659704
1.636449
1.604924
1.643695
1.638816
1.654556
1.649699
1.615506
1.614894
1.631689
1.594821
1.597134
1.608969
1.603606
1.632688
1.600265
1.590841
1.603863
1.582701
1.590019
1.606259
1.572828
1.556239
1.574872
1.573114
1.585098
1.581077
1.588199
1.595255
1.605409
1.596755
1.562580
1.590222
1.578768
1.580030
1.582619
1.562200
1.579111
1.564441
1.573117
1.539446
1.533355
1.610908
1.591516
1.585366
1.544743
1.580164
1.557162
1.574442
1.613860
1.556311
1.557446
1.581275
1.565491
1.553495
1.548244
1.555337
1.553097
1.561882
1.541125
1.575961
1.526816
1.576296
1.556603
1.590928
1.554552
1.567885
1.524802
1.535202
1.572091
1.566630
1.546787
1.559187
1.537062
1.550860
1.549327
1.577388
1.546803
1.560513
1.571627
1.548666
1.549046
1.528123
1.531410
1.541152
1.537353
1.550401
1.569492
1.573837
1.545877
1.550761
1.531701
1.543808
1.559286
1.516371
1.512199
1.554650
1.552306
1.529919
1.546317
1.525710
1.550837
1.548358
1.522734
1.538834
1.526899
1.513746
1.537104
1.525770
1.530828
1.544887
1.559531
1.552688
1.531938
1.538535
1.519839
1.549677
1.530408
1.497629
1.509222
1.551919
1.522432
1.531847
1.551887
1.542897
1.507468
1.532316
1.513439
1.536975
1.546652
1.553470
1.534972
1.527547
1.524253
1.524451
1.560217
1.511988
1.534722
1.506971
1.502973
1.544455
1.533949
1.571928
1.541479
1.530153
1.510405
1.526695
1.511506
1.531421
1.522176
1.526152
1.537037
1.512579
1.548496
1.540484
1.512038
1.524776
1.517261
1.538731
1.548348
1.550929
1.525859
1.534819
1.530815
1.521642
1.533728
1.522673
1.519824
1.521447
1.515416
1.498064
1.525693
1.508916
1.542597
1.523312
1.526931
1.498780
1.506800
1.507581
1.520425
1.528712
1.497213
1.515571
1.506958
1.513981
1.511867
1.518953
1.513678
1.509744
1.551716
1.509602
1.510732
1.528390
1.535071
1.510427
1.524408
1.509148
1.517764
1.541619
1.518673
1.520595
1.516732
1.538512
1.509837
1.505797
1.497460
1.531589
1.515599
1.496448
1.506179
1.505299
1.489880
1.533435
1.505616
1.526922
1.512847
1.518880
1.503856
1.547793
1.527793
1.518078
1.529671
1.506190
1.515460
1.530563
1.514355
1.499184
1.488374
1.510482
1.507695
1.506324
1.501425
1.521606
1.512159
1.512432
1.512431
1.503336
1.495964
1.518978
1.491150
1.525136
1.518907
1.527212
1.511134
1.514472
1.517940
1.502521
1.497382
1.531999
1.502686
1.507044
1.515469
1.489546
1.528010
1.516431
1.507129
1.507063
1.542488
1.495497
1.517952
1.509950
1.515536
1.507104
1.504844
1.501320
1.494411
1.493402
1.511747
1.516959
1.526396
1.510711
1.511288
1.492539
1.507626
1.493985
1.509986
1.493742
1.506524
1.524086
1.529447
1.495399
1.503302
1.510919
1.512544
1.493867
1.492893
1.542173
1.503859
1.489697
1.534062
1.495410
1.499833
1.507340
1.491365
1.499563
1.523287
1.514045
1.527432
1.497205
1.530445
1.513553
1.496892
1.495172
1.498099
1.525515
1.499293
1.503609
1.502077
1.487764
1.497260
1.501348
1.488906
1.513618
1.507394
1.495341
1.485781
1.492589
1.498346
1.501815
1.516518
1.508379
1.516778
1.524205
1.495193
1.510970
1.489519
1.498892
1.498566
1.518886
1.505553
1.502084
1.484591
1.505764
1.505946
1.526183
1.497642
1.489723
1.493696
1.488534
1.518556
1.487945
1.499857
1.497874
1.507679
1.544634
1.495638
1.499059
1.479481
1.492399
1.489180
1.496284
1.502975
1.509046
1.504424
1.489131
1.498868
1.496308
1.513916
1.507894
1.496365
1.519265
1.506048
1.488782
1.505888
1.510991
1.478392
1.493558
1.496442
1.507129
1.509602
1.494144
1.495483
1.498228
1.512159
1.501449
1.501749
1.509096
1.497519
1.500676
1.501910
1.497285
1.511788
1.498328
1.491666
1.504341
1.492659
1.502721
1.531583
1.492253
1.506594
1.499213
1.494285
1.483504
1.499547
1.497589
1.495423
1.478379
1.498549
1.494062
1.489896
1.497037
1.498766
1.497845
1.486650
1.502230
1.477384
1.491634
1.501858
1.498671
1.491228
1.497355
1.492950
1.489828
1.497394
1.496995
1.473935
1.492967
1.521407
1.478410
1.514811
1.489046
1.503836
1.494108
1.489985
1.501809
1.479015
1.520056
1.499009
1.484113
1.499918
1.474325
1.499851
1.503526
1.488923
1.494515
1.501374
1.508262
1.512257
1.496529
1.493389
1.503232
1.499265
1.489171
1.496446
1.486812
1.502223
1.478781
1.509880
1.495097
1.486455
1.495265
1.475986
1.504872
1.499107
1.507759
