2.328643
2.311711
2.311537
2.304935
2.333061
2.317417
2.247385
2.193520
2.101392
2.045613
2.045389
2.103176
2.078439
1.971540
1.891555
1.817453
1.824802
1.851870
1.880401
1.824059
1.741056
1.685662
1.774239
1.702344
1.671356
1.735743
1.701599
1.625107
1.630016
1.644645
1.701115
1.631881
1.652914
1.643861
1.652434
1.664778
1.619425
1.599335
1.620226
1.572195
1.596359
1.632241
1.619884
1.592654
1.565136
1.603051
1.678949
1.595274
1.578949
1.604122
1.626790
1.583765
1.579560
1.572761
1.571985
1.597228
1.558625
1.587338
1.575330
1.555910
1.583147
1.605070
1.571946
1.559213
1.605422
1.575543
1.557018
1.550662
1.623227
1.571000
1.555668
1.566794
1.569532
1.555766
1.605765
1.580435
1.581290
1.557957
1.553691
1.569998
1.568305
1.557920
1.572169
1.562643
1.561712
1.578868
1.590420
1.566852
1.563718
1.549551
1.558137
1.579539
1.582239
1.586257
1.544949
1.551248
1.566956
1.560257
1.549156
1.549051
1.566930
1.577651
1.549974
1.573285
1.539659
1.583902
1.574804
1.558529
1.556656
1.543275
1.540585
1.565420
1.564643
1.569724
1.569092
1.560016
1.549273
1.579260
1.537561
1.568095
1.577852
1.573298
1.550436
1.569096
1.580490
1.587253
1.552382
1.529011
1.603928
1.540561
1.522652
1.538593
1.550647
1.552698
1.548746
1.543644
1.554272
1.539718
1.528570
1.550690
1.559879
1.522414
1.523413
1.564762
1.583754
1.521656
1.516737
1.553472
1.562149
1.542510
1.518333
1.522487
1.554496
1.534451
1.511806
1.532121
1.553997
1.530470
1.537761
1.516309
1.542587
1.552580
1.534685
1.530476
1.529390
1.523250
1.530848
1.554653
1.546968
1.529623
1.563230
1.551065
1.531259
1.540606
1.550916
1.562671
1.549864
1.555284
1.555642
1.516676
1.543052
1.558321
1.547740
1.536893
1.538275
1.533462
1.522210
1.523098
1.540968
1.555196
1.556540
1.548252
1.525650
1.546967
1.557164
1.541657
1.534088
1.559537
1.552058
1.538999
1.542493
1.536432
1.593393
1.533430
1.536686
1.530321
1.538073
1.548313
1.533506
1.535534
1.543238
1.534056
1.537479
1.520471
1.532015
1.556271
1.539507
1.531814
1.556060
1.539782
1.541321
1.531369
1.580515
1.534542
1.519741
1.523742
1.554027
1.546705
1.540851
1.518144
1.660525
1.591295
1.546009
1.538826
1.559049
1.559880
1.548729
1.549431
1.555205
1.544410
1.542101
1.535528
1.578486
1.538642
1.527766
1.540291
1.513846
1.530800
1.527568
1.538930
1.540182
1.558750
1.542225
1.544471
1.568444
1.532611
1.527769
1.534514
1.533789
1.529923
1.525930
1.529206
1.525684
1.565075
1.538991
1.544819
1.528969
1.543336
1.520919
1.540466
1.537530
1.513948
1.522981
1.551800
1.548387
1.532468
1.534186
1.536051
1.530806
1.530155
1.531101
1.519100
1.531827
1.527285
1.532006
1.537570
1.568334
1.542471
1.535038
1.527006
1.535668
1.513072
1.522541
1.510556
1.522047
1.545838
1.536967
1.527676
1.513798
1.507870
1.521558
1.534623
1.520150
1.529227
1.516383
1.519416
1.522981
1.560918
1.539511
1.523971
1.524305
1.545827
1.545712
1.527426
1.539693
1.529398
1.530188
1.530777
1.553641
1.528093
1.518758
1.521205
1.530501
1.545215
1.552838
1.541818
1.516743
1.522318
1.515096
1.539697
1.553218
1.532494
1.525319
1.534012
1.535617
1.537626
1.527966
1.515481
1.514689
1.511542
1.516610
1.553194
1.516485
1.542310
1.531911
1.510038
1.539534
1.533061
1.545249
1.522999
1.532314
1.517756
1.543586
1.546780
1.518003
1.541340
1.532155
1.556003
1.542681
1.520720
1.532481
1.521942
1.527987
1.526761
1.538882
1.519958
1.524036
1.511572
1.530695
1.541436
1.547116
1.539369
1.505940
1.535986
1.542603
1.538286
1.552891
1.536841
1.513883
1.507280
1.513482
1.533364
1.521071
1.550391
1.517150
1.530293
1.544042
1.532174
1.527810
1.524652
1.528683
1.527369
1.516182
1.529943
1.546109
1.524562
1.526178
1.541792
1.538914
1.514564
1.525202
1.529351
1.528929
1.534219
1.524601
1.534817
1.527296
1.534786
1.539343
1.517247
1.521079
1.509130
1.519132
1.536029
1.539073
1.520610
1.535862
1.538760
1.528813
1.528978
1.553015
1.523634
1.523886
1.520823
1.546119
1.525368
1.547130
1.531617
1.526147
1.535773
1.528027
1.512864
1.528089
1.551103
1.552428
1.520252
1.511856
1.526252
1.562461
1.543395
1.524405
1.520937
1.540597
1.558922
1.534928
1.508750
1.529711
1.536124
1.545514
1.544556
1.535257
1.520941
1.545717
1.528134
1.537673
1.505714
1.545832
1.532067
1.522056
1.528643
1.550220
1.532446
1.527417
1.508528
1.515509
1.516685
1.534842
1.541077
1.519597
1.517470
1.514042
1.531924
1.545236
1.525854
1.514429
1.506897
1.532259
1.544300
1.535775
1.551506
1.514892
1.519060
1.514777
1.525024
1.528078
1.539414
1.539612
1.525308
1.536973
1.552277
1.539616
1.543977
1.523911
1.518767
1.514684
1.525990
1.528895
1.524853
1.552433
1.510954
