2.308388
2.306429
2.302754
2.310133
2.318115
2.324544
2.333001
2.312477
2.339723
2.366140
2.382718
2.352149
2.325329
2.216261
2.089079
2.010769
2.050377
2.118133
2.155305
2.055226
2.017483
1.830993
1.756344
1.727272
1.746624
1.738293
1.763052
1.764192
1.786157
1.813660
1.804177
1.798971
1.776650
1.744190
1.725840
1.745037
1.718367
1.714483
1.684716
1.683869
1.668601
1.655266
1.649032
1.651520
1.654147
1.687717
1.689068
1.711863
1.717168
1.724776
1.783208
1.780124
1.772190
1.744397
1.676467
1.687816
1.700860
1.692096
1.697598
1.733258
1.692950
1.683844
1.679154
1.664434
1.698234
1.676673
1.710405
1.735019
1.744251
1.728619
1.702070
1.679604
1.681599
1.691766
1.698375
1.731044
1.740674
1.708639
1.722505
1.720071
1.763256
1.758443
1.764064
1.745424
1.740240
1.746542
1.697612
1.724941
1.697809
1.724772
1.714561
1.707907
1.720306
1.672884
1.675661
1.677943
1.701563
1.668792
1.672698
1.708761
1.698401
1.714339
1.739159
1.721987
1.676872
1.661406
1.654960
1.643757
1.641581
1.643439
1.635041
1.635254
1.663439
1.654209
1.643047
1.638406
1.666910
1.673867
1.668090
1.687142
1.680312
1.681076
1.695915
1.651112
1.631127
1.616690
1.617842
1.636314
1.625756
1.622245
1.628600
1.629121
1.632445
1.621093
1.619095
1.645686
1.605960
1.635569
1.630792
1.599493
1.631432
1.631819
1.621227
1.626017
1.633018
1.618849
1.641723
1.638815
1.635655
1.621508
1.632234
1.665191
1.611998
1.614297
1.624413
1.636672
1.610023
1.601729
1.619074
1.612646
1.610727
1.625597
1.606869
1.613015
1.597579
1.609153
1.615037
1.616221
1.619259
1.611387
1.614508
1.614420
1.623373
1.616843
1.607454
1.617596
1.602772
1.593100
1.598019
1.607739
1.610209
1.612127
1.619452
1.613785
1.603909
1.611874
1.618071
1.602563
1.599345
1.606507
1.587609
1.584377
1.604163
1.595781
1.599770
1.580746
1.600142
1.591828
1.585532
1.587367
1.576787
1.592160
1.574145
1.568777
1.569201
1.578159
1.576481
1.549715
1.566550
1.570863
1.566154
1.549260
1.548048
1.531692
1.496811
1.492527
1.489226
1.467917
1.494719
1.486970
1.491108
1.499877
1.492744
1.498605
1.510339
1.498576
1.514103
1.476408
1.491831
1.470918
1.475516
1.486205
1.484120
1.486710
1.488697
1.497536
1.484335
1.489792
1.473588
1.474631
1.476727
1.487885
1.488025
1.500889
1.484012
1.494130
1.489688
1.483096
1.504505
1.488296
1.496406
1.488260
1.475774
1.486326
1.490791
1.496976
1.485695
1.490851
1.478227
1.493493
1.496871
1.514870
1.488814
1.489641
1.502577
1.593955
1.621466
1.630138
1.549327
1.559661
1.513388
1.505007
1.494923
1.480132
1.498642
1.475914
1.486284
1.490179
1.487734
1.482882
1.489269
1.483806
1.490119
1.510861
1.491768
1.498994
1.496573
1.485125
1.491869
1.522364
1.496576
1.489094
1.494167
1.487805
1.479312
1.496365
1.497553
1.479424
1.482411
1.479798
1.478357
1.485649
1.478218
1.474884
1.493862
1.497844
1.491639
1.484847
1.493286
1.499211
1.497662
1.486296
1.493580
1.479386
1.488654
1.471177
1.492506
1.475734
1.487167
1.478174
1.479065
1.498764
1.485107
1.489225
1.491860
1.498815
1.494938
1.490352
1.480980
1.484310
1.484156
1.469160
1.505854
1.473964
1.478640
1.495542
1.474749
1.483039
1.481323
1.479362
1.476437
1.471145
1.495394
1.481272
1.481093
1.471714
1.474625
1.469526
1.486932
1.473883
1.469970
1.493807
1.491551
1.474095
1.494051
1.492872
1.478822
1.482305
1.463946
1.484692
1.467909
1.489090
1.471993
1.480881
1.481971
1.471895
1.481865
1.476445
1.488432
1.497681
1.467736
1.474982
1.481875
1.478105
1.479437
1.475536
1.473562
1.467593
1.479570
1.489264
1.470482
1.479387
1.475058
1.477129
1.467188
1.487202
1.471986
1.480961
1.467271
1.478506
1.477245
1.473639
1.489709
1.493075
1.521034
1.569402
1.574401
1.558800
1.525680
1.539461
1.556754
1.599529
1.593531
1.588759
1.577896
1.580669
1.586264
1.581742
1.589193
1.569891
1.568653
1.548848
1.530546
1.524244
1.549140
1.512285
1.502497
1.534031
1.510608
1.486804
1.477278
1.494465
1.487994
1.512872
1.479229
1.485935
1.484447
1.486969
1.479216
1.483656
1.490455
1.484288
1.473473
1.488355
1.482176
1.486581
1.490429
1.475207
1.480552
1.487379
1.506498
1.494487
1.504411
1.491975
1.522383
1.507423
1.538805
1.512631
1.578964
1.566635
1.544717
1.573390
1.567275
1.535446
1.542813
1.545452
1.528300
1.535187
1.512551
1.527214
1.510937
1.499489
1.494852
1.487128
1.509189
1.496292
1.479702
1.484340
1.479235
1.466559
1.482659
1.483992
1.483061
1.484213
1.482611
1.484746
1.473366
1.465549
1.471725
1.466166
1.465048
1.467695
1.474677
1.473636
1.480294
1.467078
1.468254
1.473805
1.478295
1.466971
1.468409
1.477497
1.486389
1.470899
1.476008
1.493894
1.490279
1.486797
1.491683
1.506781
