2.302175
2.304987
2.306815
2.301542
2.305272
2.298634
2.281580
2.269813
2.265550
2.250693
2.234029
2.251786
2.215626
2.199604
2.210553
2.243469
2.239108
2.224913
2.188959
2.101037
2.122915
2.040105
2.028348
1.987774
2.010516
1.996236
1.950686
1.995389
2.018285
1.890011
1.895054
1.809816
1.788970
1.860185
1.787586
1.823795
1.769219
1.880492
1.835430
1.801345
1.737166
1.760012
1.735702
1.702149
1.712373
1.788275
1.795974
1.756617
1.790146
1.759804
1.703187
1.684948
1.740343
1.736261
1.724952
1.741373
1.683109
1.747879
1.683473
1.696495
1.664146
1.677680
1.670324
1.648956
1.676318
1.665245
1.645631
1.699554
1.671728
1.654252
1.652750
1.630664
1.664017
1.623016
1.669539
1.604740
1.651499
1.629770
1.654744
1.637154
1.642092
1.589370
1.653690
1.599231
1.659052
1.618436
1.621898
1.630175
1.632008
1.621309
1.638662
1.619786
1.653082
1.635646
1.605527
1.614421
1.644683
1.605407
1.628274
1.617091
1.611312
1.622504
1.621428
1.627796
1.603073
1.603513
1.586823
1.620919
1.604046
1.613275
1.573674
1.613110
1.604675
1.595533
1.646462
1.635073
1.610104
1.607547
1.616095
1.623045
1.618475
1.573866
1.613693
1.623163
1.627023
1.647536
1.597032
1.582826
1.586562
1.616134
1.595568
1.587286
1.622442
1.593619
1.593210
1.592519
1.587295
1.596065
1.596838
1.597099
1.586390
1.582786
1.570626
1.565859
1.573722
1.593938
1.575201
1.568889
1.577018
1.584470
1.580199
1.604246
1.573099
1.589603
1.602057
1.602565
1.590418
1.566099
1.591170
1.606681
1.584812
1.566770
1.577750
1.574737
1.579584
1.576517
1.599395
1.581888
1.590699
1.577785
1.606047
1.596377
1.553588
1.558095
1.582113
1.574588
1.590387
1.578766
1.568640
1.564868
1.571977
1.591167
1.587809
1.592800
1.597734
1.598962
1.566864
1.576642
1.582418
1.588596
1.566713
1.555114
1.602356
1.580870
1.586276
1.604776
1.587394
1.548751
1.569059
1.583726
1.575939
1.600907
1.566062
1.585661
1.557471
1.585369
1.593260
1.588355
1.579559
1.559700
1.555546
1.558653
1.596550
1.558158
1.563239
1.573262
1.550448
1.570425
1.541150
1.584705
1.563635
1.577862
1.558623
1.579048
1.558751
1.585433
1.559097
1.559191
1.600313
1.561162
1.570054
1.562853
1.565052
1.558126
1.572146
1.576077
1.560978
1.567672
1.549898
1.550933
1.555095
1.565096
1.564438
1.573138
1.560401
1.543943
1.585532
1.564638
1.556745
1.566648
1.571620
1.564883
1.580144
1.566260
1.559021
1.561309
1.543893
1.565150
1.563159
1.554903
1.578774
1.573284
1.564505
1.568683
1.548807
1.529035
1.537989
1.553335
1.558080
1.557669
1.587576
1.569699
1.553896
1.578960
1.537268
1.545327
1.550763
1.554160
1.543401
1.541798
1.561439
1.564257
1.557242
1.552473
1.553943
1.553288
1.539721
1.550521
1.551621
1.575451
1.543782
1.551902
1.577795
1.575387
1.538045
1.555268
1.580866
1.590633
1.574253
1.563338
1.538783
1.559173
1.553948
1.558346
1.587092
1.572848
1.549690
1.532955
1.544769
1.538930
1.556727
1.541796
1.554506
1.560469
1.564186
1.552013
1.558637
1.528346
1.536171
1.543391
1.555096
1.553598
1.562716
1.544744
1.553061
1.543274
1.554945
1.570693
1.539270
1.556299
1.541494
1.561329
1.564900
1.540477
1.552563
1.548902
1.554376
1.563716
1.544368
1.573364
1.531832
1.539957
1.584550
1.541355
1.545284
1.557113
1.542476
1.531122
1.536191
1.542637
1.546965
1.556080
1.537081
1.543209
1.548682
1.555411
1.513009
1.553302
1.546956
1.568115
1.552444
1.534225
1.550043
1.547819
1.544657
1.548361
1.563534
1.550352
1.545627
1.541642
1.530849
1.521065
1.541460
1.562916
1.526148
1.529010
1.525048
1.516103
1.556473
1.545924
1.546829
1.552495
1.536998
1.531328
1.522427
1.533929
1.548277
1.553967
1.531665
1.529384
1.524842
1.540046
1.516949
1.537892
1.537691
1.538822
1.530097
1.526180
1.548556
1.538504
1.537558
1.540443
1.550413
1.530999
1.546899
1.525418
1.531319
1.538793
1.521678
1.505262
1.526403
1.538452
1.529129
1.526373
1.525616
1.519990
1.527357
1.535100
1.541139
1.547331
1.525907
1.520619
1.524237
1.533371
1.517850
1.522442
1.534788
1.515863
1.515343
1.517893
1.542336
1.539167
1.520395
1.520786
1.517642
1.519924
1.531001
1.520738
1.513590
1.523228
1.511204
1.515914
1.517723
1.524594
1.518796
1.519724
1.517752
1.524437
1.514140
1.509862
1.527320
1.524967
1.516424
1.523100
1.514590
1.525616
1.509071
1.505493
1.513905
1.518527
1.513831
1.514180
1.506601
1.525397
1.503331
1.509907
1.506971
1.503618
1.508319
1.507350
1.525884
1.532830
1.495834
1.513794
1.507661
1.523613
1.502746
1.513168
1.524823
1.505141
1.532777
1.498370
1.504587
1.526544
1.503625
1.503104
1.522272
1.512777
1.518062
1.528108
1.518380
1.521190
1.513046
1.501715
1.510129
1.512030
1.500005
1.522266
1.510913
1.521497
