2.318402
2.289490
2.290745
2.258737
2.308317
2.320791
2.307523
2.304225
2.304170
2.309930
2.306949
2.293823
2.267836
2.244863
2.216730
2.355429
2.380582
2.302145
2.135375
2.014973
2.036054
2.154479
2.313535
2.423862
2.387957
2.367360
2.177871
1.997655
1.815310
1.705161
1.678642
1.735092
2.014857
2.286885
2.244236
2.080628
1.951215
1.889981
1.846760
1.826637
2.308991
2.480531
2.273162
2.124445
1.908714
2.000769
2.312728
2.427959
2.435309
2.413680
2.400138
2.308586
2.071050
1.761923
1.606152
1.593351
1.579584
1.559192
1.555273
1.602171
1.574565
1.548202
1.593946
1.663848
1.638614
1.659474
1.695022
1.674627
1.651949
1.654216
1.636214
1.641716
1.597446
1.572168
1.604270
1.612601
1.587932
1.597378
1.603195
1.597715
1.560774
1.565680
1.545143
1.582998
1.541579
1.543662
1.560896
1.587708
1.592491
1.623646
1.620408
1.606299
1.626726
1.569438
1.633798
1.652367
1.633686
1.636351
1.556206
1.607771
1.596318
1.569129
1.593711
1.555717
1.556434
1.525367
1.551177
1.544486
1.561150
1.549702
1.527609
1.534841
1.561363
1.529469
1.552286
1.586797
1.597070
1.600744
1.589005
1.608108
1.565975
1.602570
1.591101
1.596522
1.570222
1.563790
1.574796
1.570665
1.570827
1.573166
1.554247
1.551168
1.559546
1.539273
1.551451
1.540729
1.577026
1.533454
1.597690
1.586145
1.544642
1.594987
1.569993
1.597761
1.554425
1.557923
1.555278
1.529206
1.564169
1.520932
1.561224
1.492824
1.541411
1.531910
1.531455
1.525713
1.513494
1.495565
1.532478
1.520333
1.537066
1.525088
1.511204
1.512718
1.534471
1.546903
1.567114
1.564022
1.548472
1.520865
1.556403
1.532796
1.571024
1.524662
1.555236
1.552035
1.527510
1.536555
1.550455
1.528911
1.522052
1.520016
1.505536
1.511989
1.517964
1.528653
1.515295
1.521874
1.534273
1.512745
1.522861
1.543012
1.546348
1.514901
1.528630
1.522299
1.528340
1.503328
1.535295
1.516443
1.507758
1.531892
1.528385
1.524952
1.522846
1.511747
1.537923
1.532370
1.520248
1.502893
1.501518
1.509911
1.544940
1.514446
1.536189
1.525260
1.526149
1.543016
1.525227
1.546816
1.507407
1.510176
1.512512
1.525571
1.519414
1.506343
1.511538
1.508661
1.513374
1.512926
1.512283
1.520425
1.534332
1.549561
1.507710
1.513110
1.527334
1.568081
1.544078
1.526777
1.531597
1.558538
1.526988
1.545049
1.532459
1.581286
1.543153
1.587109
1.547578
1.542520
1.533579
1.528577
1.490747
1.512254
1.496069
1.502133
1.479870
1.498184
1.482743
1.506567
1.489245
1.496903
1.512146
1.505113
1.520030
1.529961
1.519975
1.555920
1.517197
1.537808
1.524269
1.545612
1.535306
1.504854
1.552810
1.528015
1.546323
1.558246
1.532710
1.558543
1.552586
1.537385
1.563858
1.538129
1.544111
1.547435
1.559136
1.554067
1.578484
1.558578
1.528764
1.520671
1.531025
1.528083
1.531926
1.512378
1.526037
1.519446
1.520226
1.525321
1.507935
1.538436
1.497577
1.542005
1.541423
1.517541
1.498819
1.501160
1.505212
1.508058
1.494516
1.520487
1.503894
1.517271
1.497044
1.505496
1.511151
1.522034
1.525365
1.517117
1.508470
1.513095
1.540311
1.522504
1.516855
1.530344
1.494694
1.520186
1.509088
1.517927
1.509502
1.502816
1.519288
1.495571
1.509505
1.496218
1.493277
1.511612
1.501330
1.514092
1.497249
1.483240
1.489482
1.496212
1.500649
1.498946
1.516550
1.519816
1.502042
1.507706
1.516129
1.498972
1.501765
1.507024
1.519407
1.509297
1.505846
1.498211
1.511595
1.491478
1.499622
1.503791
1.501779
1.505023
1.506047
1.486839
1.508462
1.511947
1.521551
1.497176
1.513560
1.480864
1.531452
1.518991
1.515053
1.521199
1.491862
1.506147
1.503915
1.492922
1.497081
1.513435
1.499477
1.504689
1.520219
1.484216
1.488312
1.495276
1.497983
1.511105
1.538735
1.513618
1.500556
1.521352
1.501811
1.511926
1.506832
1.495118
1.507956
1.502114
1.512540
1.499844
1.508848
1.491376
1.499557
1.527019
1.505100
1.486239
1.483637
1.500662
1.487994
1.500690
1.502063
1.498756
1.507954
1.518524
1.513020
1.499406
1.501193
1.512740
1.508728
1.491003
1.494885
1.499259
1.498344
1.492220
1.494033
1.510373
1.507656
1.503618
1.512651
1.524794
1.490541
1.489326
1.511352
1.504730
1.492160
1.517776
1.491645
1.503004
1.496421
1.493516
1.485629
1.497670
1.518225
1.489223
1.482004
1.487435
1.484008
1.500871
1.514661
1.509744
1.518438
1.507612
1.497174
1.497491
1.493408
1.520401
1.481982
1.491450
1.495650
1.492507
1.488610
1.502796
1.495993
1.507342
1.495420
1.502862
1.505979
1.496049
1.509888
1.499421
1.500874
1.483634
1.494746
1.484566
1.499063
1.520678
1.497837
1.535923
1.502438
1.495775
1.498845
1.499205
1.521520
1.522635
1.498698
1.492776
1.497724
1.504123
1.497462
1.493979
1.506191
1.493969
1.493720
1.516288
1.513960
1.513066
1.536203
1.543684
