2.293166
2.291193
2.284604
2.249990
2.253837
2.296452
2.336383
2.357381
2.200036
2.193368
2.178413
2.190119
2.203911
2.135733
2.108145
2.077460
2.115702
2.112656
2.154772
2.216944
2.305993
2.308868
2.463474
2.352420
2.691693
2.666684
2.632721
2.621234
2.683833
2.707168
2.642066
2.687864
2.611013
2.665509
2.726166
2.652396
2.677074
2.721387
2.635783
2.554065
2.613359
2.591189
2.627914
2.577519
2.593041
2.632843
2.619161
2.620144
2.627649
2.601753
2.658820
2.633169
2.626677
2.636614
2.629913
2.600660
2.627835
2.586348
2.533270
2.627409
2.612946
2.583375
2.670088
2.636222
2.665685
2.691376
2.627777
2.658233
2.658471
2.615062
2.603319
2.589449
2.645200
2.680426
2.654158
2.573551
2.612895
2.624554
2.675532
2.614629
2.653555
2.622185
2.603609
2.623410
2.666922
2.595093
2.558572
2.580618
2.576644
2.555279
2.620668
2.611957
2.624161
2.638776
2.588182
2.651067
2.612907
2.633611
2.685345
2.672982
2.648511
2.624536
2.655193
2.622817
2.575646
2.601774
2.556929
2.599861
2.584447
2.599384
2.621318
2.558373
2.633189
2.674989
2.607505
2.593913
2.551242
2.549845
2.600319
2.582687
2.586394
2.570565
2.580724
2.528175
2.567545
2.571652
2.562778
2.627823
2.550896
2.620470
2.561467
2.619071
2.601991
2.575193
2.652194
2.646635
2.629251
2.670225
2.656534
2.652349
2.556527
2.648125
2.682619
2.645528
2.606051
2.596558
2.634820
2.546154
2.628932
2.584086
2.680588
2.526577
2.631886
2.560539
2.583104
2.543500
2.501972
2.526667
2.612504
2.668186
2.550383
2.576765
2.531875
2.516583
2.537278
2.535682
2.520952
2.541623
2.567437
2.526113
2.501436
2.513741
2.570553
2.625314
2.641453
2.631757
2.622348
2.638501
2.669170
2.576614
2.571153
2.628000
2.552581
2.558655
2.639613
2.563396
2.526508
2.600151
2.516400
2.563744
2.567999
2.545834
2.510263
2.519280
2.591487
2.485096
2.559377
2.522385
2.537134
2.583379
2.569328
2.598496
2.441074
2.607256
2.591040
2.550555
2.476348
2.535432
2.487642
2.538846
2.611806
2.562860
2.582628
2.543759
2.497273
2.576509
2.530679
2.551011
2.588095
2.691079
2.727647
2.761637
2.750897
2.772587
2.719208
2.710697
2.674751
2.565527
2.548551
2.517155
2.548010
2.500075
2.569828
2.554721
2.587887
2.558766
2.586920
2.542568
2.570379
2.499452
2.544833
2.571983
2.459610
2.560062
2.478412
2.537268
2.577627
2.585172
2.579663
2.587362
2.590559
2.537933
2.559207
2.562835
2.581108
2.556078
2.529114
2.502645
2.506419
2.554903
2.510348
2.512779
2.568229
2.550842
2.593824
2.673912
2.530038
2.559814
2.519390
2.532580
2.517469
2.538424
2.535513
2.574954
2.607411
2.557524
2.553731
2.529703
2.570446
2.528749
2.502747
2.564901
2.545401
2.525533
2.486465
2.547651
2.517432
2.488235
2.534828
2.531919
2.580890
2.526000
2.526694
2.570924
2.549186
2.582983
2.552183
2.538335
2.574914
2.629750
2.576160
2.568528
2.455769
2.611213
2.545918
2.534034
2.604226
2.623431
2.545489
2.582715
2.528739
2.551986
2.554159
2.534237
2.520750
2.518961
2.572963
2.557543
2.493678
2.561177
2.515131
2.530406
2.549052
2.580142
2.550136
2.598526
2.538700
2.548745
2.534723
2.555668
2.503743
2.576340
2.475481
2.565115
2.544280
2.499556
2.554616
2.560848
2.589332
2.545296
2.550133
2.616184
2.596613
2.567791
2.547356
2.545695
2.538995
2.552925
2.565443
2.545497
2.543806
2.542161
2.564025
2.502556
2.493415
2.546641
2.582482
2.570971
2.557995
2.561275
2.511159
2.545423
2.542883
2.553838
2.584298
2.572522
2.545545
2.567289
2.532018
2.583337
2.543507
2.532336
2.555288
2.592905
2.561086
2.541533
2.532212
2.552032
2.532781
2.503503
2.548962
2.550472
2.564333
2.483969
2.534047
2.525438
2.525608
2.575280
2.583606
2.506936
2.575969
2.571159
2.518667
2.536823
2.504949
2.576355
2.536716
2.583457
2.505293
2.558744
2.517853
2.558472
2.534521
2.522134
2.542205
2.569901
2.548001
2.506684
2.493462
2.569137
2.579978
2.602435
2.554110
2.549992
2.471286
2.599343
2.518903
2.483360
2.517877
2.510070
2.572951
2.526705
2.528563
2.511467
2.500903
2.567687
2.549935
2.536375
2.576130
2.574006
2.555851
2.510655
2.577834
2.478369
2.531063
2.568372
2.559849
2.552372
2.527832
2.594779
2.560977
2.607122
2.528818
2.491344
2.520632
2.547064
2.544688
2.553138
2.536679
2.541532
2.534461
2.492799
2.601549
2.561521
2.480686
2.514877
2.550448
2.577979
2.491520
2.489520
2.568406
2.569181
2.554634
2.541529
2.545107
2.552216
2.557082
2.561185
2.583472
2.539327
2.560858
2.538697
2.515132
2.563551
2.502367
2.620327
2.490294
2.527461
2.524585
2.521416
2.595931
2.540289
2.520859
2.545337
2.547764
2.455819
2.503729
2.518131
2.563642
2.607677
2.519522
2.524200
2.483517
2.515502
2.466460
2.600727
2.516407
2.559235
2.547304
2.523957
