2.305806
2.306921
2.306763
2.309364
2.314205
2.320494
2.327485
2.338007
2.347564
2.335390
2.309890
2.296790
2.279681
2.272332
2.271723
2.283646
2.270045
2.256851
2.250645
2.203621
2.178501
2.132573
2.079749
2.027313
2.040316
2.055765
2.005700
1.917965
1.863353
1.825560
1.811753
1.816614
1.800899
1.782194
1.779772
1.744897
1.814340
1.759721
1.757899
1.748722
1.719222
1.803383
1.723557
1.660963
1.662823
1.743104
1.713217
1.730572
1.709330
1.698304
1.706139
1.685894
1.705954
1.686468
1.687051
1.679645
1.662754
1.626685
1.646659
1.641939
1.672705
1.682839
1.717174
1.623295
1.674255
1.656390
1.687778
1.612539
1.617641
1.658541
1.610199
1.671923
1.655610
1.647030
1.621487
1.582255
1.619971
1.661626
1.641294
1.652472
1.664363
1.595220
1.600702
1.589432
1.656621
1.655189
1.578804
1.617214
1.580834
1.592330
1.616566
1.648650
1.599042
1.601213
1.639559
1.620205
1.597930
1.664176
1.596248
1.593387
1.590982
1.605574
1.580774
1.599263
1.602697
1.564832
1.577917
1.563247
1.585335
1.551440
1.615673
1.591381
1.605823
1.552154
1.567309
1.555912
1.588704
1.554100
1.563420
1.586852
1.588059
1.609856
1.584144
1.596469
1.542850
1.575993
1.555710
1.544678
1.588519
1.569742
1.567279
1.603749
1.554927
1.585707
1.596778
1.552837
1.539763
1.562449
1.575468
1.597886
1.602808
1.566339
1.575714
1.546207
1.571882
1.580777
1.537299
1.546145
1.559624
1.576290
1.549942
1.605517
1.549152
1.568928
1.589834
1.570041
1.597805
1.561651
1.556858
1.578587
1.545623
1.568850
1.543456
1.537267
1.565650
1.561597
1.570898
1.566837
1.535645
1.553811
1.550441
1.567618
1.558565
1.540856
1.532564
1.569420
1.549806
1.541923
1.560390
1.529902
1.565898
1.549154
1.536426
1.553159
1.562782
1.576969
1.557206
1.538715
1.522819
1.511086
1.572331
1.565410
1.542702
1.571221
1.536922
1.543075
1.522578
1.532774
1.552421
1.559984
1.534488
1.539911
1.512364
1.535217
1.543439
1.539908
1.564108
1.587674
1.524548
1.509509
1.537373
1.531743
1.578249
1.554946
1.568887
1.548740
1.566361
1.524416
1.518235
1.515963
1.579239
1.534280
1.527642
1.545083
1.522800
1.557261
1.540037
1.594806
1.546789
1.545876
1.536250
1.516854
1.539397
1.539773
1.515906
1.524465
1.522227
1.533231
1.546152
1.529803
1.554402
1.557203
1.565692
1.523106
1.533985
1.507920
1.530519
1.516353
1.550446
1.540636
1.520124
1.552312
1.535371
1.515690
1.520681
1.549161
1.528125
1.526993
1.543105
1.513995
1.544964
1.546070
1.538287
1.535847
1.533777
1.550677
1.510095
1.530031
1.533851
1.540993
1.546104
1.528248
1.536354
1.534518
1.543132
1.535205
1.519835
1.535321
1.504339
1.541008
1.543418
1.515542
1.544608
1.530574
1.533193
1.504735
1.538503
1.530566
1.501382
1.505730
1.509878
1.512932
1.511467
1.529546
1.528094
1.544121
1.565896
1.546992
1.530031
1.529137
1.526766
1.512769
1.516326
1.563046
1.533602
1.529902
1.529338
1.528433
1.516355
1.542893
1.517640
1.531926
1.512333
1.508387
1.511282
1.523152
1.519242
1.534323
1.511688
1.527085
1.510351
1.519566
1.529491
1.530322
1.533031
1.523641
1.510114
1.525593
1.536208
1.516381
1.516434
1.523356
1.524810
1.510311
1.548064
1.523486
1.530753
1.535781
1.518057
1.513532
1.516160
1.510336
1.514321
1.519789
1.513887
1.510166
1.517372
1.532612
1.527817
1.527852
1.517389
1.546771
1.518939
1.505982
1.497417
1.523616
1.521175
1.511649
1.510350
1.561273
1.525337
1.521629
1.519384
1.512048
1.507168
1.513325
1.507446
1.521397
1.529657
1.562211
1.512946
1.547719
1.521138
1.490456
1.504357
1.508669
1.502652
1.528894
1.502890
1.566652
1.527053
1.506932
1.530651
1.508746
1.489534
1.508301
1.505774
1.526160
1.516763
1.551129
1.531027
1.553765
1.510398
1.504281
1.522323
1.527939
1.520852
1.495478
1.508522
1.510379
1.516675
1.510983
1.531201
1.518782
1.501318
1.506455
1.489645
1.540774
1.524431
1.506090
1.530082
1.498706
1.518007
1.504942
1.507479
1.521675
1.493626
1.562483
1.505000
1.532388
1.492847
1.507589
1.512489
1.529211
1.518661
1.554079
1.511535
1.517960
1.512729
1.501150
1.499367
1.499477
1.519615
1.527990
1.505165
1.535069
1.497189
1.524476
1.520720
1.533629
1.517145
1.509254
1.488755
1.493002
1.515160
1.498318
1.507815
1.505767
1.520335
1.545827
1.498653
1.504193
1.493637
1.499261
1.485416
1.492875
1.562731
1.532373
1.502868
1.509574
1.515146
1.504282
1.524144
1.508066
1.499812
1.500078
1.494565
1.509577
1.516740
1.514097
1.511634
1.506178
1.494307
1.497007
1.517531
1.524477
1.513712
1.533842
1.516080
1.503507
1.505265
1.511114
1.496769
1.489856
1.544169
1.507585
1.496127
1.502715
1.508739
1.499617
1.508162
1.507065
1.501503
1.490395
1.515723
1.517816
1.500477
1.522098
1.491859
1.482067
