2.300416
2.290935
2.268978
2.295240
2.306693
2.314244
2.280539
2.230843
2.159935
2.147078
2.227537
2.311370
2.309958
2.169903
2.011801
2.105127
2.227839
2.127866
2.259014
2.273396
2.297882
2.317821
2.297450
2.222277
2.175204
2.155927
2.018418
1.964285
2.034312
2.031013
2.038222
2.011904
2.019151
1.980423
2.019035
2.096023
2.100414
1.992382
1.895376
1.870950
1.833013
1.788105
1.809294
1.816328
1.800533
1.784120
1.822996
1.830922
1.802710
1.807050
1.838622
1.871330
1.884865
1.800467
1.798893
1.767204
1.761821
1.753949
1.773339
1.769960
1.709082
1.759599
1.740815
1.756425
1.746148
1.740863
1.722673
1.718156
1.702174
1.709640
1.695680
1.672896
1.656294
1.678609
1.672702
1.678922
1.654224
1.690873
1.713292
1.738095
1.754360
1.716966
1.704260
1.671709
1.679528
1.655837
1.632003
1.643927
1.641314
1.647194
1.654755
1.659381
1.622149
1.619767
1.595240
1.631751
1.643744
1.664432
1.623158
1.676474
1.652600
1.635617
1.631911
1.636698
1.585279
1.610272
1.630478
1.622393
1.633599
1.607189
1.654484
1.615462
1.612728
1.646437
1.665737
1.670035
1.646990
1.632017
1.636483
1.615369
1.626934
1.594730
1.590154
1.603934
1.625979
1.658951
1.687813
1.620580
1.609727
1.652377
1.651599
1.681697
1.611801
1.616907
1.645242
1.627653
1.621841
1.621185
1.632014
1.609089
1.585601
1.648905
1.632372
1.605100
1.609308
1.602646
1.607269
1.626968
1.597635
1.644124
1.557942
1.694477
1.611125
1.580459
1.616751
1.636149
1.604588
1.600215
1.633750
1.604021
1.625873
1.600396
1.629712
1.602676
1.608175
1.585552
1.642109
1.579576
1.598271
1.609171
1.571896
1.587205
1.650048
1.623522
1.624038
1.584785
1.604151
1.628740
1.602375
1.646579
1.614148
1.621692
1.608048
1.581500
1.642523
1.634834
1.625807
1.605998
1.621431
1.667287
1.593477
1.591463
1.606319
1.624144
1.630952
1.591646
1.649276
1.614241
1.612539
1.610415
1.604009
1.586274
1.627508
1.633292
1.593437
1.625154
1.590773
1.609578
1.636841
1.574695
1.637703
1.595048
1.613873
1.571967
1.614038
1.650458
1.624380
1.571451
1.605561
1.609387
1.559722
1.600696
1.598004
1.590477
1.610196
1.577518
1.648176
1.611190
1.592097
1.592506
1.606732
1.595147
1.605641
1.648674
1.579139
1.615521
1.576451
1.609138
1.607638
1.628863
1.583723
1.665059
1.581122
1.630571
1.559034
1.589063
1.596314
1.601973
1.587827
1.604535
1.602116
1.601754
1.615971
1.627422
1.599960
1.649773
1.595979
1.610423
1.592287
1.630828
1.634803
1.566820
1.629979
1.618854
1.579902
1.594301
1.594258
1.611670
1.603483
1.567479
1.643903
1.628737
1.578684
1.593393
1.604652
1.640637
1.601658
1.588286
1.589142
1.597334
1.628117
1.603799
1.635090
1.577785
1.630997
1.580386
1.626790
1.611050
1.634456
1.607290
1.579530
1.614964
1.572477
1.589710
1.589002
1.613306
1.584003
1.602571
1.629094
1.633364
1.595356
1.594133
1.583660
1.592759
1.612648
1.630732
1.629197
1.593250
1.620835
1.631211
1.578237
1.583420
1.594920
1.611807
1.562239
1.604839
1.580658
1.609617
1.583879
1.624472
1.630323
1.619778
1.613871
1.591996
1.595313
1.600524
1.644634
1.611773
1.600848
1.559315
1.579497
1.601074
1.610414
1.580820
1.629686
1.604380
1.600137
1.601107
1.570913
1.607206
1.579142
1.633144
1.616027
1.607665
1.602790
1.620564
1.640290
1.602387
1.613204
1.602513
1.588958
1.574360
1.586278
1.635381
1.622778
1.568816
1.579647
1.612567
1.585636
1.577031
1.586837
1.609976
1.580038
1.616902
1.578076
1.617565
1.617117
1.572910
1.573931
1.612191
1.609858
1.595901
1.615769
1.612992
1.592792
1.618765
1.596087
1.598024
1.598918
1.599552
1.616973
1.598971
1.593458
1.597161
1.598853
1.626852
1.562198
1.586759
1.617423
1.609235
1.601128
1.567240
1.619107
1.599387
1.599859
1.561503
1.663036
1.599035
1.631913
1.600989
1.595589
1.574211
1.577510
1.590625
1.601261
1.614379
1.567916
1.567951
1.608245
1.590442
1.611495
1.610194
1.612429
1.619649
1.614896
1.570542
1.615563
1.620518
1.599066
1.557240
1.604564
1.599559
1.581469
1.586089
1.580947
1.600760
1.596922
1.576278
1.618294
1.599476
1.603614
1.583470
1.598845
1.602992
1.620872
1.590546
1.619981
1.604763
1.590393
1.607256
1.620657
1.583918
1.589166
1.584487
1.626163
1.578836
1.631002
1.599401
1.604933
1.611064
1.608330
1.583625
1.622237
1.625437
1.586337
1.581953
1.556924
1.611509
1.593233
1.592323
1.616715
1.590114
1.590330
1.618752
1.617304
1.592780
1.606595
1.576874
1.608669
1.604057
1.591137
1.594486
1.597398
1.588079
1.623687
1.611605
1.610114
1.599433
1.588217
1.578984
1.619004
1.569520
1.585594
1.592372
1.612248
1.610231
1.630718
1.562560
1.616670
1.589623
1.589742
1.600552
1.574599
1.600452
1.571467
1.615380
1.645870
1.585678
1.591337
1.612155
