2.344045
2.355316
2.372457
2.399361
2.438548
2.491710
2.539581
2.633024
2.734098
2.865382
3.001221
3.135311
3.272833
3.613791
3.870782
4.201949
4.853038
5.402243
5.812334
7.010301
8.097533
8.978004
10.147127
11.001041
12.645559
13.739569
19.680645
21.119326
24.164135
27.342379
32.898556
43.000591
54.350685
76.040268
112.719719
195.987152
122.067101
2.150030
326.466156
52.753372
3.215377
2.588247
2.612947
2.650657
2.722184
2.787192
2.814061
2.784804
2.731986
2.690789
2.642265
2.624053
2.591682
2.566897
2.567389
2.554282
2.544982
2.525558
2.510485
2.504651
2.495609
2.475566
2.477328
2.458506
2.465843
2.455707
2.438085
2.442744
2.444892
2.450454
2.446694
2.434623
2.457701
3.415193
3.231858
2.449488
2.457320
2.475356
2.523531
2.649751
2.422581
2.579615
2.407805
2.450911
3.374780
2.710122
2.393583
2.378966
2.378374
2.373924
2.369868
2.380907
2.374215
2.392748
2.371662
2.382675
2.380282
2.379812
2.376572
2.370722
2.368262
2.382360
2.374739
2.438377
2.746952
3.335907
2.458707
2.399565
2.392318
2.398436
2.417762
2.430436
2.491187
2.650103
3.028939
2.447377
2.485610
2.506763
2.511950
2.512276
2.509379
2.506513
2.522516
2.507697
2.492494
2.501850
2.488957
2.472946
2.493158
2.486354
2.498900
2.497340
2.495697
2.501089
2.495864
2.489293
2.512083
2.532521
2.518840
2.576706
2.638045
2.663910
2.711109
2.673613
2.690859
2.642678
2.633542
2.609457
2.600291
2.553611
2.544294
2.557518
2.527644
2.531938
2.497770
2.511423
2.489934
2.527994
2.613949
2.732695
2.964514
2.905315
2.752820
2.535572
2.507579
2.496692
2.472505
2.457089
2.458184
2.581533
2.709122
2.541915
2.366027
2.391106
2.369181
2.319780
2.335934
2.345208
2.367910
2.525270
2.509644
2.212952
2.186235
2.221594
3.683679
2.013128
2.002768
1.915746
2.003674
1.980216
1.975080
1.616868
1.711029
1.491065
1.207077
2.183078
4.766217
13.755651
2.144282
3.116524
9.992039
42.257439
46.141827
0.870644
0.850903
19.424109
362.364777
3.393317
7.602194
530.836121
2292.436768
20.724054
92.360291
11840.087891
391.470062
1647.671387
6031846.000000
21267.980469
1450750.250000
98300010496.000000
9336134101073600779911168.000000
nan
nan
nan
nan
nan
nan
nan
nan
nan
nan
nan
nan
nan
nan
nan
nan
nan
nan
nan
nan
nan
nan
nan
nan
nan
nan
nan
nan
nan
nan
nan
nan
nan
nan
nan
nan
nan
nan
nan
nan
nan
nan
nan
nan
nan
nan
nan
nan
nan
nan
nan
nan
nan
nan
nan
nan
nan
nan
nan
nan
nan
nan
nan
nan
nan
nan
nan
nan
nan
nan
nan
nan
nan
nan
nan
nan
nan
nan
nan
nan
nan
nan
nan
nan
nan
nan
nan
nan
nan
nan
nan
nan
nan
nan
nan
nan
nan
nan
nan
nan
nan
nan
nan
nan
nan
nan
nan
nan
nan
nan
nan
nan
nan
nan
nan
nan
nan
nan
nan
nan
nan
nan
nan
nan
nan
nan
nan
nan
nan
nan
nan
nan
nan
nan
nan
nan
nan
nan
nan
nan
nan
nan
nan
nan
nan
nan
nan
nan
nan
nan
nan
nan
nan
nan
nan
nan
nan
nan
nan
nan
nan
nan
nan
nan
nan
nan
nan
nan
nan
nan
nan
nan
nan
nan
nan
nan
nan
nan
nan
nan
nan
nan
nan
nan
nan
nan
nan
nan
nan
nan
nan
nan
nan
nan
nan
nan
nan
nan
nan
nan
nan
nan
nan
nan
nan
nan
nan
nan
nan
nan
nan
nan
nan
nan
nan
nan
nan
nan
nan
nan
nan
nan
nan
nan
nan
nan
nan
nan
nan
nan
nan
nan
nan
nan
nan
nan
nan
nan
nan
nan
nan
nan
nan
nan
nan
nan
nan
nan
nan
nan
nan
nan
nan
nan
nan
nan
nan
nan
nan
nan
nan
nan
nan
nan
nan
nan
nan
nan
nan
nan
nan
nan
nan
nan
nan
nan
nan
nan
nan
