2.301338
2.303982
2.294904
2.291561
2.287597
2.279983
2.260704
2.257365
2.231652
2.222256
2.241286
2.197767
2.149931
2.162275
2.140372
2.091401
2.024183
1.926056
1.944974
1.876689
1.872511
1.805274
1.787877
1.790765
1.744582
1.785146
1.739072
1.720119
1.708638
1.698921
1.722737
1.690080
1.649238
1.691638
1.660117
1.671371
1.637950
1.674241
1.642538
1.645076
1.625301
1.647668
1.597886
1.627968
1.624407
1.609409
1.594756
1.613538
1.650789
1.614969
1.606253
1.599585
1.618375
1.624179
1.605511
1.600324
1.611102
1.597914
1.590620
1.586087
1.588190
1.598804
1.615406
1.601088
1.568604
1.584948
1.577716
1.577942
1.565534
1.607715
1.557002
1.574239
1.587894
1.566472
1.583041
1.570014
1.582171
1.597026
1.559051
1.561824
1.565640
1.574835
1.610982
1.582563
1.584827
1.577913
1.553454
1.550722
1.568173
1.539182
1.580376
1.549220
1.575617
1.563134
1.568007
1.548763
1.589033
1.553166
1.559983
1.608151
1.536509
1.575461
1.541010
1.566072
1.558460
1.554332
1.555678
1.556085
1.546190
1.534614
1.546964
1.558550
1.541225
1.522289
1.550413
1.556059
1.540985
1.577294
1.563261
1.559762
1.548765
1.551084
1.542708
1.559718
1.551552
1.551221
1.554234
1.581596
1.551638
1.550713
1.534499
1.549478
1.551297
1.523749
1.568010
1.551219
1.527331
1.539749
1.550058
1.563147
1.546925
1.541420
1.550466
1.524341
1.530196
1.542992
1.561589
1.558236
1.515231
1.549284
1.543994
1.506388
1.524763
1.537346
1.543524
1.518796
1.523161
1.553045
1.524338
1.544903
1.543801
1.536323
1.541066
1.552081
1.530166
1.524425
1.550985
1.559766
1.545570
1.524057
1.535891
1.529388
1.543857
1.553268
1.538019
1.529963
1.543895
1.547912
1.517825
1.531781
1.531157
1.519906
1.524672
1.514089
1.537570
1.558695
1.553152
1.522810
1.510893
1.554316
1.530046
1.570093
1.522801
1.517452
1.524493
1.517123
1.522232
1.533817
1.527735
1.551233
1.546273
1.529389
1.555756
1.503379
1.511418
1.526058
1.535232
1.512408
1.542120
1.533692
1.505963
1.517223
1.519389
1.515201
1.543653
1.544358
1.525506
1.534795
1.528581
1.523083
1.512344
1.505895
1.522637
1.508132
1.517331
1.515182
1.511316
1.495374
1.509469
1.520635
1.503085
1.531733
1.539735
1.540242
1.506806
1.537774
1.510217
1.530889
1.527596
1.529695
1.506625
1.525677
1.509941
1.510433
1.517799
1.518961
1.507686
1.535419
1.525225
1.506080
1.528492
1.516844
1.501099
1.508450
1.526114
1.512891
1.530784
1.521270
1.496378
1.523619
1.504576
1.512173
1.513147
1.520177
1.491801
1.511277
1.502748
1.507330
1.514373
1.529474
1.530139
1.508434
1.514102
1.523969
1.535264
1.527055
1.540578
1.497534
1.507072
1.504771
1.503937
1.499731
1.522505
1.492431
1.509267
1.532116
1.499141
1.498228
1.502374
1.506337
1.506694
1.486772
1.505943
1.507593
1.538239
1.501562
1.505084
1.511513
1.507915
1.524899
1.525891
1.511337
1.508848
1.513872
1.496493
1.507775
1.501399
1.508746
1.488738
1.502102
1.511765
1.515007
1.502483
1.498276
1.503022
1.493971
1.493695
1.526465
1.517947
1.498583
1.499879
1.553922
1.491483
1.510827
1.501963
1.524954
1.515903
1.513887
1.507993
1.507524
1.514201
1.520257
1.509518
1.507108
1.523139
1.496414
1.498032
1.504111
1.506570
1.501092
1.504786
1.504182
1.490766
1.502878
1.499156
1.491847
1.506821
1.491088
1.497158
1.526421
1.503578
1.526480
1.512899
1.502749
1.513443
1.488406
1.494390
1.502833
1.486812
1.542191
1.497135
1.525728
1.497668
1.515046
1.497764
1.500651
1.501871
1.507380
1.518063
1.507800
1.502177
1.503913
1.499222
1.481308
1.516286
1.510630
1.491631
1.513583
1.509854
1.478613
1.487995
1.492745
1.503154
1.490066
1.501951
1.495131
1.513070
1.515056
1.497315
1.504389
1.492696
1.505131
1.496021
1.519348
1.519104
1.487559
1.511778
1.476236
1.503181
1.483539
1.490762
1.513114
1.533818
1.478780
1.504828
1.496373
1.492257
1.514428
1.514857
1.508254
1.512945
1.483615
1.494298
1.484236
1.497474
1.516171
1.487374
1.513690
1.526417
1.522126
1.501185
1.502303
1.521840
1.500701
1.503533
1.485857
1.489417
1.497387
1.503620
1.485290
1.497136
1.508491
1.503977
1.498374
1.503945
1.482736
1.499232
1.493952
1.482613
1.510863
1.496667
1.486655
1.507238
1.496266
1.490914
1.487716
1.503764
1.500929
1.485000
1.494106
1.491405
1.510169
1.501334
1.492561
1.497857
1.485034
1.491974
1.486426
1.491851
1.491127
1.491817
1.506088
1.500580
1.514739
1.503439
1.489041
1.494409
1.502944
1.494799
1.497601
1.499614
1.521707
1.497776
1.503892
1.496949
1.472376
1.497291
1.486273
1.521424
1.506555
1.501119
1.513248
1.503571
1.505567
1.488780
1.470551
1.491530
1.487968
1.493882
1.495288
1.473896
1.497144
1.498659
1.512088
1.486805
1.500103
1.491495
1.498893
1.500497
1.504908
