2.306180
2.300417
2.283797
2.255361
2.257707
2.222425
2.186723
2.119685
2.072152
2.037738
1.875236
1.833402
1.815003
1.824373
1.767124
1.738902
1.693188
1.713161
1.724074
1.651285
1.682347
1.676220
1.625461
1.609821
1.617775
1.655828
1.609701
1.623967
1.623623
1.607677
1.609283
1.614097
1.623684
1.623480
1.623376
1.588500
1.602345
1.597051
1.597928
1.586189
1.578453
1.593164
1.607822
1.596740
1.588650
1.576013
1.609153
1.565815
1.591261
1.584823
1.614911
1.556955
1.571482
1.549485
1.550643
1.556381
1.549919
1.571982
1.568604
1.594165
1.584629
1.564705
1.613027
1.561380
1.562528
1.556457
1.574577
1.551389
1.562828
1.568035
1.555296
1.552854
1.547727
1.555343
1.540790
1.533373
1.526622
1.556387
1.557138
1.541835
1.538174
1.573014
1.541899
1.539685
1.529614
1.536752
1.557023
1.584884
1.596344
1.565207
1.587365
1.557771
1.543179
1.547031
1.534427
1.578103
1.559927
1.523174
1.559171
1.559403
1.554001
1.523920
1.541750
1.525969
1.559717
1.582590
1.534304
1.532309
1.551799
1.562040
1.535456
1.523794
1.534428
1.552992
1.553424
1.563009
1.541715
1.550511
1.535397
1.546350
1.532250
1.546147
1.527963
1.533982
1.528825
1.539983
1.526014
1.548482
1.516036
1.514738
1.532861
1.544684
1.533828
1.558386
1.531849
1.583661
1.519993
1.531535
1.502900
1.528399
1.571720
1.538910
1.514648
1.513091
1.575943
1.542830
1.530591
1.511576
1.515363
1.578500
1.510010
1.526175
1.518607
1.539793
1.556297
1.523183
1.521454
1.537425
1.533707
1.525117
1.514388
1.540502
1.513514
1.540674
1.544621
1.535173
1.550253
1.508976
1.519632
1.541744
1.516649
1.538140
1.530347
1.527264
1.519381
1.520331
1.523703
1.515896
1.526983
1.541080
1.550722
1.516879
1.551849
1.529786
1.532423
1.526580
1.514024
1.501479
1.511985
1.552149
1.509269
1.512257
1.528899
1.527845
1.522053
1.514959
1.529229
1.510313
1.532761
1.502661
1.513524
1.510048
1.495718
1.510675
1.544986
1.530003
1.517065
1.534284
1.517523
1.519899
1.520061
1.538739
1.523287
1.508933
1.531577
1.526761
1.517110
1.517990
1.527807
1.508075
1.536181
1.506106
1.559192
1.565495
1.534999
1.527631
1.515804
1.497604
1.505079
1.540113
1.525575
1.489841
1.499420
1.532695
1.524315
1.538391
1.509143
1.518471
1.545461
1.509416
1.525120
1.512795
1.531357
1.513372
1.504240
1.521943
1.520366
1.510776
1.527379
1.537374
1.515089
1.538868
1.513752
1.498835
1.521791
1.521339
1.487586
1.510720
1.507023
1.516638
1.499950
1.494863
1.527389
1.506008
1.527514
1.537969
1.520663
1.513900
1.529603
1.525643
1.501191
1.501935
1.516335
1.521744
1.507282
1.491171
1.514133
1.506133
1.514693
1.518890
1.503096
1.509795
1.501682
1.521302
1.506327
1.514920
1.508711
1.507874
1.506998
1.537057
1.506019
1.515645
1.500677
1.510663
1.498264
1.513263
1.520352
1.518452
1.549175
1.501196
1.513106
1.516765
1.545294
1.517819
1.526653
1.502824
1.492111
1.538884
1.489949
1.512383
1.502553
1.517894
1.514020
1.514218
1.502247
1.503808
1.513678
1.514229
1.496204
1.505070
1.497592
1.523445
1.515939
1.500998
1.532693
1.502078
1.513458
1.518573
1.496145
1.503655
1.519861
1.500703
1.521423
1.492423
1.527327
1.511737
1.504718
1.495177
1.529823
1.488565
1.528454
1.528925
1.512190
1.528147
1.512836
1.512932
1.526662
1.508646
1.488539
1.523973
1.537289
1.518495
1.517991
1.518225
1.524287
1.493895
1.495512
1.492293
1.481971
1.524068
1.496286
1.502024
1.501593
1.489284
1.515574
1.486106
1.504964
1.511505
1.503298
1.510452
1.499376
1.518176
1.499631
1.505888
1.491866
1.517532
1.505713
1.511545
1.517964
1.488042
1.505910
1.499828
1.492349
1.485936
1.528476
1.491342
1.490376
1.500260
1.524733
1.489408
1.498606
1.511344
1.509043
1.504534
1.513794
1.513596
1.482735
1.520792
1.509019
1.515108
1.502982
1.507037
1.518024
1.529096
1.512297
1.515677
1.507736
1.517222
1.503321
1.497088
1.494601
1.512605
1.506672
1.488769
1.511790
1.501042
1.501320
1.487964
1.514173
1.508348
1.499414
1.486735
1.524152
1.486793
1.513656
1.521553
1.508278
1.490316
1.529718
1.503890
1.507763
1.503507
1.495259
1.512631
1.509547
1.494259
1.508096
1.499414
1.485785
1.508483
1.490069
1.487984
1.516739
1.513240
1.491801
1.492797
1.507661
1.498731
1.504243
1.506982
1.499281
1.496820
1.505414
1.501894
1.520715
1.513845
1.496828
1.508161
1.503425
1.490145
1.507613
1.509869
1.506428
1.490368
1.516413
1.507969
1.500366
1.492004
1.502045
1.490213
1.513657
1.509040
1.488056
1.479586
1.499135
1.507010
1.520147
1.520621
1.503564
1.497495
1.503687
1.504534
1.485667
1.516033
1.514740
1.501112
1.506821
1.487273
1.499775
1.520404
1.505241
1.492416
1.486691
1.505977
1.480936
1.489598
1.493388
1.502266
1.498026
1.499166
