2.302722
2.296259
2.274961
2.266762
2.262870
2.251605
2.196305
2.194119
2.165642
2.118434
2.082772
2.032774
2.012293
1.960660
1.965913
1.913559
1.837098
1.850746
1.800882
1.812732
1.737577
1.728689
1.775169
1.707859
1.701979
1.695050
1.747836
1.693807
1.674846
1.672081
1.652892
1.656351
1.662514
1.722769
1.666331
1.685003
1.651193
1.648249
1.639472
1.664593
1.616959
1.630866
1.667326
1.592557
1.631587
1.669756
1.583599
1.656485
1.704221
1.685210
1.605220
1.617632
1.645398
1.630162
1.621055
1.655738
1.632658
1.605289
1.607964
1.615540
1.606898
1.592750
1.618649
1.579499
1.598400
1.586259
1.597069
1.573027
1.578996
1.589764
1.580883
1.582792
1.569845
1.559958
1.568793
1.574527
1.571462
1.593287
1.586583
1.567356
1.572892
1.561087
1.565019
1.557714
1.561005
1.572366
1.548410
1.569583
1.560297
1.525162
1.564507
1.557156
1.550331
1.569295
1.559639
1.536503
1.523985
1.557783
1.540998
1.543597
1.562480
1.576454
1.557266
1.545898
1.554461
1.565394
1.556058
1.561272
1.588400
1.536003
1.550050
1.537539
1.559577
1.539063
1.543013
1.556138
1.537300
1.517447
1.595261
1.550957
1.539420
1.548413
1.530183
1.552668
1.533353
1.571204
1.522171
1.529403
1.518784
1.542012
1.546942
1.534497
1.536663
1.530753
1.546367
1.547823
1.546420
1.520325
1.533765
1.531742
1.532497
1.527422
1.532758
1.524734
1.537310
1.520426
1.512689
1.545349
1.528330
1.537281
1.514110
1.544228
1.541805
1.512695
1.505551
1.513455
1.526489
1.532614
1.515580
1.520560
1.532416
1.499195
1.523367
1.510890
1.500905
1.517947
1.500098
1.521939
1.508792
1.521096
1.522411
1.501304
1.529035
1.516836
1.510800
1.504931
1.484453
1.499983
1.519903
1.526162
1.522649
1.529024
1.523077
1.513259
1.518477
1.487884
1.488823
1.513984
1.501002
1.497153
1.488284
1.501745
1.493001
1.510656
1.501349
1.503349
1.498214
1.515672
1.500332
1.551274
1.526795
1.502695
1.520371
1.526479
1.491651
1.498661
1.494193
1.498214
1.491239
1.497610
1.519397
1.488841
1.504222
1.496195
1.487074
1.489327
1.506343
1.480543
1.513780
1.501867
1.495276
1.508652
1.506198
1.491771
1.504897
1.489733
1.495604
1.495892
1.498962
1.513094
1.505545
1.483416
1.492060
1.494586
1.482502
1.493700
1.503880
1.495632
1.483143
1.497681
1.497817
1.496726
1.485913
1.477948
1.488226
1.503890
1.511300
1.488375
1.495544
1.489715
1.486620
1.509836
1.479939
1.498561
1.495321
1.502670
1.481767
1.488900
1.487269
1.488938
1.506647
1.512439
1.491376
1.495889
1.489918
1.510052
1.491856
1.486547
1.498239
1.511208
1.496726
1.501467
1.488491
1.491382
1.478342
1.513040
1.491497
1.483553
1.504366
1.488350
1.487288
1.495409
1.479417
1.494134
1.492637
1.479152
1.476079
1.488173
1.481406
1.483317
1.492639
1.492790
1.472873
1.483875
1.476359
1.508859
1.509346
1.474593
1.469881
1.496314
1.486401
1.485570
1.507302
1.476656
1.473687
1.488283
1.476705
1.473395
1.486930
1.499375
1.487359
1.492863
1.473354
1.486195
1.477960
1.489235
1.487585
1.488933
1.483352
1.507345
1.484867
1.475740
1.495962
1.474758
1.487815
1.500294
1.503889
1.496451
1.470831
1.473902
1.483907
1.474340
1.489453
1.492371
1.494867
1.481230
1.498889
1.492264
1.485791
1.497208
1.489904
1.481453
1.472308
1.484600
1.503659
1.495705
1.503605
1.485375
1.472058
1.490694
1.479035
1.500940
1.489319
1.481809
1.476156
1.482934
1.489130
1.470276
1.497137
1.476445
1.486950
1.477038
1.473782
1.475914
1.474251
1.492088
1.504121
1.483273
1.493394
1.476487
1.479257
1.486704
1.477718
1.490790
1.490370
1.484553
1.479073
1.469713
1.479016
1.481284
1.485515
1.499960
1.482323
1.485393
1.484464
1.480309
1.484879
1.468349
1.475824
1.494070
1.494338
1.491405
1.497231
1.480899
1.474329
1.479039
1.481688
1.476167
1.488129
1.485505
1.486865
1.477420
1.479512
1.485122
1.480826
1.475747
1.489395
1.475234
1.481848
1.487965
1.496318
1.477107
1.480942
1.477183
1.480322
1.478433
1.466055
1.471434
1.487577
1.475312
1.486038
1.476991
1.490926
1.485478
1.476091
1.483354
1.490388
1.485522
1.476171
1.490967
1.489560
1.468793
1.478987
1.477255
1.490000
1.489592
1.473247
1.483264
1.486076
1.484328
1.479817
1.480130
1.481325
1.469113
1.475933
1.475013
1.470137
1.487673
1.481661
1.493648
1.466939
1.478389
1.483701
1.475937
1.469038
1.490824
1.479303
1.478371
1.489583
1.473583
1.473374
1.480821
1.480438
1.481698
1.473951
1.480366
1.468852
1.476436
1.493402
1.478120
1.470157
1.473852
1.478147
1.474392
1.482597
1.477948
1.485313
1.469050
1.479552
1.499021
1.477765
1.481484
1.479206
1.484413
1.470505
1.482528
1.486087
1.485099
1.471764
1.474629
1.491843
1.475774
1.478057
1.478252
1.474183
1.482115
1.472777
1.480373
1.475831
1.482538
