2.302107
2.298327
2.298750
2.293884
2.287718
2.285938
2.271559
2.276476
2.280718
2.269718
2.263738
2.251034
2.239233
2.241570
2.235098
2.230308
2.212062
2.197326
2.188391
2.182081
2.166689
2.153614
2.149045
2.124946
2.106745
2.096046
2.065463
2.055258
2.023310
1.998577
2.002037
1.969438
2.013844
1.985319
1.955226
1.901563
1.873688
1.925218
1.927106
1.872280
1.886950
1.889934
1.843739
1.865702
1.811878
1.821416
1.788970
1.765755
1.786472
1.786140
1.804457
1.770153
1.737157
1.749423
1.742741
1.753132
1.776156
1.781753
1.742391
1.768086
1.714975
1.801684
1.753263
1.718909
1.718664
1.727115
1.735356
1.740531
1.696347
1.725910
1.709848
1.719596
1.709749
1.687864
1.746245
1.710324
1.715036
1.700495
1.706299
1.698711
1.703956
1.693627
1.682228
1.677348
1.668791
1.684099
1.703792
1.726867
1.715251
1.667197
1.654104
1.675650
1.669231
1.672908
1.706797
1.674077
1.676085
1.742315
1.694771
1.702707
1.663092
1.638997
1.710768
1.670949
1.655753
1.653458
1.658534
1.662167
1.656133
1.685344
1.665419
1.650249
1.695523
1.678310
1.668139
1.679258
1.648127
1.702914
1.653332
1.622171
1.678477
1.651194
1.658525
1.677749
1.699296
1.643312
1.672719
1.621752
1.640595
1.640654
1.635175
1.652762
1.623971
1.629036
1.666689
1.619940
1.646721
1.645081
1.617924
1.643825
1.667071
1.657012
1.640382
1.623437
1.652107
1.684110
1.649740
1.641585
1.651565
1.639178
1.637688
1.650439
1.638707
1.644367
1.634658
1.616107
1.652779
1.612515
1.632401
1.646747
1.632504
1.646706
1.645595
1.658714
1.614691
1.632285
1.627176
1.608928
1.622794
1.631990
1.601585
1.640871
1.633125
1.624744
1.617837
1.658575
1.607425
1.619297
1.637997
1.640568
1.588923
1.625668
1.622106
1.626267
1.628123
1.606651
1.646505
1.604799
1.655719
1.613363
1.622056
1.628515
1.639551
1.597675
1.637294
1.636220
1.593668
1.604069
1.620001
1.579564
1.601959
1.614595
1.633189
1.611671
1.652239
1.628852
1.612397
1.580544
1.594926
1.567601
1.591680
1.619454
1.596319
1.646516
1.601444
1.603366
1.628961
1.605114
1.606735
1.623378
1.588434
1.598652
1.614329
1.620998
1.597521
1.623013
1.618305
1.595345
1.633537
1.603382
1.584821
1.621733
1.593814
1.605948
1.573723
1.608286
1.579015
1.576009
1.609663
1.618162
1.606931
1.568218
1.599321
1.588484
1.602393
1.582521
1.562138
1.579561
1.593122
1.603652
1.561798
1.589776
1.591089
1.579274
1.594341
1.574448
1.611375
1.619352
1.590542
1.625419
1.608622
1.574871
1.624512
1.603789
1.579471
1.581943
1.584320
1.616036
1.602742
1.614450
1.575143
1.572309
1.583895
1.566764
1.585687
1.582639
1.601154
1.551159
1.613571
1.592205
1.580579
1.590860
1.601982
1.582305
1.611003
1.575106
1.619801
1.559501
1.575813
1.580421
1.562427
1.570193
1.542071
1.563023
1.560635
1.627303
1.575059
1.581268
1.587849
1.551480
1.581426
1.573448
1.573318
1.574965
1.576276
1.606833
1.556712
1.600863
1.565936
1.561367
1.561204
1.584629
1.600511
1.619882
1.560643
1.572666
1.532883
1.556424
1.558077
1.561358
1.551287
1.589997
1.576875
1.574171
1.583808
1.583265
1.555741
1.573675
1.586437
1.565129
1.576391
1.548261
1.606976
1.559291
1.571164
1.587721
1.579202
1.564884
1.560219
1.584079
1.559187
1.520603
1.568484
1.559903
1.580843
1.552600
1.542933
1.562827
1.576881
1.576618
1.566081
1.584846
1.566841
1.590547
1.577981
1.555010
1.550990
1.575319
1.538739
1.571233
1.558658
1.575523
1.569394
1.545435
1.567069
1.552681
1.558441
1.573056
1.581934
1.573036
1.542433
1.530834
1.608083
1.564702
1.585365
1.558363
1.555260
1.575170
1.565458
1.540676
1.528680
1.587990
1.550248
1.556452
1.566979
1.535958
1.540169
1.568298
1.542537
1.559230
1.556133
1.563377
1.578879
1.544491
1.542815
1.547233
1.562466
1.551702
1.574252
1.562110
1.565366
1.558113
1.544101
1.571615
1.569960
1.565677
1.551396
1.565431
1.573123
1.549106
1.574977
1.539214
1.576766
1.581303
1.562630
1.521924
1.573320
1.533488
1.562111
1.553910
1.550074
1.537048
1.569964
1.536268
1.546309
1.566575
1.565998
1.563937
1.539623
1.561727
1.552960
1.534904
1.557940
1.559372
1.576725
1.545113
1.532373
1.526557
1.555773
1.519011
1.575116
1.568525
1.533248
1.582993
1.516859
1.538195
1.576527
1.568904
1.560385
1.529098
1.567356
1.566746
1.541309
1.539935
1.554575
1.519728
1.533543
1.542635
1.551086
1.546943
1.546647
1.547412
1.536410
1.550465
1.526510
1.569076
1.539600
1.510993
1.563386
1.546479
1.546021
1.558891
1.543181
1.553834
1.543149
1.560808
1.541804
1.537895
1.547418
1.524806
1.526372
1.526507
1.553871
1.540018
1.567481
1.548533
1.565737
1.543361
1.549204
1.550221
1.540749
1.593352
1.569546
1.505235
1.565626
1.555081
1.550807
1.533593
1.539011
1.551392
