2.299780
2.299642
2.306475
2.307425
2.288958
2.297145
2.272588
2.235489
2.191150
2.186346
2.228944
2.120132
2.032335
1.986655
2.022396
1.943458
1.889829
1.876022
1.819577
1.830607
1.756273
1.748775
1.740286
1.734480
1.718403
1.756959
1.687900
1.739303
1.688725
1.687871
1.659665
1.629684
1.642169
1.671347
1.676232
1.637197
1.603103
1.679909
1.658975
1.598668
1.624267
1.656281
1.629621
1.655294
1.620831
1.605218
1.604858
1.643672
1.606641
1.576548
1.591814
1.629993
1.617897
1.608005
1.649111
1.647830
1.613698
1.636350
1.621641
1.598452
1.598891
1.568225
1.574314
1.603933
1.553507
1.616854
1.565220
1.584223
1.615966
1.605602
1.554116
1.587241
1.575507
1.591137
1.573492
1.625072
1.575606
1.589569
1.632109
1.577861
1.562490
1.535605
1.613233
1.568107
1.583984
1.588186
1.583461
1.585247
1.563287
1.567602
1.565801
1.567364
1.553822
1.524002
1.611611
1.576496
1.596606
1.575362
1.560203
1.537013
1.567815
1.567020
1.576382
1.573473
1.591462
1.611738
1.571110
1.592536
1.513417
1.579378
1.580191
1.569815
1.620781
1.588887
1.560631
1.562295
1.556747
1.570305
1.582611
1.536904
1.518746
1.574427
1.566864
1.579104
1.544629
1.592718
1.587521
1.549560
1.515227
1.585795
1.576483
1.541087
1.563582
1.555530
1.575188
1.545834
1.558926
1.540709
1.593753
1.559669
1.535525
1.566813
1.601041
1.564579
1.579015
1.564193
1.562983
1.578742
1.560409
1.525330
1.587650
1.559703
1.563664
1.569534
1.580759
1.560800
1.540442
1.572333
1.539187
1.518101
1.552622
1.550912
1.520169
1.557651
1.549226
1.578732
1.528781
1.556451
1.561186
1.564935
1.554210
1.540112
1.571110
1.549460
1.543231
1.581625
1.539838
1.575009
1.547333
1.564704
1.574309
1.587041
1.599984
1.531925
1.529348
1.519756
1.549376
1.581575
1.557056
1.539800
1.563796
1.587921
1.526191
1.522061
1.538834
1.552573
1.565433
1.596304
1.554191
1.552054
1.542947
1.565324
1.557764
1.527560
1.508645
1.564310
1.528174
1.492735
1.614492
1.583955
1.558939
1.556366
1.566108
1.552576
1.558800
1.514874
1.557680
1.545359
1.537207
1.529962
1.546092
1.534276
1.539464
1.534449
1.522843
1.527939
1.556698
1.570189
1.500097
1.533776
1.551288
1.541057
1.532005
1.540130
1.535374
1.556021
1.554031
1.558996
1.574675
1.550654
1.561757
1.569383
1.538034
1.519735
1.518466
1.550494
1.541127
1.562849
1.540359
1.521020
1.533332
1.561821
1.548629
1.532862
1.570512
1.532897
1.559024
1.525882
1.540300
1.527723
1.564894
1.550839
1.553560
1.544183
1.546685
1.562268
1.591913
1.535489
1.531349
1.528972
1.523066
1.559470
1.525534
1.534752
1.544861
1.519045
1.532939
1.556786
1.545195
1.508492
1.531287
1.522246
1.550056
1.542022
1.512872
1.542442
1.547015
1.558757
1.541865
1.542936
1.573811
1.568017
1.534515
1.536851
1.526343
1.546925
1.526323
1.548847
1.539550
1.534744
1.549436
1.544783
1.557422
1.568933
1.533181
1.539777
1.537296
1.543777
1.522097
1.573681
1.515793
1.533707
1.560404
1.533921
1.550506
1.550441
1.527308
1.535670
1.530369
1.579544
1.508927
1.561032
1.550351
1.547274
1.527104
1.544107
1.521206
1.535101
1.519792
1.508584
1.529714
1.533322
1.544041
1.557447
1.541978
1.561584
1.526579
1.510339
1.509976
1.567090
1.572997
1.520823
1.519466
1.572415
1.522110
1.556552
1.548321
1.548828
1.513942
1.541499
1.515922
1.532271
1.533439
1.536515
1.530933
1.551785
1.532630
1.523959
1.551142
1.540159
1.524291
1.522205
1.525488
1.531488
1.538496
1.521161
1.580026
1.531561
1.563689
1.536135
1.512720
1.550115
1.523802
1.532768
1.580674
1.511840
1.527192
1.563260
1.505304
1.547072
1.507280
1.526710
1.559427
1.534243
1.542361
1.560861
1.549102
1.562577
1.525116
1.504019
1.523270
1.542315
1.533071
1.516205
1.521451
1.534062
1.554714
1.511762
1.542236
1.539899
1.507167
1.562113
1.555596
1.553514
1.553716
1.536189
1.550730
1.530630
1.533119
1.522397
1.539438
1.535600
1.541020
1.539398
1.504935
1.513375
1.507895
1.573050
1.525082
1.514022
1.544826
1.546308
1.506434
1.541778
1.518650
1.530884
1.521944
1.517797
1.515499
1.529322
1.555843
1.531603
1.553177
1.555572
1.507476
1.560369
1.563859
1.535463
1.510672
1.536394
1.533896
1.534231
1.511871
1.538092
1.559741
1.525185
1.534360
1.536132
1.542182
1.536335
1.555823
1.531598
1.537144
1.517024
1.521029
1.532642
1.520510
1.531780
1.534682
1.557400
1.499843
1.516831
1.524209
1.546807
1.555254
1.523702
1.521671
1.527460
1.551990
1.593550
1.547476
1.518997
1.547434
1.533976
1.564916
1.528010
1.516702
1.547006
1.531294
1.536825
1.498501
1.525960
1.530877
1.524810
1.522690
1.528245
1.500892
1.547038
1.516920
1.550726
1.525079
1.528392
1.542879
1.504409
1.573175
1.536854
1.540461
1.547970
1.514861
1.529501
