2.302581
2.298679
2.295172
2.288042
2.283296
2.278596
2.262093
2.261551
2.234602
2.217789
2.212614
2.218331
2.150796
2.175486
2.123825
2.110669
2.073961
2.004511
1.951584
1.902758
1.853948
1.863144
1.813249
1.781047
1.799039
1.768646
1.751271
1.729988
1.740983
1.684914
1.681281
1.684464
1.666550
1.693629
1.665159
1.678925
1.673796
1.676107
1.665969
1.614783
1.640114
1.617711
1.645916
1.647919
1.623198
1.619696
1.646306
1.656897
1.641288
1.605449
1.610350
1.596958
1.610544
1.608514
1.605598
1.617643
1.585132
1.593125
1.593716
1.606138
1.590811
1.602106
1.575059
1.583335
1.614332
1.592714
1.568088
1.578919
1.595562
1.605377
1.559483
1.576520
1.592347
1.591107
1.585016
1.551120
1.561734
1.584500
1.555917
1.606372
1.559231
1.562533
1.602347
1.549331
1.572706
1.609743
1.539723
1.572821
1.568631
1.585452
1.554089
1.556252
1.575180
1.593925
1.550252
1.608402
1.570790
1.562340
1.552291
1.537371
1.586490
1.582025
1.562044
1.529664
1.580801
1.549032
1.538992
1.565972
1.565446
1.568434
1.591678
1.561948
1.564818
1.549090
1.538833
1.556018
1.557406
1.585816
1.544453
1.551434
1.571253
1.563440
1.544777
1.559382
1.546845
1.533867
1.567181
1.554069
1.536918
1.531657
1.565476
1.523566
1.559646
1.528756
1.563342
1.573270
1.543429
1.541464
1.547465
1.550923
1.553946
1.565607
1.538370
1.562966
1.564543
1.560299
1.541827
1.550997
1.545145
1.561369
1.554618
1.584727
1.575160
1.555883
1.550616
1.529485
1.535450
1.519198
1.551208
1.533344
1.535885
1.562780
1.564114
1.545324
1.550099
1.527687
1.580027
1.540382
1.556942
1.520257
1.530385
1.550454
1.540028
1.529170
1.548550
1.542407
1.539668
1.534511
1.532062
1.525137
1.538695
1.535134
1.566731
1.567938
1.527704
1.535793
1.541039
1.534028
1.552636
1.532024
1.519312
1.531263
1.528487
1.568225
1.533482
1.559704
1.530254
1.536669
1.545791
1.527500
1.541438
1.517011
1.554590
1.521402
1.548349
1.530151
1.531497
1.529010
1.548357
1.552978
1.514899
1.548792
1.543833
1.525903
1.542367
1.537574
1.534610
1.545289
1.537340
1.532143
1.521623
1.542406
1.533957
1.525926
1.507706
1.532830
1.516316
1.552286
1.511879
1.545192
1.534665
1.530768
1.502322
1.536545
1.543791
1.539453
1.539348
1.547420
1.522241
1.535216
1.517040
1.537121
1.537809
1.527819
1.546676
1.517486
1.511997
1.543506
1.515654
1.529472
1.513064
1.534081
1.557381
1.527160
1.525296
1.529864
1.530312
1.523456
1.531085
1.527475
1.522481
1.506272
1.523942
1.519387
1.548137
1.511083
1.517919
1.517643
1.516534
1.543221
1.509442
1.510583
1.540185
1.536272
1.518932
1.538493
1.551965
1.522935
1.507844
1.512396
1.539451
1.522937
1.523311
1.506314
1.538724
1.526910
1.526136
1.501741
1.506491
1.506777
1.530022
1.532440
1.537990
1.509353
1.541549
1.562117
1.507172
1.545203
1.516204
1.497260
1.519951
1.499764
1.536213
1.513499
1.535753
1.513850
1.502284
1.525841
1.508081
1.529083
1.511184
1.516602
1.523474
1.509252
1.524663
1.510362
1.511837
1.499649
1.507344
1.551678
1.524716
1.514014
1.521454
1.516951
1.522926
1.519544
1.521246
1.496658
1.511892
1.525199
1.516391
1.514765
1.518739
1.518265
1.539939
1.508088
1.537258
1.514513
1.545333
1.514769
1.495667
1.554802
1.499129
1.518933
1.529224
1.525647
1.504854
1.509762
1.522178
1.496389
1.530592
1.522202
1.507057
1.508693
1.502806
1.521446
1.499130
1.549245
1.506721
1.514962
1.505526
1.507440
1.517055
1.513882
1.525956
1.517681
1.508743
1.538717
1.536106
1.526239
1.517185
1.507411
1.520623
1.497499
1.495180
1.497572
1.527972
1.518039
1.493685
1.505565
1.501402
1.524278
1.537449
1.519465
1.524488
1.518007
1.503358
1.503981
1.498383
1.502255
1.503180
1.538136
1.493544
1.493981
1.511929
1.506776
1.487404
1.509288
1.509263
1.491242
1.524652
1.515663
1.501618
1.506050
1.497935
1.528162
1.505777
1.512091
1.531639
1.509274
1.512600
1.484267
1.510780
1.524811
1.545114
1.510859
1.496104
1.506618
1.509338
1.511659
1.488879
1.516748
1.522682
1.511685
1.487841
1.498726
1.516577
1.503553
1.495624
1.501629
1.492951
1.523823
1.501935
1.511970
1.525242
1.504908
1.501564
1.500216
1.497487
1.501933
1.488310
1.505736
1.516164
1.496705
1.516616
1.503922
1.501009
1.548209
1.501831
1.515341
1.504513
1.517386
1.503353
1.508321
1.512335
1.530445
1.511682
1.521609
1.512571
1.495202
1.497166
1.496230
1.514033
1.508615
1.491626
1.520229
1.498509
1.511312
1.513096
1.489008
1.503822
1.487663
1.494051
1.508343
1.534243
1.503513
1.513376
1.551840
1.503700
1.508988
1.508302
1.496980
1.494903
1.488311
1.495904
1.494944
1.490238
1.517051
1.502937
1.489721
1.494659
1.531414
1.492411
1.500000
1.527485
1.517175
1.491225
1.507852
1.510125
1.515464
