2.300932
2.298833
2.289648
2.285001
2.283918
2.273908
2.261383
2.263966
2.245937
2.191949
2.228422
2.206060
2.149316
2.114494
2.070012
2.013783
1.936935
1.893147
1.845068
1.802332
1.841906
1.802941
1.743026
1.765797
1.683984
1.755576
1.693969
1.697287
1.686701
1.644453
1.640885
1.670863
1.627473
1.646721
1.643232
1.617809
1.647949
1.596538
1.611762
1.633022
1.633954
1.621603
1.648157
1.599465
1.582050
1.614457
1.566847
1.629767
1.587536
1.609408
1.579765
1.593692
1.590987
1.582626
1.569975
1.584994
1.555008
1.597046
1.551847
1.600520
1.554501
1.564934
1.552172
1.567873
1.556655
1.552118
1.566722
1.559624
1.541669
1.571306
1.549076
1.554488
1.559307
1.544350
1.558632
1.551599
1.557673
1.540300
1.563566
1.544247
1.555727
1.551234
1.543784
1.522465
1.567686
1.524107
1.550913
1.511967
1.524866
1.589722
1.536351
1.511374
1.541538
1.536058
1.521463
1.547352
1.540538
1.524632
1.530812
1.557468
1.514068
1.531984
1.531118
1.544417
1.535688
1.540337
1.537040
1.555224
1.535387
1.554927
1.508940
1.525026
1.539946
1.529281
1.532228
1.560279
1.526810
1.519359
1.505134
1.510973
1.518393
1.528441
1.515302
1.504398
1.531780
1.512698
1.535876
1.523540
1.548725
1.533541
1.545177
1.530279
1.515945
1.522757
1.505413
1.500613
1.515295
1.520083
1.507419
1.488152
1.522599
1.539200
1.511853
1.506243
1.514603
1.529480
1.510836
1.525018
1.509828
1.503489
1.519118
1.486281
1.512361
1.515886
1.527390
1.495324
1.532612
1.500131
1.513298
1.516366
1.502860
1.503468
1.512183
1.501769
1.527825
1.506831
1.501039
1.502950
1.518288
1.513471
1.503742
1.496594
1.489816
1.502678
1.505332
1.512807
1.514318
1.509744
1.517363
1.503808
1.510998
1.498343
1.511977
1.520670
1.507295
1.507212
1.512485
1.523264
1.504830
1.512234
1.498984
1.513218
1.497830
1.501804
1.510445
1.502127
1.519501
1.491324
1.530632
1.524230
1.498159
1.500434
1.520692
1.484527
1.501764
1.503546
1.499194
1.505650
1.503059
1.505268
1.498128
1.479140
1.481989
1.511539
1.508532
1.493998
1.520453
1.494814
1.490128
1.503020
1.514423
1.501200
1.492824
1.506183
1.488246
1.505523
1.513577
1.495167
1.500452
1.496768
1.496387
1.500295
1.509060
1.496277
1.496302
1.492990
1.497054
1.502436
1.483830
1.495665
1.493857
1.500163
1.510343
1.508407
1.484905
1.499833
1.495680
1.504852
1.494362
1.513195
1.496054
1.505087
1.494476
1.500948
1.495917
1.483857
1.495374
1.500411
1.489579
1.498835
1.495881
1.496244
1.503903
1.492945
1.506960
1.487759
1.494937
1.488239
1.511998
1.507959
1.513901
1.494923
1.490741
1.479932
1.498254
1.486710
1.491820
1.505790
1.491937
1.492867
1.480569
1.498485
1.487088
1.494262
1.498699
1.475926
1.481142
1.489025
1.513752
1.491150
1.497110
1.509734
1.488400
1.496272
1.501354
1.503461
1.500301
1.490260
1.504694
1.493666
1.496944
1.484159
1.500419
1.485445
1.514837
1.484300
1.489380
1.488818
1.490884
1.485755
1.493967
1.492393
1.495577
1.517751
1.482016
1.495194
1.488681
1.488877
1.500326
1.491298
1.494798
1.489975
1.504956
1.493387
1.485109
1.513247
1.490331
1.480979
1.487534
1.491023
1.486954
1.478914
1.484634
1.482198
1.499126
1.481518
1.489764
1.498983
1.505999
1.479226
1.488314
1.510232
1.483091
1.499269
1.502167
1.500971
1.493964
1.474842
1.488580
1.474239
1.498670
1.484453
1.498396
1.502617
1.483295
1.487958
1.483163
1.488497
1.498776
1.477246
1.479595
1.485983
1.506136
1.502244
1.503947
1.495062
1.499603
1.490945
1.489905
1.495240
1.493204
1.482771
1.473031
1.483712
1.488174
1.477150
1.482232
1.505555
1.474682
1.505483
1.496651
1.494965
1.503159
1.489101
1.482838
1.495154
1.473138
1.479825
1.488724
1.497142
1.475789
1.492815
1.486156
1.479809
1.475014
1.489376
1.498811
1.494823
1.486359
1.488973
1.507083
1.495930
1.489156
1.493366
1.478271
1.494096
1.493697
1.488681
1.468488
1.487125
1.480745
1.481753
1.488536
1.481920
1.476600
1.473921
1.495411
1.479586
1.499071
1.482019
1.494046
1.482488
1.473574
1.491256
1.480740
1.485461
1.487489
1.496842
1.486604
1.490640
1.481457
1.494967
1.479720
1.491122
1.481485
1.490302
1.474441
1.477970
1.481371
1.491911
1.485779
1.504853
1.487628
1.482221
1.515846
1.478827
1.497339
1.485131
1.471184
1.488673
1.471384
1.474972
1.496958
1.473611
1.479227
1.473080
1.502332
1.486287
1.474357
1.474481
1.485143
1.479526
1.479105
1.474042
1.479962
1.487661
1.486975
1.487982
1.474470
1.493462
1.477515
1.485362
1.494285
1.471439
1.490331
1.495447
1.483220
1.488378
1.486736
1.493995
1.484245
1.500143
1.480468
1.476043
1.485103
1.483567
1.497982
1.469725
1.503330
1.482682
1.481358
1.504022
1.482428
1.485408
1.484103
1.481638
1.478183
1.473093
1.471079
1.475955
