2.314259
2.306273
2.292505
2.289593
2.258751
2.255624
2.241656
2.237871
2.202590
2.214664
2.130149
2.121643
2.047124
1.990793
1.929056
1.883494
1.866412
1.751271
1.763616
1.755938
1.740281
1.709248
1.714924
1.707671
1.726823
1.668082
1.653282
1.653149
1.683528
1.634266
1.653027
1.612953
1.637519
1.616941
1.651569
1.636918
1.605677
1.548085
1.593036
1.608850
1.586952
1.575408
1.610381
1.611934
1.585389
1.578748
1.610071
1.569794
1.586766
1.588256
1.557830
1.593304
1.585585
1.565431
1.568213
1.583153
1.585112
1.570892
1.595360
1.532276
1.542534
1.580226
1.573871
1.575351
1.548169
1.579151
1.541013
1.546028
1.550707
1.564685
1.545915
1.560171
1.553872
1.545460
1.560622
1.530063
1.549310
1.562862
1.547173
1.522993
1.530010
1.540688
1.526547
1.580018
1.561001
1.542058
1.542566
1.525407
1.529311
1.570939
1.546164
1.533474
1.540399
1.550907
1.536319
1.540005
1.537529
1.533383
1.531920
1.554163
1.510614
1.533500
1.535079
1.520359
1.516199
1.523254
1.531505
1.520934
1.556125
1.532013
1.527150
1.525724
1.516221
1.560507
1.534376
1.543938
1.516342
1.498455
1.528700
1.524216
1.541829
1.528799
1.528540
1.528178
1.516865
1.521846
1.510905
1.543389
1.527087
1.505917
1.541276
1.496976
1.510606
1.542491
1.517243
1.509495
1.511215
1.527225
1.524753
1.512282
1.518970
1.536340
1.525631
1.504770
1.512907
1.507549
1.493191
1.519889
1.532911
1.503487
1.529921
1.525009
1.519525
1.520129
1.553585
1.520193
1.524727
1.517127
1.522554
1.505557
1.508343
1.516833
1.515463
1.518379
1.517305
1.499442
1.507865
1.504666
1.492351
1.501862
1.511653
1.501630
1.515699
1.508723
1.510273
1.514782
1.489591
1.500805
1.505741
1.501881
1.518019
1.507745
1.517456
1.495026
1.529759
1.497970
1.535887
1.504900
1.505856
1.510639
1.514433
1.505657
1.492448
1.497718
1.505775
1.491893
1.494565
1.507977
1.490429
1.530655
1.493307
1.492545
1.499887
1.514008
1.507639
1.495010
1.501209
1.503420
1.516778
1.493800
1.512720
1.502382
1.503675
1.507052
1.491315
1.491068
1.509861
1.505970
1.517876
1.495760
1.530131
1.507243
1.520214
1.487506
1.497413
1.508180
1.527526
1.512661
1.491962
1.489066
1.526422
1.487492
1.505552
1.509415
1.489313
1.522150
1.491520
1.501684
1.512789
1.500587
1.479203
1.517135
1.492074
1.494405
1.494631
1.489159
1.485569
1.487869
1.499229
1.504608
1.510741
1.484504
1.509890
1.511121
1.481804
1.504895
1.485208
1.492072
1.493632
1.500023
1.515214
1.493873
1.483071
1.498988
1.507877
1.563312
1.501071
1.503954
1.494946
1.485888
1.485624
1.501089
1.490246
1.487913
1.497290
1.504594
1.501829
1.507681
1.488280
1.489903
1.489449
1.501912
1.492711
1.502823
1.487664
1.505589
1.501921
1.492052
1.490002
1.486973
1.502961
1.502235
1.488121
1.479644
1.515051
1.509031
1.490916
1.490782
1.489123
1.491834
1.489638
1.498778
1.493687
1.487774
1.475631
1.494131
1.492240
1.485963
1.484899
1.493923
1.502415
1.506330
1.520785
1.500614
1.496614
1.482468
1.493290
1.489069
1.481570
1.480427
1.487800
1.491094
1.475053
1.481408
1.489538
1.502161
1.494060
1.495984
1.493717
1.488878
1.498834
1.496183
1.478666
1.504556
1.482861
1.490451
1.490196
1.489663
1.479523
1.485426
1.512109
1.489313
1.488922
1.492402
1.498015
1.477771
1.508814
1.503321
1.496636
1.480650
1.491660
1.484592
1.495541
1.484131
1.479714
1.476059
1.489943
1.482096
1.487060
1.477625
1.489359
1.489387
1.492358
1.511785
1.485855
1.479597
1.476080
1.496134
1.479614
1.495146
1.501173
1.478626
1.490386
1.483602
1.496683
1.501113
1.473391
1.498116
1.501590
1.495990
1.478258
1.487257
1.496858
1.490611
1.483925
1.487560
1.490622
1.487410
1.484592
1.488339
1.489605
1.492177
1.483349
1.490716
1.507312
1.482007
1.473887
1.481298
1.490056
1.484617
1.506872
1.487886
1.484489
1.488801
1.499945
1.476930
1.494239
1.476033
1.492335
1.474577
1.485849
1.474600
1.479525
1.494364
1.472180
1.478649
1.479633
1.483531
1.496955
1.478460
1.484837
1.479646
1.473610
1.488071
1.496419
1.488049
1.476951
1.472560
1.494030
1.474600
1.469653
1.485949
1.493817
1.473752
1.500904
1.492698
1.501530
1.496714
1.492107
1.492274
1.472331
1.481531
1.476224
1.480576
1.488822
1.494140
1.477282
1.477813
1.476937
1.474171
1.484751
1.490350
1.479137
1.493697
1.479916
1.476969
1.481745
1.473724
1.490878
1.481024
1.486189
1.484278
1.480050
1.488364
1.468905
1.477327
1.475327
1.482617
1.469805
1.480272
1.473958
1.483449
1.472176
1.477557
1.475213
1.495243
1.471600
1.480968
1.476792
1.481438
1.485885
1.502573
1.492926
1.472340
1.480288
1.490033
1.476266
1.501660
1.488426
1.495374
1.501286
1.495584
1.470315
1.496395
1.477490
1.473109
1.481263
1.483795
1.478258
1.468221
