2.310262
2.314566
2.317006
2.331795
2.367331
2.407778
2.551364
2.608096
2.568440
2.468659
2.522005
2.676855
2.768614
2.769198
2.793669
2.757950
2.738327
2.642363
2.445509
2.187430
2.145290
2.114098
2.109762
2.104113
2.101124
2.086688
2.049733
2.038756
2.029887
2.035071
2.040419
2.087183
2.111148
2.157871
2.167560
2.173355
2.175219
2.176927
2.178478
2.179689
2.179806
2.180340
2.180466
2.180823
2.180882
2.180882
2.180579
2.180882
2.180941
2.180696
2.180941
2.180882
2.180574
2.180823
2.180579
2.180765
2.180941
2.180823
2.180823
2.180765
2.180530
2.180823
2.180530
2.180403
2.180393
2.180178
2.180413
2.180471
2.179767
2.178945
2.178412
2.177415
2.177009
2.175366
2.174598
2.173781
2.173899
2.173782
2.173542
2.173429
2.173429
2.173190
2.172432
2.168026
2.137786
2.112519
2.111103
2.108521
2.119139
2.132455
2.130497
2.143351
2.144226
2.148623
2.148792
2.145314
2.145992
2.142223
2.138520
2.134898
2.134787
2.133075
2.131551
2.128309
2.127422
2.123664
2.123743
2.172891
2.266923
2.304934
2.303353
2.306898
2.281008
2.229362
2.177242
2.156256
2.150041
2.225139
2.263211
2.259572
2.246326
2.231643
2.210888
2.174057
2.153893
2.151104
2.143758
2.131508
2.127042
2.111154
2.088125
2.081558
2.049093
2.058485
2.041615
2.033991
2.030153
2.019303
2.040912
2.007421
2.023712
2.044812
2.047512
2.042613
2.039765
1.973524
1.959643
2.028785
2.040938
1.937700
2.034995
1.976630
1.896617
1.874833
1.847230
1.824453
1.820564
1.852358
1.876544
1.869477
1.878121
1.836902
1.807902
1.759275
1.750821
1.769838
1.794658
1.774341
1.765525
1.789460
1.789987
1.786461
1.795396
1.720318
1.712602
1.686580
1.712113
1.729569
1.775648
1.748384
1.727365
1.714685
1.672486
1.681650
1.667976
1.692682
1.768448
1.773060
1.763407
1.813929
1.805046
1.802423
1.802941
1.797852
1.799709
1.786591
1.779012
1.780546
1.812827
1.829231
1.849955
1.809152
1.792037
1.804935
1.782551
1.801274
1.783330
1.820153
1.797241
1.769513
1.799951
1.774157
1.757419
1.775195
1.788226
1.795491
1.795885
1.766971
1.779257
1.812075
1.831974
1.817774
1.797126
1.812307
1.879154
1.906513
1.927457
1.851673
1.824019
1.735953
1.797256
1.955045
2.020870
2.059585
2.044580
2.018061
1.977236
1.973246
2.017233
2.011008
2.012411
1.946393
1.963191
1.953938
1.935112
1.928085
1.931147
1.961898
1.960649
1.975331
1.952556
1.963369
1.964971
1.963615
1.992003
1.963855
1.990579
1.975477
1.987016
1.993554
1.957449
1.980584
1.956871
1.980177
2.005262
2.015967
1.973240
1.957686
1.950646
1.948815
1.946959
1.957743
1.976092
1.966672
1.980008
1.991927
1.951918
1.962867
1.929315
1.946269
1.945970
1.965410
1.958310
1.980044
1.983283
1.986627
1.955762
1.988233
1.984550
1.956302
1.946697
1.936075
1.953290
1.957648
1.963240
2.000813
2.062587
2.016791
1.986373
1.976048
1.958017
1.950245
1.984634
1.991495
2.008046
1.992904
1.981983
1.977788
1.978809
2.037624
2.034610
1.986253
1.972052
1.959777
1.970708
1.994968
2.002494
2.007353
1.977799
1.983489
2.014435
2.054078
2.030164
1.992839
1.966731
1.961501
1.993983
1.969172
2.002796
1.998162
1.994826
2.010507
2.026399
2.033318
2.018682
1.983720
1.983629
2.003195
2.010819
2.012046
2.039336
2.020605
2.009640
1.995341
1.965297
1.983867
1.992568
2.011099
1.985038
2.007054
2.021681
2.028204
1.994882
1.986393
2.023047
2.011414
1.987664
1.985791
1.984409
2.037956
2.003203
1.981254
1.991470
1.997380
2.003032
2.015938
1.970609
1.988589
2.002364
1.966007
1.986214
2.016404
2.082419
1.972478
1.967091
1.967931
2.015572
2.048194
1.980460
1.960326
2.045649
1.989150
1.997732
1.962544
2.003465
1.967558
2.014971
2.129348
2.063870
1.969816
1.969235
1.995106
2.095953
2.007726
1.998825
1.988462
1.985776
2.003250
2.026851
2.071932
2.006580
1.975850
1.984824
1.987816
1.987368
2.048556
2.037039
2.079877
2.480454
2.272858
2.359738
2.115052
2.095706
2.110170
2.108561
2.105321
2.069566
2.064804
2.072616
2.084061
2.057604
2.026141
2.022175
2.016444
2.017072
1.987516
2.010545
2.050645
2.084816
2.075469
2.046289
2.021886
1.998297
1.969185
1.925600
1.928909
1.931257
1.931942
1.941271
1.975866
1.996269
2.009757
2.022367
2.025674
2.055889
2.156300
2.227135
2.259159
2.261578
2.237720
2.226900
2.222350
2.233149
2.257052
2.182024
2.167416
2.167420
2.167425
2.168134
2.176103
2.226480
2.237123
2.237287
2.262896
2.292127
2.296208
2.296973
2.298045
2.297790
2.298912
2.299014
2.299779
2.299473
2.300238
2.300392
2.300851
2.301412
2.300902
2.300545
2.301106
2.301565
2.301106
2.300851
2.300698
2.300086
2.299473
2.299422
2.298963
2.298759
2.297127
2.297280
2.296463
2.295137
2.292994
2.291974
2.288097
2.282281
2.269936
2.249122
2.237491
