2.294868
2.300488
2.295126
2.290791
2.280975
2.262979
2.250253
2.236946
2.221005
2.220700
2.193127
2.177880
2.153553
2.131950
2.109246
2.051488
2.067917
2.017128
1.944929
1.899252
1.836397
1.709767
1.700203
1.541761
1.428890
1.350039
1.265351
1.117705
0.974452
0.736607
0.867809
0.796820
0.605441
0.632902
0.590505
0.578487
0.423601
0.546752
0.437773
0.613453
0.515255
0.433650
0.379207
0.364476
0.360673
0.572082
0.602154
0.523905
0.624530
0.401616
0.366709
0.206281
0.503720
0.498437
0.550365
0.604375
0.364200
0.417533
0.447327
0.694297
0.294014
0.286384
0.396939
0.338658
0.248708
0.422591
0.329663
0.314424
0.478484
0.438143
0.325611
0.254940
0.394013
0.271722
0.307076
0.319225
0.254171
0.360662
0.333435
0.336649
0.331025
0.317975
0.392329
0.264096
0.374879
0.446819
0.201202
0.373772
0.291073
0.313012
0.251333
0.183695
0.270932
0.220436
0.283038
0.353000
0.150503
0.293781
0.247843
0.242693
0.232718
0.369392
0.383029
0.170594
0.238014
0.270675
0.220225
0.289651
0.191868
0.185962
0.256416
0.219840
0.270394
0.212500
0.314864
0.195248
0.171948
0.181219
0.147064
0.306108
0.222329
0.279551
0.198251
0.157770
0.476587
0.228173
0.320910
0.404641
0.176976
0.142436
0.163225
0.177642
0.266138
0.376621
0.209107
0.289409
0.256187
0.330352
0.264101
0.196728
0.212559
0.193802
0.272117
0.176728
0.240524
0.206430
0.187596
0.182043
0.158718
0.170933
0.202351
0.137187
0.169674
0.185707
0.272619
0.191346
0.173226
0.342357
0.242471
0.199716
0.317959
0.165081
0.227021
0.204343
0.100049
0.175829
0.160602
0.266724
0.198173
0.234151
0.157601
0.202055
0.187271
0.171774
0.243659
0.218196
0.154740
0.125606
0.216451
0.192198
0.195612
0.224974
0.192549
0.220216
0.203413
0.198879
0.195070
0.091586
0.110375
0.119349
0.126779
0.246695
0.139410
0.174760
0.271178
0.143044
0.276932
0.264336
0.234113
0.363065
0.114929
0.166967
0.109473
0.199581
0.131516
0.078663
0.208041
0.081962
0.251914
0.191958
0.190757
0.208839
0.119777
0.189506
0.135067
0.129206
0.161203
0.151513
0.093459
0.102273
0.199151
0.156954
0.143697
0.171486
0.197768
0.164482
0.088714
0.304696
0.131249
0.171407
0.163736
0.134296
0.120380
0.140716
0.218453
0.276193
0.157800
0.117113
0.092229
0.227464
0.141121
0.203837
0.094176
0.139762
0.138744
0.171720
0.123593
0.127995
0.097847
0.143905
0.092307
0.153051
0.155143
0.120040
0.159275
0.197568
0.133692
0.134988
0.107199
0.106184
0.118841
0.142649
0.086324
0.108067
0.232025
0.181304
0.194018
0.089834
0.090111
0.117755
0.117572
0.202631
0.123962
0.157424
0.208159
0.225776
0.106354
0.124778
0.133136
0.075428
0.136164
0.170094
0.189934
0.149541
0.117384
0.121893
0.120013
0.181280
0.103041
0.087851
0.197322
0.114299
0.060284
0.100636
0.084179
0.102292
0.112838
0.116191
0.063446
0.157418
0.133657
0.071844
0.131010
0.089101
0.154224
0.096059
0.210055
0.116877
0.096949
0.113506
0.181137
0.104369
0.068215
0.055388
0.111803
0.066771
0.142494
0.061904
0.122097
0.075712
0.027815
0.068069
0.145239
0.093326
0.146429
0.151396
0.145489
0.241960
0.131083
0.080755
0.107477
0.141538
0.140334
0.127030
0.091377
0.107328
0.071775
0.173689
0.063667
0.138836
0.199474
0.145570
0.045597
0.142667
0.117450
0.085377
0.188907
0.079305
0.095918
0.072458
0.060378
0.101245
0.092585
0.111971
0.158948
0.066776
0.179964
0.144214
0.109547
0.070729
0.065798
0.135264
0.107767
0.143387
0.115189
0.126579
0.150363
0.063610
0.056917
0.222942
0.168891
0.118541
0.135868
0.052905
0.069633
0.122838
0.054584
0.202592
0.111027
0.098442
0.087653
0.064968
0.122391
0.116218
0.059579
0.154149
0.055522
0.072431
0.180575
0.106788
0.161073
0.171340
0.130085
0.112913
0.086522
0.130783
0.069474
0.232893
0.066044
0.102522
0.057680
0.104403
0.104345
0.090810
0.064033
0.120332
0.171489
0.071330
0.068870
0.114244
0.071549
0.154262
0.054186
0.099132
0.031492
0.072301
0.134378
0.105052
0.186164
0.158244
0.090055
0.057231
0.054747
0.071682
0.042865
0.103177
0.114483
0.046994
0.141995
0.094592
0.058865
0.102750
0.077314
0.131417
0.085921
0.056876
0.040689
0.059081
0.056827
0.070664
0.176103
0.085731
0.125940
0.107849
0.046719
0.201624
0.090926
0.085613
0.165139
0.068899
0.067059
0.079360
0.065188
0.117382
0.153385
0.102289
0.037014
0.047504
0.092222
0.099568
0.083320
0.072366
0.089258
0.094459
0.097364
0.063414
0.051932
0.097637
0.070128
0.136652
0.084889
0.104791
0.053868
0.104575
0.117583
0.054139
0.201908
0.112550
0.138077
0.113567
0.089548
0.083443
0.141826
0.093378
0.079958
0.040798
0.106939
0.094636
0.129952
0.099599
0.053777
0.041389
0.102837
0.091546
0.123306
0.151688
0.071692
0.085485
0.099129
0.123938
