2.300497
2.300561
2.297243
2.299394
2.298775
2.295316
2.301480
2.299794
2.302013
2.301890
2.303026
2.304071
2.303435
2.303290
2.303662
2.303662
2.305025
2.300120
2.301087
2.299401
2.303572
2.297057
2.296507
2.294118
2.293622
2.285414
2.287221
2.295350
2.291280
2.298536
2.295027
2.292550
2.295248
2.295294
2.298043
2.298935
2.282423
2.291423
2.276310
2.285142
2.283390
2.272074
2.267107
2.246962
2.253820
2.230646
2.222567
2.200772
2.205445
2.178881
2.194205
2.190653
2.181793
2.193088
2.203578
2.173985
2.220272
2.239788
2.255676
2.251820
2.237329
2.264005
2.232635
2.203614
2.207615
2.177809
2.188743
2.178769
2.201404
2.132605
2.123925
2.084478
2.108941
2.077326
2.085176
2.015679
2.071736
2.073370
2.028177
2.105305
2.052098
2.051325
2.062323
2.038167
2.094460
2.047797
2.070347
1.989428
2.018391
2.020804
2.061779
2.013048
2.001030
2.026261
2.018609
1.996040
1.998499
1.961827
1.950744
1.965214
1.968392
1.969811
1.944468
1.979712
1.942004
1.965747
1.971881
1.989116
2.003410
1.974397
1.952768
1.947491
1.919679
1.959142
1.949206
1.903613
1.947285
1.937506
1.880783
1.941434
1.935111
1.890508
1.981194
1.920262
1.926637
1.874224
1.962393
1.926285
1.915248
1.850022
1.875744
1.929256
1.910302
1.866448
1.859095
1.846679
1.888382
1.842733
1.850515
1.851098
1.919275
1.873515
1.900454
1.864637
1.912324
1.887926
1.944476
1.913181
1.848500
1.838789
1.849567
1.875070
1.795431
1.806799
1.801095
1.752804
1.804209
1.836628
1.783911
1.805142
1.788836
1.783131
1.775227
1.733217
1.820820
1.833616
1.802423
1.831713
1.767297
1.815535
1.867642
1.839255
1.811527
1.827896
1.840103
1.857792
1.831903
1.825767
1.865783
1.824272
1.804913
1.810999
1.815452
1.826456
1.817425
1.836191
1.824353
1.770365
1.745225
1.771905
1.777894
1.837086
1.812933
1.776487
1.759837
1.768414
1.788384
1.833216
1.806299
1.811425
1.833146
1.786648
1.750266
1.826109
1.803992
1.830783
1.820876
1.874319
1.796529
1.814619
1.785777
1.775563
1.824641
1.786731
1.783493
1.781908
1.775208
1.778525
1.769551
1.813978
1.791088
1.803431
1.796850
1.843889
1.825736
1.749635
1.775554
1.803744
1.796279
1.738987
1.808585
1.785968
1.763464
1.769867
1.800171
1.776130
1.783820
1.765113
1.802898
1.855321
1.773888
1.841160
1.806086
1.830400
1.776412
1.746066
1.758078
1.743592
1.770755
1.793143
1.779084
1.731172
1.772915
1.785861
1.779018
1.789205
1.799427
1.778481
1.766893
1.761494
1.807008
1.775363
1.779000
1.783153
1.795815
1.772636
1.766755
1.721395
1.769366
1.798545
1.769860
1.821646
1.789635
1.828157
1.803091
1.761288
1.752175
1.755046
1.759228
1.787371
1.817339
1.776385
1.771714
1.783702
1.720480
1.774125
1.798880
1.810303
1.819164
1.775693
1.779915
1.790037
1.781939
1.766425
1.729259
1.732614
1.749895
1.759211
1.784513
1.755035
1.770698
1.783691
1.812556
1.717798
1.799035
1.724680
1.695995
1.754722
1.731828
1.774866
1.731271
1.764406
1.735143
1.759577
1.725032
1.697311
1.723652
1.701794
1.745123
1.727517
1.732793
1.675809
1.725403
1.658086
1.721153
1.732380
1.696353
1.731556
1.748672
1.722538
1.697723
1.713129
1.715881
1.751239
1.724948
1.710023
1.706027
1.744363
1.724423
1.680063
1.739473
1.692486
1.668051
1.681833
1.699321
1.722340
1.696411
1.668867
1.711169
1.663185
1.683956
1.714808
1.672409
1.707414
1.687223
1.724205
1.654605
1.676735
1.679254
1.661150
1.717725
1.670533
1.681106
1.684307
1.716497
1.683715
1.662264
1.702711
1.671114
1.725684
1.717991
1.676491
1.682423
1.684832
1.666292
1.711867
1.687959
1.703355
1.671021
1.678571
1.675423
1.651487
1.688841
1.654241
1.665892
1.665632
1.648181
1.718932
1.640592
1.646666
1.630346
1.661238
1.631063
1.711834
1.677094
1.623545
1.661836
1.674966
1.687112
1.657938
1.635170
1.661565
1.629438
1.652885
1.646166
1.647834
1.607989
1.660811
1.626932
1.661671
1.666570
1.642260
1.662665
1.678238
1.646460
1.652657
1.715866
1.673077
1.646803
1.644490
1.673330
1.657640
1.670535
1.648900
1.667054
1.642993
1.630479
1.638326
1.618576
1.664851
1.618239
1.680386
1.636045
1.613458
1.632569
1.661522
1.651977
1.637685
1.613180
1.661709
1.621232
1.621281
1.593253
1.639265
1.623698
1.645155
1.666013
1.620404
1.671103
1.616177
1.632576
1.654130
1.626736
1.634246
1.646588
1.646998
1.671476
1.647612
1.630237
1.667436
1.634524
1.635719
1.605761
1.610284
1.644466
1.602222
1.643721
1.622852
1.607470
1.636292
1.645961
1.595499
1.649792
1.605484
1.627144
1.629090
1.600631
1.639778
1.618364
1.595874
1.634280
1.607686
1.626761
1.630013
1.621540
1.615297
1.619779
1.661076
1.611978
1.625597
1.661107
1.601497
1.617662
1.650002
1.619421
1.651499
1.628671
1.635023
1.634048
1.613189
