2.242946
2.246372
2.258920
2.286689
2.314049
2.330190
2.337756
2.338579
2.340567
2.483873
2.634708
2.711652
3.132685
3.654974
3.953682
4.128667
4.244396
3.973356
3.315927
2.855535
2.738219
2.787224
2.947949
3.250020
3.762281
4.270929
4.961862
5.323773
5.082880
4.204083
4.848532
5.694564
6.701543
6.969744
6.399322
4.997289
3.002972
1.492620
0.967696
1.167297
1.857752
2.922921
3.726100
4.716134
5.911483
7.377100
12.731664
9.071302
17.456841
24.406582
116.208710
34.191387
0.000000
2195.024658
596.149475
26.442493
3.374233
3.440446
3.687695
3.974998
4.174270
4.106662
3.834580
3.523705
3.335921
3.292964
3.240991
3.201714
3.172077
3.177837
3.150089
3.216984
3.410028
3.484043
3.373241
3.298678
3.047942
2.957603
2.911949
2.869518
2.829948
2.816129
2.847116
2.932707
3.108816
2.975269
3.083084
3.272449
3.039960
2.941358
4.530869
7.499919
7.437872
9.425182
3.685067
3.376042
3.289512
3.269822
3.899802
5.908943
10.143076
5.076726
3.010034
3.019337
3.072917
3.064126
3.112559
3.205670
3.306461
3.478747
3.600225
3.757412
4.372355
4.592223
5.606608
8.059796
8.972324
17.210651
17.753510
12.477393
6.870091
3.810184
3.629302
3.515416
3.615951
3.533490
3.568586
3.808699
4.052618
4.388319
5.881317
7.854338
6.849323
6.037146
7.824493
7.089770
6.871322
8.422507
10.012608
9.224243
10.804283
15.137733
18.371861
21.403456
25.383984
37.158375
75.550552
70.674431
62.821358
113.023613
115.390106
108.132797
119.773720
433.076752
419.194275
415.090607
735.708801
746.918030
800.781006
1403.578369
2723.667480
4513.653809
4700.689941
8402.174805
8909.298828
23153.548828
59008.312500
22823.095703
123718.351562
796102.812500
725954.000000
170731.531250
12134215.000000
216167744.000000
444989505536.000000
212070187008.000000
2420296842815156388746842079232.000000
nan
nan
nan
nan
nan
nan
nan
nan
nan
nan
nan
nan
nan
nan
nan
nan
nan
nan
nan
nan
nan
nan
nan
nan
nan
nan
nan
nan
nan
nan
nan
nan
nan
nan
nan
nan
nan
nan
nan
nan
nan
nan
nan
nan
nan
nan
nan
nan
nan
nan
nan
nan
nan
nan
nan
nan
nan
nan
nan
nan
nan
nan
nan
nan
nan
nan
nan
nan
nan
nan
nan
nan
nan
nan
nan
nan
nan
nan
nan
nan
nan
nan
nan
nan
nan
nan
nan
nan
nan
nan
nan
nan
nan
nan
nan
nan
nan
nan
nan
nan
nan
nan
nan
nan
nan
nan
nan
nan
nan
nan
nan
nan
nan
nan
nan
nan
nan
nan
nan
nan
nan
nan
nan
nan
nan
nan
nan
nan
nan
nan
nan
nan
nan
nan
nan
nan
nan
nan
nan
nan
nan
nan
nan
nan
nan
nan
nan
nan
nan
nan
nan
nan
nan
nan
nan
nan
nan
nan
nan
nan
nan
nan
nan
nan
nan
nan
nan
nan
nan
nan
nan
nan
nan
nan
nan
nan
nan
nan
nan
nan
nan
nan
nan
nan
nan
nan
nan
nan
nan
nan
nan
nan
nan
nan
nan
nan
nan
nan
nan
nan
nan
nan
nan
nan
nan
nan
nan
nan
nan
nan
nan
nan
nan
nan
nan
nan
nan
nan
nan
nan
nan
nan
nan
nan
nan
nan
nan
nan
nan
nan
nan
nan
nan
nan
nan
nan
nan
nan
nan
nan
nan
nan
nan
nan
nan
nan
nan
nan
nan
nan
nan
nan
nan
nan
nan
nan
nan
nan
nan
nan
nan
nan
nan
nan
nan
nan
nan
nan
nan
nan
nan
nan
nan
nan
nan
nan
nan
nan
nan
nan
nan
nan
nan
nan
nan
nan
nan
nan
nan
nan
nan
nan
nan
nan
nan
nan
nan
nan
nan
nan
nan
nan
nan
nan
nan
nan
nan
nan
nan
nan
nan
nan
nan
nan
nan
nan
nan
nan
nan
nan
nan
nan
nan
