2.386326
2.403238
2.408552
2.451417
2.512031
2.547823
2.586053
2.679059
2.814852
2.876848
2.999631
3.166331
3.199057
3.348841
3.642625
3.805735
4.097675
4.251882
4.468521
5.018574
4.949490
4.989949
5.268706
5.257117
4.783307
5.036953
5.236097
5.269457
5.385285
5.323513
5.954518
6.212622
6.130482
6.209092
8.495787
10.472940
12.345096
11.859051
11.646211
13.271964
13.742701
12.553264
13.759607
16.074574
24.061296
26.686497
40.609661
39.968235
43.101654
49.609051
65.950760
91.718590
101.718475
86.413345
83.246178
66.467522
46.603027
30.415579
14.059012
6.302554
3.349069
2.707008
2.554964
2.523188
2.498927
2.465571
2.437006
2.464483
2.454863
2.466605
2.420513
2.448945
2.447581
2.459234
2.436972
2.447549
2.456678
2.458777
2.466942
2.470444
2.454225
2.462161
2.485506
2.462457
2.468614
2.486804
2.494678
2.505419
2.474800
2.486146
2.511237
2.534083
2.513341
2.495091
2.529325
2.571345
2.564293
2.581853
2.617241
2.612881
2.653515
2.663099
2.767784
2.847339
2.792115
2.925442
3.026931
3.097917
3.127627
3.131927
3.155625
3.191407
3.163530
3.177911
3.258700
3.234115
3.300551
3.334998
3.347000
3.459707
3.285792
3.272194
3.333432
3.408242
3.307927
3.299963
3.311524
3.173117
3.221780
3.273008
3.061548
3.134305
3.067468
3.074043
3.113933
3.102610
3.138088
3.138906
3.301100
3.221035
3.368228
3.425638
3.340783
3.467424
3.384861
3.335946
3.439083
3.479233
3.395327
3.368914
3.470841
3.334740
3.344143
3.382888
3.431617
3.427809
3.386790
3.436836
3.389695
3.383602
3.246151
3.431458
3.488954
3.379920
3.446761
3.422670
3.293077
3.592121
3.562962
3.545472
3.577724
3.493276
3.546924
3.484339
3.473259
3.509558
3.498409
3.355739
3.438263
3.373992
3.467973
3.454488
3.462285
3.545344
3.597578
3.703524
3.728997
3.759722
3.826430
3.672643
3.489918
3.582392
3.667815
3.666596
3.844340
3.698487
3.684900
3.780089
3.779425
3.707014
3.872431
3.724617
3.779933
4.008164
3.918558
3.728461
3.742090
3.695848
3.846788
3.963134
3.964715
4.023766
3.863265
3.791677
3.590210
3.629043
3.627647
3.710211
3.767418
3.513818
3.661421
3.729845
4.077536
3.898749
4.260021
3.965489
4.215882
3.981338
4.177623
3.826244
3.849783
3.797119
3.803564
3.735360
3.844531
3.756433
3.850827
3.868214
4.108565
4.066055
4.129858
3.918084
4.224771
4.067458
3.719214
3.892642
3.928045
3.837575
3.960482
3.839751
3.782564
4.171247
4.005346
4.220810
3.857939
4.045569
3.909339
4.189949
4.456348
4.212018
3.961035
3.798152
3.912681
4.079790
4.113624
3.728964
4.097486
4.352085
3.904138
4.152472
4.424265
4.212562
4.204652
3.704823
4.050838
3.631730
5.388631
5.637416
5.246741
4.320831
4.084217
3.891171
3.801332
3.607745
3.964180
3.842567
3.972237
3.977540
4.543495
4.458441
4.514088
4.808815
4.479995
4.676242
4.349395
4.171453
3.786685
4.010492
3.727834
3.452169
4.033416
4.256478
4.005509
4.182688
4.130333
3.438698
3.647698
4.216325
3.943454
4.002128
3.854180
3.861830
3.944460
3.749896
3.748657
3.429158
3.259526
3.691526
3.782838
4.306630
4.075341
3.657928
3.142753
3.575550
3.649961
4.208738
6.254687
8.367433
6.775344
5.537584
4.616831
4.269691
3.922944
3.034172
3.407538
3.094690
3.104564
4.727673
6.479173
8.457872
11.207215
11.481459
11.334278
9.298213
9.646992
9.666673
9.241390
9.368570
7.252908
6.198792
6.271423
6.132102
5.913916
3.461419
3.483230
2.293915
2.250823
1.574322
1.557372
2.085782
2.441292
3.773301
3.658434
3.901119
3.969935
3.586188
4.149145
3.351339
2.434695
2.831733
2.936115
3.792670
2.335835
2.510135
3.703466
3.817480
5.405112
4.213366
3.942433
5.455925
5.780327
4.847099
5.210888
8.504582
6.746266
3.834224
20.850603
3.941474
14.186359
27.316601
31.851294
114.921272
275.533813
429.188354
427.633606
225.575378
143.133835
51.654423
10.506226
2.719990
2.424141
2.436970
2.412816
2.430515
2.493689
2.494159
2.587271
2.561633
2.518928
2.570914
2.514376
2.475314
2.458860
2.471156
2.514089
2.468908
2.441431
2.480515
2.495105
2.497468
2.549620
2.543886
2.521035
2.498516
2.460324
2.472492
2.526543
2.525904
2.558395
2.620623
2.576865
2.492578
2.500983
2.639476
2.475249
2.501539
2.394482
2.497096
2.468599
2.456718
2.578601
2.546431
2.543945
2.740724
2.655774
2.635562
2.501250
2.545343
2.496447
2.521066
2.549887
2.613154
2.493647
2.578902
2.562687
2.682967
2.620450
2.672277
2.505229
2.493794
2.396449
2.544737
2.581769
2.672203
2.553720
2.508121
2.446114
2.454955
2.421969
2.396043
2.383860
2.398210
2.489707
2.465130
2.577754
2.641425
2.674361
2.470394
2.668999
2.793235
3.032336
2.739289
2.607377
2.650769
2.780610
2.841275
2.539151
2.913942
2.391702
2.295907
2.236681
2.200314
2.612624
2.780615
1.768067
2.081169
2.675022
2.505395
1.648293
3.293623
