2.304374
2.304757
2.296290
2.286483
2.289461
2.286569
2.280210
2.261265
2.265047
2.263965
2.242192
2.235942
2.230878
2.221895
2.198769
2.186978
2.157548
2.164818
2.137665
2.145944
2.118540
2.099172
2.096029
2.078454
2.025877
2.034836
1.990633
1.979035
1.925650
1.894690
1.850248
1.843875
1.766940
1.662303
1.591792
1.581762
1.489533
1.447388
1.339300
1.278852
1.150401
1.127877
1.019459
1.008191
1.047277
0.799035
0.746637
0.601393
0.661090
0.806049
0.561799
0.479498
0.507014
0.570781
0.517607
0.437756
0.369782
0.657094
0.458128
0.532414
0.394660
0.474308
0.554392
0.398097
0.417947
0.444755
0.344765
0.261400
0.283860
0.319651
0.334135
0.241526
0.530911
0.493743
0.325318
0.195181
0.264327
0.418401
0.190379
0.397017
0.305606
0.276031
0.408606
0.243733
0.285660
0.448352
0.373241
0.453007
0.284350
0.409522
0.261210
0.277136
0.249254
0.268674
0.394609
0.346349
0.339970
0.278992
0.231214
0.323837
0.252233
0.298112
0.346900
0.236041
0.450263
0.438590
0.242217
0.234219
0.236547
0.233447
0.225556
0.316483
0.374597
0.272382
0.169633
0.257827
0.309328
0.295669
0.169189
0.258175
0.321584
0.242066
0.178140
0.260185
0.172278
0.209131
0.273173
0.238930
0.216266
0.247380
0.277914
0.281303
0.295288
0.306265
0.277876
0.208811
0.519030
0.278567
0.412382
0.183768
0.233003
0.237291
0.213723
0.199934
0.275775
0.200838
0.219759
0.216115
0.201340
0.243587
0.440755
0.238823
0.254706
0.240135
0.277097
0.243121
0.473911
0.249243
0.160172
0.277486
0.224081
0.292895
0.213152
0.351593
0.252789
0.318844
0.111289
0.226443
0.358047
0.143174
0.204217
0.203728
0.244844
0.268531
0.231862
0.171049
0.080785
0.324613
0.204670
0.220250
0.136100
0.177137
0.326634
0.263072
0.283069
0.190001
0.315796
0.118731
0.234143
0.193303
0.242009
0.239551
0.160942
0.137742
0.268922
0.151156
0.206104
0.111898
0.231690
0.153080
0.218446
0.177489
0.258838
0.145705
0.112614
0.187984
0.228956
0.155157
0.132586
0.232410
0.216030
0.184344
0.191848
0.272539
0.321328
0.256119
0.134664
0.246135
0.132035
0.201737
0.248710
0.106916
0.105939
0.196821
0.355083
0.333045
0.262542
0.150834
0.170089
0.183580
0.146569
0.198618
0.216453
0.340443
0.095918
0.225847
0.230922
0.104654
0.124804
0.101502
0.189772
0.202798
0.205249
0.058213
0.381090
0.167997
0.264105
0.126044
0.173007
0.176614
0.080083
0.168833
0.152538
0.166692
0.212608
0.139758
0.150555
0.117223
0.087593
0.104101
0.141913
0.143410
0.142320
0.180515
0.170806
0.174245
0.231727
0.072948
0.242644
0.166250
0.104457
0.139483
0.177763
0.112085
0.128228
0.109021
0.105086
0.165623
0.082792
0.127086
0.164017
0.173600
0.261295
0.215475
0.188816
0.098258
0.153653
0.179469
0.161309
0.245176
0.161783
0.130600
0.083321
0.174605
0.100541
0.102425
0.148761
0.129863
0.133593
0.119383
0.200875
0.233458
0.245563
0.111406
0.096224
0.132446
0.178529
0.144301
0.083701
0.160410
0.134875
0.119526
0.093112
0.145917
0.184141
0.073849
0.149612
0.114606
0.113556
0.226634
0.106114
0.136653
0.122500
0.150575
0.109373
0.188829
0.217032
0.213440
0.216900
0.122549
0.138377
0.183064
0.157424
0.236366
0.077613
0.349140
0.278639
0.206515
0.101442
0.300552
0.174779
0.213555
0.205139
0.160335
0.172381
0.178336
0.217858
0.188839
0.128610
0.101695
0.156326
0.130107
0.057669
0.089048
0.188121
0.092275
0.071165
0.249535
0.111112
0.068310
0.151125
0.098497
0.163927
0.248132
0.092600
0.098474
0.081613
0.094719
0.042347
0.071539
0.118787
0.081970
0.135374
0.097667
0.099758
0.074099
0.064553
0.083345
0.082093
0.207955
0.120361
0.094749
0.073287
0.095532
0.099514
0.147439
0.072968
0.211245
0.071589
0.093801
0.181664
0.090935
0.123285
0.147757
0.071547
0.237883
0.061165
0.096706
0.123173
0.100602
0.119455
0.163080
0.096643
0.157469
0.075392
0.105172
0.048951
0.136087
0.093608
0.037232
0.113159
0.138124
0.167719
0.061499
0.071619
0.101734
0.101395
0.073239
0.164375
0.095636
0.073709
0.079450
0.128644
0.132241
0.151698
0.050140
0.077419
0.176087
0.030043
0.076593
0.100780
0.028753
0.060239
0.050770
0.231864
0.103583
0.092784
0.080862
0.053328
0.119803
0.173186
0.182384
0.111802
0.051805
0.223097
0.106237
0.083898
0.080185
0.132844
0.073472
0.269275
0.428295
0.117000
0.405013
0.061242
0.133136
0.046595
0.193762
0.031032
0.196539
0.155097
0.075435
0.155400
0.098950
0.325629
0.107112
0.139112
0.251673
0.066020
0.221190
0.260123
0.094378
0.108956
0.271030
0.133495
0.153344
0.066790
0.092253
0.061517
0.058501
0.106673
0.116706
0.058460
0.082180
0.089009
0.038925
0.114178
0.045289
0.075911
0.074901
0.099705
0.031963
0.081438
0.065251
0.077975
0.091184
0.035237
0.126961
0.028391
0.079551
