2.306780
2.308328
2.308218
2.303150
2.273715
2.249095
2.206693
2.207162
2.171208
2.248641
2.245955
2.271256
2.270762
2.267143
2.264870
2.237628
2.259309
2.229010
2.262064
2.220836
2.345133
2.291763
2.787198
2.747171
2.810649
2.773472
2.765032
2.708750
2.714945
2.765123
2.742846
2.783061
2.808324
2.748795
2.801106
2.749974
2.822880
2.809795
2.729536
2.720877
2.748626
2.742619
2.739284
2.757706
2.690656
2.606960
2.663211
2.650669
2.597244
2.581403
2.547075
2.533844
2.585244
2.605441
2.558784
2.536073
2.599724
2.507741
2.537982
2.561888
2.533336
2.526234
2.562081
2.560771
2.463731
2.454533
2.412844
2.324517
2.297873
2.295304
2.291409
2.270365
2.274437
2.279683
2.249126
2.250068
2.328913
2.305260
2.259832
2.280123
2.254713
2.245262
2.263534
2.252559
2.235953
2.248453
2.300947
2.328127
2.350004
2.316167
2.252627
2.245044
2.266364
2.277235
2.255876
2.275485
2.263280
2.277013
2.274836
2.239242
2.258086
2.232200
2.290326
2.246162
2.285557
2.323464
2.326771
2.314551
2.246045
2.281579
2.260421
2.260722
2.252435
2.287056
2.257436
2.272680
2.263153
2.266202
2.274930
2.275519
2.276386
2.277653
2.269307
2.279044
2.277815
2.277443
2.273871
2.270260
2.295831
2.265049
2.270432
2.275605
2.272108
2.286571
2.275185
2.258342
2.291000
2.255912
2.275719
2.268450
2.279291
2.286446
2.261914
2.273746
2.279663
2.275110
2.293230
2.285579
2.278920
2.286647
2.292734
2.233075
2.278920
2.259866
2.291248
2.294373
2.250577
2.273003
2.284836
2.280892
2.285455
2.262285
2.288143
2.281769
2.276930
2.277006
2.273261
2.266831
2.265183
2.251444
2.253940
2.275223
2.266801
2.236686
2.285827
2.272890
2.290095
2.276414
2.290962
2.284922
2.283655
2.274748
2.256207
2.287066
2.254969
2.266849
2.272928
2.278056
2.288448
2.255770
2.290800
2.254359
2.249262
2.266323
2.286800
2.263422
2.271596
2.242366
2.268027
2.259505
2.237601
2.267332
2.255037
2.250060
2.284912
2.247986
2.261456
2.258961
2.267135
2.364955
2.350579
2.279887
2.297993
2.257684
2.264953
2.277853
2.302585
2.278262
2.286047
2.307657
2.272146
2.277435
2.275195
2.275986
2.279873
2.289220
2.264268
2.289438
2.285665
2.283112
2.257274
2.292650
2.235030
2.275528
2.233708
2.242802
2.254090
2.267328
2.246738
2.291203
2.308573
2.332250
2.258545
2.297725
2.293686
2.242114
2.245957
2.260241
2.249568
2.193282
2.224866
2.248132
2.248849
2.234543
2.201868
2.206772
2.224593
2.203035
2.225199
2.216357
2.209665
2.246246
2.213703
2.237942
2.225290
2.156357
2.218227
2.234179
2.231143
2.170342
2.228513
2.192641
2.217675
2.204735
2.233298
2.228380
2.216746
2.211787
2.213662
2.246701
2.181910
2.234881
2.204859
2.240836
2.223900
2.226056
2.234716
2.252648
2.219273
2.214004
2.206010
2.239955
2.206611
2.173495
2.208882
2.199847
2.222294
2.223548
2.152373
2.201156
2.169467
2.204306
2.220254
2.272296
2.218909
2.209348
2.162747
2.270833
2.210687
2.228723
2.212844
2.232476
2.206591
2.158538
2.220598
2.169616
2.194682
2.253952
2.166797
2.221256
2.198172
2.208132
2.227997
2.239233
2.192102
2.195646
2.220130
2.241159
2.203486
2.183547
2.236885
2.212026
2.187578
2.263127
2.182255
2.247422
2.217948
2.248137
2.208510
2.231757
2.251281
2.216691
2.212785
2.217777
2.207668
2.196114
2.214283
2.234243
2.240856
2.257494
2.222129
2.187100
2.205066
2.225965
2.217081
2.249826
2.261210
2.221723
2.268698
2.251976
2.224714
2.212752
2.187792
2.213970
2.228415
2.216891
2.237566
2.209004
2.213499
2.209679
2.182188
2.211419
2.296870
2.255866
2.239740
2.193901
2.182191
2.228662
2.232038
2.191947
2.185717
2.245812
2.224964
2.200669
2.230820
2.224026
2.230384
2.184479
2.149515
2.238816
2.204557
2.205778
2.212174
2.194216
2.177367
2.192999
2.205703
2.197074
2.209191
2.213391
2.220327
2.208014
2.200466
2.160758
2.235928
2.225035
2.239546
2.218544
2.226443
2.233018
2.220121
2.251205
2.182999
2.207965
2.225341
2.259669
2.200561
2.202952
2.215902
2.248115
2.230404
2.209511
2.243556
2.213555
2.235920
2.208237
2.190365
2.230438
2.196379
2.209765
2.187985
2.200866
2.229523
2.202669
2.213797
2.180292
2.200572
2.242357
2.156225
2.237564
2.169073
2.189933
2.233129
2.154091
2.250933
2.209234
2.196231
2.157071
2.214395
2.212623
2.196494
2.219342
2.146616
2.209206
2.212824
2.224416
2.193829
2.213203
2.206819
2.204677
2.191971
2.149162
2.203263
2.205990
2.190691
2.220053
2.214524
2.142217
2.226342
2.184124
2.234003
2.210393
2.192842
2.236916
2.213221
2.175966
2.202348
2.242624
2.196559
2.185879
2.224516
2.252655
2.216235
2.229496
2.210636
2.202478
2.186670
2.197509
2.192435
2.194673
2.159809
2.226006
2.204424
2.181387
2.200447
2.208387
2.193771
2.209655
2.158333
2.209278
