2.299958
2.294910
2.293885
2.299268
2.286368
2.279258
2.295954
2.274417
2.255282
2.235599
2.247625
2.223356
2.174456
2.150888
2.101269
2.078615
2.015698
1.988626
1.934393
1.875972
1.837701
1.891341
1.797231
1.807557
1.764825
1.751920
1.769519
1.697926
1.724481
1.702579
1.717267
1.644285
1.712971
1.666656
1.642251
1.672304
1.642939
1.655214
1.645006
1.636850
1.657294
1.630716
1.602185
1.645554
1.648414
1.612950
1.621695
1.600152
1.583410
1.581073
1.615073
1.627758
1.604157
1.609604
1.609287
1.574327
1.569911
1.591246
1.576913
1.617216
1.611150
1.581594
1.569889
1.572303
1.606540
1.575564
1.579459
1.594948
1.571962
1.584985
1.596146
1.551555
1.541776
1.556060
1.575776
1.531524
1.596236
1.559066
1.564049
1.580817
1.572929
1.551175
1.537053
1.533971
1.572234
1.542346
1.544433
1.560996
1.543244
1.563701
1.561116
1.574768
1.540456
1.566751
1.559685
1.562268
1.527204
1.557220
1.595959
1.533843
1.544042
1.535068
1.535473
1.549294
1.549189
1.527013
1.527529
1.516589
1.536202
1.541628
1.515604
1.529624
1.519799
1.529866
1.546961
1.526998
1.545157
1.544688
1.526552
1.525401
1.540956
1.516384
1.520858
1.531208
1.538094
1.524800
1.526278
1.523999
1.540069
1.526991
1.538080
1.549919
1.528575
1.528774
1.513089
1.512107
1.512323
1.510245
1.524619
1.517102
1.511536
1.520087
1.516853
1.511303
1.515273
1.512462
1.524995
1.515273
1.512708
1.513667
1.527126
1.542968
1.534067
1.527825
1.510259
1.507901
1.523057
1.518193
1.495662
1.499024
1.530242
1.514660
1.526509
1.505479
1.521010
1.494327
1.519931
1.512960
1.528978
1.551648
1.505814
1.529812
1.515580
1.513621
1.504782
1.512289
1.493541
1.491897
1.516030
1.499242
1.525427
1.487512
1.523579
1.493770
1.517942
1.497876
1.496787
1.505318
1.503714
1.517571
1.513900
1.494661
1.532241
1.495932
1.499527
1.514683
1.499380
1.499298
1.496222
1.504528
1.512611
1.514721
1.498621
1.527622
1.494598
1.498342
1.509435
1.497840
1.486691
1.508300
1.504891
1.504522
1.494306
1.502964
1.498679
1.500507
1.522172
1.503105
1.517038
1.496762
1.499769
1.513995
1.500534
1.507603
1.516541
1.485140
1.492235
1.520236
1.506067
1.487526
1.485761
1.503331
1.506645
1.490786
1.496762
1.517742
1.490731
1.491841
1.495729
1.495111
1.490804
1.496008
1.508427
1.488926
1.492974
1.523712
1.494525
1.503825
1.498159
1.489434
1.487715
1.512646
1.497918
1.501238
1.491718
1.487755
1.490495
1.497193
1.503579
1.508674
1.491028
1.517401
1.509149
1.504697
1.496031
1.487197
1.494423
1.486986
1.495846
1.498036
1.497023
1.502808
1.491863
1.485374
1.497931
1.489601
1.495603
1.495575
1.488333
1.504945
1.490365
1.487524
1.494301
1.495616
1.497226
1.507671
1.491511
1.482497
1.523445
1.478290
1.507799
1.491979
1.492434
1.510705
1.512567
1.492055
1.493138
1.481765
1.491500
1.490797
1.483060
1.491574
1.507014
1.500230
1.491110
1.483444
1.493007
1.502779
1.496333
1.496843
1.486134
1.492365
1.491330
1.482757
1.496526
1.479863
1.487552
1.479593
1.511712
1.482238
1.496643
1.481392
1.506667
1.497923
1.499032
1.490239
1.485985
1.490294
1.494309
1.499729
1.484994
1.490862
1.498639
1.489915
1.504938
1.495173
1.485055
1.492405
1.487431
1.476926
1.491373
1.518744
1.505982
1.501491
1.483212
1.489303
1.478298
1.488952
1.480441
1.478722
1.478183
1.506717
1.499209
1.489392
1.480088
1.491795
1.492308
1.486055
1.487682
1.481537
1.478914
1.499019
1.484210
1.489403
1.474443
1.487614
1.471294
1.497213
1.486886
1.508576
1.486576
1.511708
1.488764
1.506980
1.494592
1.499893
1.479450
1.487314
1.483287
1.490619
1.489008
1.476344
1.505039
1.482604
1.480797
1.504240
1.491922
1.492456
1.475239
1.492676
1.489556
1.479350
1.490455
1.482100
1.483163
1.485755
1.494772
1.477355
1.490361
1.499069
1.484689
1.484652
1.488854
1.484324
1.486219
1.492364
1.488879
1.493096
1.502904
1.476407
1.474001
1.479286
1.488621
1.480259
1.489694
1.496341
1.494682
1.490261
1.477969
1.483676
1.483677
1.496618
1.489042
1.482932
1.472461
1.494851
1.482893
1.498530
1.481180
1.482416
1.485091
1.478122
1.491448
1.475398
1.483727
1.482724
1.489646
1.477031
1.494633
1.486758
1.480244
1.495539
1.496524
1.484171
1.482935
1.467474
1.489040
1.493887
1.492019
1.489832
1.479157
1.489958
1.495401
1.496857
1.484605
1.471336
1.478536
1.492716
1.494075
1.478808
1.494443
1.483334
1.483360
1.504454
1.486450
1.477645
1.490254
1.489933
1.487425
1.499510
1.496829
1.489332
1.482262
1.479947
1.478485
1.475648
1.474992
1.492430
1.481935
1.493368
1.489955
1.494019
1.478550
1.489234
1.489861
1.492294
1.477673
1.488336
1.470247
1.475520
1.497328
1.480015
1.475689
1.472338
1.474487
1.480032
1.481016
1.476577
1.485129
1.468670
