2.304905
2.301114
2.309323
2.300202
2.307203
2.291286
2.312876
2.349515
2.409418
2.405024
2.399954
2.411398
2.318345
2.209457
2.223227
2.224954
2.220526
2.189058
2.116062
2.148063
2.162051
2.121630
2.066726
2.042402
2.039995
1.992185
1.969405
1.959868
2.035801
1.986977
2.027559
1.971289
1.970020
1.963777
1.938800
1.985361
1.992958
2.114483
2.015926
1.965101
1.960127
2.054669
1.914251
1.937462
1.971604
1.976853
1.924373
1.935537
1.990435
1.918083
1.996225
1.988878
1.985328
1.933040
1.925027
1.979271
1.947410
1.967684
2.015885
1.962366
1.978040
1.933232
1.952811
1.915408
1.909237
1.946206
1.994631
1.961436
1.894569
1.913435
1.906602
1.924307
1.995865
1.949828
1.933743
1.991725
1.913055
1.940126
1.895351
1.932732
1.882279
1.902335
1.898994
1.906588
1.886789
1.925922
1.870778
1.883549
1.969007
1.892084
1.905276
1.819406
1.930704
1.949812
1.972000
1.900903
1.875271
1.892883
1.945302
2.002016
1.922206
1.939706
2.019893
1.906691
1.949812
1.933715
1.950675
1.950590
1.901062
1.923352
1.897814
1.926988
1.845141
1.913821
1.907475
1.907489
1.927714
1.886549
1.840905
1.933132
1.909956
1.876053
1.978336
1.907307
1.869600
1.871628
1.890127
1.917467
1.835332
1.874405
1.905636
1.934926
1.901394
1.909361
1.891883
1.885448
1.903308
1.905622
1.935137
1.939498
1.885690
1.908030
1.934674
1.841374
1.902151
1.859869
1.926864
1.904785
1.941479
1.951343
1.941054
1.907993
1.924144
1.896918
1.931773
1.899655
1.876028
1.927913
1.882981
1.876851
1.903437
1.907270
1.887976
1.901362
1.840735
1.864076
1.903514
1.923403
1.900405
1.891515
1.939317
1.927722
1.877363
1.902669
1.885618
1.915220
1.878856
1.865572
1.913118
1.974769
1.867849
1.921440
1.969127
1.912392
1.941707
1.917374
1.942878
1.949836
1.895013
1.927520
1.938968
1.863739
1.869720
1.918071
1.928123
1.877872
1.925112
1.896662
1.928808
1.871727
1.909349
1.877093
1.839035
1.858701
1.901523
1.887546
1.944320
1.908339
1.868132
1.872384
1.881029
1.956110
1.876073
1.866874
1.828758
1.936807
1.946003
1.821700
1.875005
1.893416
1.937774
1.861250
1.862738
1.940706
1.968704
1.860985
1.921542
1.949271
1.902054
1.931290
1.897919
1.911314
1.896885
1.944763
1.882292
1.859946
1.860670
1.905725
1.897435
1.853390
1.935888
1.934547
1.861422
1.959077
1.938478
1.877238
1.903700
1.846972
1.884546
1.897362
1.846804
1.876725
1.892213
1.904564
1.887120
1.935799
1.903627
1.893994
1.963102
1.859942
1.919556
1.902545
1.871456
1.938429
1.869800
1.927764
1.909793
1.901230
1.845000
1.912372
1.880306
1.994850
1.874857
1.878849
1.879386
1.899001
1.850886
1.892772
1.919572
1.864548
1.907276
1.867136
1.859608
1.873999
1.923694
1.898805
1.925130
1.926653
1.878469
1.927660
1.890468
1.898481
1.888061
1.908672
1.911064
1.891034
1.854449
1.905691
1.920410
1.924918
1.895170
2.006953
1.879523
1.870345
1.933105
1.928989
1.941946
1.925686
1.916246
1.839069
1.914717
1.880015
1.874768
1.909651
1.892452
1.898674
1.915225
1.887832
1.861954
1.932007
1.914168
1.910744
1.893269
1.852263
1.898916
1.905577
1.892699
1.910028
1.859646
1.930856
1.906656
1.831675
1.901721
1.885794
1.903984
1.892769
1.814597
1.877181
1.908030
1.895794
1.924108
2.015260
1.955228
1.976392
1.871106
1.897479
1.886121
1.912000
1.838025
1.887426
1.922501
1.900773
1.893385
1.879620
1.916670
1.830776
1.840422
1.940601
1.938558
1.882734
1.914294
1.859696
1.837404
1.870553
1.898661
1.918737
1.880056
1.880036
1.946100
1.886611
1.905343
1.922588
1.887198
1.907316
1.915399
1.869062
1.897059
1.905284
1.893101
1.978889
1.899452
1.888932
1.888547
1.961915
1.877474
1.917004
1.877428
1.860894
1.897315
1.880054
1.840828
1.973019
1.910859
1.890757
1.885914
1.938781
1.903491
1.904468
1.876635
1.874011
1.834320
1.940199
1.944905
1.825609
1.894075
1.911839
1.857155
1.888364
1.895157
1.900373
1.863332
1.873445
1.882358
1.872015
1.889032
1.898051
1.801599
1.949954
1.902747
1.901338
1.857533
1.861091
1.867168
1.866362
1.833160
1.871773
1.826290
1.909034
1.939573
1.909464
1.888543
1.895248
1.915016
1.916582
1.890232
1.854082
1.847019
1.870533
1.940852
1.846980
1.923967
1.867233
1.909384
1.912576
1.846354
1.918757
1.875825
1.858031
1.903057
1.896334
1.862229
1.933339
1.928119
1.885680
1.901300
1.971816
1.867560
1.912115
1.877200
1.896781
1.834186
1.917215
1.864672
1.826293
1.858332
1.884551
1.915091
1.894231
1.901285
1.866518
1.892725
1.920581
1.905377
1.898936
1.873314
1.927528
1.900398
1.924635
1.850851
1.905053
1.877811
1.950991
1.846705
1.945131
1.949201
1.947350
1.871050
1.878623
1.937694
1.862514
1.921293
1.841207
1.901979
1.857641
1.870093
1.827535
1.894629
1.876465
1.840279
1.882414
