2.314299
2.312583
2.313346
2.312987
2.329433
2.356860
2.368799
2.360878
2.356494
2.372535
2.349150
2.328349
2.335796
2.302090
2.212542
2.254532
2.245333
2.248883
2.209817
2.244243
2.290308
2.257476
2.227264
2.204512
2.229946
2.275286
2.287956
2.113430
2.195703
2.213885
2.244701
2.173755
2.225519
2.129117
2.150043
2.082661
2.089317
2.168316
2.142016
2.150693
2.100908
2.116740
2.173815
2.064952
2.180783
2.173596
2.187057
2.120352
2.132838
2.095721
2.165653
2.095834
2.069547
2.136722
2.115145
2.145721
2.079071
2.137431
2.155601
2.136839
2.132726
2.169782
2.086110
2.078781
2.103127
1.853818
1.548517
1.557505
1.785276
1.743633
1.599453
1.546107
1.538743
1.536259
1.569525
1.591693
1.601170
1.614567
1.644845
1.545483
1.506223
1.506783
1.557407
1.526481
1.575856
1.554771
1.541131
1.551519
1.545324
1.546050
1.538242
1.526748
1.510493
1.512700
1.522053
1.547738
1.539390
1.532897
1.512018
1.511384
1.526913
1.518764
1.524519
1.509041
1.490471
1.525900
1.508690
1.495354
1.537502
1.543220
1.524454
1.525064
1.529168
1.489341
1.497704
1.516564
1.533801
1.500774
1.491799
1.492806
1.517281
1.495152
1.517690
1.511032
1.525007
1.493317
1.515949
1.486229
1.509964
1.494933
1.502624
1.499474
1.498108
1.510659
1.502361
1.512651
1.493212
1.497970
1.496420
1.495823
1.497181
1.509069
1.525763
1.504499
1.493958
1.491098
1.498971
1.507228
1.516770
1.516659
1.486476
1.489089
1.495404
1.494836
1.503487
1.511843
1.485281
1.500046
1.499690
1.522935
1.521562
1.477459
1.492811
1.485912
1.493582
1.515821
1.506098
1.500877
1.503512
1.491346
1.480660
1.482672
1.506795
1.495499
1.493605
1.489901
1.482310
1.487904
1.490780
1.540826
1.505819
1.487693
1.491405
1.488684
1.502772
1.487862
1.507144
1.496553
1.498597
1.506888
1.488225
1.489127
1.497932
1.499674
1.480771
1.482978
1.489983
1.496967
1.498663
1.486903
1.503878
1.482346
1.487273
1.490564
1.491615
1.498311
1.507622
1.506813
1.499751
1.490570
1.493308
1.472778
1.493560
1.503786
1.500186
1.498672
1.498855
1.492629
1.482305
1.487320
1.486079
1.488275
1.491152
1.489675
1.499177
1.508584
1.486435
1.476434
1.475851
1.488055
1.513458
1.495497
1.483844
1.484901
1.489004
1.489977
1.505295
1.495070
1.498332
1.492516
1.491331
1.493062
1.492642
1.485916
1.484543
1.496327
1.484179
1.488681
1.486158
1.498731
1.482501
1.501738
1.491706
1.485710
1.479757
1.487419
1.484582
1.484117
1.506498
1.481633
1.485613
1.489240
1.488800
1.472146
1.486868
1.492669
1.499254
1.492110
1.478280
1.490268
1.475121
1.479035
1.487413
1.489666
1.491014
1.486094
1.484291
1.501591
1.500345
1.495195
1.474412
1.489907
1.501906
1.490649
1.483015
1.485967
1.474225
1.494121
1.478203
1.496444
1.483442
1.481140
1.489398
1.486964
1.483891
1.481331
1.483786
1.484172
1.480397
1.479969
1.492571
1.476789
1.487610
1.490663
1.486053
1.490163
1.488232
1.494842
1.496137
1.475935
1.484120
1.493734
1.481428
1.492893
1.501361
1.472926
1.474256
1.478030
1.498978
1.486412
1.500933
1.492764
1.475892
1.478498
1.490352
1.480964
1.474946
1.477326
1.492208
1.474072
1.485199
1.496072
1.480168
1.493010
1.476884
1.486629
1.477291
1.473353
1.483139
1.478735
1.474862
1.485053
1.488682
1.477103
1.478920
1.490579
1.479320
1.498749
1.490117
1.489369
1.495808
1.481377
1.491339
1.483380
1.475021
1.485221
1.481862
1.490184
1.481824
1.470538
1.482378
1.494240
1.482063
1.480930
1.476759
1.479579
1.486918
1.491325
1.491848
1.473878
1.476552
1.470710
1.476215
1.498748
1.485757
1.479359
1.491840
1.471690
1.479361
1.475588
1.495227
1.479749
1.470865
1.493958
1.482358
1.481947
1.483060
1.480828
1.489596
1.483021
1.478783
1.480046
1.484169
1.475452
1.493939
1.478877
1.473982
1.481261
1.490395
1.498566
1.487370
1.470423
1.480269
1.482031
1.480876
1.472821
1.481233
1.501846
1.492575
1.477427
1.489298
1.485080
1.468657
1.490109
1.482604
1.480518
1.493836
1.493256
1.483111
1.473554
1.490352
1.472827
1.484065
1.470835
1.482945
1.478401
1.474501
1.475292
1.477695
1.480852
1.474936
1.487182
1.482790
1.471034
1.481486
1.478539
1.479465
1.485235
1.481972
1.472728
1.483395
1.487238
1.495360
1.477159
1.484666
1.488465
1.487680
1.478146
1.483436
1.480833
1.486451
1.482813
1.479060
1.474971
1.470657
1.470093
1.486246
1.469336
1.476998
1.471423
1.475696
1.495018
1.473070
1.481023
1.482184
1.482635
1.473143
1.481095
1.482015
1.474627
1.486311
1.483222
1.482957
1.483104
1.482082
1.488232
1.475063
1.475225
1.470517
1.467381
1.509649
1.470450
1.477527
1.486125
1.474323
1.485288
1.485591
1.474109
1.479959
1.486132
1.472057
1.471788
1.485701
1.475342
1.485735
1.472523
1.469167
1.475519
1.475914
1.484057
