2.302857
2.304092
2.301065
2.294248
2.271445
2.260922
2.247259
2.253476
2.273187
2.250558
2.268861
2.206783
2.200253
2.208539
2.178113
2.160244
2.143253
2.115350
2.200487
2.196988
2.083320
1.990250
1.936948
1.953731
1.997081
2.069681
2.001627
1.948403
1.927598
1.874176
1.853072
1.862999
1.875260
1.831084
1.833728
1.790288
1.772842
1.846665
1.801674
1.797640
1.801091
1.798058
1.804908
1.825295
1.851499
1.850481
1.852912
1.824331
1.874258
1.769546
1.804663
1.820069
1.783710
1.782872
1.811892
1.820938
1.812089
1.810797
1.836786
1.771878
1.775235
1.788245
1.754342
1.756196
1.764076
1.789693
1.780131
1.795558
1.804107
1.798814
1.863949
1.798710
1.791146
1.792790
1.831804
1.794260
1.824247
1.815984
1.771683
1.759434
1.764840
1.814711
1.787844
1.798774
1.792822
1.825179
1.766558
1.764591
1.754806
1.773566
1.808090
1.750258
1.777027
1.845465
1.782830
1.790090
1.770488
1.776669
1.766019
1.750441
1.740284
1.740340
1.783371
1.774789
1.755554
1.742979
1.748973
1.759304
1.728300
1.753555
1.723877
1.750701
1.760534
1.727635
1.741500
1.749874
1.723029
1.742276
1.734292
1.793440
1.756149
1.790449
1.735591
1.729784
1.729856
1.744646
1.737829
1.724518
1.755230
1.737628
1.731124
1.740065
1.723497
1.733011
1.730253
1.733820
1.754437
1.727696
1.749349
1.763568
1.747837
1.743531
1.744052
1.746657
1.745804
1.752192
1.738572
1.732381
1.737309
1.756772
1.762345
1.714327
1.738576
1.731080
1.759064
1.835657
1.775198
1.745370
1.752300
1.751293
1.780876
1.769618
1.762848
1.743862
1.744080
1.742140
1.730004
1.764442
1.747622
1.737151
1.743782
1.731568
1.741320
1.758556
1.724173
1.749096
1.728729
1.718940
1.732468
1.732643
1.734414
1.768296
1.732861
1.754742
1.764473
1.759025
1.754456
1.739784
1.720353
1.755991
1.731907
1.708491
1.751744
1.748117
1.725287
1.763441
1.734866
1.718216
1.746722
1.712259
1.703113
1.717702
1.710164
1.724446
1.760085
1.740807
1.735740
1.776931
1.749887
1.716602
1.704530
1.738526
1.736734
1.801225
1.770162
1.748441
1.730250
1.726980
1.703837
1.733273
1.727696
1.715801
1.729349
1.726740
1.714993
1.713642
1.707470
1.693346
1.709740
1.725355
1.748654
1.718552
1.706221
1.715221
1.727945
1.724081
1.746203
1.742324
1.709154
1.733827
1.715759
1.707430
1.726727
1.728429
1.725065
1.732128
1.725650
1.724979
1.747588
1.715756
1.704935
1.729026
1.699764
1.728394
1.717821
1.725472
1.714233
1.730147
1.715021
1.713763
1.710677
1.701370
1.716120
1.707957
1.721996
1.724118
1.693467
1.715139
1.714582
1.699446
1.722104
1.718150
1.717140
1.715382
1.708776
1.716051
1.721256
1.720638
1.729591
1.715296
1.728321
1.700561
1.696086
1.719434
1.691894
1.717576
1.722299
1.755411
1.727697
1.738531
1.779005
1.730026
1.725516
1.780779
1.767803
1.802638
1.837837
1.961491
1.938118
1.916513
1.876153
1.906212
1.889649
1.829871
1.828494
1.800420
1.769215
1.790331
1.785095
1.752509
1.753505
1.718585
1.723340
1.726485
1.715727
1.712109
1.716085
1.730856
1.756913
1.714363
1.728991
1.708470
1.708002
1.715430
1.701413
1.695929
1.740928
1.706801
1.732194
1.736647
1.735438
1.719554
1.742426
1.712885
1.708034
1.703169
1.708380
1.748870
1.743480
1.724735
1.725107
1.722202
1.714692
1.718350
1.703234
1.689945
1.723108
1.722666
1.720731
1.726122
1.714471
1.722050
1.709738
1.705866
1.704217
1.736990
1.730286
1.742961
1.737948
1.724158
1.710469
1.715581
1.697566
1.716034
1.715423
1.701595
1.693433
1.687062
1.706174
1.725003
1.714908
1.737145
1.735803
1.736609
1.713404
1.705483
1.728863
1.730418
1.728419
1.716664
1.721224
1.691830
1.689075
1.707866
1.697888
1.684215
1.681363
1.710281
1.713784
1.724290
1.716754
1.706829
1.699826
1.710731
1.684846
1.688644
1.705642
1.678576
1.717877
1.695543
1.703859
1.705894
1.710692
1.673564
1.698885
1.676800
1.660521
1.667896
1.663350
1.665488
1.665867
1.651751
1.667564
1.662975
1.682153
1.683736
1.669152
1.681345
1.693670
1.683879
1.655774
1.695108
1.705269
1.721264
1.729347
1.701728
1.703878
1.703436
1.689835
1.684984
1.709531
1.691822
1.699548
1.681380
1.671033
1.683541
1.658328
1.692393
1.689304
1.647822
1.647547
1.649139
1.662835
1.657906
1.675212
1.672506
1.666557
1.648546
1.657961
1.654410
1.716869
1.708922
1.712614
1.700321
1.721210
1.685732
1.678290
1.667175
1.675165
1.669195
1.652226
1.675948
1.654620
1.665678
1.681197
1.652826
1.652821
1.667815
1.685882
1.675611
1.648787
1.645729
1.671702
1.668778
1.664707
1.656939
1.656048
1.665851
1.648155
1.639009
1.639459
1.661050
1.654769
1.649095
1.637492
1.635332
1.651330
1.657469
1.656137
1.665298
1.646376
1.640465
1.641197
1.672453
1.655843
1.661041
1.643121
1.666260
1.656990
1.666919
