2.304775
2.305944
2.303745
2.300692
2.299377
2.288016
2.274249
2.270246
2.276108
2.280032
2.282641
2.286516
2.272545
2.273365
2.274870
2.292124
2.297641
2.302067
2.290687
2.294449
2.306684
2.281431
2.281843
2.267534
2.277150
2.257614
2.275081
2.247960
2.202430
2.205169
2.209665
2.212312
2.183195
2.164947
2.096731
2.119362
2.082340
2.071630
2.138592
2.208999
2.264090
2.278673
2.288685
2.273595
2.293828
2.252507
2.266568
2.219795
2.162355
2.107443
2.060613
1.956478
1.993646
1.974171
2.000767
2.008065
2.021881
2.077980
2.144170
2.223436
2.248969
2.378395
2.391514
2.374469
2.322522
2.300435
2.386188
2.390935
2.419888
2.288910
2.097052
2.042608
2.036070
1.993843
1.951388
1.911637
1.886306
1.875104
1.924800
1.878418
1.848638
1.863599
1.849874
1.876377
1.833358
1.851163
1.846125
1.804600
1.852188
1.867693
1.800470
1.857534
1.849585
1.876045
1.820434
1.805962
1.826193
1.815077
1.849224
1.835852
1.826221
1.846738
1.852725
1.846311
1.870341
1.891458
1.849544
1.929265
1.914308
1.867849
1.836420
1.849359
1.843340
1.791257
1.862665
1.826515
1.815337
1.808602
1.830298
1.841665
1.787154
1.812898
1.793396
1.825940
1.792468
1.773722
1.795671
1.819080
1.774217
1.800203
1.792996
1.792812
1.781623
1.731457
1.824211
1.804578
1.757491
1.782838
1.800433
1.790295
1.734041
1.747355
1.739552
1.787949
1.782747
1.767357
1.781286
1.797074
1.787611
1.749371
1.750655
1.695094
1.795094
1.808107
1.756602
1.793106
1.832840
1.714415
1.713385
1.785636
1.787674
1.768079
1.794344
1.744904
1.855360
1.726616
1.801133
1.748243
1.750505
1.772547
1.723266
1.743902
1.747401
1.756414
1.702349
1.786669
1.740307
1.720988
1.792096
1.751972
1.728910
1.787687
1.761317
1.740895
1.734735
1.736698
1.778006
1.800933
1.750333
1.750465
1.815153
1.774388
1.758339
1.714056
1.776734
1.715840
1.793426
1.764881
1.700498
1.739117
1.702875
1.773951
1.743826
1.731252
1.714466
1.763950
1.757628
1.784601
1.790552
1.730780
1.756654
1.786640
1.715467
1.773116
1.766423
1.707553
1.744344
1.702579
1.738173
1.751453
1.734794
1.721690
1.798215
1.745853
1.819022
1.767150
1.705317
1.703809
1.764701
1.761311
1.771083
1.738107
1.740631
1.763814
1.764186
1.689619
1.724365
1.729077
1.782132
1.778646
1.716611
1.763889
1.790958
1.751403
1.750814
1.757067
1.717270
1.794363
1.727367
1.754043
1.706907
1.756170
1.730918
1.721277
1.689684
1.709272
1.721521
1.725257
1.750439
1.730268
1.693294
1.686622
1.786152
1.722051
1.687997
1.776863
1.716895
1.732158
1.763218
1.692002
1.724317
1.678591
1.741291
1.776541
1.777359
1.765788
1.753087
1.747060
1.761627
1.718408
1.736789
1.731859
1.744811
1.766907
1.767064
1.717707
1.764283
1.721045
1.686254
1.775196
1.752179
1.749627
1.684229
1.757974
1.691731
1.722081
1.721719
1.738745
1.729883
1.790238
1.677567
1.715765
1.740850
1.773504
1.700247
1.754568
1.792172
1.756503
1.691656
1.835160
1.756809
1.772630
1.776744
1.828248
1.756972
1.843574
1.779089
1.815982
1.790967
1.810928
1.772942
1.776395
1.748042
1.757217
1.711935
1.777526
1.760495
1.764490
1.835998
1.724291
1.761819
1.737274
1.715981
1.695823
1.698876
1.775532
1.738787
1.758865
1.795629
1.685679
1.743011
1.768232
1.766448
1.709112
1.704338
1.727107
1.713527
1.803367
1.737038
1.762244
1.770033
1.773056
1.781078
1.774922
1.774032
1.799337
1.745906
1.767333
1.825711
1.675389
1.693851
1.726382
1.747984
1.758219
1.700882
1.689432
1.749582
1.760479
1.709795
1.764195
1.764336
1.783681
1.677830
1.707597
1.763803
1.766195
1.697245
1.724255
1.725132
1.750579
1.756305
1.731587
1.776017
1.688591
1.771930
1.734524
1.722529
1.754107
1.663513
1.733593
1.780757
1.696989
1.746474
1.734001
1.782158
1.723127
1.756416
1.744577
1.737404
1.675071
1.743321
1.658438
1.733488
1.728082
1.758929
1.685972
1.755900
1.782435
1.706425
1.681480
1.717154
1.700073
1.755476
1.760447
1.723942
1.701935
1.694141
1.814195
1.780051
1.696964
1.694227
1.691827
1.668528
1.761252
1.751570
1.695308
1.669314
1.755944
1.733445
1.696631
1.766448
1.703579
1.693496
1.724508
1.716367
1.748035
1.689692
1.728912
1.699015
1.767278
1.683492
1.763503
1.733901
1.738909
1.720738
1.670581
1.725741
1.735486
1.796501
1.691847
1.719783
1.768682
1.661287
1.699945
1.713374
1.762468
1.706053
1.765883
1.706349
1.754430
1.697210
1.680121
1.702258
1.722920
1.734074
1.715153
1.769476
1.730790
1.719466
1.697737
1.701852
1.719318
1.728189
1.699401
1.689398
1.762036
1.686286
1.693523
1.705072
1.706734
1.726130
1.678253
1.712849
1.751809
1.716699
1.687790
1.715726
1.694334
1.750660
1.656740
1.714290
1.739411
1.697934
1.746338
1.743547
1.701276
1.739703
1.693886
1.699326
1.628516
