2.307644
2.307378
2.309134
2.306218
2.304625
2.312741
2.312345
2.310909
2.311381
2.306680
2.304972
2.311196
2.305932
2.311855
2.312749
2.317586
2.330340
2.320003
2.331496
2.331962
2.331426
2.334635
2.348567
2.362659
2.346844
2.359769
2.361852
2.344765
2.366142
2.366825
2.368531
2.326474
2.397893
2.391742
2.433760
2.443900
2.445387
2.471089
2.426455
2.360926
2.358568
2.326437
2.296220
2.309431
2.330730
2.374449
2.381015
2.371797
2.303958
2.285672
2.302518
2.328387
2.397164
2.411377
2.416733
2.417419
2.452719
2.479395
2.477399
2.479035
2.437458
2.481108
2.458313
2.475366
2.528015
2.502323
2.482600
2.477720
2.451734
2.369889
2.376646
2.333436
2.424042
2.422745
2.367602
2.356710
2.307360
2.404999
2.434610
2.364335
2.366402
2.378461
2.382441
2.384242
2.378119
2.380208
2.375117
2.395678
2.449244
2.390125
2.386137
2.376697
2.334266
2.361036
2.360325
2.340849
2.334545
2.354535
2.394742
2.353800
2.338782
2.308680
2.273040
2.255756
2.297853
2.310748
2.353407
2.313551
2.340830
2.315735
2.307035
2.267563
2.292937
2.356392
2.321694
2.354030
2.248645
2.257897
2.295459
2.329792
2.287113
2.344282
2.270332
2.245654
2.141419
2.188386
2.262413
2.261581
2.318623
2.322557
2.322202
2.275111
2.280169
2.330613
2.283178
2.349807
2.311087
2.242029
2.232502
2.217773
2.304146
2.296493
2.322172
2.313853
2.235317
2.217183
2.279007
2.318298
2.351102
2.323256
2.288735
2.299029
2.301269
2.357037
2.338076
2.315030
2.305458
2.228541
2.180908
2.177463
2.286858
2.328341
2.300131
2.370259
2.331897
2.324846
2.264585
2.264533
2.246071
2.340401
2.338029
2.289021
2.318758
2.183823
2.220116
2.222462
2.268684
2.341660
2.332102
2.344485
2.273548
2.223670
2.208605
2.258590
2.322098
2.303217
2.269249
2.281231
2.126994
2.178974
2.206997
2.191199
2.271542
2.302613
2.333586
2.254525
2.122205
2.171594
2.247731
2.316771
2.301756
2.342473
2.295614
2.325805
2.295983
2.289082
2.282910
2.314255
2.193855
2.236954
2.256797
2.317197
2.327576
2.291464
2.151991
2.182489
2.256959
2.305157
2.349924
2.309072
2.254070
2.167082
2.157111
2.212052
2.271689
2.287110
2.308945
2.290115
2.207896
2.229349
2.301567
2.333064
2.312073
2.219544
2.128527
2.072674
2.218973
2.242713
2.321790
2.374820
2.307394
2.303985
2.189968
2.104939
2.128581
2.205973
2.300742
2.265125
2.337617
2.263376
2.209162
2.110955
2.019808
2.045215
2.181581
2.219324
2.339463
2.299454
2.264464
2.163850
2.032831
1.896722
2.018600
2.117423
2.223354
2.316311
2.294402
2.373136
2.250307
2.152413
2.083726
2.138601
2.256491
2.287776
2.314626
2.289503
2.235662
2.180206
2.045975
2.004143
2.069009
2.140054
2.265524
2.247918
2.325419
2.287780
2.213645
2.119337
2.113859
2.233351
2.273148
2.294357
2.293296
2.283719
2.149126
2.006178
2.099887
2.166908
2.258230
2.262588
2.277480
2.294632
2.291224
2.201303
2.210197
2.203390
2.195653
2.277644
2.269453
2.275203
2.345073
2.403187
2.383666
2.409618
2.412827
2.399565
2.412382
2.383128
2.380019
2.344809
2.390032
2.345299
2.349484
2.324716
2.309584
2.338823
2.291195
2.287229
2.202466
2.265522
2.209545
2.247551
2.238858
2.272106
2.337753
2.288992
2.247741
2.269034
2.275385
2.232903
2.247411
2.224907
2.243822
2.199539
2.273788
2.264648
2.193097
2.351721
2.241281
2.332223
2.297672
2.367924
2.359988
2.343702
2.313563
2.313441
2.347044
2.340967
2.358206
2.355789
2.342698
2.334990
2.303599
2.318326
2.344605
2.277651
2.281960
2.298783
2.296981
2.328512
2.314660
2.314043
2.290442
2.247215
2.263659
2.275242
2.323035
2.332407
2.328962
2.387579
2.281026
2.282132
2.311906
2.237782
2.242538
2.242501
2.258730
2.254220
2.289605
2.336262
2.279713
2.255832
2.286777
2.238359
2.224492
2.334516
2.292317
2.365822
2.367974
2.260937
2.294858
2.271065
2.288541
2.344835
2.269168
2.322834
2.297508
2.296562
2.365893
2.291576
2.343253
2.299882
2.294979
2.336350
2.276123
2.311360
2.263962
2.325235
2.255739
2.316073
2.256149
2.222620
2.317455
2.301638
2.310080
2.278569
2.255209
2.256921
2.235450
2.310533
2.264695
2.256723
2.286572
2.338989
2.324797
2.311456
2.322498
2.327264
2.325175
2.276226
2.271720
2.338485
2.249810
2.249953
2.268923
2.322521
2.254843
2.312953
2.345779
2.338879
2.170585
2.189461
2.243586
2.238619
2.268906
2.272323
2.334406
2.272053
2.305063
2.307956
2.306817
2.350179
2.346318
2.288372
2.283215
2.278944
2.355531
2.299089
2.329185
2.308942
2.277756
2.207289
2.229262
2.249738
2.292785
2.296664
2.347317
2.333754
2.346664
2.311447
2.235979
2.207675
2.175998
2.233943
2.224895
2.294037
2.276868
2.237078
2.335454
2.324592
2.264306
2.246843
2.214491
2.080322
2.220041
2.262506
2.280819
2.325264
2.344813
2.268058
