1.500000
1.500000
1.500000
1.438698
1.111719
0.517083
0.629948
0.894010
0.709010
0.680521
1.537188
2.194740
1.803281
1.192552
1.269115
1.210417
1.157969
1.166719
1.153958
1.303750
1.423646
1.499219
1.380000
1.194286
1.065938
1.091719
1.002865
1.167344
1.383229
1.113698
0.895156
0.921458
0.814635
0.821719
0.922344
0.787188
0.908958
0.849896
0.889948
0.928646
0.972708
0.971823
1.040625
1.120417
1.136615
1.196563
1.216719
1.303929
1.365834
1.290990
1.011927
0.804375
1.056979
0.920313
1.103021
1.814948
1.278073
0.661563
0.703281
0.671771
0.775573
0.921667
1.307865
1.937760
2.845625
0.975260
0.950990
0.977604
1.463281
2.372136
1.161354
0.847024
1.118958
1.969531
0.977500
0.731667
0.929479
1.552552
0.939323
1.598958
0.663490
0.598750
0.574427
0.694063
0.976458
1.628229
0.737500
0.585052
0.693490
1.066042
1.666563
0.621875
0.610104
0.555521
0.603021
0.616905
0.631406
0.766250
0.852552
1.021250
1.262969
1.503594
1.910573
1.512396
1.251146
1.114583
1.220677
1.434792
1.270417
1.107917
1.315469
1.679583
1.214219
0.915781
1.171302
1.636406
1.065625
0.863802
1.079063
1.695595
1.047552
0.749427
1.052031
1.643854
0.997656
0.743594
0.982292
1.641979
0.976771
1.503125
0.881615
0.737552
0.903438
1.527813
2.408802
1.427136
0.825104
0.753073
0.819479
1.197500
2.076042
2.540104
1.955990
0.939405
0.771823
0.859948
1.200625
2.016302
1.220469
1.876094
0.961198
0.811042
0.936458
1.421615
2.348281
1.417500
0.917969
1.224115
2.002656
1.189219
1.694792
0.939115
1.138073
1.960886
1.116302
1.594219
0.943802
1.386905
2.234375
0.808750
0.817917
0.842917
1.222083
2.297917
1.605677
1.061146
1.810156
1.068490
1.708386
0.914948
1.575261
0.970000
1.791719
1.058490
1.801719
1.026875
0.835365
1.331771
2.628594
1.390156
0.892865
1.610595
2.470417
1.079479
0.845573
1.180052
2.501563
1.276979
0.868542
1.372708
2.701875
1.095625
0.791719
1.020729
2.153802
1.139063
0.899688
1.475260
1.035313
1.669219
0.877917
1.284063
0.860833
1.423333
2.337292
1.080952
0.800000
0.923646
1.558958
2.553802
1.221198
0.830990
1.042344
1.748229
2.636406
1.217083
0.847708
0.997500
1.680886
2.604688
1.355521
0.945417
1.231563
2.317500
1.400104
1.053542
1.691354
2.679584
1.534896
1.040357
1.299271
2.355573
1.441823
1.075261
1.508594
2.483177
1.656146
1.102031
1.699427
2.363073
1.503125
1.078490
1.689271
2.659688
1.691354
1.201667
1.550781
2.298490
1.671511
1.268281
1.869583
2.668802
1.887448
1.244048
1.080208
1.384427
2.309062
2.919948
2.248958
1.628698
1.282917
1.446979
1.927552
2.521302
2.799219
2.259948
1.649323
1.322135
1.183906
1.346146
1.763386
2.416979
2.906511
2.375886
1.766459
1.520365
1.307708
1.488095
1.970938
2.507709
2.956250
2.174740
1.656615
1.475833
1.293646
1.464063
1.878854
2.296979
2.551771
2.227136
1.857188
2.213334
2.650521
2.484583
1.940781
1.732552
1.997292
2.661355
3.940729
2.469792
1.830990
1.572976
1.319010
1.238177
1.148542
1.100000
1.175625
1.262136
1.370313
1.546354
1.745104
2.003386
1.695156
1.579583
1.414011
1.282656
1.398646
1.558333
1.836302
2.052917
1.754792
1.585365
1.527917
1.787709
2.148229
2.500596
2.216771
2.607656
2.935990
2.670000
2.964583
3.532656
2.809115
2.297761
1.951667
2.073438
2.243750
2.964375
2.511979
1.789740
1.455052
1.869063
2.285365
1.816927
1.424948
1.116615
1.364323
1.862865
1.460000
1.088810
1.628281
1.666146
2.417292
1.868958
1.084219
1.272708
1.629167
2.170260
1.599583
1.031250
1.383490
2.477604
2.685209
1.908333
1.509844
1.858386
2.758906
2.783750
2.095261
1.325729
1.320625
1.947396
2.541979
2.482024
2.561146
1.927188
1.478385
2.789479
3.743750
2.841459
2.031667
2.483646
2.946250
2.740313
2.873334
3.494427
2.535990
2.715521
2.805521
3.041302
2.882865
2.473021
2.956615
2.855937
3.336875
2.936042
2.300104
2.423453
3.056771
3.090625
3.383750
2.924427
2.442448
3.327657
3.588490
3.127761
2.789479
3.048855
3.265677
2.842656
2.413281
3.022761
3.271823
3.323177
2.698750
3.021823
3.782396
4.164584
3.644531
2.971823
2.755938
2.580595
2.738698
2.686615
3.373385
3.772240
3.692761
3.192813
2.677709
2.742552
2.847188
3.203229
3.609740
3.852240
3.529011
3.805990
2.670104
3.031927
3.150313
3.305573
4.214688
3.587552
2.878333
2.809011
3.166198
2.934643
2.920313
4.161146
3.648438
3.031198
2.969636
2.813229
3.260469
3.535365
3.416302
3.015573
2.773802
3.708542
2.891823
3.150105
3.071667
3.601042
2.657969
2.643542
3.618906
4.184115
3.355052
3.215521
3.007813
2.356905
3.618021
3.336979
3.700990
3.419271
3.316406
3.525261
3.395521
3.538646
4.820729
3.839844
3.015365
3.039167
2.708021
2.654479
2.625104
2.862500
3.424271
3.520573
3.877656
3.337917
