2.295697
2.301118
2.301442
2.299060
2.302137
2.303452
2.302709
2.303452
2.302099
2.302919
2.301528
2.288014
2.278810
2.288398
2.289906
2.309124
2.303782
2.315347
2.327926
2.325317
2.329435
2.331609
2.341468
2.319687
2.336351
2.355571
2.380964
2.343176
2.314739
2.359587
2.352437
2.402591
2.347981
2.328447
2.380615
2.313891
2.311087
2.280791
2.330137
2.263587
2.281973
2.240690
2.226218
2.183964
2.137633
2.169526
2.172943
2.088585
2.130636
2.130102
2.201401
2.151937
2.174399
2.114673
2.078127
2.098142
2.021418
2.001479
2.010740
1.979960
1.952156
1.969598
1.976665
1.967283
1.974980
1.912889
1.907330
1.907070
1.849899
1.841823
1.860501
1.914195
1.867018
1.894161
1.956614
1.886493
1.981021
2.007281
1.964841
1.961207
1.886533
1.886041
1.872527
1.889868
1.822977
1.875929
1.895653
1.925142
1.894996
1.827751
1.782061
1.810479
1.825288
1.815280
1.796874
1.836511
1.872787
1.825354
1.853167
1.846920
1.849474
1.817322
1.792358
1.774122
1.769646
1.793644
1.720276
1.767120
1.713347
1.762854
1.729663
1.737559
1.749823
1.757098
1.744152
1.737193
1.737917
1.735401
1.781560
1.743319
1.723472
1.733111
1.703649
1.687189
1.715522
1.742925
1.723726
1.694290
1.682991
1.749617
1.709454
1.748384
1.764571
1.735329
1.724753
1.731506
1.724351
1.690497
1.697082
1.708685
1.713598
1.673746
1.685086
1.708783
1.694947
1.681070
1.647221
1.694778
1.691652
1.671919
1.666124
1.702294
1.674387
1.684591
1.685735
1.680654
1.658854
1.691171
1.658031
1.701997
1.662600
1.723668
1.686550
1.687043
1.662781
1.659053
1.697314
1.652566
1.654479
1.708460
1.637283
1.656396
1.647767
1.676917
1.634978
1.664216
1.696300
1.644953
1.670896
1.635070
1.672788
1.612909
1.648314
1.647915
1.652077
1.649963
1.663509
1.650663
1.610257
1.612429
1.647636
1.632948
1.668378
1.631026
1.646831
1.665056
1.694509
1.674744
1.669352
1.696572
1.668421
1.715038
1.687414
1.668279
1.661777
1.701960
1.655482
1.632826
1.633839
1.637584
1.617041
1.629037
1.674656
1.665590
1.684250
1.659630
1.621606
1.670279
1.642973
1.665211
1.655931
1.658814
1.625592
1.642967
1.621519
1.634172
1.646932
1.617981
1.616259
1.617165
1.645414
1.609829
1.636872
1.643240
1.614187
1.613570
1.617072
1.614443
1.609271
1.607848
1.643517
1.627604
1.621964
1.618671
1.626581
1.626453
1.619540
1.615884
1.586319
1.612254
1.607200
1.594983
1.615327
1.626058
1.606010
1.623118
1.588977
1.582903
1.598085
1.583533
1.596696
1.592020
1.599141
1.622079
1.609785
1.630416
1.597656
1.611727
1.589249
1.608504
1.630607
1.607402
1.646654
1.612948
1.581832
1.583447
1.581225
1.597896
1.619298
1.581038
1.591246
1.596078
1.592109
1.591845
1.597441
1.585564
1.577345
1.572321
1.595110
1.572432
1.603271
1.562871
1.575056
1.607707
1.601934
1.555624
1.590315
1.586819
1.588518
1.602157
1.594450
1.573548
1.595692
1.581847
1.592824
1.570920
1.595822
1.575539
1.579251
1.600338
1.594810
1.554072
1.572922
1.565738
1.590108
1.568176
1.557686
1.589781
1.566295
1.617094
1.559043
1.582143
1.570872
1.602535
1.589360
1.579728
1.590449
1.573355
1.575900
1.579528
1.557739
1.590347
1.579949
1.542002
1.578498
1.568459
1.557234
1.555109
1.592491
1.551152
1.583769
1.593500
1.558030
1.557614
1.594137
1.566815
1.611229
1.587121
1.563816
1.567057
1.552099
1.562391
1.541142
1.576168
1.582720
1.560344
1.579085
1.583128
1.563312
1.566160
1.540948
1.539484
1.555136
1.558358
1.570018
1.566066
1.583658
1.553262
1.567668
1.570615
1.567078
1.560184
1.557402
1.583324
1.561979
1.591381
1.602594
1.556351
1.569760
1.556622
1.557676
1.555643
1.552700
1.553415
1.584003
1.563517
1.565950
1.568483
1.563025
1.539616
1.560024
1.534552
1.586557
1.566851
1.540988
1.539754
1.560558
1.557696
1.540411
1.558648
1.548664
1.533224
1.564715
1.559895
1.547801
1.537954
1.545854
1.566557
1.563313
1.569894
1.544694
1.566216
1.536685
1.544663
1.570852
1.557479
1.541665
1.545299
1.554133
1.550929
1.549392
1.548407
1.564859
1.548440
1.557644
1.537693
1.545629
1.527490
1.522406
1.587965
1.547723
1.566421
1.520870
1.537202
1.544200
1.541388
1.552201
1.540533
1.572002
1.534129
1.550838
1.537835
1.556917
1.538993
1.547924
1.545857
1.542108
1.553559
1.532765
1.549571
1.556667
1.529184
1.529100
1.549735
1.548550
1.536159
1.544603
1.528693
1.535798
1.566093
1.553678
1.552601
1.561452
1.519845
1.564668
1.538014
1.550168
1.542829
1.546584
1.540358
1.539704
1.531088
1.542534
1.526642
1.521104
1.541208
1.550242
1.520918
1.544916
1.546344
1.531582
1.561275
1.525531
1.543880
1.520203
1.541416
1.529799
1.524984
1.524458
1.565991
1.554337
1.536555
1.529937
1.516823
1.528019
1.527866
1.511048
1.546494
1.545718
1.535069
