2.303212
2.301119
2.292377
2.283120
2.282465
2.267558
2.264378
2.228010
2.233392
2.181118
2.179692
2.115160
2.070679
1.998753
2.000338
1.958763
1.883746
1.870387
1.849540
1.821547
1.823995
1.757984
1.768303
1.736625
1.744485
1.741708
1.676514
1.717323
1.707104
1.715171
1.734272
1.675120
1.695437
1.670923
1.659481
1.688418
1.670070
1.733126
1.713670
1.659959
1.635153
1.611854
1.716989
1.672178
1.621035
1.646313
1.612844
1.638764
1.699813
1.676629
1.674393
1.655024
1.607700
1.605874
1.634271
1.667897
1.613935
1.615774
1.614956
1.654868
1.616658
1.626187
1.619349
1.590368
1.644450
1.589330
1.604545
1.603483
1.588251
1.643680
1.590770
1.669443
1.588022
1.665646
1.584532
1.634152
1.601519
1.615570
1.617718
1.574330
1.589291
1.597948
1.587057
1.628617
1.561869
1.566812
1.558690
1.654352
1.621350
1.615659
1.620760
1.653286
1.612047
1.600051
1.617577
1.613880
1.612737
1.598569
1.639036
1.613780
1.594632
1.620856
1.587271
1.591485
1.599177
1.602197
1.630764
1.552071
1.616845
1.595164
1.573137
1.637721
1.575198
1.605667
1.547309
1.614530
1.601548
1.590015
1.635762
1.586679
1.608898
1.591554
1.642226
1.578049
1.639420
1.583372
1.583665
1.571930
1.589433
1.629708
1.581444
1.590079
1.580094
1.562461
1.608705
1.593948
1.603622
1.596548
1.602400
1.602976
1.581704
1.631397
1.623837
1.600648
1.589017
1.562504
1.650479
1.595053
1.581730
1.571558
1.583910
1.634155
1.572437
1.573740
1.579527
1.578961
1.565617
1.593935
1.593278
1.571980
1.591109
1.593804
1.582704
1.610340
1.659531
1.598586
1.580950
1.580372
1.571576
1.609112
1.586244
1.600233
1.622503
1.593164
1.613292
1.579657
1.593818
1.581074
1.582698
1.623896
1.639188
1.573077
1.615654
1.574687
1.593760
1.587098
1.599234
1.540969
1.552895
1.612162
1.622108
1.610839
1.556335
1.600939
1.576583
1.594305
1.600681
1.599541
1.566885
1.570020
1.576865
1.594418
1.578840
1.607394
1.534162
1.578721
1.565017
1.584772
1.627557
1.582946
1.569128
1.590162
1.599635
1.577742
1.608284
1.593669
1.583751
1.586702
1.603419
1.594566
1.591230
1.616975
1.590156
1.589581
1.597458
1.592135
1.595927
1.576712
1.555208
1.577867
1.592486
1.553899
1.577275
1.612629
1.597911
1.609802
1.601060
1.581803
1.582446
1.575055
1.581987
1.614632
1.574346
1.618524
1.568192
1.560206
1.599588
1.597593
1.575029
1.595389
1.605744
1.615051
1.561756
1.551339
1.555715
1.562425
1.585394
1.592962
1.569128
1.550348
1.575991
1.556631
1.629117
1.552924
1.600451
1.617633
1.583408
1.578905
1.569617
1.578737
1.590450
1.596298
1.570770
1.569315
1.572883
1.625410
1.582339
1.549116
1.565929
1.576927
1.565110
1.557799
1.605857
1.561083
1.546410
1.593274
1.608702
1.577983
1.610590
1.605810
1.593279
1.546695
1.600803
1.590343
1.567221
1.544192
1.561761
1.581334
1.581334
1.569988
1.629228
1.579549
1.590173
1.572211
1.564667
1.546083
1.594975
1.583464
1.621557
1.543939
1.573192
1.543946
1.581959
1.561479
1.592590
1.571437
1.591681
1.594050
1.575201
1.580308
1.586003
1.621153
1.553998
1.569121
1.556310
1.565544
1.575560
1.632266
1.602057
1.591208
1.556757
1.557414
1.620040
1.555984
1.560280
1.548125
1.566493
1.598805
1.581946
1.549740
1.581154
1.598937
1.579530
1.556638
1.559318
1.593547
1.554372
1.561040
1.554022
1.596261
1.537064
1.579506
1.567844
1.549571
1.551256
1.578648
1.609482
1.564384
1.601289
1.596840
1.548059
1.577933
1.581911
1.609994
1.595731
1.597871
1.569643
1.542393
1.605504
1.580297
1.596057
1.573532
1.606806
1.582429
1.601122
1.605703
1.585184
1.566367
1.570994
1.543692
1.586631
1.551244
1.590412
1.590044
1.565399
1.570872
1.568101
1.575772
1.567929
1.554139
1.581225
1.589812
1.596152
1.619955
1.581713
1.604241
1.585010
1.573430
1.542259
1.543784
1.581876
1.609135
1.594601
1.589888
1.566803
1.556147
1.587744
1.564264
1.579329
1.575876
1.607062
1.613451
1.587157
1.555100
1.559751
1.546679
1.575319
1.534612
1.563307
1.616185
1.522835
1.576031
1.565153
1.554001
1.559797
1.613259
1.548026
1.550694
1.550897
1.568457
1.606437
1.609329
1.557867
1.566602
1.597014
1.585117
1.553284
1.575195
1.564011
1.597775
1.568768
1.564562
1.551502
1.601427
1.598565
1.570669
1.571410
1.578075
1.617743
1.582663
1.525557
1.554080
1.604403
1.579290
1.570183
1.555447
1.574630
1.591717
1.580133
1.571866
1.555140
1.585553
1.590755
1.583012
1.563452
1.617155
1.571425
1.539739
1.566796
1.564765
1.537028
1.553782
1.570737
1.583578
1.567868
1.542900
1.582345
1.564749
1.545533
1.554041
1.553898
1.587532
1.571535
1.573456
1.594213
1.565298
1.597595
1.561998
1.589167
1.638835
1.585080
1.569362
1.545732
1.586377
1.513808
1.565791
1.563436
1.572712
1.575089
1.613687
