2.309849
2.303753
2.301213
2.289208
2.284262
2.281421
2.272280
2.217674
2.203747
2.119468
2.071338
2.007392
1.885511
1.983668
1.872611
1.846921
1.797489
1.860067
1.871686
1.847885
1.777905
1.837956
1.763937
1.766535
1.771167
1.753104
1.738197
1.714272
1.671174
1.695813
1.719334
1.685137
1.680789
1.698468
1.678312
1.626802
1.684238
1.597454
1.636151
1.690126
1.636236
1.636006
1.648759
1.608380
1.630999
1.611001
1.591329
1.599564
1.619687
1.574576
1.620252
1.558737
1.646288
1.564555
1.609345
1.593653
1.610308
1.606081
1.578419
1.584496
1.619192
1.656290
1.565266
1.610585
1.652596
1.642327
1.602244
1.641264
1.611639
1.617351
1.595736
1.555895
1.554115
1.561679
1.546170
1.514410
1.520165
1.540366
1.548737
1.527264
1.509892
1.547250
1.537678
1.513026
1.538251
1.514562
1.523917
1.508138
1.500318
1.519597
1.528775
1.506657
1.524916
1.505687
1.503288
1.569899
1.501540
1.504402
1.512652
1.506674
1.510729
1.524154
1.508702
1.487709
1.491576
1.538162
1.508564
1.512805
1.490307
1.492304
1.498943
1.507436
1.499500
1.506484
1.503103
1.507706
1.497375
1.486485
1.499206
1.521304
1.496709
1.494614
1.498788
1.505601
1.515949
1.495111
1.499025
1.479522
1.517344
1.499384
1.489639
1.490792
1.498196
1.484333
1.502857
1.476606
1.504656
1.495359
1.499350
1.494262
1.485033
1.502085
1.500433
1.495664
1.493069
1.500660
1.500729
1.479137
1.488703
1.494509
1.515796
1.496680
1.483744
1.516498
1.494809
1.494424
1.501242
1.493834
1.484008
1.492963
1.486090
1.494171
1.502122
1.488452
1.494551
1.484583
1.488722
1.478910
1.496012
1.486161
1.488546
1.491083
1.485715
1.483294
1.480904
1.496088
1.487133
1.516338
1.486390
1.491522
1.484958
1.490257
1.484702
1.494100
1.480207
1.481182
1.489077
1.503577
1.486607
1.471199
1.501371
1.474695
1.482649
1.480753
1.486072
1.491560
1.506600
1.477891
1.488623
1.493699
1.482527
1.483630
1.483213
1.497424
1.488859
1.481766
1.494766
1.484129
1.489262
1.472572
1.482975
1.490592
1.481460
1.476929
1.494394
1.523112
1.480322
1.479645
1.481193
1.478254
1.494416
1.492042
1.478825
1.484225
1.475477
1.480248
1.478474
1.482694
1.490406
1.493819
1.501689
1.481818
1.479957
1.478196
1.485222
1.486568
1.485290
1.482078
1.482980
1.503592
1.483717
1.482048
1.481856
1.481749
1.482625
1.503886
1.484606
1.475766
1.483889
1.485637
1.474267
1.480962
1.480941
1.491688
1.477994
1.480149
1.482186
1.494698
1.478913
1.487176
1.474061
1.488489
1.476387
1.492997
1.482538
1.472027
1.483872
1.479536
1.489093
1.489318
1.477899
1.484003
1.475427
1.487290
1.485570
1.481778
1.471187
1.483727
1.473366
1.483992
1.487162
1.483207
1.480872
1.478536
1.488320
1.481638
1.473638
1.506819
1.486916
1.476439
1.485529
1.487488
1.482409
1.476553
1.488751
1.487171
1.477428
1.485126
1.476996
1.481321
1.482704
1.486549
1.471419
1.482598
1.482412
1.479479
1.490914
1.477516
1.480736
1.472773
1.482967
1.472943
1.483655
1.475037
1.477273
1.473697
1.477446
1.481954
1.478236
1.484262
1.473608
1.484167
1.481719
1.470797
1.476663
1.482078
1.478361
1.477137
1.477081
1.484607
1.478405
1.477777
1.484033
1.487574
1.482196
1.467187
1.471499
1.478897
1.495902
1.481302
1.474108
1.481075
1.480036
1.478658
1.480460
1.477339
1.471538
1.484434
1.483498
1.486854
1.473714
1.478516
1.474057
1.482251
1.475742
1.470723
1.474930
1.482271
1.472847
1.469890
1.474577
1.479906
1.480805
1.493020
1.485579
1.475524
1.473972
1.479248
1.482296
1.477955
1.472576
1.479988
1.472735
1.484160
1.473285
1.483455
1.472612
1.483647
1.473561
1.469663
1.475370
1.470320
1.478487
1.474574
1.468749
1.478337
1.478532
1.481605
1.484105
1.470728
1.469762
1.470266
1.477664
1.475062
1.479535
1.477172
1.484177
1.493073
1.479968
1.471364
1.484015
1.484259
1.473175
1.467342
1.473474
1.486093
1.480570
1.471628
1.486020
1.476158
1.481977
1.478539
1.478570
1.472208
1.472866
1.475382
1.485473
1.469281
1.472531
1.470982
1.476983
1.472287
1.470060
1.482610
1.473697
1.480834
1.477807
1.478230
1.472078
1.481780
1.489362
1.468431
1.485968
1.474414
1.472405
1.477297
1.467100
1.491140
1.469367
1.479746
1.476464
1.470413
1.469952
1.468624
1.484719
1.480978
1.480882
1.476387
1.473107
1.473516
1.477017
1.480850
1.485152
1.468353
1.471982
1.475167
1.477698
1.478595
1.473832
1.483656
1.467404
1.480078
1.469866
1.472355
1.477136
1.472706
1.473519
1.472341
1.472448
1.488362
1.480938
1.482844
1.473291
1.471538
1.472012
1.472018
1.469842
1.477118
1.469140
1.472464
1.476133
1.474948
1.485040
1.480119
1.473134
1.475002
1.484877
1.470257
1.471559
1.469267
1.472144
1.478633
1.486162
1.473866
1.467807
1.469679
1.471150
1.473045
1.484945
1.468999
