2.305665
2.305789
2.308002
2.307292
2.306797
2.305778
2.307829
2.301656
2.278960
2.270803
2.274293
2.338197
2.462030
2.500384
2.587470
2.577408
2.655053
2.621891
2.536251
2.732508
2.512492
2.149413
1.858160
1.853566
1.832116
1.783584
1.771406
1.798530
1.909949
2.021672
2.091858
2.123379
2.143688
2.179058
2.193767
2.239263
2.525437
2.548592
2.550763
2.505073
2.459808
2.430571
2.335332
2.257336
2.095101
2.182451
2.290917
2.322931
2.376085
2.433633
2.472338
2.466567
2.531652
2.554959
2.373349
2.094857
1.960359
2.218537
2.412376
2.445701
2.378597
2.396792
2.219335
2.085251
2.287352
2.416162
2.404350
2.210933
1.818147
1.825334
2.080982
2.267286
2.388815
2.373272
2.445861
2.451082
2.471915
2.473425
2.481144
2.414748
2.404608
2.434370
2.420629
2.430523
2.309336
2.190340
2.194159
2.187622
2.280523
2.338230
2.386104
2.377863
2.378377
2.316662
2.038610
1.848309
1.921811
1.929458
2.095273
2.245116
2.353635
2.398633
2.445776
2.472899
2.466511
2.485309
2.447861
2.458977
2.451748
2.467993
2.419842
2.462188
2.401917
2.300569
2.273365
2.322002
2.332450
2.384412
2.396663
2.406411
2.398881
2.394323
2.343146
2.214319
2.225718
2.260772
2.279241
2.278311
2.344138
2.343458
2.403237
2.418532
2.404052
2.447820
2.407226
2.442835
2.429484
2.453368
2.476032
2.435074
2.484797
2.473585
2.463981
2.434269
2.397128
2.387440
2.397688
2.417402
2.398097
2.398475
2.428706
2.423620
2.408566
2.351315
2.266111
2.200207
1.978216
1.821065
1.717834
1.752503
1.885358
1.980174
2.083110
2.206293
2.250304
2.349321
2.411850
2.454690
2.458119
2.457093
2.434991
2.440677
2.450898
2.439658
2.438924
2.425286
2.401203
2.434412
2.422020
2.388825
2.365382
2.368231
2.349382
2.373852
2.398057
2.402751
2.358341
2.383354
2.403919
2.425865
2.373951
2.392594
2.421016
2.426268
2.423707
2.315545
2.228572
2.038871
1.897315
1.926607
2.001520
2.125680
2.193825
2.282853
2.364704
2.391459
2.417171
2.420460
2.442669
2.456252
2.454826
2.435722
2.454315
2.419248
2.446413
2.438194
2.464926
2.459907
2.446022
2.419519
2.405904
2.392124
2.413011
2.393349
2.394564
2.402869
2.400260
2.374175
2.387075
2.351280
2.326342
2.350106
2.306691
2.288955
2.316495
2.333202
2.299592
2.372421
2.353033
2.299909
2.231164
2.224316
2.085521
1.919321
1.789954
1.706707
1.647909
1.628733
1.619214
1.613049
1.613527
1.620952
1.663119
1.835448
2.011198
2.168354
2.312636
2.343103
2.358189
2.396923
2.400547
2.397333
2.410848
2.380988
2.422601
2.377985
2.372291
2.380777
2.358222
2.337660
2.332125
2.282540
2.295742
2.249208
2.206621
2.210069
2.235367
2.285687
2.266546
2.256108
2.312352
2.190615
2.132088
2.088805
1.948155
1.899360
1.840935
1.714452
1.738019
1.664232
1.619265
1.599959
1.555137
1.557456
1.579630
1.604849
1.601532
1.620204
1.610945
1.612663
1.640633
1.632655
1.683659
1.749977
1.836546
1.886238
1.930775
2.048824
1.987616
2.091541
2.164553
2.235468
2.283384
2.335759
2.317217
2.339605
2.303528
2.319044
2.329883
2.346827
2.376943
2.368686
2.376308
2.374698
2.378908
2.422256
2.360366
2.386379
2.348793
2.268131
2.187038
2.159277
2.073595
2.028628
1.977516
1.863260
1.797483
1.759767
1.701535
1.692880
1.668010
1.611596
1.631956
1.650687
1.614787
1.626949
1.613564
1.559231
1.589054
1.569386
1.548993
1.576543
1.582058
1.589186
1.556858
1.599638
1.563638
1.569572
1.591179
1.542714
1.580921
1.555526
1.597731
1.571942
1.598630
1.575638
1.595214
1.569739
1.582237
1.590818
1.588770
1.565912
1.564869
1.595646
1.601352
1.560489
1.560661
1.579863
1.564242
1.547730
1.559623
1.540641
1.608866
1.581737
1.575305
1.553248
1.585872
1.607241
1.630950
1.642942
1.652127
1.625892
1.642028
1.648244
1.660250
1.670480
1.676374
1.685462
1.680344
1.720483
1.680991
1.704713
1.761382
1.735914
1.825773
1.831549
1.891375
2.030248
2.061263
2.172961
2.220139
2.235734
2.300094
2.346668
2.387829
2.392610
2.374309
2.416001
2.373596
2.397508
2.415725
2.353822
2.420373
2.403895
2.412753
2.379965
2.380255
2.365955
2.341008
2.297664
2.253875
2.201108
2.109946
2.038326
2.001003
2.036524
2.052596
2.073252
2.064922
1.938894
1.896624
1.821236
1.811914
1.711777
1.675379
1.668886
1.614954
1.603580
1.616790
1.578885
1.586803
1.571271
1.594681
1.611337
1.569482
1.560258
1.554052
1.580001
1.574715
1.580088
1.589582
1.650668
1.657765
1.662370
1.631050
1.635779
1.635714
1.649278
1.603683
1.627334
1.548770
1.602879
1.592946
1.559735
1.561556
1.538561
1.541463
1.517043
1.517358
1.512218
1.547814
1.528237
1.536699
1.532372
1.540954
1.557651
1.556306
1.558178
1.564831
1.600753
1.573221
1.605216
1.575070
1.642682
1.587451
1.579913
1.589483
1.654251
1.586918
1.642791
