2.305734
2.302152
2.295331
2.266926
2.241732
2.158425
2.186227
2.247511
2.294217
2.301555
2.290943
2.288185
2.291826
2.300044
2.300456
2.301480
2.301829
2.301978
2.302534
2.303235
2.303427
2.302534
2.302709
2.303403
2.303070
2.302585
2.302534
2.302585
2.302212
2.302585
2.302585
2.302585
2.302585
2.302585
2.302585
2.302585
2.302585
2.302585
2.302421
2.302585
2.302585
2.302585
2.302585
2.302585
2.302585
2.302585
2.302585
2.302585
2.302585
2.302585
2.302534
2.302585
2.302585
2.302585
2.302585
2.302585
2.302585
2.302585
2.302585
2.302585
2.302585
2.302480
2.302534
2.302585
2.302585
2.302585
2.302534
2.302585
2.302585
2.302585
2.302585
2.302421
2.302585
2.302585
2.302585
2.302585
2.302585
2.302585
2.302585
2.302585
2.302585
2.302585
2.302585
2.302585
2.302585
2.302585
2.302585
2.302585
2.302585
2.302421
2.302585
2.302585
2.302585
2.302585
2.302585
2.302534
2.302816
2.302585
2.302585
2.302585
2.302585
2.302709
2.302585
2.302585
2.302585
2.302585
2.302480
2.302585
2.302585
2.302585
2.302585
2.302585
2.302534
2.302585
2.302421
2.302534
2.302585
2.302585
2.302585
2.302585
2.302585
2.302585
2.302585
2.302585
2.302816
2.302585
2.302480
2.302534
2.302585
2.302585
2.302585
2.302585
2.302585
2.302585
2.302585
2.302585
2.302585
2.302585
2.302585
2.302585
2.302585
2.302585
2.302585
2.302585
2.302585
2.302709
2.302585
2.302585
2.302585
2.302585
2.302585
2.302585
2.302421
2.302585
2.302585
2.302585
2.302585
2.302816
2.302585
2.302585
2.302585
2.302585
2.302585
2.302585
2.302585
2.302585
2.302585
2.302709
2.302585
2.302534
2.302585
2.302585
2.302585
2.302585
2.302585
2.302585
2.302585
2.302585
2.302585
2.302585
2.302585
2.302585
2.302480
2.302585
2.302585
2.302585
2.302585
2.302585
2.302534
2.302585
2.302585
2.302585
2.302585
2.302585
2.302585
2.302585
2.302585
2.302585
2.302585
2.302534
2.302585
2.302585
2.302585
2.302585
2.302585
2.302585
2.302585
2.302585
2.302585
2.302585
2.302585
2.302585
2.302709
2.302428
2.302585
2.302585
2.302585
2.302585
2.302585
2.302585
2.302585
2.302585
2.302421
2.302585
2.302585
2.302585
2.302035
2.302585
2.302585
2.302585
2.302585
2.302585
2.302585
2.302421
2.302585
2.302585
2.302534
2.302480
2.302585
2.302585
2.302585
2.302709
2.302585
2.302585
2.302585
2.302421
2.302585
2.302585
2.302585
2.302585
2.302585
2.302585
2.302585
2.302585
2.302585
2.302035
2.302585
2.302585
2.302585
2.302585
2.302585
2.302585
2.302585
2.302585
2.302585
2.302585
2.302585
2.302585
2.302035
2.302585
2.302357
2.302534
2.302585
2.302585
2.302585
2.302585
2.302585
2.302585
2.302585
2.302421
2.302585
2.302585
2.302585
2.302585
2.302585
2.302585
2.302585
2.302585
2.302585
2.302585
2.302585
2.302480
2.302585
2.302585
2.302709
2.302585
2.302585
2.302585
2.302585
2.302585
2.302585
2.302585
2.302585
2.302585
2.302480
2.302585
2.302585
2.302585
2.302585
2.302585
2.302534
2.302585
2.302585
2.302585
2.302709
2.302585
2.302585
2.302585
2.302585
2.302585
2.302585
2.302585
2.302585
2.302585
2.302585
2.302585
2.302585
2.302585
2.302585
2.302585
2.302585
2.302585
2.302585
2.302421
2.302910
2.302585
2.302035
2.302585
2.302585
2.302585
2.302585
2.302585
2.302585
2.302035
2.302585
2.302585
2.302585
2.302585
2.302585
2.302585
2.302585
2.302585
2.302585
2.302585
2.302585
2.302585
2.302585
2.302585
2.302585
2.302585
2.302585
2.302585
2.302709
2.302480
2.302585
2.302534
2.302585
2.302585
2.302585
2.302370
2.302658
2.302585
2.302585
2.302585
2.302585
2.302585
2.302585
2.302585
2.302585
2.302585
2.302709
2.302585
2.302585
2.302585
2.302421
2.302585
2.302585
2.302585
2.302534
2.302534
2.302585
2.302585
2.302480
2.302585
2.302585
2.302585
2.302910
2.302585
2.302585
2.302585
2.302035
2.302480
2.302585
2.302585
2.302585
2.302585
2.302585
2.302585
2.302585
2.302585
2.302585
2.302585
2.302585
2.302585
2.302585
2.302585
2.302585
2.302585
2.302585
2.302585
2.302421
2.302359
2.302480
2.302534
2.302585
2.302585
2.302585
2.302585
2.302545
2.302585
2.302585
2.302585
2.302585
2.302585
2.302480
2.302585
2.302585
2.302585
2.302585
2.302585
2.302585
2.302585
2.302585
2.302585
2.302585
2.302585
2.302585
2.302585
2.302585
2.302585
2.302585
2.302585
2.302585
2.302585
2.302585
2.302585
2.302585
2.302585
2.302585
2.302585
2.302534
2.302585
2.302585
2.302534
2.302585
2.302585
2.302585
2.302585
2.302585
2.302585
2.302585
2.302585
2.302585
2.302585
2.302585
2.302421
2.302585
2.302585
2.302585
2.302585
2.302585
2.302585
2.302585
2.302585
2.302585
2.302534
2.302585
2.302585
2.302585
2.302585
2.302910
2.302585
2.302421
2.302585
2.302585
2.302585
2.302585
2.302585
2.302585
2.302585
