2.306508
2.303607
2.308612
2.303636
2.308952
2.314683
2.319637
2.331102
2.355753
2.377385
2.386863
2.425532
2.431814
2.436043
2.443861
2.424427
2.349379
2.290023
2.296046
2.297893
2.307010
2.317001
2.319286
2.325619
2.316819
2.300919
2.288589
2.288876
2.284544
2.286942
2.309442
2.327615
2.317906
2.306605
2.311108
2.330097
2.296987
2.313440
2.421555
2.601204
2.759637
2.780082
2.757799
2.715014
2.711892
2.687633
2.719246
2.672986
2.735271
2.725311
2.665772
2.676398
2.660342
2.656160
2.573390
2.517112
2.503150
2.246869
2.245952
2.236094
2.236427
2.231728
2.241834
2.248207
2.265664
2.272711
2.271832
2.264125
2.258026
2.241879
2.229366
2.209508
2.203666
2.211213
2.199125
2.159589
2.179682
2.148689
2.131863
2.136430
2.109759
2.107793
2.096501
2.102430
2.105976
2.120674
2.125959
2.137970
2.148067
2.134296
2.123452
2.114539
2.102314
2.096369
2.074625
2.063159
2.064436
2.026029
2.021102
2.000643
2.015434
2.017666
2.033151
2.050840
2.053149
2.057129
2.069993
2.063424
2.053135
2.042242
2.026436
2.019966
2.006835
2.000091
1.999644
1.988627
1.989723
1.983159
1.973559
1.983696
1.982948
1.984678
1.975056
1.976473
2.003009
1.959677
1.955760
1.963390
1.977318
2.003135
2.032345
2.081315
2.070312
2.026830
1.999055
1.976748
1.968536
1.948587
1.952296
1.947627
1.995492
1.984954
2.007663
1.990320
2.014320
2.011289
2.069017
2.144433
2.122866
2.122330
2.012053
1.952927
1.947418
1.898423
1.884437
1.918037
1.944394
1.993695
1.997818
1.983158
1.981695
1.981708
1.945205
1.938880
1.913966
1.897356
1.900911
1.958843
1.984404
2.061970
2.067498
2.016958
1.945340
1.957314
1.944022
1.940131
1.939109
1.942137
1.946394
1.950674
1.929313
1.872369
1.892502
1.905020
1.867275
1.893427
1.890718
1.894082
1.925997
1.915400
1.902117
1.904389
1.924445
1.905770
1.884346
1.947320
1.941937
1.941650
1.943905
1.905576
1.892538
1.891915
1.872429
1.863279
1.881926
1.877293
1.921628
1.921758
1.906197
1.906144
1.893544
1.871316
1.871150
1.864292
1.834981
1.880906
1.872907
1.913674
1.958598
1.966918
1.981133
1.959517
1.934485
1.919581
1.876567
1.873930
1.884173
1.856545
1.856088
1.841675
1.859928
1.888349
1.862817
1.872045
1.868240
1.840349
1.827233
1.877742
1.874679
1.838940
1.860035
1.850572
1.840879
1.850493
1.870580
1.831785
1.837771
1.823026
1.840962
1.837084
1.827414
1.833939
1.855549
1.843579
1.842023
1.836042
1.874408
1.839485
1.850486
1.855698
1.830799
1.831958
1.859352
1.831005
1.843261
1.831277
1.838561
1.833901
1.845159
1.854812
1.841677
1.819591
1.854399
1.862168
1.810997
1.829894
1.840927
1.854821
1.826732
1.800911
1.805623
1.805457
1.821902
1.798201
1.805342
1.803461
1.809440
1.845909
1.805308
1.852009
1.852998
1.825926
1.858606
1.815664
1.823810
1.842653
1.809397
1.797810
1.820819
1.845145
1.793361
1.807016
1.818625
1.799285
1.839147
1.825048
1.818420
1.836712
1.832209
1.808758
1.812274
1.829920
1.793178
1.797601
1.782802
1.811179
1.777918
1.815161
1.805089
1.835189
1.825908
1.827865
1.841451
1.836994
1.832251
1.827026
1.789396
1.817337
1.792916
1.793025
1.786907
1.800100
1.775447
1.798568
1.807105
1.814502
1.820872
1.824085
1.823405
1.832230
1.826852
1.832618
1.794219
1.802385
1.804884
1.791185
1.789542
1.796677
1.788401
1.823781
1.806067
1.830535
1.793773
1.842869
1.825388
1.815363
1.781648
1.796458
1.809916
1.819807
1.792095
1.771602
1.728558
1.720032
1.719600
1.708227
1.739746
1.712795
1.720625
1.710510
1.698672
1.737519
1.699413
1.703620
1.711332
1.724415
1.722421
1.695314
1.727515
1.755548
1.731282
1.767830
1.747675
1.740105
1.721095
1.747801
1.731446
1.760415
1.756721
1.744165
1.728299
1.723136
1.712000
1.714089
1.727768
1.763367
1.763455
1.715006
1.761418
1.747970
1.730457
1.734282
1.751883
1.750769
1.718020
1.714921
1.750920
1.724879
1.694164
1.746332
1.798746
1.753810
1.717446
1.688859
1.683253
1.714776
1.732036
1.741272
1.667509
1.674316
1.687780
1.707266
1.716977
1.720463
1.727021
1.767169
1.779376
1.781647
1.841151
1.803866
1.785004
1.773414
1.791162
1.764009
1.821062
1.784582
1.769681
1.746462
1.773783
1.735470
1.734957
1.734165
1.687357
1.738256
1.720410
1.725421
1.700506
1.738448
1.770435
1.669379
1.683185
1.730684
1.702952
1.679982
1.706038
1.698273
1.700767
1.671461
1.722197
1.727601
1.716954
1.644071
1.706691
1.703280
1.673723
1.704268
1.672705
1.725786
1.677020
1.706612
1.704471
1.684902
1.714378
1.676471
1.683907
1.676594
1.689068
1.688040
1.736179
1.674142
1.699187
1.673843
1.692227
1.696074
1.690553
1.700225
1.673858
1.669822
1.678849
1.660757
1.690736
1.670725
1.683540
1.667725
1.706949
1.704501
1.678872
1.697913
1.688595
1.687505
