2.329183
2.314777
2.289532
2.305593
2.305738
2.313726
2.305528
2.240960
2.248889
2.332156
2.331123
2.263633
2.255397
2.489308
2.416070
2.219281
2.367277
2.533841
2.371965
2.310928
2.340981
2.441659
2.451190
2.383652
2.400740
2.426740
2.398978
2.325459
2.325105
2.373585
2.324545
2.355479
2.292230
2.329716
2.414190
2.392035
2.413769
2.358425
2.416862
2.312293
2.355211
2.318187
2.408860
2.287915
2.300768
2.287753
2.269892
2.212176
2.206888
2.091693
1.974429
1.898893
1.793190
1.812978
1.758741
1.772540
1.785728
1.840603
1.845561
1.863765
1.983361
2.106529
2.229821
2.110845
1.918198
1.901885
1.982424
2.148598
2.306341
2.364509
2.290109
2.351162
2.363622
2.235276
2.199129
2.309543
2.187483
2.257533
2.234375
2.288081
2.208102
2.281546
2.243299
2.293564
2.224126
2.249008
2.170544
2.228361
2.132960
2.267361
2.253480
2.157495
2.122030
2.057626
2.159019
2.220880
2.196631
2.128963
2.191753
2.164755
2.082563
2.047441
2.058970
2.077240
2.158259
2.218408
2.215915
2.241281
2.276594
2.257832
2.236093
2.291117
2.264892
2.240278
2.193521
2.257181
2.219773
2.298655
2.213067
2.264812
2.273202
2.231287
2.106853
2.025083
1.881455
1.845117
1.832658
1.857853
1.856255
1.931259
1.950734
1.949951
2.057183
2.114852
2.150039
2.193282
2.271575
2.317114
2.264773
2.256422
2.293144
2.157413
2.324475
2.263199
2.315998
2.290981
2.251841
2.226499
2.248788
2.226858
2.208408
2.266180
2.231689
2.284897
2.283314
2.283084
2.247826
2.299222
2.270404
2.296260
2.336858
2.212468
2.292244
2.220496
2.311292
2.151613
2.217188
2.244341
2.296778
2.196026
2.273201
2.208451
2.256892
2.200056
2.174510
2.220015
2.184908
2.141959
2.176552
2.222238
2.180764
2.191864
2.170663
2.227064
2.164477
2.181801
2.207680
2.178751
2.156785
2.201179
2.151539
2.212945
2.109753
2.142616
2.151766
2.121519
2.095532
2.006697
2.020997
2.023613
2.047872
2.010952
2.138659
2.184651
2.210230
2.212625
2.299283
2.141901
2.123567
2.051078
1.950479
1.981875
2.071690
2.061771
2.073922
2.178928
2.103868
2.206358
2.214091
2.146035
2.173501
2.270951
2.235888
2.249303
2.144515
2.192144
2.009399
1.840922
1.645784
1.643103
1.617614
1.616356
1.630890
1.655126
1.664689
1.670766
1.589872
1.642760
1.671903
1.653085
1.672196
1.692600
1.674395
1.656851
1.662815
1.646959
1.629916
1.646269
1.661620
1.614956
1.641472
1.651839
1.658912
1.589050
1.590520
1.613386
1.602894
1.641109
1.663853
1.722596
1.652288
1.673738
1.683320
1.709298
1.712272
1.767167
1.765498
1.765169
1.727853
1.722186
1.722321
1.735334
1.694641
1.669103
1.708411
1.709440
1.655122
1.668245
1.682274
1.701401
1.636043
1.658589
1.618526
1.650936
1.645893
1.638348
1.610087
1.619346
1.643011
1.647301
1.575922
1.614371
1.585571
1.611746
1.634342
1.642707
1.683095
1.605476
1.579994
1.590510
1.652126
1.619192
1.585532
1.581542
1.596012
1.613008
1.585388
1.608894
1.639912
1.535825
1.603432
1.652080
1.594270
1.651985
1.633271
1.645045
1.662749
1.642224
1.564460
1.589186
1.591263
1.752869
1.585165
1.622517
1.656424
1.584828
1.575520
1.601886
1.583480
1.636612
1.631442
1.624497
1.584570
1.674339
1.599569
1.635272
1.666338
1.623702
1.568199
1.586933
1.597443
1.653535
1.705016
1.561664
1.632211
1.600994
1.595688
1.589892
1.535856
1.604026
1.591241
1.596045
1.652770
1.604584
1.577053
1.650112
1.579772
1.641957
1.644467
1.607114
1.618541
1.634772
1.629889
1.597470
1.617019
1.629074
1.642035
1.651887
1.595990
1.615027
1.581563
1.599140
1.585584
1.571400
1.616415
1.651286
1.612060
1.605271
1.604594
1.643627
1.652312
1.584587
1.614005
1.617795
1.585909
1.655732
1.611005
1.595293
1.657215
1.647801
1.618263
1.584012
1.603012
1.661057
1.574963
1.583099
1.591193
1.602816
1.625849
1.605923
1.606519
1.583112
1.593925
1.593294
1.567315
1.615932
1.607763
1.600381
1.601617
1.587265
1.610444
1.596954
1.574275
1.632385
1.643651
1.652041
1.650784
1.578337
1.616980
1.625883
1.610231
1.665256
1.592003
1.636424
1.588970
1.638243
1.615063
1.614048
1.600009
1.549130
1.574885
1.598150
1.574824
1.575856
1.620379
1.623991
1.604843
1.649200
1.625676
1.686725
1.668854
1.654029
1.653310
1.680071
1.723776
1.671747
1.700115
1.671105
1.660478
1.606478
1.645228
1.627195
1.627931
1.680910
1.646929
1.621114
1.612762
1.590975
1.656481
1.626630
1.619431
1.611770
1.570711
1.620547
1.575271
1.617993
1.597306
1.572806
1.603652
1.547083
1.582815
1.560901
1.542302
1.577328
1.553781
1.634676
1.611413
1.597522
1.611777
1.658419
1.677327
1.602020
1.633662
1.595722
1.629341
1.629810
1.594037
1.626052
1.614051
1.602705
1.617907
1.616206
1.646347
1.613436
1.631422
1.583889
1.640560
1.596694
1.608207
1.600435
