2.299226
2.297392
2.280590
2.284265
2.256416
2.319650
2.332773
2.148046
2.034750
1.981188
1.988163
2.061746
1.973822
1.868602
1.844351
1.832819
1.843504
1.747300
1.793140
1.807630
1.718673
1.670083
1.703353
1.752936
1.730156
1.672459
1.661933
1.681074
1.687754
1.707526
1.626384
1.678154
1.621729
1.595323
1.591710
1.630359
1.631501
1.617301
1.634045
1.637457
1.620308
1.570038
1.605306
1.591580
1.602983
1.579589
1.585283
1.585583
1.588914
1.575340
1.555655
1.564579
1.579324
1.600922
1.561918
1.544982
1.573855
1.582705
1.540563
1.547049
1.538844
1.538191
1.562530
1.566861
1.536214
1.542367
1.548636
1.570282
1.544592
1.548908
1.538689
1.561868
1.552063
1.532101
1.531028
1.552252
1.544853
1.577582
1.544329
1.550855
1.564623
1.538046
1.520798
1.552294
1.540845
1.531580
1.545398
1.522278
1.540353
1.535661
1.537601
1.554771
1.527628
1.529380
1.519628
1.555114
1.557135
1.532537
1.527005
1.541172
1.545312
1.528130
1.525596
1.541947
1.520064
1.541302
1.536898
1.562819
1.538943
1.542657
1.539149
1.534072
1.547817
1.564057
1.532403
1.546199
1.518648
1.556701
1.526419
1.537785
1.518851
1.549632
1.531427
1.523347
1.549007
1.540739
1.552329
1.549275
1.539288
1.537844
1.559950
1.539749
1.556655
1.555069
1.544604
1.520194
1.529590
1.557067
1.537402
1.542951
1.533060
1.537046
1.528686
1.534437
1.528499
1.539345
1.534911
1.544113
1.531096
1.538231
1.548673
1.525057
1.520596
1.530560
1.537559
1.518052
1.542576
1.516111
1.512875
1.525997
1.533734
1.565600
1.550538
1.514583
1.512425
1.506466
1.513776
1.501747
1.520511
1.517080
1.552457
1.518058
1.535516
1.517598
1.518705
1.522892
1.512160
1.510174
1.551356
1.548822
1.521003
1.518295
1.517833
1.506168
1.509395
1.509176
1.522948
1.518265
1.518726
1.514148
1.509022
1.496001
1.511112
1.509297
1.517659
1.519808
1.505375
1.507167
1.500678
1.506938
1.499064
1.517576
1.550922
1.502726
1.519746
1.516494
1.527609
1.525403
1.515380
1.506698
1.507205
1.497774
1.515512
1.523567
1.513365
1.541884
1.531122
1.509924
1.505363
1.505307
1.525746
1.502338
1.543226
1.522658
1.508662
1.507912
1.533405
1.510363
1.496858
1.517394
1.506106
1.538410
1.543002
1.497698
1.505991
1.507802
1.536641
1.517281
1.504079
1.510218
1.491609
1.494802
1.514127
1.523986
1.498740
1.500223
1.517477
1.505386
1.520258
1.497357
1.529928
1.486670
1.503339
1.517889
1.520401
1.496481
1.504956
1.501454
1.502597
1.526282
1.522053
1.500795
1.526124
1.512282
1.526798
1.492112
1.503968
1.510484
1.511978
1.533380
1.513124
1.504917
1.498392
1.492582
1.494526
1.505837
1.521826
1.504032
1.501487
1.497661
1.521225
1.510172
1.499512
1.522355
1.515562
1.511588
1.508555
1.515416
1.502207
1.506663
1.498062
1.519902
1.505394
1.522339
1.498891
1.506718
1.536092
1.516578
1.512818
1.501283
1.493776
1.516081
1.510344
1.483356
1.501943
1.509245
1.519257
1.527133
1.500776
1.511869
1.495035
1.501416
1.509360
1.513655
1.512061
1.512500
1.531001
1.511000
1.518789
1.502242
1.512043
1.512688
1.512738
1.513595
1.515000
1.501876
1.510581
1.505521
1.527431
1.507692
1.503690
1.498375
1.509777
1.500576
1.503185
1.511185
1.511851
1.523364
1.512734
1.506314
1.510818
1.503853
1.514962
1.501069
1.498585
1.510242
1.507688
1.524781
1.512688
1.511147
1.507391
1.505389
1.510564
1.530425
1.514976
1.521015
1.505015
1.505127
1.503456
1.509788
1.515935
1.523839
1.507104
1.508034
1.504231
1.501530
1.496156
1.498011
1.492050
1.519679
1.503774
1.507426
1.507849
1.532919
1.511289
1.498324
1.504604
1.496889
1.503891
1.522147
1.509782
1.511598
1.496253
1.498140
1.494103
1.499736
1.498646
1.513611
1.544010
1.507697
1.513306
1.495163
1.502639
1.507726
1.505895
1.516696
1.503762
1.507858
1.507581
1.520977
1.515200
1.503626
1.511248
1.497197
1.495859
1.495420
1.502838
1.500488
1.494654
1.500062
1.508736
1.496165
1.511476
1.495231
1.502980
1.502185
1.502544
1.498871
1.513189
1.502390
1.510590
1.502276
1.500818
1.510279
1.500080
1.516510
1.513710
1.492450
1.514663
1.521068
1.521345
1.499337
1.519603
1.500555
1.530196
1.528705
1.505323
1.516970
1.547937
1.513683
1.507221
1.515103
1.495748
1.494289
1.517418
1.490131
1.504101
1.499918
1.504533
1.518209
1.509472
1.497008
1.513216
1.505054
1.507914
1.510708
1.514081
1.509906
1.496996
1.504232
1.522161
1.518615
1.516917
1.518801
1.507801
1.513110
1.521929
1.525678
1.504840
1.507039
1.505291
1.499828
1.503910
1.507052
1.504848
1.517898
1.498560
1.532581
1.510220
1.518718
1.505453
1.520695
1.508701
1.509885
1.515222
1.506763
1.502629
1.507418
1.510540
1.518485
1.516283
1.522646
1.513077
1.512239
1.529569
1.503457
1.511181
1.507972
1.509513
1.496264
