2.301525
2.307545
2.297651
2.282810
2.286775
2.279575
2.281613
2.262435
2.268517
2.253588
2.251914
2.236825
2.227829
2.215963
2.213760
2.207983
2.194211
2.192744
2.178297
2.150115
2.151261
2.124250
2.115473
2.068491
2.080803
2.069000
1.995797
2.004193
1.955738
1.933073
1.918565
1.842244
1.817034
1.742126
1.710755
1.666328
1.564374
1.546811
1.539682
1.388814
1.277322
1.219045
1.208127
1.061394
0.947645
0.930189
0.847058
0.845158
0.838114
0.773450
0.733630
0.604593
0.527969
0.481395
0.422008
0.537243
0.418335
0.383547
0.508209
0.540730
0.415677
0.483882
0.419144
0.298123
0.360083
0.236415
0.327422
0.399355
0.415068
0.384661
0.366215
0.623496
0.305057
0.430411
0.411126
0.323052
0.242587
0.455139
0.284381
0.305734
0.185908
0.317903
0.284599
0.324005
0.246776
0.321462
0.189368
0.452774
0.368986
0.248548
0.357288
0.432096
0.382344
0.363840
0.283636
0.193218
0.267894
0.374576
0.296211
0.296562
0.206667
0.348196
0.282374
0.342107
0.234841
0.238210
0.282439
0.201285
0.265526
0.252106
0.339096
0.379371
0.250602
0.247352
0.155983
0.255511
0.238702
0.201286
0.287381
0.240897
0.259594
0.242890
0.245464
0.156149
0.294001
0.265489
0.211378
0.143534
0.218947
0.212956
0.194070
0.253991
0.146144
0.185308
0.240483
0.247273
0.288004
0.290858
0.252752
0.299760
0.318451
0.345474
0.318272
0.185653
0.242999
0.131687
0.397570
0.128717
0.197979
0.326675
0.193214
0.109012
0.259203
0.201574
0.225767
0.308022
0.173641
0.230207
0.151822
0.222452
0.173184
0.297670
0.181410
0.162425
0.248690
0.177810
0.166340
0.166587
0.171259
0.222134
0.214021
0.225538
0.155053
0.144357
0.204714
0.111594
0.178715
0.276534
0.168623
0.129704
0.223002
0.149434
0.175265
0.338020
0.200511
0.246014
0.161057
0.149054
0.116047
0.121259
0.235850
0.187465
0.136695
0.249803
0.132564
0.258304
0.157047
0.141070
0.092505
0.140446
0.126831
0.157574
0.167011
0.243451
0.086850
0.222963
0.191425
0.144438
0.183959
0.131376
0.181724
0.314888
0.156505
0.137132
0.147261
0.146257
0.222928
0.064947
0.173060
0.327289
0.197423
0.177132
0.153243
0.118047
0.271583
0.077543
0.124105
0.076876
0.091187
0.225130
0.205114
0.133899
0.097790
0.166020
0.103566
0.136242
0.139859
0.271269
0.166948
0.131249
0.169093
0.369437
0.130700
0.178262
0.193801
0.158231
0.062922
0.223515
0.097375
0.105413
0.198320
0.118435
0.109580
0.192974
0.104947
0.103543
0.086433
0.102653
0.073108
0.146164
0.085748
0.095655
0.200190
0.056516
0.184771
0.146988
0.211190
0.130788
0.127665
0.106415
0.158460
0.141155
0.178275
0.127353
0.167374
0.241100
0.154484
0.073073
0.128894
0.110906
0.132620
0.148327
0.147293
0.127409
0.121559
0.089154
0.105741
0.090231
0.239362
0.178205
0.064871
0.142729
0.168218
0.135538
0.089715
0.080590
0.102802
0.094912
0.085810
0.060746
0.111441
0.102545
0.072018
0.179657
0.151485
0.062662
0.132822
0.129893
0.265077
0.070796
0.056302
0.095013
0.103695
0.142593
0.074344
0.148628
0.091467
0.161379
0.051629
0.118082
0.131021
0.248091
0.089630
0.154807
0.160821
0.064570
0.123443
0.107997
0.087689
0.196871
0.104277
0.132075
0.080815
0.061499
0.105871
0.054766
0.150588
0.091485
0.137191
0.067308
0.097994
0.092486
0.087981
0.079767
0.053611
0.098047
0.050753
0.093894
0.060096
0.266651
0.096760
0.210171
0.087895
0.089001
0.086838
0.062864
0.073753
0.133447
0.197214
0.094165
0.087731
0.111285
0.088321
0.084048
0.086702
0.079101
0.060292
0.083759
0.078336
0.117724
0.105771
0.075088
0.190436
0.094036
0.133773
0.148584
0.146518
0.140111
0.103838
0.120386
0.060805
0.072916
0.102888
0.109802
0.054405
0.149300
0.077236
0.079594
0.077280
0.078119
0.070006
0.164106
0.185627
0.106060
0.123345
0.270012
0.102983
0.086685
0.070523
0.140204
0.097579
0.142781
0.112353
0.104644
0.054857
0.034499
0.132713
0.058537
0.106107
0.072245
0.064423
0.101926
0.071921
0.049926
0.031109
0.113813
0.109282
0.072097
0.079038
0.127118
0.068590
0.133336
0.056737
0.077026
0.107082
0.097580
0.127081
0.049986
0.064706
0.063143
0.152054
0.066361
0.071868
0.102049
0.101519
0.061287
0.067026
0.045838
0.164896
0.063652
0.099276
0.101189
0.101881
0.134383
0.076079
0.065896
0.072134
0.071607
0.064142
0.252173
0.051391
0.076283
0.074143
0.044508
0.037001
0.057258
0.089203
0.109168
0.075465
0.082516
0.044592
0.087956
0.112523
0.043744
0.161742
0.119972
0.062348
0.044211
0.055205
0.061042
0.064562
0.067514
0.046981
0.121133
0.096346
0.096848
0.101292
0.089649
0.075320
0.099135
0.032101
0.089146
0.053421
0.168600
0.042027
0.084658
0.048945
0.100536
0.074035
0.177082
0.064452
0.072129
0.016677
0.124383
0.032967
0.201297
0.068110
0.046304
0.050391
0.092532
