2.306301
2.301663
2.305661
2.294788
2.287934
2.262917
2.266557
2.261347
2.242185
2.192394
2.195305
2.133698
2.041626
1.976348
2.004198
1.923680
1.888264
1.935173
1.934938
1.836121
1.819624
1.823060
1.818836
1.729909
1.878043
1.769308
1.776092
1.730934
1.712371
1.684900
1.703004
1.709990
1.726111
1.703700
1.669871
1.685950
1.640021
1.695934
1.741510
1.639195
1.691468
1.658443
1.670925
1.639597
1.674524
1.618328
1.660836
1.628517
1.691427
1.630434
1.662560
1.696154
1.611410
1.662104
1.618768
1.604298
1.701980
1.687975
1.609002
1.569849
1.649213
1.641974
1.595097
1.636891
1.631645
1.635044
1.633233
1.670537
1.680382
1.659403
1.630792
1.646501
1.617592
1.650195
1.645801
1.639008
1.635478
1.631140
1.598871
1.595277
1.664803
1.620590
1.623094
1.655858
1.593689
1.654877
1.610681
1.593810
1.602811
1.663451
1.647632
1.643009
1.711144
1.638252
1.616580
1.673176
1.635537
1.645779
1.655352
1.649647
1.585668
1.609611
1.619293
1.626037
1.615877
1.645915
1.603726
1.644890
1.627437
1.630335
1.610781
1.631605
1.632447
1.621136
1.636884
1.626946
1.639275
1.685864
1.592945
1.649075
1.626228
1.576742
1.647602
1.614100
1.635105
1.624445
1.631247
1.628372
1.655383
1.620650
1.625035
1.589613
1.635336
1.613525
1.636801
1.613222
1.646358
1.677266
1.583429
1.622211
1.565039
1.580891
1.551376
1.537653
1.552933
1.537496
1.557855
1.550162
1.571510
1.562297
1.573050
1.523387
1.540448
1.624343
1.554216
1.539677
1.571447
1.557039
1.537630
1.549615
1.557717
1.535772
1.564700
1.550058
1.567397
1.562071
1.541521
1.508784
1.534909
1.533775
1.564339
1.539088
1.580110
1.554734
1.550383
1.539762
1.544751
1.562387
1.535958
1.540909
1.522953
1.557827
1.522316
1.567036
1.543341
1.543351
1.537281
1.568986
1.539623
1.532295
1.516909
1.524357
1.535648
1.538400
1.523082
1.568089
1.551140
1.539301
1.533781
1.528582
1.517276
1.547575
1.519815
1.555705
1.527951
1.554791
1.550832
1.539101
1.529868
1.549394
1.547888
1.539291
1.566983
1.525292
1.527961
1.505334
1.548365
1.527971
1.510413
1.538066
1.521898
1.518802
1.542195
1.565065
1.521477
1.538961
1.517716
1.510524
1.522626
1.533513
1.543264
1.556364
1.536623
1.531152
1.547701
1.559231
1.555526
1.528024
1.539445
1.525065
1.541968
1.528332
1.524227
1.531170
1.534635
1.526873
1.540689
1.535531
1.528980
1.533578
1.554484
1.559641
1.534102
1.525934
1.503840
1.524535
1.527949
1.529719
1.536922
1.539773
1.542511
1.522956
1.536352
1.530137
1.524462
1.553732
1.527585
1.509617
1.509843
1.544768
1.524006
1.528860
1.516132
1.532228
1.536217
1.522732
1.518480
1.525492
1.550913
1.536045
1.527837
1.522874
1.523775
1.507616
1.543746
1.530674
1.535825
1.560944
1.530701
1.515275
1.526639
1.533335
1.534492
1.520322
1.514807
1.521652
1.526369
1.544264
1.523675
1.526878
1.508904
1.541572
1.535034
1.533125
1.510626
1.533164
1.530340
1.532852
1.538064
1.504915
1.512679
1.538159
1.519287
1.514275
1.525732
1.526935
1.525175
1.507222
1.529525
1.519223
1.541999
1.529416
1.520324
1.531229
1.518211
1.524854
1.523834
1.513437
1.518735
1.535897
1.532119
1.529062
1.532309
1.511654
1.529057
1.548879
1.532973
1.521363
1.529085
1.524303
1.512830
1.504047
1.513860
1.547110
1.516782
1.537780
1.511648
1.500256
1.523597
1.534263
1.517953
1.519993
1.532230
1.523333
1.505890
1.540178
1.505818
1.542200
1.520204
1.501853
1.503190
1.513452
1.525170
1.510682
1.500235
1.535594
1.510832
1.545710
1.506761
1.523273
1.533073
1.533573
1.517885
1.509197
1.531498
1.507638
1.526536
1.531842
1.526132
1.519919
1.507522
1.509881
1.505628
1.503552
1.523937
1.514432
1.502040
1.534376
1.531639
1.515811
1.517175
1.506377
1.520991
1.499762
1.501349
1.522060
1.512763
1.522390
1.509351
1.498649
1.512748
1.526513
1.515279
1.520310
1.532461
1.522177
1.532707
1.519396
1.509209
1.514125
1.511048
1.514927
1.520258
1.525889
1.502931
1.532227
1.505675
1.530348
1.523374
1.510644
1.519070
1.503171
1.532435
1.516728
1.511533
1.509686
1.516038
1.515508
1.505076
1.527411
1.522418
1.522543
1.529201
1.511543
1.533212
1.515690
1.505505
1.506149
1.531786
1.524990
1.509009
1.494810
1.510314
1.510803
1.529513
1.523662
1.522070
1.508536
1.501627
1.505407
1.508750
1.508311
1.488841
1.515486
1.513851
1.510785
1.515383
1.515433
1.510867
1.525483
1.512949
1.505019
1.537684
1.495717
1.527617
1.509285
1.516885
1.502638
1.521621
1.512854
1.505782
1.515711
1.499700
1.511631
1.522481
1.493475
1.516701
1.504790
1.517979
1.491802
1.503986
1.510154
1.522173
1.510358
1.502681
1.518258
1.510534
1.514838
1.526492
1.492442
1.518645
1.510469
1.506261
1.507111
1.504639
1.521098
1.520389
1.499435
1.489442
1.515593
