2.302550
2.304386
2.308674
2.300122
2.300721
2.305291
2.308971
2.319704
2.324958
2.332589
2.302301
2.293690
2.271778
2.251805
2.241886
2.238844
2.223484
2.229208
2.206539
2.202836
2.197296
2.176757
2.182737
2.170707
2.168491
2.141980
2.117532
2.108596
2.086158
2.080618
2.059548
2.130096
2.128034
2.095990
2.136608
2.040986
2.002510
1.965417
1.975826
1.994802
1.973920
1.925430
1.971730
2.005547
1.899708
1.838506
1.823784
1.838327
1.809740
1.807661
1.839499
1.803087
1.856000
1.835613
1.807319
1.778879
1.797578
1.788529
1.795221
1.778624
1.754062
1.738319
1.749965
1.779973
1.791567
1.746336
1.751899
1.717903
1.745111
1.745717
1.781098
1.736276
1.707023
1.730482
1.714940
1.741292
1.761898
1.748573
1.749584
1.734996
1.713931
1.723027
1.692060
1.698986
1.712790
1.697541
1.688009
1.716350
1.706026
1.706602
1.709474
1.713220
1.694772
1.687137
1.692973
1.685119
1.691080
1.696886
1.678021
1.687611
1.683430
1.694456
1.671035
1.692122
1.704469
1.685804
1.666061
1.716249
1.689339
1.688668
1.665715
1.654170
1.670874
1.676177
1.688101
1.674415
1.677214
1.678467
1.689773
1.666814
1.644066
1.674708
1.654600
1.674773
1.649517
1.702552
1.661704
1.672730
1.640806
1.656216
1.640949
1.632460
1.656101
1.661726
1.655832
1.661505
1.642913
1.643013
1.661370
1.645869
1.665089
1.643611
1.662772
1.670089
1.640054
1.654061
1.640266
1.632496
1.630972
1.628736
1.648243
1.603436
1.636698
1.638465
1.649197
1.620269
1.623209
1.619519
1.644694
1.634263
1.607634
1.608189
1.661090
1.627262
1.649469
1.630091
1.628002
1.616524
1.624364
1.627711
1.627110
1.629060
1.648158
1.614940
1.630080
1.621791
1.636084
1.608857
1.616731
1.631981
1.611471
1.608882
1.598592
1.614618
1.632944
1.614404
1.628854
1.639672
1.642146
1.632166
1.610356
1.637902
1.614016
1.623189
1.630054
1.617252
1.618359
1.619142
1.638840
1.607070
1.617472
1.611633
1.596586
1.602553
1.602750
1.609623
1.627247
1.623808
1.610887
1.634821
1.593216
1.624857
1.611640
1.619471
1.623149
1.612606
1.599162
1.644672
1.606759
1.593948
1.621333
1.615974
1.621367
1.612837
1.597173
1.615412
1.613846
1.634320
1.619620
1.615576
1.591888
1.616532
1.615217
1.610104
1.632752
1.594536
1.596667
1.602523
1.590545
1.609204
1.624411
1.630718
1.609476
1.607886
1.622617
1.611715
1.612083
1.610322
1.588458
1.607570
1.610081
1.604570
1.600727
1.601884
1.596852
1.605287
1.612237
1.610018
1.607661
1.593929
1.608824
1.611569
1.596202
1.599362
1.622348
1.590903
1.610984
1.600888
1.602671
1.596831
1.592086
1.600891
1.593809
1.597717
1.599527
1.606847
1.598983
1.601369
1.584221
1.608142
1.615105
1.607785
1.624840
1.585782
1.589650
1.590969
1.619657
1.595012
1.605998
1.601840
1.602628
1.606346
1.590139
1.589352
1.598041
1.601736
1.588369
1.584192
1.591123
1.593428
1.580518
1.590492
1.597829
1.606991
1.605541
1.584102
1.610333
1.602532
1.600008
1.610806
1.603256
1.584197
1.590696
1.592536
1.586532
1.591548
1.583943
1.598401
1.579763
1.580297
1.589314
1.597901
1.598034
1.592142
1.612175
1.592734
1.585000
1.570469
1.579984
1.580869
1.599204
1.586268
1.579938
1.571885
1.580413
1.581969
1.590346
1.603314
1.599168
1.599128
1.589747
1.582349
1.596959
1.595208
1.597969
1.588605
1.580163
1.600868
1.586256
1.594808
1.582697
1.594702
1.610701
1.600754
1.579645
1.605799
1.578242
1.576203
1.575079
1.601725
1.598117
1.592281
1.588438
1.599815
1.583443
1.586753
1.600873
1.571531
1.591765
1.578243
1.596855
1.580058
1.594672
1.583880
1.594862
1.575942
1.573052
1.581616
1.590668
1.569180
1.583658
1.587955
1.569570
1.585733
1.592062
1.579212
1.575217
1.600860
1.586593
1.601712
1.587894
1.595276
1.599775
1.588961
1.601026
1.576985
1.596709
1.605303
1.587185
1.585482
1.599870
1.572814
1.591788
1.586647
1.573174
1.590246
1.579330
1.590042
1.582839
1.593238
1.609067
1.572757
1.574274
1.566988
1.579232
1.582712
1.600756
1.601254
1.587566
1.590978
1.616844
1.579434
1.600186
1.571084
1.587159
1.593876
1.603415
1.584340
1.573804
1.586195
1.593354
1.583159
1.585994
1.579791
1.581177
1.603176
1.589933
1.571769
1.582564
1.597158
1.582091
1.587599
1.580951
1.575507
1.607039
1.570343
1.588614
1.581759
1.597414
1.581120
1.593466
1.584089
1.581992
1.572027
1.574538
1.566313
1.570685
1.594288
1.570686
1.592772
1.603587
1.569882
1.578437
1.585423
1.568777
1.588309
1.593487
1.576971
1.568950
1.579108
1.583853
1.593378
1.572721
1.621890
1.578520
1.573818
1.571283
1.575260
1.580196
1.602500
1.582978
1.581085
1.578383
1.567856
1.575119
1.578312
1.588511
1.587681
1.579881
1.585600
1.587700
1.578486
1.576308
1.590536
1.585642
1.574528
1.586320
1.585751
1.587141
1.598462
