2.305799
2.293844
2.284160
2.275385
2.260903
2.313794
2.360337
2.298848
2.241680
2.273148
2.204186
2.228780
2.179489
2.201366
2.172702
2.136333
2.134417
2.123569
2.075566
2.062212
2.091283
2.080385
2.053054
2.040262
2.030659
2.031067
2.002310
2.049932
2.095328
2.072237
2.077253
2.033908
2.055287
2.032034
2.018855
1.977379
2.023455
1.971026
2.000635
1.963633
1.985315
1.955039
1.961060
1.951862
1.927517
1.962684
1.960844
1.953293
1.943189
1.926232
1.906573
1.942192
1.952804
1.948882
1.942937
1.982880
1.894855
1.918456
1.937613
1.951137
1.939410
1.897685
1.891252
1.860400
1.853877
1.794471
1.822845
1.832958
1.841806
1.918231
1.829207
1.795178
1.876287
1.799143
1.835431
1.783231
1.796316
1.778111
1.751109
1.759577
1.722482
1.761003
1.738761
1.746435
1.728675
1.720529
1.713507
1.729975
1.737765
1.753859
1.721781
1.722808
1.725419
1.752544
1.725306
1.701742
1.738099
1.741760
1.707387
1.694749
1.665137
1.712560
1.715274
1.684924
1.723350
1.673958
1.659350
1.689840
1.665903
1.657136
1.654408
1.690028
1.672534
1.625730
1.662762
1.672023
1.667638
1.647912
1.645618
1.663458
1.672016
1.644288
1.642961
1.657075
1.662136
1.703668
1.649459
1.658729
1.704849
1.710267
1.703504
1.662179
1.654090
1.672332
1.669243
1.700588
1.711734
1.670507
1.689062
1.695758
1.678517
1.680032
1.703699
1.691988
1.690040
1.703362
1.747325
1.696204
1.696435
1.679599
1.623402
1.639315
1.657956
1.667041
1.655847
1.638807
1.673288
1.666872
1.671763
1.648107
1.633790
1.633074
1.616860
1.620514
1.625815
1.641177
1.626084
1.628969
1.611321
1.633914
1.641935
1.635254
1.623711
1.622917
1.630769
1.606662
1.606138
1.601277
1.585842
1.597017
1.632940
1.651414
1.598432
1.596007
1.564805
1.567562
1.585809
1.608696
1.612691
1.609984
1.620734
1.570781
1.562091
1.572461
1.612829
1.597173
1.583091
1.600109
1.595240
1.580426
1.566095
1.582234
1.594180
1.595873
1.612765
1.626126
1.591600
1.568678
1.605824
1.587157
1.581468
1.602193
1.591188
1.565974
1.541968
1.538097
1.588247
1.600616
1.618621
1.623619
1.573338
1.575258
1.565502
1.556106
1.585576
1.573195
1.591609
1.556660
1.568824
1.552947
1.577441
1.555597
1.565325
1.554879
1.573740
1.547130
1.557801
1.544081
1.549857
1.532331
1.557697
1.608732
1.583874
1.556661
1.574947
1.566937
1.557199
1.593279
1.557739
1.580953
1.558523
1.557934
1.563320
1.574701
1.538321
1.587866
1.585370
1.593404
1.573081
1.588281
1.603638
1.556450
1.568953
1.590959
1.583098
1.591083
1.588890
1.542397
1.577268
1.586599
1.564856
1.571743
1.572616
1.597965
1.550845
1.560668
1.568023
1.591878
1.608436
1.604724
1.598167
1.581466
1.591764
1.595394
1.611401
1.670596
1.637863
1.611561
1.636074
1.619209
1.671191
1.619606
1.594336
1.600361
1.610343
1.617497
1.654967
1.622827
1.611402
1.580369
1.588289
1.633312
1.596328
1.602624
1.616077
1.619532
1.604097
1.591597
1.627064
1.601114
1.600569
1.591652
1.599271
1.575119
1.595798
1.612146
1.605049
1.600015
1.607169
1.591104
1.623580
1.628704
1.624144
1.638334
1.657725
1.614588
1.589166
1.593583
1.585038
1.632813
1.649097
1.648140
1.652059
1.685726
1.619774
1.601451
1.665648
1.637291
1.640820
1.651017
1.669525
1.638709
1.636997
1.636471
1.617688
1.593789
1.615860
1.629068
1.598328
1.593305
1.601444
1.609280
1.609876
1.593073
1.604500
1.587991
1.621681
1.591502
1.604437
1.613177
1.631925
1.625172
1.627970
1.620167
1.608639
1.617260
1.606307
1.610819
1.587020
1.564893
1.595728
1.608460
1.604897
1.589149
1.574957
1.594490
1.579053
1.615026
1.610053
1.622453
1.596869
1.600504
1.612083
1.603660
1.606338
1.585390
1.587162
1.573739
1.591067
1.582579
1.636976
1.631290
1.588583
1.554970
1.612772
1.602023
1.637968
1.587280
1.577066
1.581261
1.605474
1.611329
1.620894
1.653608
1.631560
1.624187
1.625458
1.609011
1.616562
1.580111
1.600672
1.582258
1.605957
1.597688
1.604960
1.613439
1.585732
1.613662
1.612611
1.600294
1.610840
1.632825
1.589761
1.575079
1.586614
1.596376
1.627403
1.582506
1.574170
1.575654
1.583344
1.587169
1.595951
1.620884
1.614797
1.594224
1.598077
1.580599
1.575182
1.600336
1.576102
1.624035
1.598265
1.584633
1.593540
1.612033
1.605927
1.595794
1.585773
1.593633
1.592309
1.613452
1.596421
1.567073
1.614273
1.594311
1.604608
1.603780
1.589299
1.592288
1.597734
1.607070
1.592385
1.583244
1.592903
1.588545
1.590114
1.585206
1.598123
1.583362
1.609658
1.582809
1.622459
1.637422
1.627626
1.581641
1.593107
1.607036
1.601553
1.589290
1.607089
1.613796
1.590019
1.617286
1.650167
1.604679
1.600718
1.599098
1.615581
1.589644
1.589638
1.585448
1.590235
1.613770
1.599341
1.588666
1.584911
1.577080
1.628455
1.592680
