2.305286
2.296383
2.298794
2.296187
2.287764
2.288413
2.294575
2.276689
2.279881
2.258665
2.223886
2.235505
2.226421
2.216396
2.158999
2.182920
2.192608
2.152697
2.121192
2.107285
2.036522
2.023046
1.993980
1.934985
1.954761
1.861814
1.847199
1.847242
1.805597
1.838660
1.823307
1.796240
1.781795
1.750569
1.780781
1.739215
1.719478
1.702335
1.713093
1.728180
1.677013
1.679466
1.687984
1.684901
1.705359
1.631489
1.649266
1.713068
1.664791
1.700959
1.692438
1.658964
1.663136
1.665705
1.664581
1.684775
1.686925
1.640603
1.637873
1.627885
1.630631
1.629409
1.602478
1.650642
1.609688
1.683668
1.622837
1.653135
1.630202
1.670123
1.603118
1.628912
1.615649
1.619598
1.605144
1.579289
1.617847
1.641950
1.620077
1.636546
1.622206
1.616036
1.620237
1.596762
1.582835
1.607833
1.616040
1.602144
1.624611
1.590057
1.626737
1.599278
1.607605
1.599320
1.605444
1.605042
1.586510
1.590953
1.645398
1.594442
1.612730
1.576383
1.615723
1.583770
1.601330
1.600016
1.583679
1.576203
1.604236
1.591843
1.565591
1.627532
1.581774
1.582964
1.594767
1.566452
1.595587
1.595972
1.581309
1.587078
1.624339
1.592009
1.581539
1.622968
1.576737
1.581222
1.602468
1.580501
1.619847
1.553731
1.611204
1.574685
1.577436
1.582416
1.591159
1.589007
1.572585
1.616760
1.556972
1.581485
1.574672
1.579726
1.588368
1.585726
1.591977
1.588321
1.550963
1.597312
1.576210
1.557180
1.566604
1.551006
1.585932
1.563922
1.557439
1.582168
1.563442
1.638854
1.561021
1.569889
1.605994
1.564380
1.556746
1.614812
1.619965
1.568683
1.569662
1.570084
1.565929
1.549986
1.601751
1.549318
1.557686
1.552860
1.553329
1.595313
1.599140
1.575121
1.536610
1.574770
1.549562
1.574533
1.618366
1.573871
1.549201
1.547002
1.566896
1.576104
1.564717
1.533467
1.556602
1.578433
1.567268
1.565123
1.574314
1.583775
1.573273
1.548515
1.554922
1.605449
1.570404
1.579245
1.548248
1.559150
1.557603
1.581427
1.567034
1.568386
1.584172
1.569145
1.571010
1.545084
1.584315
1.572492
1.557862
1.562335
1.556266
1.551637
1.547735
1.551866
1.555043
1.562328
1.562379
1.551106
1.584242
1.565645
1.535646
1.552042
1.521286
1.566908
1.584226
1.527166
1.581705
1.571426
1.540033
1.563046
1.578900
1.541521
1.565569
1.567248
1.578176
1.554512
1.562220
1.528828
1.546076
1.557883
1.573199
1.549977
1.567660
1.588989
1.562405
1.561616
1.580052
1.519102
1.538090
1.524267
1.560330
1.528262
1.531169
1.587864
1.569413
1.564299
1.540145
1.568567
1.586886
1.523911
1.537896
1.598663
1.548346
1.554748
1.565725
1.543400
1.546187
1.548774
1.524963
1.556533
1.570074
1.548849
1.576214
1.528499
1.557916
1.543460
1.526035
1.569490
1.546807
1.551876
1.526534
1.557615
1.542132
1.568799
1.569798
1.573194
1.548446
1.535478
1.548376
1.552602
1.560074
1.547712
1.541009
1.557666
1.541137
1.540176
1.535626
1.573230
1.533774
1.546781
1.537442
1.541358
1.524847
1.567968
1.570158
1.547356
1.551224
1.542747
1.557220
1.552263
1.540888
1.518478
1.539827
1.564621
1.561266
1.518994
1.547321
1.536780
1.533814
1.536025
1.550663
1.536001
1.547611
1.554587
1.529623
1.548998
1.536755
1.567703
1.552981
1.545254
1.558633
1.539186
1.536737
1.572051
1.539285
1.514719
1.545600
1.551543
1.525777
1.538444
1.529767
1.540208
1.552822
1.536451
1.536432
1.537867
1.537995
1.527542
1.551242
1.553276
1.542585
1.542916
1.544790
1.535790
1.567985
1.519892
1.530102
1.544786
1.586231
1.534724
1.549553
1.516367
1.524125
1.558679
1.554126
1.514249
1.536824
1.530092
1.537363
1.536150
1.523838
1.542979
1.555869
1.569953
1.520226
1.552027
1.543046
1.547868
1.535999
1.541624
1.516808
1.510018
1.523772
1.519449
1.559216
1.534727
1.512424
1.547787
1.531609
1.509486
1.505616
1.578046
1.524024
1.540924
1.539287
1.536187
1.536998
1.523930
1.528524
1.548724
1.559845
1.525965
1.575975
1.504379
1.541366
1.531945
1.526998
1.534904
1.536815
1.537844
1.539728
1.548963
1.533318
1.525486
1.550318
1.523479
1.526322
1.528834
1.508607
1.541811
1.515684
1.561043
1.540013
1.540150
1.553929
1.531342
1.513750
1.558561
1.522563
1.522364
1.534952
1.536906
1.538812
1.508489
1.525232
1.519414
1.535940
1.530057
1.496011
1.552338
1.516826
1.530543
1.547157
1.533966
1.525366
1.508878
1.540478
1.516887
1.531906
1.505489
1.508387
1.523420
1.525355
1.575453
1.551886
1.513152
1.522223
1.509452
1.519298
1.531375
1.526558
1.527856
1.532989
1.530611
1.545636
1.515987
1.515632
1.536344
1.525786
1.528767
1.532236
1.510290
1.559840
1.510548
1.529691
1.519957
1.501684
1.517670
1.507613
1.506019
1.549412
1.523400
1.525299
1.540842
1.515659
1.534226
1.500020
1.519979
1.508541
1.545583
1.525864
1.507928
1.532322
1.534975
