2.296902
2.297670
2.296888
2.297993
2.297836
2.298682
2.298100
2.293918
2.292430
2.277336
2.262234
2.255595
2.251873
2.235288
2.228504
2.212168
2.211742
2.198101
2.169784
2.217242
2.166312
2.196102
2.144793
2.098127
2.147659
2.068864
1.976718
1.980711
1.951815
1.899600
1.858608
1.882883
1.847619
1.807607
1.831753
1.846721
1.865628
1.881949
1.814694
1.818848
1.783921
1.787259
1.797486
1.866549
1.794443
1.752789
1.760026
1.748937
1.799035
1.737067
1.753138
1.777276
1.820826
1.783321
1.811595
1.791383
1.764710
1.693044
1.743897
1.768564
1.722914
1.735863
1.689213
1.665063
1.694177
1.751227
1.723677
1.768555
1.742471
1.732772
1.674994
1.690481
1.690376
1.706204
1.746944
1.684946
1.677772
1.714701
1.665429
1.707619
1.714734
1.712489
1.659516
1.689395
1.705953
1.655881
1.657020
1.634934
1.690596
1.676629
1.640661
1.612045
1.727163
1.660733
1.669414
1.640357
1.639349
1.647006
1.633191
1.674322
1.658690
1.643524
1.656544
1.672291
1.633954
1.635822
1.664111
1.661053
1.659898
1.633379
1.639764
1.632222
1.653990
1.640937
1.626559
1.645399
1.636507
1.636863
1.678826
1.645573
1.600164
1.630627
1.636133
1.595883
1.629865
1.613700
1.593368
1.635865
1.618446
1.594505
1.585974
1.606824
1.610903
1.630097
1.597136
1.592278
1.599971
1.569561
1.614200
1.641528
1.591231
1.587558
1.616940
1.601492
1.606527
1.620331
1.590841
1.605870
1.626582
1.572339
1.626981
1.604682
1.576414
1.583357
1.593865
1.586129
1.574069
1.621930
1.625603
1.588215
1.596825
1.620893
1.620864
1.612105
1.585703
1.587482
1.584219
1.610605
1.605033
1.608311
1.603058
1.609716
1.600593
1.585202
1.551466
1.630256
1.571581
1.609164
1.602692
1.573284
1.594172
1.607276
1.589900
1.562148
1.550618
1.570690
1.554446
1.577789
1.601568
1.584913
1.577875
1.570904
1.579620
1.573314
1.579576
1.557676
1.580581
1.584293
1.552132
1.559674
1.556444
1.592130
1.573226
1.600264
1.541878
1.574651
1.602481
1.570134
1.566625
1.578766
1.574292
1.594722
1.576607
1.597818
1.611360
1.578644
1.582473
1.567065
1.566023
1.572793
1.585343
1.585574
1.598430
1.574479
1.596577
1.546547
1.574840
1.552953
1.548110
1.539291
1.568891
1.564000
1.610904
1.573721
1.579779
1.549689
1.551322
1.565365
1.576424
1.565320
1.574919
1.558341
1.565355
1.543354
1.584880
1.555488
1.553027
1.555210
1.566970
1.578094
1.568545
1.564001
1.566975
1.549059
1.541453
1.558238
1.556210
1.582924
1.569861
1.557839
1.539405
1.560220
1.583136
1.549323
1.575748
1.548521
1.583259
1.556075
1.548737
1.556704
1.551368
1.549432
1.529964
1.555512
1.547599
1.557845
1.550514
1.591353
1.573944
1.551818
1.571607
1.550086
1.571573
1.556304
1.540309
1.536460
1.550931
1.544468
1.542101
1.539591
1.574113
1.571807
1.560646
1.574450
1.554032
1.552780
1.558836
1.543116
1.528980
1.540410
1.543788
1.552190
1.538868
1.579084
1.557367
1.529674
1.539266
1.554268
1.556852
1.557350
1.538399
1.543732
1.559133
1.561568
1.543692
1.555225
1.533877
1.543249
1.542177
1.562637
1.535597
1.554436
1.525990
1.543428
1.535770
1.557009
1.553179
1.530364
1.539836
1.535076
1.559450
1.546789
1.544081
1.525483
1.552173
1.545825
1.565535
1.541286
1.528131
1.571579
1.533488
1.591453
1.584854
1.552613
1.563421
1.525713
1.541961
1.535711
1.532926
1.518002
1.539044
1.558769
1.540372
1.533975
1.557079
1.535761
1.529480
1.522159
1.582418
1.542615
1.534276
1.529113
1.579171
1.533495
1.550199
1.566907
1.530073
1.522829
1.543524
1.520094
1.519856
1.525804
1.528353
1.556718
1.527737
1.549413
1.537014
1.517544
1.548666
1.526723
1.529468
1.527032
1.539799
1.543656
1.547793
1.525208
1.540526
1.545373
1.528369
1.515936
1.533293
1.522484
1.530246
1.512281
1.529320
1.520885
1.540389
1.546106
1.538207
1.525314
1.545819
1.560860
1.544597
1.546210
1.538325
1.545242
1.523658
1.514052
1.570263
1.503558
1.543097
1.536316
1.520301
1.520052
1.521259
1.529819
1.548989
1.517129
1.523757
1.546408
1.515468
1.535436
1.512654
1.522426
1.519388
1.501540
1.539087
1.553044
1.528752
1.549000
1.541578
1.524971
1.526785
1.513989
1.530101
1.525597
1.553269
1.506396
1.547415
1.538319
1.536633
1.545262
1.535366
1.514189
1.539218
1.532655
1.526777
1.530833
1.541773
1.535350
1.537200
1.509256
1.508289
1.524317
1.536980
1.510702
1.526931
1.550271
1.518206
1.523551
1.514796
1.513169
1.518453
1.529647
1.505859
1.521242
1.532162
1.510584
1.527428
1.527476
1.542477
1.525181
1.550604
1.534098
1.520860
1.553154
1.532418
1.509350
1.533999
1.527113
1.538776
1.515968
1.515354
1.509685
1.521780
1.518825
1.513788
1.531414
1.525976
1.519617
1.516876
1.544782
1.525425
1.591300
1.530854
1.517698
1.523632
1.520070
1.507426
1.514629
