2.293567
2.292958
2.284220
2.278634
2.267213
2.274023
2.280061
2.283865
2.288612
2.312822
2.298712
2.322058
2.287128
2.300311
2.302090
2.306081
2.309723
2.306093
2.300688
2.303470
2.303501
2.300083
2.302413
2.301809
2.300972
2.301717
2.301679
2.301852
2.301381
2.301864
2.301966
2.301918
2.301625
2.301911
2.301773
2.300773
2.301726
2.303309
2.302315
2.301924
2.301316
2.302177
2.301845
2.301503
2.302068
2.302122
2.301781
2.302071
2.302013
2.303162
2.301742
2.300772
2.302126
2.302099
2.301997
2.301450
2.301644
2.301301
2.302071
2.302279
2.301665
2.301654
2.301336
2.302539
2.303324
2.301742
2.301418
2.301142
2.301774
2.302397
2.300858
2.301408
2.301821
2.301971
2.301487
2.301361
2.301878
2.302311
2.301441
2.302472
2.301827
2.301414
2.301641
2.301462
2.301612
2.301883
2.301799
2.302586
2.301922
2.302284
2.302567
2.301666
2.301471
2.302624
2.301188
2.301656
2.301541
2.301196
2.301605
2.301377
2.302805
2.301949
2.301856
2.302095
2.301100
2.302641
2.301210
2.301390
2.302245
2.300845
2.301229
2.302288
2.301189
2.303018
2.303124
2.301286
2.302124
2.303127
2.302127
2.303130
2.302817
2.301710
2.303175
2.301721
2.303124
2.301945
2.303371
2.302359
2.300717
2.301923
2.304429
2.301169
2.300873
2.302217
2.301887
2.303948
2.304081
2.301687
2.302572
2.302515
2.306787
2.306266
2.315575
2.326706
2.406696
2.628792
2.814631
2.836333
2.868151
2.861184
2.840405
2.861800
2.911783
2.805173
2.845843
2.888316
2.883294
2.785115
2.780482
2.622723
2.462384
2.359806
2.349141
2.338006
2.364559
2.385179
2.539344
2.596826
2.609859
2.592116
2.618155
2.554281
2.505254
2.394415
2.391530
2.362287
2.398952
2.348897
2.359321
2.366070
2.373049
2.409825
2.411632
2.450749
2.453278
2.485296
2.476287
2.390599
2.396843
2.394666
2.375561
2.362500
2.381745
2.364978
2.394986
2.370559
2.370439
2.342869
2.368312
2.376748
2.373465
2.386439
2.408716
2.362086
2.359822
2.383602
2.380795
2.400404
2.377071
2.360684
2.345692
2.363847
2.358130
2.324448
2.354003
2.358196
2.330549
2.361513
2.353816
2.363099
2.352279
2.370644
2.345996
2.394879
2.359971
2.352161
2.344457
2.311889
2.333954
2.331918
2.370849
2.318576
2.337101
2.359188
2.361814
2.346008
2.359649
2.329898
2.324394
2.326737
2.365745
2.350245
2.323575
2.347657
2.350996
2.340566
2.411969
2.326431
2.348170
2.342125
2.342744
2.326633
2.347384
2.343082
2.343052
2.339674
2.343484
2.329162
2.354719
2.370983
2.354392
2.337991
2.334788
2.341144
2.345791
2.345986
2.346161
2.335375
2.328114
2.345167
2.356228
2.319884
2.342471
2.339105
2.369001
2.344406
2.353743
2.357347
2.335999
2.354932
2.355303
2.350742
2.348215
2.342441
2.348786
2.347244
2.346461
2.329261
2.340513
2.333391
2.333261
2.333131
2.336970
2.329025
2.306367
2.325419
2.339812
2.351186
2.330394
2.339729
2.363532
2.325375
2.351921
2.349819
2.337505
2.324435
2.335112
2.337223
2.331163
2.329984
2.341641
2.337837
2.333892
2.332281
2.373981
2.355381
2.355736
2.365432
2.348792
2.346553
2.329654
2.366364
2.351755
2.345803
2.329249
2.338312
2.343586
2.332067
2.328733
2.351833
2.337089
2.347687
2.346268
2.332718
2.316120
2.379119
2.348175
2.320470
2.362544
2.345495
2.332224
2.338384
2.338465
2.346470
2.337555
2.364011
2.340936
2.339613
2.352458
2.355203
2.353833
2.362953
2.349407
2.345394
2.340979
2.335460
2.335292
2.322922
2.332930
2.347721
2.346587
2.339368
2.344538
2.333607
2.341771
2.345927
2.335868
2.332657
2.332328
2.365917
2.334250
2.340612
2.350241
2.343785
2.350098
2.331219
2.348092
2.343861
2.355499
2.363707
2.344863
2.326494
2.341361
2.356423
2.341782
2.337716
2.346029
2.325679
2.334688
2.336066
2.335540
2.322659
2.370601
2.322050
2.360408
2.364900
2.342399
2.337596
2.357048
2.349041
2.339675
2.352933
2.326537
2.345690
2.357309
2.329435
2.343801
2.368256
2.358405
2.324205
2.343331
2.334277
2.324664
2.348254
2.353194
2.313946
2.347606
2.310090
2.381790
2.334177
2.347535
2.338648
2.342532
2.338263
2.325472
2.323810
2.337806
2.364509
2.341676
2.356464
2.351115
2.340396
2.347975
2.332002
2.326053
2.314688
2.335536
2.340761
2.330342
2.327888
2.343364
2.335050
2.351220
2.333175
2.339367
2.321129
2.342417
2.326975
2.323133
2.323711
2.321760
2.319250
2.328009
2.312325
2.326749
2.315088
2.324482
2.346417
2.312497
2.318448
2.342580
2.325609
2.319368
2.321506
2.330036
2.315912
2.321856
2.335335
2.313635
2.317724
2.322021
2.336438
2.342628
2.345121
2.360569
2.337489
2.343403
2.339622
2.309150
2.315028
2.315421
2.320265
2.334129
2.322450
2.345750
2.334262
2.308183
2.321431
2.352310
2.323841
2.320372
2.319642
2.323973
2.344087
2.313117
2.321274
2.361745
2.352545
2.343506
2.337007
