2.348160
2.336917
2.313172
2.326309
2.318892
2.332934
2.293446
2.326792
2.415057
2.352620
2.377991
2.306543
2.483738
2.471570
2.476748
2.430926
2.648300
2.478249
2.472882
2.513422
2.578970
2.471530
2.401856
2.414192
2.445909
2.548229
2.522184
2.601831
2.534508
2.729419
2.596529
2.518646
2.552665
2.550097
2.526604
2.411599
2.413287
2.427734
2.451549
2.474219
2.516954
2.482339
2.404489
2.416743
2.416615
2.372874
2.383054
2.336268
2.331676
2.424824
2.330942
2.316603
2.257184
2.187670
2.193367
2.279654
2.294869
2.169005
2.284586
2.308905
2.268444
2.116484
2.061119
2.101788
2.162204
2.098376
2.143582
2.130761
2.129572
2.221630
2.107673
2.094927
1.992540
1.986430
2.089861
2.090561
1.972992
2.039935
1.942047
2.004803
2.016830
1.973380
1.994025
1.930238
1.901087
1.983581
1.880260
1.900938
1.843759
1.868404
1.834830
1.851784
1.867258
1.754611
1.860862
1.804527
1.745295
1.681096
1.716284
1.675478
1.739633
1.696568
1.633581
1.641274
1.524991
1.501946
1.457432
1.474480
1.436504
1.441969
1.390041
1.372182
1.299456
1.305101
1.312562
1.404472
1.471443
1.635705
1.679350
1.832926
1.826321
1.799472
1.846356
1.688317
1.488243
1.286694
1.070498
1.050903
1.111160
1.071977
0.966055
1.070249
1.128281
1.379992
1.611394
1.162211
1.161511
0.835688
0.647647
0.792369
2.175088
1.092331
0.661749
0.808838
1.109428
2.106420
5.304765
14.619130
8.360456
8.433677
12.615378
12.283648
37.652031
17.832193
1.837351
1.645319
2.074449
2.127651
2.124109
2.137926
2.142999
2.146672
2.149050
2.150707
2.163579
2.160980
2.168808
2.181662
2.184369
2.182784
2.197909
2.194354
2.187485
2.186972
2.187694
2.191903
2.194339
2.200307
2.191074
2.207280
2.190394
2.185737
2.210177
2.207171
2.197880
2.184364
2.176367
2.182962
2.161966
2.155183
2.172820
2.135537
2.139318
2.199420
2.214051
2.635451
2.628573
2.450596
2.408513
2.240649
2.180206
2.108854
2.064869
2.033667
2.028289
1.988630
1.996579
2.019199
2.015580
2.033877
1.998865
1.973258
1.954715
1.900586
1.895469
1.862780
1.891155
2.021402
2.081144
2.087868
1.939054
1.708671
1.561649
1.522988
1.508730
1.495941
1.511354
1.508109
1.607767
1.703324
1.938968
1.650562
1.438439
1.342422
1.342823
1.419039
1.705499
1.670001
1.221855
1.082415
1.387936
1.369457
1.093835
2.554485
1.321739
1.407051
1.737827
1.362823
1.468411
5.021826
10.140024
22.010910
26.157507
29.721735
177.811325
487.620880
1396.583862
3042.405273
4929.233887
5520.930176
89.453102
2.161900
5.711569
6.363914
2.443534
2.128033
2.201161
2.148503
2.119288
2.174301
2.139620
2.157522
2.138087
2.138206
2.172281
2.157937
2.201440
2.291217
2.155204
2.182098
2.170318
2.191789
2.173577
2.193769
2.193486
2.297092
2.177706
2.250520
2.205619
2.353094
2.196297
2.198894
2.198350
2.197551
2.171600
2.188694
2.204704
2.209528
2.217741
2.203437
2.202337
2.207799
2.203445
2.208566
2.201291
2.192209
2.170932
2.207518
2.218863
2.200871
2.205842
2.220751
2.206706
2.190881
2.197915
2.190972
2.176833
2.189037
2.203043
2.181717
2.184144
2.192751
2.189370
2.176479
2.173469
2.180983
2.184389
2.181653
2.170888
2.193218
2.179662
2.157690
2.184486
2.165681
2.227579
2.172313
2.162309
2.183969
2.190457
2.199579
2.176612
2.176269
2.186195
2.190653
2.196890
2.183257
2.168509
2.168991
2.181507
2.185292
2.169268
2.177892
2.167943
2.173696
2.181766
2.166948
2.185947
2.171733
2.126969
2.152138
2.177484
2.159235
2.161869
2.163853
2.123150
2.159486
2.179432
2.143556
2.161122
2.163984
2.175682
2.163378
2.129067
2.137121
2.150188
2.131311
2.170009
2.176904
2.140471
2.139578
2.139403
2.147373
2.143424
2.097690
2.146652
2.150444
2.137282
2.179027
2.138666
2.152373
2.155110
2.143956
2.172778
2.143699
2.146019
2.142367
2.142332
2.139161
2.144795
2.137852
2.135716
2.131409
2.126552
2.191841
2.168118
2.156768
2.140290
2.157318
2.151475
2.153548
2.117996
2.150602
2.146233
2.124663
2.136089
2.166826
2.141526
2.150948
2.158353
2.138684
2.168505
2.150619
2.138857
2.160163
2.150388
2.139479
2.111707
2.148641
2.140545
2.152588
2.132586
2.123799
2.134186
2.147386
2.144821
2.122831
2.136110
2.147497
2.146955
2.113024
2.107665
2.159136
2.143533
2.140451
2.158463
2.131185
2.135058
2.132878
2.147285
2.124820
2.133117
2.141693
2.129606
2.155574
2.141489
2.161419
2.169087
2.139429
2.132179
2.163056
2.159088
2.156801
2.135600
2.133867
2.156274
2.125715
2.107099
2.183994
2.112470
2.127993
2.115649
2.125218
2.136178
2.159538
2.145859
2.147129
2.147640
2.156760
2.140936
2.144352
2.141945
2.126388
2.138502
2.128289
2.125428
2.154780
2.144051
2.132532
2.145345
2.152858
2.141536
2.120657
2.127810
2.145233
2.147648
2.122216
2.144699
2.149254
2.138373
2.136212
