2.295701
2.292194
2.282099
2.278914
2.293624
2.329483
2.338748
2.462897
2.317693
2.320083
2.325785
2.340500
2.350212
2.350061
2.339697
2.321015
2.311523
2.307846
2.307853
2.304883
2.304997
2.302126
2.302540
2.303779
2.302330
2.302594
2.302224
2.302534
2.302381
2.303838
2.302432
2.302330
2.302534
2.302432
2.302585
2.302534
2.302534
2.302483
2.303049
2.302483
2.302483
2.302585
2.303889
2.303108
2.302483
2.302432
2.302585
2.302483
2.302330
2.302330
2.303162
2.302483
2.302228
2.303060
2.302330
2.303264
2.302279
2.302483
2.303009
2.302177
2.302754
2.302856
2.302126
2.302126
2.301922
2.302499
2.301667
2.302550
2.303446
2.305323
2.303823
2.310073
2.308204
2.318529
2.316677
2.323402
2.335137
2.346380
2.359218
2.361476
2.364923
2.360032
2.373278
2.693745
2.924733
2.963850
2.870100
2.940412
2.932600
2.987287
2.971662
2.916975
2.940412
2.901101
2.784162
2.877799
2.870100
2.924733
2.932545
2.940413
2.893537
2.987287
2.995100
2.862287
2.955861
2.940358
2.870100
2.924787
2.940464
2.963850
2.924787
2.877912
2.885776
2.893537
2.940412
2.917026
2.956037
2.823225
2.885479
2.956037
2.956037
2.948170
2.877858
2.901350
2.893424
2.932651
2.893537
2.885670
2.916975
2.956037
2.924787
2.940413
2.948276
2.932600
2.971662
2.916798
2.877912
2.940358
2.838850
2.877912
2.909108
2.940412
2.955983
2.963850
2.893537
2.909162
2.979526
2.956037
2.893537
3.002912
2.971662
2.924787
2.924733
2.901295
2.924565
2.885725
2.940413
2.924787
2.909214
2.885725
2.948225
2.885670
2.948225
2.916917
2.885725
2.924787
2.901173
3.018537
2.924787
2.963850
2.924787
2.971662
2.979475
3.002912
2.862287
3.010725
2.901350
2.917026
2.948225
2.924787
2.916975
2.815412
2.947979
2.877912
2.870100
2.940412
2.924787
2.916975
2.948276
2.862287
2.909108
2.963850
2.909108
2.971662
3.002912
2.948225
2.901401
2.956037
2.893537
3.026350
2.885776
2.963850
2.901350
2.971659
2.909162
2.885725
2.932600
2.854526
2.948225
2.948225
2.885725
2.932545
2.956037
2.916975
2.909049
2.854475
2.870100
2.815358
2.916975
2.956037
2.885479
2.963850
2.908986
2.932545
2.987233
2.893537
2.971662
2.815303
2.901350
2.956037
2.971486
2.956037
2.870100
2.885670
2.924787
2.948170
2.948225
2.924674
2.940464
2.924787
2.987287
2.940412
2.901350
2.940413
2.963850
2.815412
2.940412
2.932600
2.901401
2.901346
2.885725
2.948225
2.893589
2.963604
2.854475
3.034108
2.924787
2.916975
2.940413
2.948225
2.916920
2.963850
2.940412
2.885725
2.854420
2.799678
2.971662
2.885670
2.901401
2.979475
2.948170
2.909162
2.846662
2.916975
2.948276
2.940412
2.956037
2.963850
2.948225
2.971662
2.877912
2.932651
2.901350
3.026900
2.901350
2.963795
2.987287
2.924733
2.870100
2.940412
2.916975
2.924787
2.955983
2.901237
2.909214
3.002912
2.885548
2.870100
2.963850
2.831037
2.870100
2.908917
2.870100
2.846662
2.924787
2.932600
2.901401
2.971662
2.909108
2.940412
2.987287
2.877912
3.002912
2.901350
2.916975
2.862892
2.963795
2.916975
2.916975
3.010725
2.862287
2.963850
2.885725
2.893237
2.885725
2.932600
2.877912
2.932600
2.893589
2.924787
2.963795
2.948225
2.924733
2.916913
2.979298
2.940358
2.854526
2.948225
2.971662
2.877913
2.932600
2.799787
2.901295
2.932600
2.916920
2.956037
2.948112
2.908986
2.870100
2.909162
2.963901
2.932600
2.932600
2.925392
2.885725
2.877912
2.947925
2.901401
2.948225
2.987287
2.971662
2.956038
2.995151
2.901350
2.924787
3.002858
2.901350
2.932600
2.909162
2.909163
2.948225
2.956037
2.830983
2.924787
2.940464
2.916975
2.932600
2.846662
2.846662
2.909054
2.924733
2.940412
2.893589
2.924788
2.956037
2.893537
2.893424
2.885725
2.909162
2.909162
2.909818
2.893483
2.901350
2.932600
3.002912
2.940412
2.893412
2.924733
3.002912
2.916975
2.963850
2.909162
2.956037
2.893537
2.909162
2.932600
2.947925
2.916975
2.885670
2.963850
2.963850
2.877912
2.979526
2.885670
2.940413
2.885725
2.916975
2.940412
2.963795
2.924787
2.916975
2.901350
2.901350
2.963901
2.956037
2.862287
2.979229
2.932538
2.956037
2.901350
2.901350
2.846608
2.854475
2.901401
2.924787
3.002850
2.854475
2.971663
2.924788
2.971662
2.924787
2.885725
2.963850
2.885548
2.885725
2.916975
2.916975
2.948225
2.940358
2.932545
2.987287
2.823170
2.870100
2.956037
3.002912
2.987288
2.932600
2.924787
2.916866
3.018483
2.940412
2.916975
2.862284
2.885725
2.924787
2.987287
2.901350
3.010725
2.948276
2.948225
2.956038
2.893537
2.940412
2.979475
2.995100
2.916975
2.893537
2.940412
2.885725
2.862287
2.994729
2.893537
2.854475
2.846714
2.995100
2.956038
2.932600
2.885670
2.916862
2.854475
2.924788
2.940412
2.877799
2.784162
2.963673
2.971662
2.877912
2.948170
2.838901
2.995100
