2.312592
2.276858
2.282813
2.293472
2.253021
2.247087
2.244195
2.218580
2.178563
2.173320
2.127384
2.140871
2.060224
2.078631
2.031131
2.006250
1.974970
1.834900
1.864071
1.885128
1.709779
1.712961
1.730595
1.549678
1.575796
1.504672
1.447887
1.367991
1.385377
1.218869
1.300861
1.129204
1.151366
1.075779
1.078115
0.990715
0.911407
0.713426
0.802173
0.839685
0.745092
0.702255
0.817585
0.790180
0.690535
0.647707
0.762202
0.677514
0.596223
0.666109
0.538482
0.597896
0.687205
0.480075
0.616933
0.698883
0.638897
0.631134
0.644143
0.360270
0.436121
0.627264
0.487875
0.639226
0.440968
0.617955
0.538507
0.437566
0.448602
0.533350
0.509758
0.497279
0.467188
0.494309
0.468431
0.369381
0.418736
0.480333
0.457024
0.321156
0.369719
0.386352
0.454701
0.558505
0.463402
0.378047
0.428933
0.304587
0.443033
0.488133
0.386762
0.318270
0.359749
0.508329
0.485527
0.418463
0.370387
0.371646
0.376779
0.614879
0.359360
0.368939
0.385209
0.347726
0.259267
0.387246
0.408450
0.376612
0.423494
0.369462
0.328401
0.343729
0.347358
0.500974
0.373114
0.340020
0.264746
0.242932
0.350046
0.367520
0.472693
0.368319
0.300703
0.375633
0.296546
0.352982
0.287487
0.450687
0.384296
0.271853
0.421704
0.257856
0.333486
0.432338
0.356930
0.277569
0.326608
0.325557
0.287051
0.280158
0.331541
0.405799
0.446779
0.302535
0.318360
0.283642
0.252177
0.353335
0.470484
0.287569
0.308327
0.351916
0.436034
0.391919
0.409019
0.247547
0.345359
0.322832
0.430217
0.240623
0.265575
0.303556
0.304384
0.375503
0.387876
0.273258
0.245763
0.326811
0.247728
0.254378
0.301249
0.278463
0.306373
0.230513
0.388922
0.304962
0.224497
0.259108
0.279184
0.204657
0.263938
0.262928
0.309730
0.231701
0.336482
0.213367
0.480172
0.238239
0.272509
0.217483
0.281435
0.267541
0.227119
0.231425
0.292044
0.188742
0.198779
0.270331
0.178607
0.383053
0.245558
0.150524
0.260663
0.249860
0.341535
0.242421
0.243561
0.257577
0.308544
0.206130
0.354437
0.295046
0.224587
0.244663
0.155847
0.200984
0.251671
0.268442
0.297396
0.223405
0.473683
0.317634
0.298174
0.260925
0.206975
0.338544
0.351598
0.276353
0.176574
0.229496
0.429688
0.172106
0.282346
0.285656
0.204914
0.309759
0.278934
0.224377
0.281940
0.268265
0.173605
0.337861
0.237307
0.219934
0.210652
0.187828
0.226492
0.207895
0.299909
0.290697
0.300054
0.184579
0.217194
0.285940
0.174782
0.238998
0.151698
0.248599
0.219582
0.229777
0.265082
0.253296
0.133331
0.210156
0.272560
0.426162
0.187651
0.271026
0.202550
0.176557
0.199753
0.277063
0.179748
0.137968
0.248467
0.240401
0.240808
0.264422
0.196518
0.202556
0.147880
0.254622
0.194118
0.248211
0.215720
0.182579
0.364760
0.211269
0.164816
0.163226
0.246248
0.230052
0.203686
0.104008
0.285923
0.249297
0.220825
0.221253
0.225063
0.200407
0.216521
0.269383
0.200893
0.159607
0.133809
0.215388
0.206118
0.137088
0.194447
0.230120
0.288225
0.226037
0.358828
0.188220
0.210771
0.127150
0.188364
0.218364
0.134706
0.206281
0.118238
0.174301
0.187196
0.172167
0.157899
0.218431
0.214718
0.247480
0.227454
0.160621
0.207228
0.174668
0.152042
0.320411
0.141824
0.197629
0.168311
0.143222
0.156196
0.123974
0.245733
0.237936
0.169665
0.196320
0.227460
0.095068
0.283789
0.222821
0.238045
0.124575
0.225912
0.133677
0.211817
0.125358
0.134094
0.130196
0.177918
0.155765
0.194932
0.196462
0.191229
0.163200
0.185232
0.306082
0.134809
0.108734
0.109377
0.203837
0.078749
0.214319
0.324462
0.152412
0.186235
0.156310
0.262172
0.170279
0.102193
0.280473
0.348929
0.192393
0.146465
0.210340
0.265715
0.145522
0.128287
0.222900
0.154741
0.207740
0.175554
0.204495
0.234341
0.284140
0.149485
0.130388
0.314944
0.176983
0.070277
0.153151
0.143415
0.100619
0.223966
0.206073
0.197900
0.169755
0.238641
0.169394
0.164296
0.123971
0.128455
0.140996
0.161521
0.136206
0.120041
0.154315
0.128870
0.150547
0.104098
0.164060
0.310522
0.164982
0.204737
0.139432
0.071333
0.192591
0.190144
0.181053
0.162350
0.101454
0.167537
0.125096
0.106428
0.178212
0.221227
0.106057
0.223454
0.257331
0.204581
0.237045
0.175119
0.177756
0.127854
0.151989
0.142531
0.127086
0.183354
0.235410
0.135275
0.137949
0.196838
0.128680
0.213451
0.253480
0.089713
0.167498
0.137853
0.169706
0.172121
0.097892
0.191375
0.110958
0.187642
0.148739
0.084841
0.115285
0.062121
0.181433
0.169234
0.131549
0.085857
0.183327
0.093984
0.162241
0.129775
0.085352
0.102279
0.216501
0.088642
0.191418
0.137118
0.150538
0.127687
0.211830
0.194488
0.085345
0.129091
0.187571
0.116377
0.225890
0.161048
0.211055
0.257877
0.292241
0.096169
0.108802
0.131920
0.096953
0.138404
0.085571
0.171007
0.079933
