2.535749
2.460677
2.537347
2.646520
2.493444
2.465823
2.417096
2.476223
2.424369
2.368695
2.462197
2.451240
2.326828
2.480798
2.333261
2.370727
2.370819
2.367447
2.318046
2.270171
2.200972
2.220286
2.277836
2.173909
2.162400
2.136970
2.149810
2.166121
2.139604
2.015409
1.991603
1.930801
2.077815
1.972127
2.005245
1.878903
1.805978
1.802155
1.834828
1.824655
1.818578
1.724017
1.621210
1.707954
1.616676
1.597835
1.549276
1.427168
1.417648
1.374009
1.501719
1.491199
1.372093
1.440642
1.242107
1.347315
1.474593
1.361000
1.306487
1.210745
1.324774
1.129646
1.215953
1.174150
0.984011
1.065171
1.116982
1.079435
1.005092
1.151095
1.053582
1.062439
1.120038
1.070781
0.982438
1.244590
0.885818
1.020137
0.935406
0.903945
0.897227
0.988600
1.056070
0.837147
0.900955
0.930940
1.016667
0.956543
0.871373
0.934402
0.784572
0.922235
0.996949
0.749085
0.745536
1.051168
0.763061
0.887177
0.853571
0.915860
0.953242
0.881724
0.925843
0.869636
0.852237
0.833138
0.753756
0.772817
0.976367
0.799854
0.917260
0.867458
0.803590
0.928803
0.787844
0.777863
0.714625
0.691387
0.778567
0.697463
0.602897
0.791285
0.919683
0.744909
0.795944
0.900338
0.683591
0.762981
0.718924
0.686160
1.003808
0.838711
0.628909
0.889907
0.595584
0.819983
0.816786
0.777525
0.784544
0.795207
0.759612
0.854557
0.734208
0.793802
0.857649
0.817443
0.706205
0.799068
0.787730
0.660226
0.662531
0.564173
0.665349
0.651647
0.651895
0.666902
0.913506
0.796934
0.876129
0.581203
0.773687
0.647122
0.711285
0.637953
0.690380
0.539041
0.666376
0.822229
0.719193
0.668708
0.887463
0.707197
0.718595
0.698530
0.825613
0.687192
0.698012
0.597761
0.708279
0.631515
0.649965
0.688431
0.747088
0.528486
0.662394
0.555864
0.610738
0.684599
0.625166
0.553140
0.680626
0.810478
0.635620
0.620818
0.574632
0.752205
0.496001
0.809652
0.803931
0.700676
0.811218
0.611676
0.455407
0.654912
0.599323
0.843252
0.518265
0.633948
0.534846
0.616794
0.660084
0.750944
0.744147
0.596832
0.551814
0.722931
0.665283
0.707925
0.699337
0.559003
0.628437
0.520113
0.656438
0.640670
0.423227
0.676742
0.639677
0.814063
0.698838
0.527629
0.535962
0.508984
0.581974
0.667486
0.724262
0.602753
0.636502
0.848021
0.613434
0.534245
0.648056
0.780766
0.561143
0.490522
0.712992
0.684215
0.576687
0.638523
0.577807
0.646420
0.662596
0.589209
0.645276
0.590528
0.531921
0.449485
0.696191
0.488009
0.377938
0.634434
0.386117
0.748223
0.564813
0.590226
0.513093
0.693461
0.553923
0.570314
0.589545
0.599836
0.545322
0.733161
0.611178
0.579055
0.497779
0.654180
0.661304
0.518883
0.582415
0.518570
0.484837
0.532192
0.571332
0.405204
0.529227
0.689919
0.705842
0.489115
0.510154
0.326345
0.607652
0.776446
0.485357
0.545999
0.518661
0.580725
0.418439
0.674366
0.512129
0.541320
0.456399
0.675290
0.395780
0.724667
0.544123
0.625102
0.421214
0.538076
0.592976
0.484125
0.689051
0.652438
0.461959
0.468316
0.433195
0.743080
0.357444
0.502512
0.414962
0.478529
0.645553
0.485481
0.519238
0.617243
0.485490
0.486117
0.488677
0.559007
0.674018
0.548593
0.491245
0.648677
0.653386
0.497170
0.588897
0.482291
0.547681
0.462744
0.359694
0.509290
0.660349
0.562205
0.647663
0.541457
0.500099
0.455106
0.574412
0.609660
0.430347
0.565236
0.478665
0.602968
0.516478
0.583057
0.609804
0.488322
0.489468
0.372051
0.636670
0.584493
0.415570
0.413579
0.587519
0.511780
0.352095
0.498083
0.473676
0.316049
0.543846
0.562135
0.614065
0.524371
0.498573
0.415520
0.400216
0.411865
0.460881
0.807784
0.517387
0.315520
0.458614
0.498726
0.492080
0.657234
0.532658
0.414339
0.588561
0.552475
0.435642
0.371477
0.453149
0.432073
0.690428
0.526786
0.687673
0.594370
0.451186
0.519372
0.446532
0.423740
0.428056
0.527074
0.411641
0.434553
0.421553
0.450904
0.392890
0.324547
0.456724
0.429984
0.398699
0.530301
0.563970
0.393664
0.470998
0.562341
0.364394
0.400873
0.463688
0.630727
0.437254
0.622823
0.469068
0.502571
0.367510
0.435064
0.524761
0.410605
0.420221
0.490031
0.549004
0.319399
0.478825
0.618339
0.426388
0.407098
0.430848
0.517736
0.602869
0.406287
0.370943
0.530272
0.363663
0.475184
0.630653
0.449450
0.424746
0.674295
0.496355
0.400681
0.244374
0.521206
0.549980
0.524506
0.407138
0.412002
0.380713
0.346924
0.529888
0.492286
0.359751
0.396512
0.497401
0.496484
0.508186
0.566432
0.299054
0.457622
0.606370
0.533256
0.541223
0.404292
0.341290
0.379347
0.499187
0.439805
0.576492
0.432502
0.470894
0.469099
0.400724
0.458745
0.417953
0.346822
0.563221
0.529742
0.464330
0.450641
0.358787
0.487278
0.532900
0.396397
0.392514
0.468560
0.397059
0.343750
0.396007
0.434760
0.461304
0.604598
