2.302722
2.304398
2.302502
2.305169
2.303414
2.303435
2.302013
2.301642
2.301766
2.302671
2.303328
2.303080
2.302957
2.302957
2.303328
2.304195
2.301280
2.298203
2.290019
2.296221
2.290890
2.294490
2.293358
2.283143
2.267570
2.266470
2.263687
2.243654
2.243747
2.235438
2.217464
2.224337
2.227577
2.217656
2.234269
2.219452
2.186434
2.144295
2.167360
2.145438
2.094493
2.132005
2.147305
2.070580
2.073781
2.133414
2.062258
2.134317
2.115021
2.116215
2.021137
1.959643
1.980644
1.986552
1.989075
1.981220
1.984920
1.986422
1.921112
2.020315
1.929368
1.986873
1.946323
1.993894
2.053436
2.029795
2.026031
1.951654
2.011974
1.939601
1.918644
1.895550
1.904896
1.896767
1.858379
1.922809
1.969897
1.932989
2.010101
1.894061
1.902577
1.873999
1.831017
1.825300
1.797076
1.820539
1.789134
1.813972
1.801284
1.794768
1.789265
1.820209
1.825501
1.843198
1.852474
1.819727
1.840068
1.871367
1.770138
1.755151
1.751559
1.759401
1.731395
1.734489
1.752229
1.753305
1.749750
1.713087
1.738362
1.766126
1.768729
1.764458
1.744436
1.829092
1.776239
1.777575
1.748221
1.776586
1.796367
1.729999
1.711307
1.779853
1.713245
1.763849
1.723850
1.753365
1.752555
1.763607
1.735577
1.714572
1.716549
1.766588
1.699853
1.744206
1.763185
1.784485
1.791987
1.728109
1.737626
1.736019
1.728878
1.707503
1.694038
1.694852
1.721043
1.666735
1.702233
1.682008
1.693016
1.696089
1.674912
1.736929
1.725052
1.658038
1.643071
1.686816
1.680053
1.653740
1.672668
1.657995
1.677887
1.661758
1.665571
1.652427
1.646251
1.675759
1.662277
1.659023
1.664472
1.674146
1.651067
1.635557
1.682966
1.650540
1.690995
1.713474
1.663518
1.705355
1.702200
1.676533
1.714622
1.669331
1.669368
1.637368
1.664770
1.650135
1.661021
1.695755
1.751069
1.694663
1.622818
1.642069
1.675959
1.660608
1.673826
1.689031
1.636957
1.649856
1.629632
1.674178
1.671694
1.650841
1.649582
1.651504
1.621990
1.644312
1.632137
1.655197
1.652774
1.644246
1.644248
1.633142
1.627018
1.631297
1.649284
1.616575
1.642495
1.614974
1.657590
1.624719
1.641575
1.633037
1.667126
1.629678
1.640902
1.623095
1.627254
1.616603
1.607563
1.655694
1.627470
1.607841
1.621616
1.610744
1.611634
1.631517
1.635514
1.636746
1.605078
1.625401
1.596429
1.628878
1.592184
1.594080
1.591181
1.622018
1.634850
1.599085
1.621509
1.594520
1.610873
1.624963
1.600374
1.626796
1.640264
1.639582
1.602555
1.621269
1.617260
1.602289
1.613654
1.631644
1.619250
1.618689
1.604470
1.650639
1.606330
1.596371
1.609914
1.640355
1.609935
1.605366
1.596186
1.603737
1.612481
1.629039
1.603464
1.597870
1.622916
1.591339
1.590387
1.617057
1.592407
1.607776
1.601777
1.605632
1.583356
1.597733
1.592030
1.591081
1.593312
1.607958
1.583535
1.580796
1.583015
1.599133
1.640913
1.577717
1.570801
1.601200
1.622582
1.611647
1.625173
1.554326
1.581684
1.592807
1.583153
1.575487
1.595545
1.624851
1.598991
1.588682
1.543455
1.591881
1.589118
1.591873
1.617292
1.592830
1.576840
1.609465
1.573010
1.565100
1.587405
1.603115
1.589555
1.622904
1.623239
1.592433
1.562247
1.582326
1.580950
1.559583
1.602485
1.607059
1.591656
1.585499
1.581232
1.577940
1.615229
1.612838
1.596262
1.592475
1.588514
1.567221
1.608840
1.594963
1.607178
1.585228
1.567923
1.606032
1.587587
1.598077
1.600567
1.565556
1.559512
1.577027
1.596193
1.569752
1.595630
1.547039
1.580083
1.566595
1.558831
1.575105
1.562374
1.578303
1.605822
1.570570
1.599717
1.557865
1.587276
1.592220
1.595765
1.573969
1.570142
1.566519
1.567476
1.571604
1.588180
1.551943
1.573383
1.592479
1.569866
1.557291
1.575048
1.572313
1.568029
1.559024
1.560849
1.574670
1.602159
1.586533
1.569513
1.559276
1.574826
1.558932
1.592137
1.585029
1.569422
1.578875
1.603937
1.574302
1.581634
1.581646
1.548786
1.578026
1.607814
1.569457
1.565262
1.578315
1.579874
1.561276
1.583246
1.555910
1.568692
1.557013
1.539180
1.563940
1.568895
1.558948
1.567727
1.568601
1.593386
1.590170
1.573015
1.589060
1.590579
1.564141
1.561129
1.566152
1.574585
1.544193
1.558672
1.559851
1.569667
1.593604
1.556274
1.565702
1.574536
1.567290
1.565624
1.562676
1.556604
1.555318
1.568428
1.574085
1.543981
1.562416
1.569830
1.562148
1.532273
1.577334
1.570316
1.561872
1.556479
1.603014
1.577004
1.557679
1.575454
1.557480
1.564627
1.567049
1.575855
1.555023
1.547339
1.553110
1.534567
1.550893
1.579276
1.571571
1.547301
1.544118
1.557471
1.553881
1.558759
1.561043
1.565152
1.555364
1.552109
1.588932
1.547179
1.571184
1.591212
1.568254
1.549015
1.549096
1.576723
1.576495
1.556040
1.556291
1.568584
1.550180
1.554171
1.540196
1.530932
1.564698
1.548003
1.559160
1.546243
1.564673
