2.300608
2.300006
2.305103
2.303917
2.302464
2.301721
2.301899
2.299553
2.300196
2.300892
2.302099
2.302385
2.303538
2.302547
2.303359
2.303386
2.302519
2.304105
2.301892
2.294097
2.274418
2.268417
2.278315
2.272661
2.266772
2.273903
2.261795
2.261635
2.267535
2.261554
2.249642
2.247485
2.230541
2.213446
2.211555
2.215373
2.192732
2.200919
2.182954
2.182725
2.176587
2.176233
2.186717
2.166527
2.118918
2.127731
2.119185
2.095332
2.025360
2.017380
2.030241
1.962400
1.949405
1.955505
1.967876
1.972215
1.966720
1.961613
1.953813
1.996709
1.981423
1.976216
1.998954
1.935373
1.962888
1.936659
1.971375
1.993158
2.001338
1.956235
1.973207
1.994284
2.010380
2.007613
1.973924
1.929767
1.954768
1.931476
1.913630
1.969347
1.903725
1.856303
1.945733
1.871410
1.904843
1.904295
1.918316
1.911854
1.887703
1.873692
1.879707
1.815000
1.815585
1.793389
1.876045
1.806459
1.846208
1.792431
1.838439
1.810104
1.779143
1.801127
1.781469
1.776724
1.838721
1.799865
1.795627
1.760792
1.770231
1.787184
1.760899
1.793174
1.772470
1.818927
1.776485
1.788581
1.787719
1.774971
1.748327
1.786421
1.765172
1.745042
1.728544
1.758667
1.790922
1.794999
1.763519
1.723917
1.777282
1.755864
1.796123
1.742938
1.710119
1.722533
1.737322
1.713775
1.758681
1.693231
1.716101
1.690298
1.697208
1.746984
1.702520
1.705078
1.714247
1.811353
1.708026
1.701537
1.678197
1.716893
1.718221
1.742275
1.672145
1.651994
1.733226
1.719311
1.707535
1.772423
1.755368
1.693570
1.695428
1.693291
1.671786
1.755114
1.707198
1.697750
1.733975
1.717547
1.751217
1.704937
1.709450
1.671452
1.671340
1.683593
1.689555
1.703959
1.679806
1.679549
1.685562
1.669887
1.720114
1.703350
1.683538
1.685944
1.664367
1.665925
1.648089
1.682204
1.650288
1.671411
1.680344
1.689627
1.677570
1.701267
1.682494
1.646665
1.683060
1.668965
1.657373
1.662666
1.676849
1.667225
1.693140
1.680031
1.739073
1.675740
1.732012
1.702004
1.679550
1.689069
1.715690
1.703182
1.666607
1.669156
1.672976
1.665009
1.691576
1.708421
1.717004
1.695046
1.674973
1.660907
1.705069
1.699952
1.689248
1.673172
1.651531
1.671958
1.656379
1.639778
1.695981
1.744083
1.663821
1.691277
1.714544
1.677772
1.746190
1.682764
1.746448
1.731617
1.658414
1.708077
1.675123
1.668585
1.711722
1.726460
1.690666
1.687876
1.671595
1.666170
1.654072
1.651888
1.694561
1.654456
1.717629
1.670916
1.726360
1.685650
1.730627
1.662502
1.699692
1.739779
1.657640
1.685519
1.678435
1.666709
1.665722
1.646844
1.644286
1.653947
1.697691
1.683269
1.709685
1.675632
1.658996
1.645173
1.635496
1.658632
1.703650
1.686786
1.721744
1.723296
1.695917
1.744037
1.743134
1.651100
1.667217
1.698095
1.668384
1.673777
1.688733
1.648923
1.670359
1.656232
1.706500
1.714976
1.684951
1.687819
1.695425
1.714711
1.682755
1.683741
1.691312
1.654696
1.659284
1.704139
1.672254
1.665725
1.705539
1.729312
1.669938
1.647341
1.650112
1.657074
1.674168
1.650187
1.702008
1.696934
1.706065
1.722888
1.649879
1.722434
1.664923
1.721240
1.655946
1.639917
1.719646
1.670368
1.664531
1.712227
1.705639
1.633061
1.665337
1.637921
1.691379
1.685549
1.666877
1.659727
1.659004
1.636957
1.660525
1.663631
1.725830
1.721804
1.699916
1.661494
1.687233
1.673202
1.655398
1.666498
1.654867
1.675360
1.688168
1.677375
1.653931
1.699504
1.676679
1.661935
1.728814
1.657912
1.702619
1.684349
1.679765
1.686905
1.688030
1.666257
1.684943
1.680193
1.726560
1.686859
1.658872
1.655334
1.645745
1.682487
1.636305
1.667259
1.657286
1.685616
1.681573
1.672970
1.660470
1.714828
1.661646
1.647585
1.645392
1.662333
1.694636
1.647925
1.687096
1.624543
1.629488
1.674228
1.656032
1.668657
1.669630
1.688932
1.670948
1.676032
1.669088
1.685778
1.651340
1.674310
1.691657
1.696542
1.663869
1.614676
1.661460
1.661414
1.684054
1.659910
1.653479
1.654398
1.671377
1.657746
1.682888
1.714006
1.684895
1.693095
1.690758
1.699258
1.675143
1.716943
1.659349
1.632830
1.671054
1.656880
1.684854
1.687501
1.662868
1.693357
1.685295
1.637326
1.637101
1.708652
1.682578
1.642660
1.663580
1.669717
1.647250
1.642488
1.704763
1.658196
1.652802
1.659600
1.659596
1.665564
1.650856
1.614830
1.659773
1.657270
1.625683
1.660011
1.641587
1.640094
1.724174
1.625507
1.715337
1.750208
1.657323
1.692289
1.652381
1.665445
1.608985
1.588536
1.702095
1.646774
1.631500
1.653125
1.634310
1.669217
1.655317
1.652878
1.634259
1.660507
1.688545
1.674118
1.696781
1.663428
1.672810
1.669511
1.677615
1.668516
1.678746
1.638785
1.689378
1.675767
1.733213
1.653727
1.669363
1.634536
1.688547
1.678989
1.681902
1.615755
1.686174
1.612138
1.697436
1.615394
1.664783
1.652150
