2.300328
2.290236
2.291828
2.295413
2.279204
2.271747
2.249363
2.234556
2.231847
2.211553
2.199465
2.182482
2.146304
2.144741
2.104232
2.083584
2.026318
1.993065
1.952394
1.874016
1.820549
1.711863
1.702125
1.536640
1.470811
1.333815
1.141546
1.045846
0.843840
0.824267
0.765399
0.689346
0.519695
0.619030
0.600027
0.590372
0.666813
0.478119
0.506840
0.671275
0.439234
0.548182
0.506053
0.525969
0.333834
0.497477
0.548706
0.655826
0.251735
0.347864
0.576896
0.667483
0.524238
0.403805
0.281071
0.476823
0.244745
0.385367
0.392562
0.519512
0.341987
0.371355
0.286505
0.274823
0.350593
0.298450
0.311697
0.351725
0.305097
0.302781
0.308964
0.268149
0.279201
0.445609
0.180624
0.401119
0.236800
0.350759
0.363185
0.249090
0.173636
0.182295
0.191863
0.337030
0.355597
0.295145
0.180853
0.230164
0.306996
0.230873
0.134759
0.290234
0.238895
0.180346
0.160133
0.226280
0.338116
0.255585
0.160138
0.221326
0.211124
0.184055
0.212967
0.418664
0.234083
0.335728
0.148140
0.218797
0.244643
0.170057
0.129429
0.293632
0.321988
0.067270
0.248491
0.202680
0.235596
0.148444
0.214309
0.173338
0.191267
0.209316
0.137057
0.317976
0.178212
0.220726
0.106530
0.149761
0.111727
0.227310
0.168210
0.132019
0.117585
0.183221
0.222415
0.161933
0.249849
0.291283
0.175325
0.202838
0.209613
0.187650
0.114405
0.095005
0.202089
0.298739
0.101855
0.152062
0.165746
0.273313
0.104975
0.203705
0.154246
0.109325
0.133859
0.219957
0.262195
0.197201
0.186824
0.167233
0.156000
0.093973
0.145727
0.312006
0.132269
0.123660
0.216760
0.093282
0.191501
0.160203
0.213144
0.129307
0.090552
0.145153
0.183714
0.130307
0.059510
0.280874
0.111980
0.197754
0.134675
0.171211
0.096151
0.189945
0.098603
0.058200
0.124544
0.147758
0.151626
0.104456
0.103923
0.086290
0.085725
0.248717
0.127530
0.172574
0.090603
0.101310
0.209088
0.174284
0.104467
0.172174
0.147528
0.060549
0.170746
0.142103
0.124405
0.133293
0.199253
0.168746
0.144636
0.103831
0.152074
0.181769
0.134268
0.076948
0.082754
0.126310
0.190406
0.125347
0.167063
0.039214
0.219619
0.116953
0.075802
0.124530
0.072897
0.047448
0.153438
0.099867
0.051383
0.152345
0.123105
0.068123
0.102416
0.130717
0.196831
0.149974
0.170812
0.100495
0.129839
0.181081
0.156637
0.105134
0.047940
0.180108
0.092786
0.024120
0.188995
0.104576
0.111742
0.103437
0.119411
0.095268
0.036943
0.094185
0.087195
0.085771
0.140981
0.081501
0.067763
0.098958
0.050200
0.067493
0.133577
0.179848
0.099049
0.200087
0.190918
0.110309
0.098623
0.101744
0.146976
0.166019
0.112207
0.141943
0.134312
0.040978
0.049142
0.066048
0.105137
0.081234
0.059649
0.120057
0.128836
0.110807
0.092802
0.079661
0.130598
0.053748
0.144263
0.190221
0.094544
0.079638
0.109836
0.101148
0.054457
0.104002
0.084587
0.132121
0.067357
0.060029
0.112014
0.073163
0.159023
0.103762
0.134702
0.146452
0.085066
0.145601
0.101731
0.137592
0.124359
0.078258
0.068072
0.089499
0.055298
0.033422
0.080503
0.039638
0.109760
0.127612
0.025180
0.129339
0.065118
0.133194
0.039479
0.131671
0.048805
0.163590
0.050801
0.211209
0.073757
0.072811
0.147941
0.020019
0.082971
0.069958
0.038610
0.110206
0.065120
0.064977
0.135604
0.030806
0.066917
0.141722
0.099486
0.060664
0.033085
0.113527
0.045407
0.038928
0.071767
0.074412
0.057251
0.033736
0.072787
0.127243
0.086744
0.038696
0.134277
0.107084
0.144795
0.056418
0.085991
0.118846
0.128591
0.066511
0.119425
0.120295
0.067373
0.065314
0.106149
0.112012
0.085505
0.091311
0.091090
0.094875
0.045181
0.090535
0.089431
0.053222
0.063930
0.126407
0.029907
0.057756
0.037367
0.066238
0.124635
0.068641
0.099311
0.063047
0.058694
0.104418
0.184473
0.082461
0.120028
0.053720
0.069492
0.151627
0.128216
0.037130
0.153607
0.048473
0.052044
0.071987
0.046704
0.121075
0.038652
0.090168
0.043726
0.087280
0.135966
0.100960
0.053850
0.110439
0.031428
0.096196
0.140646
0.044705
0.022597
0.055904
0.052509
0.054071
0.077643
0.039484
0.056418
0.066104
0.062623
0.063119
0.133996
0.131141
0.070859
0.173252
0.045646
0.095415
0.063772
0.039682
0.117243
0.094455
0.049528
0.081287
0.100049
0.034260
0.065231
0.016287
0.079948
0.094357
0.077767
0.061359
0.070398
0.088470
0.114313
0.113482
0.075775
0.028667
0.117764
0.019667
0.096835
0.112902
0.046867
0.247510
0.071305
0.096281
0.064763
0.082203
0.083150
0.083778
0.196452
0.011856
0.027675
0.088030
0.039276
0.093879
0.054686
0.030891
0.069285
0.118541
0.060872
0.162497
0.071269
0.105925
0.086065
0.090638
0.045251
0.086572
0.123508
0.061739
0.052099
0.039494
0.082587
0.089728
0.058230
0.010379
0.035248
0.028018
0.052376
0.044687
0.079386
0.119061
