2.308900
2.305169
2.314227
2.310495
2.281650
2.223620
2.178187
2.042646
2.112341
2.093533
2.168257
2.316314
2.334927
2.144425
2.138574
2.138354
2.175684
2.140572
2.119477
2.178121
2.172084
2.091383
2.101257
2.324544
2.316771
2.210843
2.131276
2.120478
2.158601
2.197702
2.200802
2.403869
2.395526
2.558413
2.628717
2.623145
2.572790
2.523508
2.332046
2.182165
2.118840
2.130940
2.134086
2.289020
2.407010
2.322951
2.393952
2.307406
2.121300
2.130024
2.090221
2.075392
2.109695
2.141071
2.141846
2.204863
2.176489
2.263291
2.234645
2.303285
2.341749
2.247431
2.180093
2.188102
2.121857
2.157576
2.194473
2.183115
2.174804
2.213765
2.267649
2.326673
2.342641
2.392169
2.375121
2.298325
2.266704
2.256692
2.211200
2.157323
2.135621
2.136938
2.116738
2.101383
2.098927
2.088442
2.082733
2.065813
2.063182
2.046788
2.037992
2.037611
2.044664
2.054050
2.031412
2.061864
2.067665
2.089463
2.070011
2.070558
2.073079
2.037962
2.049771
2.030921
2.071470
2.048245
2.071558
2.056909
2.032750
2.065083
2.024179
2.021789
2.065210
2.051575
2.069382
2.043035
2.038359
2.050629
2.035784
2.055247
2.069453
2.058339
2.039639
2.054989
2.026845
2.038511
2.043284
2.049541
2.046524
2.044362
2.009519
2.022991
1.997191
1.994622
2.019344
2.006203
2.026360
1.989511
2.005311
1.976141
1.958358
1.983180
1.966085
1.982417
1.958770
1.998819
1.984297
1.971586
1.974289
1.978971
1.978309
1.957409
1.962146
1.941354
1.940959
1.953775
1.955671
1.967152
1.968504
1.984832
1.994598
1.992357
1.985590
1.999915
1.962138
1.972511
1.979725
1.981757
1.960848
1.967428
1.983548
1.981377
1.979258
1.962427
1.975402
1.969983
1.965033
1.958903
1.968990
1.982726
1.983033
1.992690
1.974872
1.944250
1.961032
1.962220
1.959860
1.954248
1.958774
1.999587
1.954969
1.968821
1.996184
1.986350
1.974972
1.999502
1.978298
1.969710
1.962846
1.974228
1.961907
1.964564
1.982379
1.979564
1.996906
1.960596
1.972519
1.978898
1.963495
1.997131
1.989120
1.990244
1.978944
1.962357
1.964421
1.975731
1.967091
1.966587
1.971004
1.980367
1.974258
1.971108
1.980525
1.971486
1.986225
1.979237
1.981697
1.959764
1.995426
1.967090
1.982999
1.972564
1.971895
1.993330
1.978106
1.977805
1.974515
1.980278
1.961165
1.959608
1.960487
2.005569
1.989282
1.965654
1.981395
1.970822
1.982287
2.001561
2.001196
2.004292
1.977961
1.973077
1.969690
1.968106
1.962963
1.981838
1.992727
1.978047
1.979486
1.965667
1.957386
1.948586
1.971301
1.999474
1.982530
1.976985
1.969750
1.980794
1.982914
1.997607
1.987644
1.980798
1.971495
1.988720
1.957723
1.990279
2.023442
2.006298
1.994008
2.016723
1.982056
2.005172
1.964001
1.954418
1.991644
1.991530
2.008593
1.986112
1.953990
1.964156
1.977033
1.978657
1.970159
1.962827
1.974006
1.971078
1.972945
1.966587
1.989131
2.014608
2.009042
2.166312
2.231025
2.327911
2.210651
2.274446
2.075386
2.018463
2.044999
2.053685
2.018538
2.003682
1.978935
2.009659
2.044097
2.055389
1.950230
1.958318
1.956109
1.970856
1.986705
2.060703
2.010885
1.997596
2.004187
1.995008
1.980503
1.968530
2.012045
2.014709
1.970349
1.987355
2.008808
1.996176
1.959278
1.966183
1.967854
1.956959
1.972664
1.998774
1.999301
1.992390
1.973934
1.948130
1.940318
1.946833
1.976524
1.959019
1.966882
1.974426
1.982132
1.976832
2.007210
1.985211
1.970271
1.989475
1.969350
1.953355
1.961740
1.965866
1.972613
1.945749
1.978773
1.958718
1.965509
1.980436
1.957846
1.955340
1.963700
1.968090
1.971977
1.971065
1.995161
1.978502
1.951419
1.961482
1.955773
1.964158
1.960944
1.980086
1.962451
1.969410
1.964475
1.951915
1.972059
1.961500
1.962895
1.944906
1.975524
1.960693
1.975140
1.977043
1.961323
1.973552
1.966915
1.971960
1.958526
1.949039
1.966221
1.966070
1.964278
1.974780
1.970692
1.959509
1.957551
1.963211
1.958645
1.972007
1.976472
1.965547
1.946059
1.970793
1.971428
1.973729
1.965768
1.959785
1.954834
1.957145
1.949980
1.974005
1.968302
1.956551
1.957664
1.969968
1.958069
1.972587
1.979079
1.974880
1.981975
1.982479
1.974861
1.987984
1.994977
1.952793
1.958721
1.947442
1.968503
1.967785
1.975805
1.979480
1.979987
1.983122
2.071516
2.005128
1.979871
1.972003
1.982151
1.978684
1.988802
2.010499
2.017947
1.982941
1.972642
1.972432
1.981084
1.958936
1.954788
1.949298
1.970729
1.982080
1.965883
1.952145
1.970369
1.957497
1.952099
1.967204
1.978152
1.959004
1.961169
1.965320
1.959334
1.958179
1.972232
1.962273
1.984984
1.972336
1.975173
1.966933
1.969959
1.948417
1.969209
1.965635
1.957521
1.980465
1.965880
1.968768
1.964612
1.953486
1.985590
1.970635
1.966651
1.979915
1.972034
1.970047
1.986215
1.962334
1.975944
1.973619
1.968491
1.967752
