2.306887
2.305961
2.305055
2.305854
2.303421
2.306401
2.307789
2.304236
2.307375
2.304698
2.303755
2.304843
2.299232
2.295257
2.283609
2.275965
2.273714
2.274767
2.257493
2.257052
2.255946
2.265950
2.266417
2.275054
2.286244
2.304107
2.304096
2.287388
2.302222
2.280704
2.241369
2.238390
2.205844
2.184439
2.141399
2.115149
2.082520
2.115158
2.090917
2.125961
2.115838
2.118890
2.101432
2.105790
2.091467
2.176460
2.190137
2.205110
2.248821
2.306691
2.271793
2.214402
2.181141
2.078767
2.060222
2.009748
1.941444
1.954338
1.943571
1.851054
1.800804
1.764000
1.771799
1.752021
1.795426
1.743414
1.762857
1.831279
1.819407
1.894165
1.874995
1.863943
1.863003
1.813424
1.776650
1.769277
1.783598
1.722681
1.735661
1.745257
1.765442
1.781634
1.767140
1.805985
1.727174
1.785265
1.765702
1.755531
1.755254
1.742770
1.700319
1.709136
1.684906
1.655490
1.710132
1.753495
1.721393
1.723970
1.716529
1.699676
1.729012
1.703597
1.727624
1.739700
1.727636
1.706788
1.701351
1.671259
1.692834
1.654531
1.668485
1.671566
1.695768
1.702999
1.675212
1.667365
1.649276
1.686629
1.664987
1.669908
1.689985
1.713394
1.696066
1.687329
1.691315
1.683610
1.679228
1.682101
1.688871
1.718269
1.689349
1.657544
1.673433
1.686101
1.678278
1.653021
1.641287
1.658182
1.657886
1.651627
1.661460
1.664421
1.673423
1.651527
1.654632
1.680206
1.668729
1.651345
1.648430
1.669916
1.642671
1.663393
1.654231
1.661579
1.675715
1.660389
1.644698
1.620582
1.655791
1.615586
1.612539
1.624482
1.648112
1.669449
1.666117
1.634345
1.635042
1.624913
1.608417
1.636695
1.636743
1.638261
1.624553
1.624125
1.642515
1.639268
1.626910
1.668280
1.630656
1.615958
1.632541
1.651206
1.622164
1.618405
1.586929
1.586017
1.588093
1.625636
1.606776
1.642598
1.616204
1.587587
1.613685
1.624513
1.639072
1.589728
1.615323
1.627419
1.609879
1.588436
1.621493
1.599914
1.590130
1.612163
1.597140
1.576241
1.612729
1.628201
1.568452
1.611378
1.575654
1.605764
1.584315
1.613661
1.616344
1.614262
1.588159
1.600459
1.593057
1.605785
1.641776
1.605754
1.609476
1.598239
1.600834
1.581525
1.569509
1.560498
1.600562
1.564677
1.614935
1.616369
1.570974
1.587385
1.606562
1.581112
1.572626
1.576944
1.592425
1.609142
1.568019
1.601809
1.596404
1.587089
1.591382
1.575070
1.590066
1.560483
1.593284
1.569869
1.570953
1.552976
1.566642
1.605937
1.573599
1.573203
1.574562
1.578767
1.552219
1.625790
1.578223
1.584864
1.591657
1.572891
1.586326
1.582208
1.534960
1.551683
1.568260
1.574340
1.593398
1.559457
1.569312
1.563856
1.568722
1.607787
1.607719
1.550692
1.585076
1.550626
1.549980
1.578390
1.578204
1.549235
1.588833
1.561796
1.577611
1.577528
1.605401
1.551609
1.568578
1.562547
1.568802
1.579147
1.560404
1.568992
1.574360
1.558379
1.551219
1.543183
1.549867
1.575280
1.570519
1.593473
1.559829
1.590576
1.550511
1.565505
1.541790
1.573258
1.562763
1.548283
1.563668
1.545824
1.581548
1.554112
1.570658
1.568119
1.582447
1.580463
1.541289
1.556705
1.571544
1.560574
1.575412
1.550246
1.549325
1.554162
1.566674
1.567855
1.545223
1.563899
1.568773
1.529404
1.552167
1.555041
1.560922
1.537939
1.549917
1.548273
1.560147
1.565594
1.568963
1.563527
1.551816
1.541931
1.555034
1.568573
1.549751
1.552450
1.565182
1.555989
1.526995
1.541280
1.560864
1.526337
1.522439
1.556146
1.537881
1.540366
1.567456
1.587338
1.582222
1.567510
1.557044
1.578035
1.528319
1.554610
1.545892
1.566805
1.543315
1.548487
1.541644
1.572501
1.559811
1.544837
1.545135
1.553083
1.530972
1.594407
1.540254
1.559265
1.545136
1.572692
1.557194
1.564609
1.569823
1.534760
1.511049
1.554114
1.544730
1.557427
1.534455
1.543173
1.536524
1.545603
1.538678
1.540739
1.546227
1.602132
1.539925
1.521853
1.529848
1.546656
1.553363
1.540896
1.532891
1.534220
1.533403
1.588066
1.530824
1.524518
1.549974
1.557434
1.555444
1.535709
1.558122
1.519881
1.525334
1.548010
1.599427
1.552717
1.550305
1.535435
1.524482
1.545609
1.538657
1.548567
1.517172
1.607262
1.523704
1.573917
1.548897
1.551292
1.547790
1.550254
1.529406
1.534121
1.533326
1.515742
1.546783
1.519107
1.566261
1.539003
1.546120
1.541704
1.523919
1.537536
1.525514
1.525679
1.518241
1.558843
1.526487
1.514980
1.525037
1.540933
1.514385
1.541902
1.515957
1.532365
1.550442
1.541281
1.545836
1.577767
1.540942
1.551277
1.527396
1.544957
1.533736
1.510655
1.551741
1.518407
1.540217
1.519733
1.529034
1.531736
1.537891
1.580030
1.519668
1.524784
1.523452
1.544191
1.542425
1.549820
1.555135
1.542967
1.530418
1.530642
1.533924
1.517465
1.539683
1.537683
1.532725
1.565606
1.545217
1.524688
1.523167
1.524333
1.524162
1.525200
