2.403056
2.413254
2.387606
2.369935
2.366753
2.343373
2.336064
2.317357
2.299915
2.285338
2.275044
2.268854
2.278345
2.272191
2.269877
2.271785
2.259132
2.270623
2.261313
2.266119
2.257802
2.257288
2.250755
2.255425
2.248664
2.244500
2.244114
2.235605
2.234249
2.228487
2.224327
2.220900
2.214302
2.210710
2.205680
2.205983
2.204074
2.198197
2.199908
2.189847
2.192503
2.175203
2.180692
2.169379
2.163354
2.145838
2.164150
2.115411
2.136301
2.135367
2.123556
2.116830
2.110568
2.104479
2.098658
2.104044
2.101015
2.100337
2.093379
2.074304
2.068197
2.049910
2.065601
2.064334
2.012594
2.003533
1.981310
1.944406
1.927695
1.955720
1.901892
1.888719
1.857612
1.862536
1.848785
1.787197
1.775816
1.766211
1.807195
1.841842
1.774173
1.750323
1.736253
1.709269
1.816499
1.879168
1.721514
1.721995
1.807150
1.694302
1.421928
1.493609
1.710984
1.596681
1.328543
1.270388
0.791851
0.832528
0.790544
0.971701
1.224566
1.194342
1.470244
1.606158
1.746251
1.745775
1.769295
1.739612
1.667482
1.764517
1.697284
1.620188
1.473800
1.239153
1.251558
1.046458
1.018973
1.096837
1.128928
1.077910
1.207387
1.196054
1.136976
1.244527
1.469235
1.234741
1.086065
1.228860
1.073297
1.090203
1.028442
1.031182
1.063925
1.093558
0.636281
0.505326
0.419824
0.451248
0.339027
0.446651
0.666609
0.668657
0.662515
0.658909
0.588775
0.402756
0.310401
0.316541
0.395140
0.502101
0.482043
0.588887
0.625054
0.564169
0.509168
0.490597
0.567663
0.530341
0.603081
0.573094
0.501723
0.575209
0.448782
0.524145
0.422995
0.259443
0.504624
0.357593
0.511602
0.620392
0.473144
0.284198
0.389038
0.322437
0.520676
0.283508
0.566035
0.469425
0.537812
0.389585
0.282233
0.415099
0.404501
0.521665
0.477775
0.470755
0.444435
0.303885
0.444285
0.275610
0.313906
0.380542
0.377730
0.358412
0.477729
0.359610
0.383135
0.366637
0.216536
0.285558
0.388978
0.525087
0.379721
0.504934
0.449605
0.420639
0.232977
0.329417
0.344996
0.306947
0.342778
0.462667
0.298699
0.262348
0.350322
0.228061
0.323825
0.208925
0.165297
0.357729
0.330068
0.370477
0.350662
0.456990
0.324324
0.367951
0.232141
0.275650
0.195786
0.288680
0.339138
0.331795
0.459993
0.428041
0.324705
0.322992
0.274414
0.201923
0.255528
0.275506
0.190460
0.250619
0.381352
0.261514
0.302473
0.270777
0.272912
0.210753
0.262002
0.227351
0.330137
0.290607
0.285524
0.311628
0.433093
0.393828
0.246787
0.359288
0.219076
0.226050
0.281706
0.253160
0.469553
0.304537
0.341433
0.216364
0.182279
0.219609
0.286735
0.247112
0.331442
0.383414
0.258247
0.355650
0.175218
0.267835
0.213263
0.272039
0.191562
0.276578
0.214313
0.195938
0.240352
0.329453
0.383916
0.334178
0.281921
0.330518
0.230229
0.170345
0.259863
0.268336
0.245631
0.252209
0.270160
0.272643
0.296608
0.127812
0.350425
0.179020
0.174989
0.237269
0.168247
0.345509
0.222863
0.322986
0.224525
0.164427
0.175789
0.327192
0.263467
0.258364
0.282789
0.266070
0.170825
0.282008
0.192936
0.293896
0.213839
0.186625
0.234958
0.246933
0.271069
0.158182
0.252213
0.215770
0.277421
0.229282
0.224116
0.236405
0.214538
0.183351
0.216795
0.213585
0.227077
0.203804
0.191438
0.223938
0.220535
0.183622
0.136949
0.231681
0.239744
0.137306
0.190915
0.169477
0.266435
0.243653
0.246706
0.183789
0.256441
0.330514
0.191626
0.221752
0.248362
0.275693
0.216383
0.216859
0.131408
0.301577
0.215590
0.311160
0.246152
0.224182
0.189323
0.171162
0.214008
0.186461
0.174882
0.182181
0.231587
0.191400
0.149037
0.185787
0.216809
0.323385
0.191718
0.171030
0.283067
0.148258
0.221055
0.206141
0.275330
0.279641
0.285585
0.218734
0.150088
0.178561
0.150353
0.182047
0.160232
0.322975
0.194242
0.271402
0.210305
0.181796
0.196113
0.079043
0.219535
0.288130
0.159663
0.166480
0.277498
0.225804
0.219757
0.275960
0.168413
0.161444
0.123525
0.101049
0.121697
0.177466
0.233242
0.227878
0.148624
0.275259
0.232363
0.139852
0.168327
0.200576
0.214285
0.132051
0.142561
0.181170
0.202653
0.186782
0.240201
0.281516
0.240008
0.312721
0.251563
0.119441
0.135652
0.152643
0.164362
0.168738
0.222754
0.250969
0.137287
0.201205
0.200366
0.291019
0.201776
0.095925
0.148946
0.204633
0.203583
0.187604
0.167198
0.239033
0.222302
0.170498
0.180967
0.174717
0.195449
0.119914
0.130107
0.183921
0.150436
0.181992
0.138033
0.161124
0.204007
0.261352
0.106891
0.091273
0.079309
0.233517
0.187509
0.103962
0.168433
0.154373
0.189591
0.303126
0.178908
0.224299
0.146073
0.166043
0.263669
0.162998
0.113535
0.163764
0.131865
0.229630
0.135389
0.199289
0.131421
0.200823
0.117764
0.114797
0.179162
0.204396
0.184450
0.209959
0.180285
0.138901
0.143303
0.144753
0.248048
0.193494
