2.303900
2.303431
2.297412
2.296128
2.288753
2.284867
2.273777
2.265741
2.243753
2.233569
2.222656
2.198072
2.184773
2.159002
2.113965
2.111851
2.093367
2.075607
2.059444
2.015039
1.985248
1.951211
1.956386
1.898874
1.854360
1.859865
1.810408
1.805156
1.791317
1.767626
1.763708
1.774981
1.727046
1.738455
1.708635
1.733829
1.712222
1.688466
1.688338
1.704596
1.690970
1.689619
1.647919
1.656864
1.649732
1.660889
1.658450
1.646438
1.638973
1.639111
1.682499
1.665072
1.629174
1.628592
1.627577
1.614538
1.639786
1.610904
1.628565
1.617750
1.627519
1.618707
1.621910
1.605016
1.608278
1.640920
1.619212
1.641735
1.621126
1.634837
1.608708
1.627892
1.607843
1.602214
1.606972
1.606310
1.640460
1.605093
1.570417
1.599209
1.587642
1.600018
1.625378
1.617170
1.569116
1.605287
1.605842
1.627755
1.574376
1.571935
1.603831
1.604447
1.563839
1.611419
1.618064
1.579668
1.574094
1.581687
1.568634
1.599093
1.568730
1.573977
1.596577
1.557160
1.552107
1.587081
1.585853
1.576826
1.563860
1.587625
1.551375
1.579608
1.587368
1.517858
1.561641
1.551247
1.573740
1.543473
1.555738
1.572974
1.569884
1.555792
1.590557
1.557277
1.546856
1.592336
1.561149
1.594689
1.567224
1.575770
1.557497
1.560096
1.556275
1.584506
1.588490
1.548795
1.590889
1.573149
1.564062
1.595507
1.568812
1.546786
1.574502
1.579502
1.544856
1.548439
1.599453
1.546110
1.563459
1.561625
1.579514
1.546444
1.568565
1.556738
1.562261
1.571576
1.545645
1.570631
1.538258
1.576896
1.578014
1.551583
1.552318
1.548361
1.563558
1.560537
1.542463
1.543499
1.538569
1.552155
1.584937
1.550901
1.549866
1.577878
1.543393
1.555793
1.541378
1.583079
1.545678
1.550711
1.532790
1.542605
1.543997
1.545616
1.534517
1.553957
1.529728
1.573472
1.554356
1.529209
1.552754
1.544809
1.556797
1.526382
1.539421
1.553587
1.552776
1.519029
1.536259
1.547096
1.548451
1.545309
1.549400
1.542846
1.548238
1.545395
1.549879
1.534678
1.548263
1.539146
1.551310
1.549945
1.541768
1.569547
1.557192
1.541687
1.533719
1.541947
1.532287
1.542907
1.558697
1.542065
1.540335
1.528220
1.556142
1.544576
1.526314
1.556030
1.517400
1.558141
1.513499
1.556211
1.522491
1.546992
1.535337
1.523372
1.531365
1.557994
1.533423
1.521432
1.535023
1.544695
1.540395
1.530547
1.519298
1.515992
1.543384
1.529420
1.524352
1.538736
1.519722
1.541407
1.572351
1.538019
1.528319
1.549846
1.546153
1.536860
1.521915
1.589065
1.563670
1.527265
1.539750
1.546013
1.549563
1.505664
1.538305
1.528908
1.556260
1.533030
1.539848
1.530981
1.568283
1.541341
1.515447
1.520532
1.520089
1.533327
1.553544
1.525848
1.544207
1.536018
1.528434
1.511032
1.530715
1.524137
1.558656
1.530759
1.537470
1.525237
1.522387
1.509930
1.538086
1.516059
1.503221
1.528869
1.530930
1.515321
1.534433
1.518795
1.534579
1.551559
1.539156
1.528317
1.534557
1.520912
1.540038
1.523513
1.508946
1.538535
1.530920
1.519347
1.543637
1.510402
1.510160
1.512099
1.543658
1.527551
1.512126
1.516297
1.525340
1.536017
1.510445
1.521980
1.523783
1.516118
1.538699
1.553842
1.522029
1.524010
1.519170
1.512922
1.538817
1.526813
1.535353
1.520681
1.527104
1.522970
1.541493
1.538271
1.508663
1.520339
1.530212
1.526838
1.531779
1.545915
1.526588
1.513025
1.507111
1.535270
1.505302
1.524226
1.526377
1.511277
1.503396
1.506681
1.526268
1.526020
1.504314
1.514305
1.511145
1.512108
1.537102
1.531550
1.510166
1.506547
1.534726
1.530688
1.532981
1.543410
1.531287
1.528862
1.512780
1.529047
1.531644
1.534975
1.517745
1.505614
1.530106
1.499721
1.517156
1.513489
1.510471
1.521896
1.517494
1.515014
1.518784
1.505107
1.498915
1.518010
1.541798
1.520115
1.509596
1.514009
1.504589
1.550809
1.509611
1.516722
1.536845
1.516353
1.529139
1.518906
1.506121
1.536287
1.551520
1.518307
1.517178
1.517502
1.507649
1.521898
1.516380
1.523056
1.503907
1.533358
1.499268
1.526434
1.512184
1.484419
1.511621
1.518552
1.522167
1.514021
1.515042
1.494753
1.526663
1.529302
1.519954
1.513349
1.499143
1.518125
1.511068
1.521551
1.512107
1.531219
1.540760
1.512735
1.512631
1.508338
1.515279
1.516979
1.515510
1.513096
1.526304
1.503628
1.510143
1.508736
1.496001
1.517446
1.504766
1.521259
1.510049
1.517251
1.501336
1.522130
1.516308
1.493586
1.515938
1.519831
1.511181
1.494773
1.501453
1.516652
1.502255
1.495520
1.513648
1.506652
1.525781
1.501885
1.513976
1.497229
1.513858
1.524037
1.498906
1.514602
1.499467
1.511809
1.506231
1.533416
1.523164
1.522806
1.485374
1.546166
1.512144
1.489840
1.505174
1.532082
1.510246
1.494429
1.510146
1.504437
1.539419
1.513157
1.523162
1.494210
1.533852
1.501656
1.525019
1.542915
1.499116
1.507677
