2.305734
2.308656
2.315705
2.304420
2.254596
2.176489
2.034419
2.063128
2.115792
2.038817
2.032065
2.034410
2.031929
2.108934
2.121374
2.132601
2.123097
2.103269
2.098795
2.095923
2.093524
2.093948
2.092651
2.093591
2.091985
2.091787
2.092440
2.092675
2.094303
2.092223
2.092601
2.092738
2.092249
2.092515
2.092638
2.092186
2.092180
2.092186
2.092249
2.092745
2.092350
2.092313
2.092249
2.092601
2.092186
2.092249
2.092249
2.092675
2.092537
2.092249
2.092186
2.092822
2.092601
2.092249
2.092414
2.092313
2.091914
2.092414
2.092638
2.092249
2.092117
2.092537
2.091851
2.092249
2.092225
2.092451
2.092350
2.092249
2.092249
2.092186
2.092477
2.092122
2.092477
2.091984
2.092021
2.092313
2.092186
2.092474
2.092433
2.092803
2.092313
2.092269
2.092122
2.092313
2.093215
2.092313
2.092021
2.092249
2.091978
2.092186
2.092249
2.092186
2.092313
2.092186
2.092287
2.091978
2.092765
2.092249
2.092186
2.092537
2.092041
2.092122
2.092477
2.092249
2.092281
2.092215
2.092839
2.092122
2.092249
2.092186
2.092313
2.092249
2.092249
2.092313
2.092186
2.091978
2.092249
2.092249
2.092313
2.092186
2.091914
2.091736
2.092122
2.092041
2.092803
2.092186
2.092839
2.092249
2.092041
2.092313
2.092249
2.092601
2.092269
2.092313
2.092186
2.092249
2.092313
2.091799
2.092903
2.092059
2.092249
2.092414
2.091978
2.092601
2.092249
2.092350
2.092702
2.092313
2.092186
2.092350
2.092515
2.092837
2.092537
2.092186
2.092537
2.092414
2.092122
2.092309
2.092122
2.092414
2.092313
2.092477
2.092414
2.092350
2.092350
2.092762
2.092287
2.092249
2.092413
2.091932
2.092249
2.092249
2.092413
2.092537
2.092186
2.092249
2.092117
2.092186
2.092313
2.092249
2.092313
2.092593
2.092186
2.091870
2.092313
2.092575
2.091913
2.092122
2.091833
2.093332
2.092822
2.092041
2.092287
2.092122
2.092578
2.092548
2.092537
2.092122
2.092186
2.092186
2.092249
2.092601
2.092249
2.092249
2.092350
2.092468
2.092451
2.092249
2.092186
2.092313
2.092313
2.091687
2.092803
2.091978
2.092413
2.092142
2.092249
2.091812
2.092041
2.092122
2.092117
2.092313
2.092186
2.092537
2.092249
2.092413
2.092104
2.093091
2.092186
2.092117
2.092347
2.092313
2.092537
2.092569
2.092477
2.092249
2.091749
2.092053
2.091914
2.092413
2.092393
2.092601
2.092117
2.092347
2.092117
2.092041
2.092249
2.092822
2.091978
2.092249
2.091921
2.092186
2.092465
2.092344
2.092350
2.091914
2.092414
2.091794
2.092413
2.092249
2.092186
2.092578
2.092413
2.092515
2.092269
2.092186
2.091972
2.091996
2.092142
2.092160
2.092128
2.091951
2.092059
2.092104
2.092266
2.092186
2.092942
2.092393
2.092223
2.092078
2.091951
2.092391
2.092249
2.092413
2.091609
2.092249
2.092474
2.091951
2.092287
2.092350
2.092041
2.092113
2.092414
2.092122
2.092290
2.092122
2.091932
2.091678
2.092223
2.092122
2.092059
2.091579
2.092632
2.092132
2.092233
2.092059
2.092015
2.092059
2.091888
2.092283
2.091286
2.091996
2.092220
2.092059
2.091698
2.092160
2.091990
2.092762
2.092059
2.091837
2.092192
2.092059
2.091964
2.091805
2.092904
2.091989
2.092095
2.091724
2.091742
2.091996
2.091546
2.091597
2.091990
2.091546
2.092125
2.092122
2.091374
2.092407
2.092440
2.092373
2.090957
2.092059
2.091383
2.091450
2.091655
2.092134
2.091742
2.092251
2.092029
2.091470
2.091589
2.091897
2.091216
2.091787
2.092070
2.091959
2.091720
2.091660
2.091488
2.091312
2.091311
2.092044
2.092000
2.092640
2.091419
2.091710
2.091356
2.091582
2.091772
2.091473
2.092045
2.090975
2.091129
2.091482
2.091704
2.091615
2.091200
2.091935
2.092251
2.090409
2.091456
2.091488
2.091330
2.090971
2.090937
2.090895
2.092410
2.091758
2.091618
2.090575
2.091380
2.090878
2.090438
2.091171
2.091455
2.091272
2.091409
2.091361
2.091058
2.090311
2.091977
2.091577
2.091813
2.091215
2.091143
2.090678
2.091145
2.091207
2.091022
2.090627
2.090533
2.092363
2.090654
2.091855
2.091447
2.091417
2.090653
2.091736
2.091917
2.091014
2.091308
2.092088
2.091519
2.091304
2.091298
2.091205
2.090630
2.090293
2.091974
2.089867
2.090034
2.090060
2.091464
2.090748
2.090720
2.090226
2.090429
2.092202
2.090124
2.090037
2.089390
2.090239
2.090196
2.088568
2.089682
2.090464
2.091132
2.090919
2.089853
2.089093
2.089223
2.089656
2.091095
2.089304
2.087362
2.086461
2.088466
2.087601
2.089934
2.088002
2.088685
2.088876
2.088202
2.087466
2.087724
2.088644
2.088114
2.087096
2.089097
2.087047
2.085899
2.086866
2.087492
2.087479
2.088891
2.089070
2.088957
2.087110
2.087418
2.086024
2.087191
2.088703
2.086978
2.086335
2.086132
2.088115
2.087526
2.086510
2.090139
2.088704
2.086769
2.087267
2.088523
2.086329
2.085911
2.087098
2.085535
2.086391
2.087760
2.086113
