2.302734
2.297797
2.291699
2.292181
2.270784
2.263555
2.266617
2.225524
2.188228
2.187521
2.147384
2.096386
2.134515
2.068658
2.038397
1.919120
1.875574
1.940438
1.849370
1.820880
1.884877
1.827295
1.820761
1.773653
1.815754
1.793686
1.774841
1.817384
1.802707
1.724373
1.682626
1.832293
1.696170
1.694933
1.720495
1.831005
1.730672
1.713414
1.735607
1.720672
1.743204
1.695270
1.725988
1.657117
1.727330
1.720575
1.676079
1.695300
1.708864
1.712914
1.634287
1.642593
1.663832
1.619409
1.659114
1.625476
1.601668
1.623883
1.646952
1.642433
1.589825
1.616673
1.674154
1.618282
1.612778
1.617260
1.620712
1.644894
1.654378
1.613833
1.623914
1.594537
1.605375
1.621216
1.626790
1.646442
1.632906
1.646141
1.604571
1.611524
1.620334
1.586873
1.584708
1.571993
1.584264
1.604192
1.573286
1.594121
1.605811
1.561955
1.614706
1.591893
1.554827
1.622931
1.583930
1.629114
1.593946
1.575535
1.643138
1.624270
1.586370
1.558301
1.592927
1.592619
1.614139
1.579993
1.590949
1.616026
1.590203
1.565652
1.622431
1.592237
1.586679
1.579846
1.630098
1.575780
1.619849
1.598087
1.575589
1.577140
1.547318
1.601119
1.592911
1.578250
1.586199
1.575914
1.593384
1.607199
1.565846
1.594883
1.602201
1.534617
1.574813
1.569389
1.587573
1.625810
1.586015
1.580396
1.582683
1.567363
1.599139
1.580613
1.572391
1.536715
1.561075
1.655236
1.601804
1.601418
1.557382
1.567459
1.552179
1.579400
1.575151
1.565026
1.565299
1.586241
1.596702
1.592520
1.549235
1.588159
1.571109
1.563575
1.555444
1.612359
1.595980
1.598029
1.552314
1.543926
1.574014
1.556466
1.608822
1.596824
1.606851
1.557735
1.599274
1.546809
1.555556
1.594144
1.563941
1.596533
1.568581
1.561453
1.533654
1.599490
1.561484
1.614698
1.578730
1.568852
1.577799
1.564402
1.568876
1.586134
1.570801
1.599090
1.583188
1.562298
1.552937
1.548523
1.557909
1.560138
1.543156
1.586659
1.535553
1.562220
1.553581
1.560687
1.575430
1.570416
1.566104
1.536539
1.560867
1.584949
1.577954
1.595061
1.617299
1.559991
1.587320
1.585212
1.595735
1.578446
1.591125
1.592901
1.582763
1.561889
1.578024
1.563562
1.524103
1.616987
1.549733
1.602799
1.569517
1.586877
1.621918
1.542103
1.614002
1.565464
1.577288
1.575664
1.575655
1.554687
1.564798
1.565195
1.585977
1.539827
1.624176
1.559568
1.568084
1.563219
1.598445
1.521140
1.543486
1.562703
1.573408
1.581189
1.559191
1.558369
1.587308
1.559794
1.571975
1.530239
1.585669
1.541907
1.563213
1.568961
1.543110
1.533659
1.543948
1.536394
1.563169
1.608236
1.560550
1.556637
1.542297
1.548374
1.526739
1.565528
1.591025
1.548881
1.560512
1.568463
1.555657
1.628071
1.583938
1.561226
1.557131
1.544083
1.548756
1.552955
1.550423
1.607541
1.521356
1.548211
1.569750
1.624261
1.581353
1.619222
1.576241
1.542879
1.583667
1.549723
1.565936
1.541207
1.580505
1.593748
1.527996
1.549660
1.544020
1.521345
1.551061
1.562813
1.561142
1.570008
1.548208
1.548754
1.566198
1.537506
1.538541
1.592070
1.593604
1.606104
1.591928
1.598437
1.576327
1.557148
1.555938
1.537239
1.550085
1.568325
1.597309
1.543887
1.586875
1.581170
1.511792
1.580116
1.569356
1.554345
1.536414
1.567548
1.560521
1.574031
1.583137
1.587606
1.593079
1.553927
1.575651
1.581288
1.539051
1.611114
1.548613
1.591961
1.550022
1.517544
1.548338
1.539341
1.588280
1.553680
1.548473
1.586818
1.541671
1.546549
1.582672
1.608544
1.602417
1.506035
1.546474
1.562258
1.540999
1.536837
1.563252
1.555796
1.557076
1.539072
1.534811
1.566296
1.571530
1.557131
1.574056
1.593226
1.530884
1.574440
1.535647
1.554678
1.566626
1.552887
1.585509
1.589204
1.579452
1.523682
1.528775
1.545738
1.619428
1.590402
1.542955
1.582537
1.572537
1.574773
1.568357
1.560325
1.533524
1.527878
1.570884
1.597554
1.556341
1.551599
1.566923
1.542334
1.582858
1.556109
1.542544
1.580758
1.560105
1.539403
1.542274
1.568336
1.566960
1.519481
1.545888
1.547424
1.575494
1.539631
1.535600
1.549909
1.534014
1.574815
1.554011
1.588319
1.527925
1.534546
1.580765
1.548883
1.562305
1.524687
1.544758
1.562181
1.563457
1.561085
1.575963
1.542755
1.559297
1.550025
1.524956
1.573503
1.570439
1.560487
1.545908
1.552624
1.544939
1.591590
1.553146
1.551227
1.574805
1.584176
1.596137
1.547088
1.565034
1.623849
1.561267
1.529266
1.569021
1.559300
1.512012
1.528057
1.568702
1.548717
1.562957
1.546377
1.598482
1.545031
1.549238
1.543863
1.596373
1.564383
1.540383
1.549003
1.526977
1.559483
1.547457
1.548187
1.531195
1.564894
1.548883
1.548524
1.533573
1.578576
1.564595
1.583364
1.556549
1.599429
1.589556
1.570988
1.607886
1.545148
1.533932
1.551165
1.565700
1.537405
1.598709
1.550840
1.553725
1.507983
