2.310371
2.303196
2.301507
2.300295
2.299598
2.307008
2.304176
2.328293
2.302179
2.304905
2.258769
2.263778
2.255596
2.256025
2.218641
2.245073
2.216916
2.192631
2.172947
2.135079
2.047432
2.070124
1.955886
1.960094
1.973228
1.929120
1.873270
1.775294
1.754794
1.738291
1.717212
1.705562
1.724889
1.718668
1.727414
1.659730
1.640539
1.648414
1.614461
1.647713
1.661062
1.662287
1.620691
1.591680
1.631776
1.623540
1.586692
1.595521
1.672768
1.594338
1.570243
1.557894
1.564045
1.587061
1.563487
1.602776
1.585694
1.588567
1.549632
1.598864
1.544561
1.552393
1.580463
1.555556
1.600551
1.577970
1.570342
1.593247
1.572169
1.553677
1.593755
1.578634
1.563833
1.595258
1.546298
1.570319
1.546536
1.545689
1.576129
1.567524
1.566876
1.552772
1.547135
1.532172
1.559534
1.567239
1.563481
1.603086
1.634838
1.579712
1.549193
1.570277
1.512101
1.545147
1.543121
1.607623
1.551988
1.557253
1.576716
1.577907
1.546144
1.553971
1.528665
1.537064
1.555625
1.554388
1.556768
1.561229
1.537916
1.529106
1.531644
1.546275
1.562221
1.533636
1.535107
1.567648
1.555349
1.555545
1.539974
1.542823
1.535869
1.547890
1.546374
1.542712
1.544529
1.558087
1.563211
1.555169
1.550351
1.550145
1.551348
1.521952
1.556811
1.568925
1.544258
1.530779
1.527933
1.547691
1.543615
1.543614
1.574074
1.530953
1.532920
1.566818
1.530477
1.533664
1.537547
1.552033
1.529117
1.542121
1.569668
1.514305
1.553461
1.577678
1.544950
1.532294
1.528617
1.560956
1.544654
1.543372
1.557997
1.526900
1.532028
1.519387
1.553296
1.525822
1.533740
1.555039
1.536754
1.526592
1.514008
1.523621
1.508929
1.508411
1.513389
1.532688
1.532012
1.551168
1.551417
1.548819
1.551487
1.560581
1.544692
1.537482
1.518825
1.519023
1.531427
1.525177
1.545212
1.531538
1.512929
1.534961
1.540892
1.536300
1.522058
1.506318
1.522532
1.525392
1.496538
1.518881
1.524551
1.520280
1.523468
1.546728
1.530249
1.535200
1.530082
1.520278
1.535769
1.522386
1.524170
1.531908
1.550279
1.534099
1.515470
1.533988
1.527289
1.527787
1.544313
1.532616
1.520233
1.520624
1.506503
1.518616
1.516954
1.550160
1.524395
1.543648
1.534057
1.504272
1.533370
1.542177
1.518539
1.513769
1.527537
1.507354
1.506580
1.509411
1.513302
1.518924
1.535899
1.512979
1.540372
1.517448
1.520329
1.498483
1.505841
1.519399
1.505650
1.528019
1.547694
1.522178
1.520410
1.498366
1.523441
1.510589
1.511136
1.508361
1.525185
1.524942
1.529607
1.547484
1.507959
1.498144
1.500759
1.524989
1.523412
1.508157
1.514253
1.516716
1.505393
1.513415
1.545584
1.511735
1.523170
1.514773
1.507455
1.503905
1.521831
1.530579
1.497197
1.520973
1.526354
1.524824
1.519840
1.508001
1.507248
1.497088
1.517664
1.520709
1.512173
1.517414
1.523848
1.514926
1.525807
1.513308
1.518271
1.508191
1.499918
1.514014
1.507361
1.523488
1.508854
1.525725
1.499342
1.526918
1.515862
1.512604
1.509527
1.516130
1.492989
1.514409
1.507045
1.499052
1.500691
1.504732
1.531691
1.507257
1.519996
1.497637
1.504031
1.529244
1.499047
1.522171
1.500621
1.510096
1.522648
1.514886
1.526473
1.539760
1.516043
1.492527
1.510368
1.501615
1.511245
1.529767
1.512052
1.527692
1.528992
1.508358
1.500183
1.526010
1.511937
1.502598
1.499769
1.498075
1.490503
1.513239
1.523811
1.500113
1.503550
1.506032
1.505706
1.486818
1.535962
1.514060
1.518304
1.515578
1.495323
1.552780
1.525145
1.492585
1.509609
1.502926
1.508689
1.519150
1.497711
1.523895
1.513186
1.515791
1.498295
1.504898
1.508242
1.520251
1.494950
1.513343
1.503701
1.510448
1.517202
1.494849
1.504477
1.524249
1.506797
1.485383
1.517704
1.512154
1.493084
1.510835
1.490954
1.506840
1.492654
1.498399
1.502852
1.531571
1.509723
1.494892
1.509932
1.494934
1.497032
1.495540
1.515663
1.526256
1.496701
1.508376
1.525952
1.532655
1.503943
1.504976
1.505336
1.505906
1.504132
1.511898
1.512115
1.499402
1.503101
1.502465
1.492691
1.497559
1.498556
1.492845
1.507439
1.499819
1.488721
1.492408
1.540354
1.493918
1.502987
1.531630
1.509632
1.534675
1.497041
1.528039
1.492949
1.506483
1.499917
1.498771
1.495286
1.518511
1.493538
1.510849
1.521922
1.506029
1.498686
1.502968
1.493086
1.500223
1.519072
1.493056
1.503512
1.511398
1.512619
1.514176
1.525477
1.511743
1.508887
1.488484
1.500862
1.488493
1.507207
1.486298
1.500048
1.506372
1.488669
1.495959
1.520562
1.496808
1.521017
1.498392
1.526319
1.519888
1.496715
1.505892
1.490647
1.509821
1.486152
1.519868
1.491763
1.513232
1.495565
1.548713
1.508455
1.536467
1.517056
1.513008
1.498299
1.514925
1.529967
1.494648
1.491132
1.493410
1.513097
1.515314
1.507105
1.484593
1.497718
1.497385
1.494474
1.487650
1.483056
1.511282
