2.305303
2.302894
2.303514
2.304691
2.300930
2.296947
2.297945
2.302206
2.302795
2.304581
2.304691
2.301480
2.303005
2.302123
2.300293
2.300606
2.294513
2.270038
2.264946
2.251752
2.244123
2.226444
2.238089
2.241327
2.232837
2.232843
2.233660
2.236209
2.257637
2.251896
2.270902
2.299030
2.233612
2.240380
2.252455
2.247370
2.232963
2.250360
2.231330
2.239840
2.271619
2.235480
2.219509
2.225700
2.207938
2.208163
2.194094
2.126638
2.078898
2.131195
2.134275
2.129729
2.137217
2.147037
2.170851
2.136900
2.117954
2.126847
2.095256
2.020124
1.952449
1.915039
1.913820
1.837880
1.836158
1.820121
1.834313
1.833778
1.821023
1.824884
1.819301
1.871993
1.827965
1.909659
1.964549
1.963710
1.953622
1.925444
1.933199
1.912580
1.949165
1.912832
1.909131
1.817365
1.855694
1.765878
1.859967
1.762625
1.811411
1.755049
1.795988
1.745934
1.743549
1.716613
1.782641
1.762645
1.764220
1.743137
1.817201
1.803555
1.818508
1.820485
1.864780
1.785862
1.814861
1.832346
1.769547
1.785373
1.786972
1.762611
1.740325
1.798366
1.717752
1.663393
1.767532
1.755139
1.758907
1.769333
1.704774
1.725804
1.782763
1.731689
1.735671
1.755555
1.753627
1.767315
1.721605
1.759715
1.743859
1.741412
1.750891
1.728300
1.769305
1.805106
1.830869
1.771444
1.746715
1.786734
1.750505
1.799627
1.771539
1.682958
1.749514
1.726587
1.730124
1.692424
1.754818
1.785535
1.743132
1.687246
1.766248
1.701864
1.694855
1.766483
1.725150
1.736810
1.722216
1.753083
1.724079
1.710509
1.688647
1.702922
1.743715
1.719260
1.735784
1.789676
1.722730
1.725496
1.728073
1.727859
1.709698
1.773124
1.777406
1.723453
1.720420
1.769787
1.742332
1.737119
1.715410
1.703321
1.794920
1.703479
1.749428
1.671936
1.773675
1.722847
1.728315
1.695442
1.764719
1.726635
1.757642
1.692666
1.726985
1.793540
1.728048
1.711679
1.700517
1.730264
1.749568
1.719650
1.728351
1.702002
1.718812
1.718104
1.718382
1.727816
1.720055
1.701952
1.733650
1.715997
1.675233
1.667389
1.649355
1.713306
1.667220
1.658985
1.709913
1.750101
1.762408
1.783265
1.792580
1.807342
1.722103
1.747384
1.770387
1.737993
1.729333
1.735703
1.709160
1.722072
1.729948
1.723660
1.673913
1.676349
1.708847
1.724857
1.691419
1.706690
1.671537
1.674327
1.724394
1.681926
1.721882
1.690970
1.691239
1.711588
1.781179
1.729260
1.771922
1.791797
1.803717
1.762642
1.804749
1.799063
1.745982
1.718008
1.733528
1.759635
1.777474
1.692713
1.685675
1.740834
1.720062
1.737846
1.671110
1.635709
1.734267
1.674052
1.694729
1.748594
1.685328
1.710224
1.687019
1.705161
1.708045
1.681686
1.706264
1.652677
1.692101
1.696784
1.682703
1.687133
1.647302
1.735220
1.697166
1.694113
1.743815
1.680207
1.732058
1.661911
1.670891
1.678693
1.676512
1.704563
1.683020
1.666872
1.722597
1.676778
1.659648
1.678024
1.673662
1.671586
1.674186
1.668011
1.687557
1.654092
1.636306
1.666229
1.683627
1.644492
1.678448
1.685410
1.701241
1.671315
1.703577
1.746227
1.693994
1.656269
1.678046
1.684116
1.687132
1.663566
1.676233
1.660977
1.693646
1.679812
1.681491
1.696179
1.694502
1.648092
1.658508
1.666421
1.643268
1.698025
1.689856
1.645620
1.673074
1.708342
1.613967
1.602277
1.648178
1.634562
1.707195
1.690094
1.663013
1.693407
1.690459
1.673873
1.740192
1.665052
1.706909
1.650411
1.731425
1.655414
1.666931
1.687155
1.670578
1.704539
1.668311
1.629591
1.634704
1.615166
1.629000
1.739228
1.649350
1.652254
1.618123
1.640338
1.639963
1.664086
1.661562
1.625414
1.728712
1.691769
1.660662
1.655949
1.648006
1.656683
1.632428
1.726563
1.684060
1.662162
1.740198
1.652632
1.636375
1.652680
1.646206
1.627317
1.677310
1.662903
1.635750
1.651573
1.659806
1.649727
1.656937
1.657053
1.700124
1.663965
1.614151
1.670963
1.663568
1.661943
1.640491
1.647578
1.689068
1.592214
1.618324
1.618396
1.676089
1.617402
1.606160
1.702588
1.663791
1.634797
1.630071
1.681014
1.625930
1.639914
1.632540
1.628808
1.624665
1.638910
1.652531
1.677411
1.611502
1.652331
1.651841
1.646250
1.649132
1.640078
1.713482
1.657682
1.647298
1.628268
1.662873
1.658477
1.639515
1.654882
1.680727
1.638108
1.638387
1.674654
1.620858
1.657760
1.641302
1.654263
1.626487
1.659420
1.668123
1.614672
1.657741
1.614557
1.665105
1.616300
1.596178
1.669407
1.630958
1.597686
1.598922
1.624001
1.582995
1.624763
1.657136
1.620513
1.659223
1.639189
1.622791
1.645686
1.680094
1.669789
1.688195
1.620141
1.670988
1.652717
1.682330
1.598003
1.652860
1.632809
1.631226
1.681375
1.632039
1.645887
1.684180
1.642132
1.603802
1.612007
1.631864
1.629006
1.636406
1.628148
1.653691
1.664856
1.586329
1.627361
1.676419
1.637002
1.632901
1.597067
1.618200
1.639024
