2.306684
2.304963
2.306206
2.301270
2.304398
2.306573
2.285425
2.262780
2.237948
2.212613
2.196270
2.207090
2.180964
2.161773
2.151175
2.148922
2.158637
2.113074
2.103133
2.049417
2.054116
2.073932
2.002154
1.992843
1.981649
1.965402
1.936946
1.888309
1.841267
1.863116
1.868236
1.848478
1.826064
1.857264
1.869367
1.922151
1.928143
1.886239
1.840431
1.904512
1.831210
1.874178
1.771292
1.781437
1.806630
1.762532
1.747539
1.775504
1.772952
1.777135
1.706221
1.722820
1.714284
1.719623
1.756364
1.746373
1.770507
1.782586
1.730951
1.754477
1.757816
1.760006
1.743083
1.739790
1.742524
1.742949
1.750760
1.734606
1.753386
1.721926
1.706571
1.722350
1.725117
1.693334
1.709922
1.753084
1.685802
1.745198
1.730503
1.704292
1.736625
1.769244
1.704324
1.700587
1.692787
1.677429
1.686794
1.704728
1.704071
1.703192
1.715307
1.693934
1.727979
1.708890
1.695215
1.683259
1.709460
1.695279
1.685147
1.680951
1.672001
1.674904
1.673159
1.691152
1.669758
1.682060
1.665253
1.670494
1.679327
1.684544
1.685100
1.669089
1.675287
1.666260
1.689658
1.649201
1.666688
1.658829
1.646880
1.672429
1.666426
1.699639
1.658543
1.676301
1.687457
1.650242
1.667041
1.690908
1.678742
1.675753
1.655540
1.647503
1.657667
1.635375
1.667950
1.637471
1.669393
1.693220
1.675490
1.663655
1.618269
1.646470
1.663154
1.619281
1.648923
1.637678
1.671437
1.640443
1.586191
1.642729
1.634935
1.615336
1.616826
1.637194
1.627589
1.639561
1.613706
1.603431
1.576555
1.595219
1.626860
1.629805
1.597946
1.625925
1.627052
1.608359
1.603303
1.611431
1.643193
1.648348
1.605089
1.599510
1.593517
1.597241
1.630089
1.643305
1.586365
1.594290
1.622983
1.580938
1.585385
1.600348
1.585795
1.596841
1.607429
1.588007
1.657346
1.582348
1.592589
1.609353
1.563236
1.591251
1.612731
1.549595
1.585416
1.581728
1.600870
1.617174
1.576759
1.560037
1.552486
1.562321
1.544791
1.544478
1.573050
1.584248
1.547466
1.563060
1.556871
1.583038
1.558068
1.579824
1.564084
1.567690
1.580874
1.542949
1.554354
1.578054
1.569327
1.562829
1.572258
1.593371
1.550987
1.557403
1.560738
1.532332
1.563924
1.520917
1.530984
1.542562
1.541299
1.558165
1.566558
1.548988
1.519548
1.529755
1.526782
1.573127
1.539068
1.536946
1.542216
1.537260
1.556955
1.532207
1.539529
1.531627
1.558984
1.574327
1.534840
1.539690
1.559757
1.544592
1.542821
1.505983
1.528960
1.542109
1.542518
1.531456
1.540097
1.538777
1.550167
1.543935
1.560328
1.526459
1.535005
1.548606
1.514261
1.545084
1.558203
1.539623
1.524086
1.541237
1.507413
1.554057
1.550919
1.538108
1.513390
1.551046
1.496118
1.520763
1.536486
1.527403
1.533903
1.525164
1.534946
1.535449
1.536807
1.528735
1.521523
1.534777
1.539178
1.528627
1.572595
1.518655
1.529730
1.538797
1.530862
1.532422
1.549373
1.554420
1.508291
1.517972
1.533170
1.518716
1.532568
1.514219
1.523305
1.557658
1.519226
1.524584
1.519226
1.563917
1.515612
1.515990
1.521789
1.512392
1.508392
1.527508
1.522511
1.516434
1.543876
1.526684
1.526586
1.528880
1.539085
1.542647
1.543644
1.503778
1.515195
1.506810
1.527032
1.514711
1.527733
1.523236
1.512939
1.518331
1.557046
1.534317
1.522230
1.527122
1.516949
1.546192
1.513453
1.518836
1.505310
1.538453
1.495369
1.541007
1.530571
1.516581
1.512961
1.505417
1.522604
1.515120
1.541753
1.513826
1.516770
1.509574
1.517837
1.514156
1.525687
1.521153
1.529013
1.513533
1.518891
1.530626
1.514990
1.513191
1.503821
1.528198
1.539410
1.525636
1.534046
1.510329
1.527374
1.531083
1.514870
1.529157
1.520063
1.508995
1.505741
1.507530
1.516012
1.544011
1.528624
1.507832
1.522831
1.510504
1.506560
1.505335
1.508908
1.502157
1.507447
1.515747
1.497924
1.509092
1.535520
1.546105
1.496275
1.544251
1.531392
1.509805
1.527434
1.506133
1.528914
1.523258
1.506665
1.508443
1.511478
1.543220
1.536380
1.518869
1.500615
1.506212
1.494451
1.533587
1.534096
1.526027
1.508241
1.494145
1.525402
1.517282
1.524542
1.504123
1.554720
1.545995
1.508575
1.507285
1.512197
1.505877
1.518978
1.506345
1.489526
1.508213
1.524875
1.519001
1.519750
1.508083
1.511971
1.515302
1.494364
1.517383
1.499073
1.526810
1.516616
1.504436
1.494941
1.506480
1.498314
1.522221
1.522601
1.530058
1.507312
1.511379
1.518690
1.503311
1.497933
1.509487
1.513670
1.534637
1.508201
1.504767
1.550867
1.496106
1.509280
1.508765
1.503162
1.507526
1.503314
1.489748
1.522499
1.499218
1.503660
1.514860
1.525990
1.532040
1.504072
1.500653
1.507991
1.504109
1.515704
1.517826
1.485673
1.516926
1.494327
1.497562
1.491993
1.516805
1.491227
1.526571
1.518155
1.521138
1.508234
1.538417
1.511182
1.501627
1.501909
1.502203
1.500382
1.496465
