2.303972
2.301159
2.298043
2.291837
2.286867
2.280432
2.278059
2.266588
2.240886
2.224449
2.199669
2.172671
2.164803
2.172707
2.134406
2.093693
2.079771
2.089336
2.055398
2.031029
1.976800
1.922953
1.877164
1.880017
1.855422
1.852654
1.798320
1.829116
1.786491
1.787506
1.738243
1.743340
1.754985
1.716965
1.693982
1.701573
1.688701
1.687053
1.689752
1.684648
1.664495
1.673573
1.663578
1.653611
1.680943
1.666802
1.675838
1.654883
1.619451
1.677844
1.614268
1.619229
1.635226
1.633338
1.695566
1.639281
1.611048
1.627126
1.621570
1.594230
1.603880
1.613517
1.623545
1.602269
1.594345
1.572061
1.615040
1.595578
1.625789
1.601808
1.577751
1.634761
1.590318
1.606791
1.592627
1.592501
1.599070
1.575510
1.588338
1.592044
1.615372
1.553241
1.583879
1.581288
1.586025
1.585010
1.567748
1.594882
1.553736
1.590787
1.601353
1.589380
1.573736
1.575546
1.567145
1.566720
1.582236
1.576773
1.576718
1.585151
1.565452
1.544570
1.608743
1.565478
1.545913
1.600296
1.571855
1.564742
1.536511
1.584240
1.558052
1.558484
1.536354
1.572365
1.549395
1.554838
1.565782
1.570524
1.536645
1.560684
1.546926
1.559072
1.562830
1.569118
1.548816
1.550756
1.566495
1.542271
1.546650
1.550081
1.565260
1.525879
1.579003
1.563064
1.556910
1.551660
1.569318
1.523567
1.543665
1.505756
1.528388
1.565485
1.551433
1.560216
1.553763
1.571582
1.530615
1.550015
1.558413
1.563755
1.545593
1.545736
1.530350
1.520770
1.538464
1.536265
1.557742
1.543524
1.534889
1.524187
1.542903
1.536176
1.546729
1.545713
1.546668
1.551335
1.513342
1.541105
1.535190
1.524228
1.558224
1.545236
1.535812
1.537819
1.532574
1.522622
1.529027
1.542325
1.547837
1.527633
1.524346
1.556449
1.542526
1.538146
1.513631
1.568689
1.513073
1.550627
1.552279
1.534030
1.540296
1.530140
1.534185
1.538239
1.526904
1.537340
1.528452
1.539367
1.518051
1.518880
1.553537
1.506691
1.524245
1.521836
1.524095
1.526793
1.515098
1.533677
1.512632
1.518503
1.550733
1.530456
1.514082
1.534707
1.567410
1.506345
1.534788
1.499801
1.546946
1.511773
1.502232
1.525642
1.505766
1.521688
1.526175
1.551495
1.518917
1.527742
1.519732
1.529616
1.530792
1.527706
1.510321
1.532722
1.528409
1.519403
1.523431
1.523182
1.515800
1.516444
1.537103
1.512167
1.508729
1.512828
1.522676
1.526910
1.515026
1.524069
1.505360
1.509565
1.531615
1.520588
1.497627
1.511204
1.538857
1.491274
1.499973
1.500983
1.521353
1.526594
1.513203
1.517634
1.508635
1.543644
1.516954
1.495345
1.515454
1.509243
1.511061
1.519143
1.527414
1.517682
1.526493
1.528724
1.520020
1.506207
1.496216
1.528679
1.519543
1.508649
1.522259
1.508521
1.507773
1.504901
1.507569
1.503528
1.522383
1.478591
1.499660
1.524564
1.514158
1.495392
1.520472
1.537017
1.506783
1.508116
1.502803
1.533966
1.485212
1.504893
1.499036
1.511309
1.504789
1.518888
1.499064
1.496134
1.503227
1.520083
1.498558
1.501971
1.507272
1.517269
1.512089
1.505184
1.513965
1.514676
1.498443
1.498147
1.497414
1.512367
1.529952
1.510719
1.503744
1.497853
1.498478
1.528798
1.516657
1.526300
1.507578
1.508200
1.488284
1.507265
1.497664
1.515873
1.521494
1.501859
1.494737
1.505706
1.506711
1.495867
1.522756
1.484901
1.494034
1.527141
1.511958
1.487759
1.511929
1.494125
1.493377
1.482075
1.500089
1.510107
1.512600
1.500128
1.528707
1.504332
1.511940
1.514645
1.512539
1.510456
1.509445
1.513235
1.494475
1.490729
1.496694
1.498022
1.489510
1.508704
1.492651
1.503374
1.489399
1.509356
1.497725
1.506418
1.503357
1.502999
1.505600
1.506629
1.498830
1.500911
1.495176
1.502413
1.503942
1.489931
1.502678
1.517756
1.495139
1.493237
1.494486
1.492220
1.488433
1.495803
1.522653
1.506730
1.491180
1.494990
1.493831
1.477351
1.516189
1.504500
1.492992
1.525479
1.505043
1.493789
1.503758
1.500196
1.503340
1.504804
1.513875
1.509879
1.510350
1.509351
1.495667
1.503663
1.494619
1.495553
1.496103
1.500801
1.518424
1.484671
1.501223
1.529277
1.512833
1.494916
1.483508
1.507047
1.479496
1.484672
1.479893
1.488025
1.515103
1.496909
1.491127
1.505946
1.520290
1.489088
1.504788
1.499133
1.497309
1.498208
1.488433
1.494840
1.520063
1.488552
1.487705
1.482253
1.493949
1.494998
1.486774
1.514402
1.497330
1.502184
1.517592
1.496313
1.493021
1.485088
1.502819
1.484668
1.501668
1.484983
1.495170
1.493644
1.482047
1.491549
1.485056
1.501757
1.501031
1.495010
1.494647
1.498522
1.492647
1.503369
1.509288
1.499107
1.493860
1.507451
1.495628
1.492731
1.509742
1.486793
1.511057
1.499754
1.499355
1.489104
1.503482
1.489460
1.498996
1.483866
1.481057
1.485517
1.537026
1.485958
1.491819
1.495489
1.480896
1.493855
1.486799
1.520575
1.488481
1.481493
