2.311546
2.306227
2.298282
2.299395
2.299613
2.307968
2.307278
2.305110
2.304775
2.301645
2.304931
2.301507
2.293708
2.285499
2.299162
2.302165
2.305233
2.306784
2.280389
2.294376
2.255483
2.248716
2.246903
2.216463
2.241018
2.235991
2.239731
2.307116
2.278484
2.318822
2.398460
2.528908
2.496974
2.464238
2.572491
2.539796
2.571961
2.414097
2.444579
2.267143
2.201222
2.239799
2.220363
2.197055
2.248096
2.199164
2.145226
2.157188
2.154125
2.099335
2.052145
2.004225
1.950400
1.885791
1.913883
1.914445
1.901126
1.951672
1.869121
1.869497
1.838872
1.829890
1.775541
1.758158
1.713428
1.717770
1.778741
1.791253
1.825347
1.805089
1.816263
1.761351
1.727039
1.745977
1.701017
1.703793
1.785850
1.806208
1.803257
1.836353
1.813998
1.771546
1.806751
1.834370
1.811940
1.754249
1.732638
1.706301
1.741195
1.777705
1.701851
1.736426
1.704667
1.699016
1.680721
1.651015
1.686340
1.653716
1.658244
1.643416
1.664456
1.606496
1.649505
1.653532
1.624029
1.664173
1.702824
1.657521
1.658328
1.644802
1.633223
1.603987
1.622199
1.567154
1.622470
1.602101
1.580866
1.645122
1.604594
1.621371
1.579297
1.577359
1.581981
1.607621
1.583933
1.585229
1.615936
1.606057
1.557456
1.574397
1.589696
1.598384
1.568052
1.613181
1.612062
1.569887
1.581869
1.599074
1.569500
1.571030
1.590174
1.572781
1.562117
1.574683
1.583135
1.573209
1.589357
1.582492
1.538508
1.578142
1.541894
1.594014
1.589236
1.558093
1.570326
1.572887
1.583130
1.561367
1.568654
1.580160
1.557980
1.563387
1.578360
1.555298
1.580827
1.560287
1.568811
1.565093
1.553801
1.592673
1.554214
1.543171
1.544095
1.554408
1.562670
1.580983
1.565440
1.539250
1.573804
1.579210
1.539242
1.549492
1.520886
1.553423
1.518981
1.536302
1.534684
1.542408
1.590765
1.570809
1.570697
1.555361
1.549281
1.554839
1.561251
1.555387
1.546874
1.556842
1.565088
1.524338
1.547630
1.542759
1.548843
1.569535
1.566730
1.550404
1.552690
1.520288
1.530895
1.552855
1.537356
1.539594
1.544842
1.530915
1.518062
1.538168
1.550531
1.545667
1.542827
1.523943
1.532183
1.550001
1.524332
1.551868
1.551462
1.560154
1.552837
1.536003
1.539200
1.540231
1.543343
1.533835
1.523365
1.507882
1.534764
1.544662
1.531916
1.541903
1.548849
1.558216
1.540947
1.525647
1.537357
1.540950
1.561101
1.561315
1.546070
1.533463
1.539167
1.521904
1.532556
1.545594
1.520728
1.529446
1.558450
1.530321
1.542161
1.537836
1.521124
1.517879
1.536371
1.521124
1.511973
1.510666
1.531890
1.572765
1.517640
1.521313
1.517070
1.540860
1.535198
1.519081
1.533142
1.517577
1.531685
1.530355
1.515334
1.521470
1.528710
1.516515
1.557283
1.526659
1.538120
1.531582
1.527107
1.518158
1.527067
1.528619
1.547402
1.519144
1.543162
1.535024
1.518776
1.524467
1.523977
1.553557
1.517267
1.541223
1.554519
1.532928
1.531725
1.514940
1.513558
1.524372
1.513891
1.511106
1.524687
1.504667
1.527854
1.541594
1.530115
1.526963
1.518639
1.532074
1.526508
1.523747
1.519333
1.514997
1.538316
1.536202
1.530063
1.518248
1.503672
1.510714
1.508355
1.520040
1.510405
1.535080
1.518651
1.520809
1.517290
1.518987
1.518428
1.540637
1.509651
1.532559
1.525239
1.521006
1.533658
1.526101
1.538394
1.545771
1.523059
1.511943
1.505471
1.517477
1.539817
1.522846
1.527409
1.529600
1.512050
1.525801
1.518350
1.541188
1.545799
1.530228
1.521137
1.515993
1.515390
1.535467
1.536417
1.506354
1.517767
1.515332
1.501752
1.516357
1.520320
1.528379
1.512275
1.511735
1.518721
1.548376
1.529032
1.534872
1.516389
1.519654
1.514216
1.515183
1.514648
1.516165
1.526386
1.513808
1.516841
1.513355
1.508107
1.524351
1.534441
1.512873
1.532083
1.517627
1.516037
1.499337
1.532974
1.526076
1.504258
1.500952
1.519258
1.509213
1.532926
1.520167
1.521073
1.499369
1.522900
1.539925
1.512316
1.524526
1.505574
1.522957
1.516566
1.519039
1.505134
1.508306
1.515184
1.499096
1.517530
1.510445
1.500445
1.539699
1.513493
1.501310
1.516570
1.495471
1.526720
1.516942
1.508654
1.507573
1.501517
1.509205
1.498159
1.533289
1.528441
1.510877
1.517646
1.517994
1.526158
1.497986
1.500841
1.507774
1.510095
1.507916
1.507450
1.508232
1.495672
1.517407
1.519693
1.504335
1.507491
1.508921
1.520458
1.538468
1.520576
1.530417
1.503618
1.530391
1.524849
1.520935
1.498583
1.546460
1.503638
1.498994
1.517650
1.490969
1.529675
1.510421
1.506302
1.524334
1.517871
1.510329
1.496886
1.490146
1.502445
1.503589
1.509574
1.518691
1.497105
1.508455
1.500748
1.513833
1.509940
1.510925
1.501354
1.509757
1.512920
1.499442
1.506936
1.511491
1.519294
1.498152
1.513704
1.521207
1.517180
1.522669
1.491028
1.491328
1.502973
1.506204
1.484852
1.495316
1.509563
1.526352
