2.282401
2.282427
2.275392
2.265539
2.251184
2.248689
2.236587
2.234388
2.204870
2.197041
2.156309
2.142357
2.138613
2.128671
2.129481
2.114474
2.091221
2.085279
2.087625
2.063735
2.070997
1.991077
2.093964
2.015747
1.992954
1.959560
1.891982
1.818019
1.727509
1.528747
1.430881
1.438859
1.316776
1.313055
1.292808
1.224392
0.949596
0.921866
0.929976
1.003526
0.836624
0.807967
0.718370
1.337248
0.888184
1.940311
2.173834
3.881980
3.347471
12.199415
10.410028
5.839217
2.540295
1.767467
1.825096
1.910874
1.998394
2.054658
2.087343
2.087824
2.111715
2.114505
2.153190
2.126364
2.145531
2.126029
2.135831
2.119450
2.094681
2.098708
2.048014
2.061303
1.972100
1.947251
1.932752
1.893345
1.860934
1.840141
1.786773
1.889588
1.788607
1.732262
1.735756
1.680033
1.713844
1.600897
1.651121
1.585880
1.542562
1.392849
1.475497
1.416967
1.335576
1.190702
1.211347
1.117095
1.159670
1.042827
0.984795
0.913664
0.896513
0.840144
0.786247
0.771256
0.876324
0.677642
0.686958
0.745381
0.729223
0.782577
0.680241
0.491143
0.469972
0.572764
0.748973
0.591250
0.439036
0.510774
0.484351
0.608496
0.881821
0.586628
0.478797
0.481494
0.520372
0.822316
0.546270
0.398340
0.388449
0.603154
0.633947
0.646066
0.563072
0.626305
1.058434
0.889245
0.367829
4.270295
2.462932
6.209156
9.332912
2.776328
5.614494
3.802061
2.828820
2.259351
2.387010
1.670144
1.820257
1.800989
2.091690
1.678780
1.775448
2.114532
1.886916
1.609838
1.361160
3.393231
3.449540
6.293729
3.734220
7.181292
23.422783
105.283455
281.532227
2.980883
2.294275
2.042345
2.038980
2.116310
1.980912
2.172504
2.104514
2.000462
2.105893
2.099160
2.114015
2.103895
2.175157
2.197108
2.196612
2.210457
2.320910
2.224873
2.270776
2.257642
2.291474
2.315150
2.320699
2.329605
2.319186
2.298557
2.318799
2.313480
2.321290
2.334339
2.322535
2.336984
2.327684
2.328469
2.339708
2.320824
2.329311
2.312886
2.329619
2.326380
2.308688
2.311631
2.315141
2.317282
2.295368
2.331920
2.313034
2.320789
2.307271
2.319777
2.310707
2.292769
2.292028
2.292286
2.284249
2.264533
2.276411
2.280105
2.247325
2.288753
2.245335
2.249162
2.236744
2.224712
2.219775
2.196486
2.248720
2.241793
2.280440
2.257264
2.249077
2.237049
2.207073
2.188266
2.215649
2.237731
2.233443
2.179887
2.204696
2.156254
2.214625
2.244801
2.242976
2.298204
2.222796
2.183442
2.189740
2.219135
2.245004
2.180261
2.211686
2.228665
2.255569
2.211459
2.203137
2.279371
2.236628
2.280321
2.211291
2.193957
2.249300
2.199006
2.218347
2.226515
2.230698
2.269808
2.220933
2.255651
2.272205
2.246856
2.238062
2.216187
2.229435
2.235424
2.263423
2.213398
2.222924
2.244760
2.234417
2.292118
2.237191
2.240830
2.254700
2.292413
2.246626
2.244166
2.217560
2.233728
2.232094
2.232686
2.244266
2.262886
2.235605
2.267713
2.294083
2.274692
2.276503
2.238009
2.307333
2.220917
2.288990
2.262674
2.258651
2.238372
2.285845
2.280704
2.312787
2.247218
2.307205
2.253373
2.248939
2.247374
2.256163
2.267251
2.255469
2.303607
2.273064
2.320131
2.273789
2.258119
2.240119
2.271498
2.257701
2.258167
2.239716
2.313028
2.294717
2.256598
2.258055
2.240103
2.284283
2.251611
2.268342
2.246718
2.265160
2.273308
2.284031
2.294326
2.290229
2.276848
2.268689
2.325590
2.267374
2.270707
2.296291
2.251660
2.344934
2.297395
2.266546
2.262513
2.277945
2.272822
2.270310
2.273953
2.228351
2.245164
2.264834
2.279534
2.300241
2.286547
2.280867
2.243459
2.278625
2.273137
2.311366
2.308744
2.260415
2.290646
2.232737
2.251634
2.249706
2.350521
2.271202
2.274475
2.249329
2.306720
2.283491
2.295261
2.249744
2.315645
2.275510
2.267137
2.286091
2.263516
2.316097
2.288201
2.290995
2.285573
2.270313
2.283571
2.308249
2.284563
2.346451
2.323212
2.286289
2.319279
2.346334
2.339457
2.278908
2.273220
2.318983
2.313804
2.294373
2.292188
2.319201
2.304511
2.331220
2.255635
2.299951
2.303890
2.290262
2.282321
2.279020
2.321487
2.327386
2.312390
2.333864
2.306189
2.290592
2.271030
2.349897
2.301548
2.287520
2.326997
2.304659
2.360398
2.314648
2.383312
2.325520
2.313463
2.304953
2.330448
2.302077
2.315912
2.298057
2.312743
2.305313
2.334478
2.310503
2.290827
2.324614
2.307017
2.334399
2.283781
2.276802
2.345155
2.317378
2.292200
2.311293
2.316416
2.329442
2.275113
2.318226
2.288853
2.329502
2.309936
2.301915
2.277371
2.307473
2.277060
2.282568
2.339927
2.300960
2.265046
2.334273
2.286137
2.317777
2.343284
2.289722
2.306957
2.284253
2.284262
2.272513
2.259690
2.281177
2.276744
2.279042
2.320217
2.257148
2.279934
2.297524
2.279958
2.277595
2.252825
2.257562
2.306441
2.293050
2.286389
2.356510
2.268118
2.284495
2.294104
2.284163
2.286507
