2.371681
2.361681
2.365962
2.365387
2.356877
2.338170
2.321295
2.304841
2.300185
2.296587
2.275450
2.276482
2.249664
2.279474
2.228197
2.228890
2.181363
2.182040
2.151195
2.095029
2.078511
2.013804
1.977205
1.960471
1.942474
1.921011
1.820172
1.779513
1.690231
1.794808
1.745162
1.618550
1.520276
1.351392
1.078303
1.092476
1.124049
1.215582
1.127946
0.862509
0.758224
0.974772
0.732485
1.525116
1.478217
1.604536
8.636824
15.904076
12.229065
11.485893
3.218421
2.658857
1.799599
1.428504
1.766058
1.992331
2.080720
2.162719
2.187804
2.204337
2.234366
2.236324
2.232291
2.238135
2.235763
2.235329
2.238901
2.254734
2.240328
2.245960
2.225680
2.229248
2.225638
2.228612
2.253243
2.295999
2.302495
2.284906
2.215594
2.242634
2.118441
2.142554
2.049772
2.012478
1.972856
1.946223
1.867197
1.785447
1.730876
1.673946
1.625787
1.528065
1.391492
1.271764
1.322603
0.991043
1.029573
1.005093
0.768332
0.733234
0.711772
0.631407
0.460852
0.723424
0.902811
0.645271
0.656183
0.495347
0.773876
0.581419
0.660586
0.486584
0.590019
0.712134
0.875137
0.308641
0.301459
0.421791
0.299574
0.346013
0.582344
1.154988
0.940253
0.353155
0.230235
0.180356
0.510447
0.659811
0.393917
0.760473
0.484660
0.404534
0.517683
0.438905
0.540752
1.106015
0.352488
3.494541
1.605623
7.123575
15.825185
3.674552
3.961823
5.838364
3.895926
1.820234
1.086674
1.287307
1.098171
1.552846
1.610026
1.732187
1.499396
1.496878
2.359034
2.386215
1.242454
4.029527
4.520079
4.749222
3.504905
15.020825
42.112953
52.352974
476.236603
5.104899
5.827147
2.373860
2.641619
2.522078
2.455928
2.627540
2.570064
2.799489
2.635978
2.631510
2.643099
2.602378
2.367279
2.385023
2.466545
2.338573
2.301924
2.308395
2.292882
2.248795
2.266830
2.237149
2.267974
2.235697
2.237500
2.253272
2.241086
2.231812
2.210538
2.244784
2.229083
2.259519
2.225120
2.226296
2.227930
2.224263
2.226259
2.255097
2.238348
2.240311
2.242879
2.250124
2.236645
2.272728
2.237857
2.240896
2.230784
2.246502
2.244750
2.233228
2.239673
2.270159
2.312287
2.279504
2.291665
2.289773
2.265182
2.332638
2.354639
2.276591
2.228551
2.266083
2.354496
2.297487
2.299870
2.341296
2.361586
2.343230
2.323274
2.371557
2.375331
2.411311
2.357733
2.299331
2.352061
2.327341
2.366915
2.355910
2.424747
2.388060
2.410642
2.375423
2.351196
2.394732
2.407708
2.311635
2.289300
2.370550
2.398977
2.368045
2.381088
2.370402
2.344326
2.341924
2.408195
2.393248
2.337293
2.314289
2.273131
2.367667
2.389081
2.374494
2.419198
2.415947
2.335131
2.374111
2.337103
2.387468
2.302496
2.417125
2.393013
2.339365
2.408237
2.331648
2.373230
2.263067
2.356331
2.355532
2.349019
2.335269
2.444417
2.386793
2.377192
2.336209
2.410758
2.309569
2.338208
2.398061
2.310429
2.353109
2.447106
2.385038
2.371290
2.482052
2.374892
2.336069
2.357594
2.406030
2.407789
2.485444
2.357747
2.337317
2.391419
2.398163
2.371738
2.387016
2.393222
2.449864
2.423794
2.371999
2.462670
2.363407
2.367278
2.346887
2.340822
2.390795
2.284322
2.404490
2.367400
2.370919
2.305243
2.437689
2.340395
2.381396
2.380506
2.355642
2.355062
2.393264
2.422357
2.378586
2.298571
2.250575
2.302566
2.348796
2.290295
2.347443
2.374764
2.383016
2.373387
2.451854
2.399290
2.404745
2.354885
2.374576
2.357884
2.395540
2.378833
2.419600
2.374989
2.400894
2.367607
2.271460
2.374356
2.411077
2.333327
2.367370
2.355834
2.378320
2.359497
2.399774
2.458917
2.346521
2.370523
2.349320
2.404997
2.373566
2.398377
2.413715
2.421601
2.446747
2.367672
2.393938
2.374667
2.300849
2.369767
2.351198
2.380329
2.467013
2.455072
2.438757
2.420187
2.362466
2.397471
2.395144
2.375475
2.366862
2.313864
2.412386
2.375234
2.413564
2.346675
2.382918
2.336193
2.344132
2.405627
2.352058
2.351577
2.355807
2.420913
2.442116
2.293999
2.419664
2.406045
2.443142
2.338296
2.307621
2.417984
2.332225
2.378859
2.354988
2.349301
2.378670
2.430930
2.414651
2.420007
2.303437
2.348772
2.421230
2.352394
2.333201
2.421689
2.446196
2.291747
2.296390
2.416616
2.374857
2.359604
2.362453
2.350664
2.328114
2.339956
2.341158
2.344421
2.355889
2.354428
2.370068
2.285235
2.329960
2.372460
2.318479
2.294681
2.343577
2.344877
2.417609
2.311203
2.396537
2.353051
2.332094
2.371330
2.356952
2.436191
2.435959
2.361876
2.384811
2.406849
2.443846
2.403962
2.405968
2.372174
2.399232
2.386382
2.321441
2.404171
2.330959
2.371147
2.396217
2.367687
2.397714
2.403655
2.306745
2.444317
2.459237
2.373427
2.394425
2.345222
2.393823
2.339079
2.334155
2.352750
2.428623
2.403644
2.346453
2.364883
2.380935
2.361968
2.427978
2.373665
2.416277
2.374031
2.349948
2.417154
2.343972
2.436090
2.377436
