2.304574
2.304698
2.288013
2.281500
2.292845
2.296279
2.274820
2.258328
2.215094
2.199508
2.221717
2.233570
2.235846
2.208171
2.155009
2.162983
2.257837
2.266823
2.127596
2.059465
2.009641
2.077343
2.136894
2.102399
2.080913
2.089090
2.010139
1.982352
1.947219
1.901528
1.822288
1.865518
1.825643
1.827236
1.845739
1.843964
1.802154
1.757043
1.786031
1.805975
1.785838
1.766826
1.741026
1.731117
1.700088
1.750121
1.753862
1.699600
1.749233
1.755821
1.718399
1.734967
1.704782
1.692244
1.711451
1.730590
1.751135
1.705047
1.734934
1.777839
1.684395
1.773033
1.730309
1.705320
1.710311
1.701796
1.715440
1.711487
1.765151
1.745066
1.753085
1.753297
1.695057
1.682825
1.697339
1.628631
1.689313
1.704670
1.682722
1.661635
1.764252
1.669059
1.720523
1.685802
1.667802
1.672536
1.683021
1.687570
1.693212
1.674448
1.663797
1.696908
1.703121
1.706093
1.747780
1.663353
1.693317
1.664153
1.649557
1.646026
1.642926
1.691332
1.631667
1.646070
1.644206
1.672967
1.649739
1.663752
1.704205
1.653676
1.651308
1.669478
1.654334
1.678168
1.660405
1.671376
1.621331
1.609098
1.659236
1.641049
1.649699
1.677456
1.665419
1.665459
1.633989
1.656686
1.641486
1.618553
1.680620
1.636741
1.666166
1.639682
1.648163
1.648700
1.620713
1.620835
1.670563
1.612687
1.640359
1.618773
1.631138
1.620608
1.606362
1.625958
1.626591
1.624589
1.618422
1.603030
1.617873
1.600858
1.647686
1.589739
1.660028
1.627637
1.583357
1.620348
1.634379
1.590458
1.622253
1.672188
1.660470
1.609186
1.611011
1.671549
1.633643
1.596195
1.680764
1.634371
1.643214
1.607807
1.596035
1.614954
1.609886
1.579130
1.589847
1.608856
1.599454
1.580450
1.637366
1.587280
1.600421
1.609704
1.592813
1.633346
1.621305
1.605593
1.645480
1.620798
1.589580
1.569588
1.576068
1.587131
1.621913
1.630162
1.598929
1.633127
1.601128
1.621777
1.571129
1.600936
1.594895
1.588245
1.602180
1.605206
1.624311
1.585387
1.611793
1.597892
1.602844
1.598468
1.619892
1.626637
1.597327
1.621395
1.557498
1.610506
1.626143
1.613161
1.595591
1.601933
1.601016
1.644057
1.623990
1.598101
1.563767
1.568048
1.581559
1.602141
1.575701
1.601585
1.594354
1.599590
1.591497
1.565351
1.645951
1.603782
1.588228
1.637082
1.574064
1.588909
1.617407
1.608279
1.583237
1.576624
1.614235
1.633260
1.613308
1.548008
1.608225
1.593939
1.634270
1.570656
1.568675
1.614204
1.599699
1.562035
1.591582
1.614023
1.587110
1.601556
1.578894
1.562848
1.580587
1.569329
1.558874
1.625821
1.636075
1.598588
1.638007
1.605044
1.538882
1.577660
1.575422
1.581532
1.534812
1.611474
1.554958
1.613238
1.608611
1.574133
1.578802
1.585359
1.574218
1.573293
1.574272
1.577305
1.596011
1.592715
1.575496
1.591274
1.540019
1.607945
1.607768
1.594080
1.573808
1.611783
1.597440
1.595470
1.616103
1.579554
1.562997
1.605070
1.563548
1.553784
1.571737
1.578957
1.560693
1.577268
1.572981
1.567828
1.549800
1.614490
1.582174
1.567249
1.584831
1.581824
1.555779
1.597356
1.561818
1.586416
1.575500
1.566973
1.598985
1.575644
1.623944
1.608411
1.553502
1.553702
1.568251
1.577414
1.595046
1.582050
1.605912
1.574337
1.584176
1.601723
1.533358
1.544821
1.603537
1.611526
1.577335
1.560205
1.543694
1.572059
1.568352
1.582569
1.562216
1.571119
1.572025
1.599624
1.565971
1.572675
1.613620
1.571311
1.594088
1.578664
1.601872
1.562044
1.531710
1.586287
1.591117
1.569810
1.619743
1.590588
1.537839
1.559855
1.562585
1.563063
1.541104
1.583989
1.542918
1.572822
1.563597
1.591284
1.560012
1.580732
1.583749
1.558276
1.563111
1.509951
1.553885
1.546072
1.560981
1.557664
1.540997
1.598361
1.579441
1.579091
1.591858
1.573873
1.575019
1.600686
1.553686
1.546823
1.553421
1.529627
1.576834
1.555439
1.568264
1.572225
1.604527
1.596891
1.595446
1.560405
1.561928
1.561860
1.541940
1.579661
1.560418
1.593648
1.529443
1.558350
1.546737
1.557006
1.569515
1.584419
1.549832
1.567081
1.552643
1.559378
1.572707
1.514924
1.561687
1.555969
1.556248
1.584087
1.585758
1.562484
1.550875
1.598734
1.572649
1.564679
1.598560
1.577338
1.596257
1.548403
1.561355
1.580330
1.579102
1.531592
1.543501
1.558813
1.561080
1.549152
1.581866
1.546643
1.593974
1.558156
1.563642
1.573582
1.523358
1.558716
1.553034
1.549592
1.563606
1.536605
1.533476
1.568043
1.538172
1.559975
1.609998
1.568421
1.550700
1.551339
1.584370
1.594088
1.575405
1.559150
1.577005
1.583367
1.576852
1.560538
1.592691
1.557537
1.567970
1.556919
1.535055
1.581231
1.585239
1.516424
1.571555
1.542357
1.549199
1.571454
1.534787
1.545323
1.564244
1.559327
1.560441
1.560034
1.549033
1.538592
1.540713
1.587210
1.576499
1.531797
1.558853
1.579957
1.587045
1.568581
