2.319108
2.302194
2.299186
2.289841
2.289073
2.295057
2.295720
2.294773
2.238662
2.214787
2.189251
2.147291
2.139638
2.021692
1.992901
2.024940
2.011840
1.974914
1.863625
1.828215
1.849071
1.799676
1.743890
1.721490
1.757089
1.727893
1.701868
1.703918
1.673130
1.617874
1.648911
1.671829
1.646006
1.650740
1.644574
1.675556
1.643621
1.622265
1.594802
1.612501
1.605851
1.587534
1.581670
1.586469
1.586813
1.581671
1.573935
1.616099
1.583395
1.615558
1.575887
1.558134
1.563503
1.564077
1.574414
1.559208
1.592474
1.593436
1.559119
1.582609
1.575353
1.560540
1.549824
1.584273
1.583759
1.551576
1.561535
1.562272
1.560954
1.583337
1.571617
1.556476
1.547215
1.556473
1.593990
1.537106
1.556685
1.591182
1.561360
1.565419
1.527023
1.554274
1.528726
1.524697
1.556540
1.553653
1.557853
1.535647
1.545061
1.530777
1.530622
1.535106
1.545955
1.583380
1.544488
1.573187
1.556828
1.552703
1.519045
1.527826
1.533114
1.538962
1.550090
1.529532
1.528553
1.550419
1.512055
1.553295
1.559328
1.553115
1.535347
1.526773
1.564871
1.535222
1.562955
1.560402
1.529811
1.521880
1.553391
1.517282
1.543858
1.530296
1.534220
1.505508
1.552042
1.509919
1.521379
1.507530
1.509400
1.527351
1.528002
1.517054
1.511080
1.537733
1.507863
1.518166
1.526871
1.518619
1.496863
1.516133
1.511050
1.528006
1.539484
1.525750
1.495061
1.509065
1.522662
1.518505
1.547173
1.516722
1.525298
1.507862
1.511295
1.527128
1.513056
1.531622
1.516657
1.522120
1.530269
1.511967
1.538604
1.575717
1.545055
1.525503
1.538372
1.539103
1.510300
1.528847
1.516755
1.504717
1.528537
1.532857
1.494184
1.496906
1.525422
1.482186
1.505258
1.506392
1.508577
1.511396
1.492412
1.496314
1.523487
1.516963
1.507780
1.493937
1.511492
1.499833
1.501858
1.519416
1.532429
1.514600
1.515092
1.517752
1.519277
1.499547
1.513196
1.514441
1.506115
1.517011
1.508444
1.502710
1.503951
1.517142
1.501612
1.518306
1.498553
1.513434
1.542364
1.504244
1.507975
1.499648
1.520508
1.519258
1.508988
1.513680
1.512170
1.507287
1.524173
1.522329
1.527310
1.511037
1.510357
1.514840
1.502032
1.508508
1.509112
1.512583
1.495201
1.501997
1.522355
1.508690
1.517051
1.510558
1.522118
1.506640
1.514078
1.521163
1.514527
1.505479
1.509002
1.516102
1.503359
1.506737
1.517226
1.515316
1.503949
1.511103
1.509370
1.498706
1.499504
1.491101
1.490563
1.510741
1.511181
1.489319
1.491149
1.486056
1.504113
1.505486
1.504959
1.519179
1.501422
1.505968
1.490570
1.520810
1.490862
1.504254
1.510995
1.515257
1.525167
1.515525
1.506490
1.526896
1.493016
1.511407
1.499511
1.502309
1.503810
1.495110
1.502184
1.489516
1.497769
1.527524
1.509069
1.486982
1.494424
1.498533
1.508562
1.486169
1.502158
1.488923
1.498345
1.502907
1.502453
1.503450
1.499250
1.499894
1.506855
1.505082
1.497598
1.510477
1.492536
1.518546
1.491337
1.498999
1.502929
1.498453
1.515232
1.505644
1.498011
1.502125
1.495025
1.494486
1.487970
1.497814
1.500848
1.519496
1.512206
1.498849
1.513145
1.502880
1.495172
1.501005
1.495615
1.512761
1.510569
1.506732
1.498073
1.495383
1.499374
1.514465
1.499818
1.503811
1.500953
1.493687
1.493908
1.502972
1.491477
1.500989
1.490393
1.488863
1.508492
1.496959
1.493910
1.494833
1.497377
1.496604
1.495704
1.501306
1.491094
1.495609
1.504004
1.489473
1.497167
1.490327
1.507973
1.514521
1.502548
1.504382
1.491176
1.496484
1.493497
1.490609
1.507403
1.495463
1.487682
1.499629
1.497197
1.511572
1.498533
1.502915
1.493940
1.500917
1.499795
1.500026
1.505164
1.505440
1.506451
1.497917
1.504448
1.488310
1.493255
1.494507
1.483141
1.493961
1.505861
1.494954
1.499208
1.488162
1.502955
1.501512
1.488616
1.481819
1.493134
1.492391
1.489095
1.507779
1.490549
1.509099
1.487803
1.484625
1.495553
1.484587
1.496505
1.487335
1.501784
1.491958
1.495136
1.486835
1.497229
1.497785
1.504796
1.490435
1.499919
1.496716
1.497565
1.491887
1.496138
1.493091
1.510122
1.491439
1.497395
1.493188
1.502008
1.496143
1.503157
1.495752
1.502185
1.492054
1.483359
1.503661
1.499751
1.491561
1.484896
1.499899
1.486678
1.488147
1.483437
1.493380
1.492386
1.500574
1.491470
1.505474
1.511792
1.500525
1.496422
1.507944
1.497595
1.490607
1.517626
1.493262
1.510460
1.493952
1.479192
1.502915
1.502294
1.488902
1.498109
1.482398
1.489426
1.487193
1.491606
1.486520
1.502277
1.493148
1.500356
1.484713
1.481793
1.492332
1.493643
1.477966
1.488344
1.484392
1.479317
1.480846
1.496869
1.488573
1.487822
1.492132
1.488333
1.490861
1.488523
1.487033
1.501739
1.481706
1.486724
1.502735
1.493440
1.504185
1.489647
1.486608
1.497284
1.478369
1.491607
1.486903
1.491513
1.489892
1.488310
1.490642
