2.304398
2.305517
2.306191
2.307178
2.304486
2.304863
2.308182
2.312444
2.312595
2.310215
2.291169
2.289901
2.285454
2.265582
2.268148
2.267127
2.282087
2.295017
2.278332
2.269826
2.266268
2.245787
2.197758
2.170998
2.161335
2.127317
2.090596
2.090151
2.121841
2.104537
2.099803
2.087111
2.054084
2.053068
2.280395
2.212703
2.186342
2.313277
2.243583
2.171311
1.994675
1.796395
1.879294
2.013252
2.155324
2.170932
2.157036
2.229654
2.194844
2.141223
1.975163
1.774962
1.746318
1.735195
1.793424
1.945223
2.066653
2.143140
2.155432
2.177768
2.153831
2.135957
2.148005
2.197105
2.154491
2.138987
2.164110
2.136555
2.123100
2.034627
1.920595
1.828084
1.765663
1.742185
1.742303
1.693468
1.684713
1.708893
1.693649
1.748262
1.709479
1.755406
1.817491
1.799384
1.876261
1.778175
1.816787
1.828308
1.733413
1.777552
1.717758
1.755418
1.678842
1.703279
1.704628
1.713091
1.690274
1.732842
1.734253
1.676507
1.725759
1.721866
1.693246
1.710934
1.690343
1.722414
1.661364
1.700967
1.688498
1.658510
1.703551
1.654342
1.712192
1.641263
1.661915
1.717215
1.689177
1.713208
1.694768
1.673900
1.636566
1.692914
1.661311
1.692545
1.671781
1.677338
1.686319
1.649622
1.637226
1.643970
1.665374
1.624124
1.638132
1.662061
1.629981
1.677323
1.679397
1.659171
1.655901
1.636906
1.638305
1.629814
1.645401
1.641046
1.643498
1.658160
1.629107
1.634619
1.643634
1.656889
1.634993
1.667630
1.619559
1.632323
1.612882
1.637605
1.665316
1.623839
1.633717
1.634350
1.630181
1.639465
1.617956
1.651369
1.619371
1.645976
1.615120
1.635007
1.613758
1.651040
1.595919
1.585919
1.616533
1.606827
1.579198
1.616956
1.624208
1.639747
1.609352
1.612524
1.620107
1.592270
1.609629
1.621667
1.609166
1.632765
1.569374
1.649981
1.630572
1.583910
1.589736
1.583919
1.604821
1.608134
1.623640
1.578702
1.589955
1.602659
1.615174
1.601654
1.607617
1.621587
1.601798
1.591566
1.590013
1.583373
1.607894
1.636909
1.618052
1.609169
1.583909
1.599998
1.586460
1.592006
1.588127
1.552016
1.593507
1.572480
1.570124
1.599205
1.617400
1.620288
1.606172
1.586529
1.595774
1.585593
1.588699
1.547928
1.598324
1.575433
1.594421
1.581609
1.574230
1.631099
1.592717
1.582409
1.587809
1.581210
1.574884
1.579683
1.573249
1.571435
1.577600
1.553006
1.593253
1.547332
1.583673
1.565286
1.566946
1.625292
1.581485
1.572784
1.598575
1.556215
1.598146
1.583819
1.554401
1.599434
1.560316
1.572568
1.597497
1.540265
1.591719
1.566063
1.587979
1.594271
1.590490
1.566523
1.552722
1.569156
1.548471
1.572715
1.572650
1.587613
1.584470
1.570101
1.568955
1.563989
1.592418
1.576249
1.555091
1.541999
1.549027
1.535828
1.563480
1.561580
1.558343
1.594297
1.549062
1.572171
1.553355
1.563803
1.553704
1.587014
1.558273
1.574278
1.563718
1.562563
1.571244
1.544056
1.607770
1.555923
1.565587
1.598156
1.567794
1.576139
1.536172
1.545770
1.561616
1.556190
1.564700
1.583349
1.545507
1.571444
1.534726
1.599424
1.538948
1.561313
1.565875
1.539172
1.581800
1.558657
1.562890
1.534379
1.549424
1.560390
1.556806
1.567928
1.541864
1.565745
1.548373
1.590904
1.563100
1.521153
1.556624
1.554581
1.533451
1.529676
1.549347
1.551236
1.547733
1.532560
1.547811
1.556270
1.547705
1.545346
1.536361
1.564365
1.548072
1.540616
1.539037
1.574822
1.556437
1.538162
1.549203
1.558472
1.555158
1.526691
1.573959
1.525606
1.553540
1.554146
1.538436
1.538834
1.552243
1.531082
1.536432
1.533259
1.576120
1.533666
1.558989
1.537633
1.536907
1.544457
1.559496
1.532941
1.542211
1.559990
1.527325
1.576823
1.538598
1.535309
1.535187
1.524184
1.558379
1.529825
1.542233
1.546851
1.552982
1.563618
1.530598
1.557631
1.528478
1.550297
1.552372
1.545215
1.529918
1.522314
1.548132
1.523577
1.559183
1.525265
1.526578
1.550993
1.533117
1.523926
1.539122
1.561521
1.518007
1.535035
1.549054
1.547493
1.568477
1.537847
1.534457
1.534350
1.565588
1.527978
1.531735
1.523901
1.577318
1.539396
1.531767
1.555687
1.527907
1.529281
1.531923
1.531018
1.541887
1.571145
1.543835
1.525565
1.509762
1.524724
1.541164
1.568515
1.516742
1.538327
1.528582
1.518632
1.542524
1.545683
1.528709
1.524605
1.523757
1.529135
1.540272
1.521111
1.530806
1.538359
1.541973
1.550001
1.536659
1.511423
1.543449
1.559474
1.526716
1.526035
1.535822
1.510898
1.534526
1.533494
1.543519
1.530928
1.515122
1.556784
1.515180
1.529817
1.533806
1.522067
1.534958
1.523645
1.546238
1.537951
1.554916
1.521125
1.537610
1.527884
1.555945
1.522949
1.537680
1.540860
1.537155
1.527859
1.523535
1.512587
1.518215
1.523202
1.519584
1.526355
1.507624
1.535311
1.531828
1.549703
1.515885
1.535409
1.517172
1.549261
1.551407
1.520242
