2.304967
2.297150
2.298541
2.287018
2.305486
2.301852
2.302547
2.299910
2.293135
2.262183
2.244285
2.211260
2.208047
2.164439
2.144104
2.142334
2.053780
2.078977
2.006175
1.993514
1.983808
1.980624
1.960662
1.947158
1.974363
2.048294
1.991965
1.957093
1.913532
1.932376
1.940413
1.878333
1.841152
1.825306
1.879918
1.847264
1.899728
1.831648
1.812432
1.900849
1.867544
1.858146
1.860069
1.836400
1.859993
1.836171
1.796286
1.825036
1.814890
1.819463
1.814452
1.751829
1.695691
1.689969
1.689995
1.689067
1.724416
1.698417
1.736150
1.748395
1.797501
1.821988
1.798937
1.806499
1.744438
1.737287
1.726692
1.746326
1.721689
1.731073
1.743359
1.689050
1.659333
1.730633
1.688288
1.671865
1.702552
1.738967
1.714743
1.802113
1.716469
1.740066
1.713911
1.766450
1.709416
1.741570
1.678207
1.772201
1.687796
1.655566
1.701469
1.721566
1.671221
1.683258
1.695007
1.658541
1.666848
1.668774
1.700817
1.620653
1.692472
1.698247
1.712876
1.678414
1.687022
1.677416
1.640301
1.671551
1.663982
1.701893
1.674358
1.695926
1.669040
1.691734
1.672007
1.690326
1.714182
1.728519
1.707630
1.720499
1.649459
1.713267
1.673941
1.644292
1.708046
1.640167
1.671556
1.690364
1.682046
1.626453
1.691858
1.627521
1.694144
1.731180
1.695995
1.713898
1.663379
1.718952
1.717247
1.739825
1.706428
1.689455
1.711847
1.728107
1.752744
1.673366
1.739779
1.695750
1.705414
1.754772
1.760266
1.698112
1.728789
1.718006
1.731707
1.752934
1.669128
1.731603
1.675904
1.761079
1.692755
1.703473
1.709037
1.743279
1.760024
1.693600
1.687836
1.723224
1.699297
1.758842
1.739934
1.673785
1.665851
1.663751
1.660069
1.613816
1.682179
1.684959
1.670536
1.662898
1.672216
1.649856
1.685139
1.660883
1.729665
1.669942
1.689271
1.717609
1.685304
1.658020
1.662966
1.710839
1.681701
1.680367
1.679184
1.690517
1.681233
1.635858
1.711940
1.705004
1.687476
1.709855
1.680627
1.690602
1.730174
1.677971
1.672558
1.687783
1.701981
1.659518
1.645425
1.656301
1.709004
1.663244
1.691504
1.681038
1.699497
1.657595
1.668768
1.696775
1.731617
1.710170
1.728523
1.709915
1.692501
1.686932
1.628311
1.634057
1.688181
1.715780
1.780099
1.722246
1.736932
1.662242
1.762382
1.692372
1.653218
1.675355
1.708609
1.661432
1.720603
1.733926
1.686082
1.734919
1.677898
1.707193
1.705510
1.678835
1.729065
1.660455
1.728801
1.659677
1.628440
1.704129
1.620876
1.671952
1.706460
1.707371
1.694501
1.661043
1.728039
1.707715
1.731468
1.673595
1.690088
1.684156
1.661018
1.668557
1.713433
1.687506
1.670198
1.674206
1.660854
1.640434
1.626709
1.664516
1.627338
1.628583
1.633404
1.666181
1.695674
1.670464
1.713358
1.708102
1.701794
1.658543
1.663471
1.739016
1.683529
1.688181
1.647208
1.639848
1.677586
1.650871
1.651446
1.660436
1.653931
1.660122
1.706641
1.720560
1.726363
1.754787
1.685071
1.669907
1.714702
1.667323
1.697903
1.656880
1.673202
1.643460
1.731147
1.689762
1.694428
1.714225
1.684600
1.661757
1.643219
1.691538
1.667429
1.648793
1.661192
1.663950
1.653117
1.647820
1.649288
1.658816
1.658439
1.709855
1.636885
1.658420
1.627064
1.649981
1.666774
1.653818
1.698299
1.684497
1.702021
1.673740
1.678494
1.645758
1.650326
1.673875
1.689243
1.633712
1.625456
1.637124
1.638141
1.664477
1.644275
1.619291
1.601231
1.626253
1.602860
1.646265
1.656408
1.617720
1.621024
1.627214
1.636053
1.655276
1.621481
1.674962
1.612417
1.659794
1.644148
1.651360
1.649027
1.614874
1.649313
1.632530
1.671679
1.646813
1.614351
1.595253
1.608844
1.652061
1.643252
1.604650
1.630130
1.651169
1.621579
1.630746
1.653141
1.663656
1.614138
1.630874
1.633434
1.606169
1.613343
1.636908
1.684031
1.631861
1.623466
1.636559
1.637115
1.616227
1.654739
1.673563
1.653549
1.614613
1.633217
1.608732
1.611340
1.620399
1.653431
1.627254
1.609098
1.655149
1.630112
1.656963
1.597424
1.643442
1.644955
1.652350
1.651305
1.640798
1.607408
1.634610
1.606023
1.631379
1.684182
1.633444
1.643322
1.627602
1.638443
1.637815
1.652132
1.585210
1.619350
1.612417
1.652598
1.620558
1.594944
1.619581
1.652724
1.628140
1.640883
1.643119
1.638145
1.613636
1.615040
1.641890
1.630073
1.637211
1.615931
1.588034
1.613771
1.614848
1.599113
1.626063
1.644173
1.637951
1.640592
1.633696
1.592043
1.662524
1.632441
1.636680
1.640995
1.593181
1.640653
1.622224
1.607541
1.648957
1.630853
1.606530
1.621883
1.592474
1.593920
1.630067
1.629906
1.621495
1.634400
1.643239
1.663136
1.639209
1.620737
1.637319
1.597578
1.609566
1.626888
1.600979
1.580948
1.619633
1.633428
1.625444
1.667831
1.651250
1.617519
1.634117
1.638991
1.628647
1.591546
1.648983
1.629458
1.643726
1.664184
1.616724
1.597004
1.611522
