2.304267
2.305099
2.305448
2.290370
2.286893
2.267305
2.245714
2.235897
2.224159
2.206455
2.181559
2.168669
2.155267
2.118498
2.077737
2.021536
1.991116
1.928295
1.894144
1.715463
1.641484
1.513977
1.407963
1.372163
1.178358
1.063123
0.970332
0.771539
0.650081
0.614989
0.739973
0.510693
0.619399
1.314757
1.482765
2.641926
5.506968
4.811219
1.944498
1.933897
1.657487
1.915517
1.904147
2.031011
2.054430
2.027336
1.947834
1.947888
1.926834
1.824849
1.791213
1.645057
1.705564
1.481702
1.282131
1.158447
1.097156
0.790580
0.657421
0.685028
0.565982
0.435718
0.333136
0.502146
0.248444
0.591089
0.322176
0.385449
0.675222
0.326129
0.271049
0.229138
0.333675
0.302272
0.415688
0.546460
0.270435
0.295060
0.241781
0.261710
0.447410
0.433829
0.226035
0.347162
0.483276
0.211342
0.229510
0.284350
0.113637
0.205088
0.140290
0.340747
0.272455
0.267661
0.145174
0.167154
0.264771
0.482799
0.143647
0.235040
0.267670
0.340885
0.058287
0.238017
0.282691
0.325433
0.259306
0.263867
0.231105
0.306439
0.118832
0.313838
0.169121
0.146531
0.131077
0.125096
0.147240
0.346774
0.190503
0.229484
0.154852
0.145160
0.274522
0.110103
0.152636
0.090655
0.303436
0.100510
0.196834
0.119295
0.144434
0.191838
0.083644
0.155133
0.139343
0.145641
0.137833
0.180026
0.114632
0.239374
0.118862
0.239291
0.118854
0.291519
0.295984
0.219884
0.270505
0.070310
0.158547
0.220419
0.140645
0.139981
0.201847
0.288874
0.192839
0.218334
0.070929
0.185724
0.103062
0.143199
0.153229
0.208467
0.155475
0.177879
0.178188
0.210802
0.135863
0.205708
0.145291
0.190011
0.211865
0.092837
0.106845
0.161307
0.065750
0.123944
0.083491
0.085245
0.121952
0.103179
0.134027
0.133265
0.078035
0.174766
0.130830
0.126837
0.209857
0.157976
0.100579
0.176318
0.070107
0.042391
0.120030
0.337822
0.156902
0.256299
0.102690
0.096726
0.257102
0.175547
0.145635
0.160479
0.088753
0.227869
0.336189
0.189249
0.443218
0.292079
0.225571
0.216562
0.191732
0.249948
0.198694
0.125017
0.293360
0.237514
0.172133
0.177505
0.120029
0.104737
0.121505
0.187105
0.162241
0.153124
0.059966
0.149097
0.190703
0.435901
0.277485
0.196480
0.094424
0.151680
0.160247
0.169332
0.239003
0.158833
0.061351
0.036392
0.074462
0.179340
0.224823
0.089555
0.084390
0.063827
0.130879
0.122150
0.091652
0.044964
0.113522
0.230994
0.080554
0.139874
0.112765
0.223710
0.025076
0.208525
0.058440
0.090948
0.095629
0.060443
0.075637
0.087232
0.112296
0.048772
0.019833
0.123900
0.159615
0.060342
0.023293
0.106849
0.130562
0.067475
0.051817
0.086683
0.039359
0.137972
0.090208
0.231468
0.141228
0.136197
0.042314
0.143635
0.232687
0.093022
0.014646
0.133874
0.159232
0.076603
0.136383
0.123021
0.108051
0.109576
0.091762
0.111446
0.038275
0.067045
0.113900
0.140801
0.015710
0.114844
0.156102
0.088482
0.070263
0.044450
0.108942
0.105256
0.135894
0.115202
0.076407
0.129984
0.071369
0.216849
0.086251
0.057721
0.034497
0.081730
0.084444
0.150739
0.181475
0.086561
0.090603
0.022863
0.151772
0.029846
0.121721
0.051298
0.160863
0.043331
0.061833
0.122296
0.101595
0.161853
0.105140
0.162494
0.068710
0.076467
0.163780
0.075978
0.110102
0.053178
0.083500
0.074510
0.097451
0.036699
0.110281
0.100209
0.083358
0.085655
0.025362
0.022021
0.038244
0.087009
0.061916
0.060913
0.060196
0.091454
0.088937
0.034117
0.111106
0.126075
0.129001
0.103664
0.131104
0.174803
0.040738
0.168225
0.017242
0.087317
0.049155
0.141374
0.049108
0.051618
0.039053
0.083352
0.050894
0.080124
0.027948
0.116730
0.080085
0.022693
0.089049
0.055047
0.032105
0.052091
0.045510
0.053515
0.090305
0.093268
0.012363
0.109645
0.101062
0.059264
0.037268
0.083215
0.076753
0.028757
0.081370
0.118071
0.086847
0.094688
0.043232
0.093534
0.083307
0.051365
0.084842
0.091302
0.082643
0.025066
0.114626
0.022129
0.045356
0.193473
0.068078
0.159953
0.087241
0.108549
0.090783
0.019109
0.076724
0.123550
0.084991
0.122551
0.091610
0.034780
0.097879
0.054752
0.196935
0.140445
0.036869
0.063062
0.027856
0.034478
0.189651
0.036424
0.071462
0.202876
0.103962
0.135385
0.029764
0.108002
0.057638
0.064756
0.054289
0.023109
0.040731
0.071577
0.049185
0.063015
0.055061
0.102687
0.110295
0.106066
0.059103
0.041629
0.056182
0.251377
0.118259
0.055121
0.212937
0.064813
0.092587
0.079738
0.079763
0.090887
0.078478
0.080827
0.082323
0.063690
0.082798
0.040945
0.060869
0.072286
0.075024
0.059135
0.063209
0.021244
0.083948
0.041447
0.032839
0.037661
0.037698
0.020735
0.111349
0.038440
0.104037
0.066890
0.044729
0.071885
0.033227
0.052474
0.024994
0.075094
0.059500
0.031981
0.050306
0.111268
0.071373
0.018420
0.074757
0.036761
