2.301338
2.301043
2.296407
2.295549
2.283940
2.274795
2.263146
2.256888
2.213386
2.207562
2.227922
2.222079
2.111279
2.121335
2.106050
2.054480
1.992218
1.910356
1.925183
1.876662
1.844730
1.786983
1.770216
1.772172
1.756284
1.785966
1.732398
1.754621
1.746716
1.712762
1.697973
1.720058
1.660104
1.716725
1.662205
1.701281
1.685676
1.674029
1.667827
1.686914
1.678467
1.669989
1.643488
1.631396
1.686991
1.653740
1.632637
1.645419
1.697852
1.681472
1.637729
1.640821
1.659024
1.667747
1.656971
1.670766
1.656595
1.627995
1.622602
1.663099
1.621639
1.643874
1.686715
1.630938
1.600139
1.640439
1.656683
1.620688
1.648388
1.675013
1.594353
1.629421
1.615269
1.577216
1.626362
1.629939
1.633960
1.652707
1.659200
1.642050
1.604504
1.605858
1.656068
1.647424
1.672365
1.626333
1.582390
1.559538
1.612532
1.613916
1.637036
1.608735
1.636259
1.606634
1.590854
1.618387
1.663578
1.597831
1.606627
1.657248
1.600126
1.619130
1.594098
1.631209
1.634440
1.621942
1.582386
1.633512
1.555089
1.622085
1.597315
1.587825
1.619724
1.610837
1.627837
1.579969
1.584507
1.636486
1.651118
1.677162
1.601803
1.605950
1.630031
1.591951
1.596167
1.578708
1.583183
1.636443
1.629025
1.622504
1.574350
1.603698
1.601062
1.650560
1.611440
1.606647
1.559240
1.587847
1.570652
1.602124
1.577637
1.579662
1.601255
1.607351
1.582821
1.608350
1.604081
1.592663
1.574146
1.596695
1.584037
1.545339
1.565236
1.617029
1.609591
1.590257
1.560286
1.586735
1.568906
1.580976
1.589102
1.595095
1.598299
1.617959
1.564414
1.633798
1.588948
1.600277
1.610280
1.567595
1.629517
1.614556
1.574690
1.608307
1.634744
1.582195
1.638868
1.601741
1.595506
1.565271
1.600294
1.578135
1.559176
1.585693
1.571965
1.607214
1.606475
1.591027
1.573390
1.631709
1.594894
1.627587
1.568225
1.593144
1.591916
1.602905
1.579223
1.596297
1.589459
1.637464
1.621368
1.561461
1.579380
1.535226
1.564699
1.595981
1.554822
1.614121
1.613013
1.595809
1.568542
1.537833
1.592399
1.581974
1.599725
1.628243
1.590914
1.593963
1.566994
1.596014
1.590550
1.585135
1.588380
1.580361
1.600623
1.585381
1.574618
1.583829
1.565698
1.598319
1.649532
1.568453
1.598842
1.606495
1.589918
1.588249
1.551344
1.595226
1.600381
1.590584
1.545852
1.577567
1.561513
1.576123
1.548845
1.616416
1.582048
1.641517
1.565849
1.612157
1.587412
1.585222
1.526412
1.563846
1.581027
1.577483
1.606265
1.579150
1.601673
1.598021
1.543438
1.593376
1.609417
1.583314
1.559899
1.589620
1.542500
1.564248
1.614067
1.571616
1.564125
1.580533
1.584512
1.594679
1.560377
1.577804
1.564852
1.537238
1.544215
1.603144
1.554912
1.628586
1.594323
1.555052
1.587454
1.634866
1.555797
1.572757
1.528089
1.579889
1.609609
1.585588
1.571962
1.556614
1.613423
1.583762
1.578160
1.607618
1.582905
1.619027
1.629727
1.551444
1.575710
1.636471
1.596673
1.567840
1.623545
1.606239
1.525159
1.581929
1.605015
1.552346
1.608444
1.578921
1.575358
1.552942
1.537567
1.589517
1.601973
1.549523
1.572026
1.615799
1.593853
1.572121
1.571931
1.571700
1.555848
1.573713
1.599819
1.571098
1.556026
1.634363
1.594977
1.595454
1.595964
1.546120
1.552332
1.558626
1.566570
1.575403
1.539523
1.594226
1.556720
1.549213
1.647120
1.582367
1.581575
1.566257
1.581370
1.568359
1.595150
1.595845
1.580967
1.561405
1.576481
1.605460
1.546630
1.548577
1.548802
1.574479
1.554803
1.621606
1.525427
1.584380
1.523898
1.587333
1.594327
1.592529
1.598439
1.553712
1.588049
1.620382
1.548775
1.533710
1.611603
1.568450
1.560851
1.602160
1.562564
1.537642
1.559095
1.557567
1.557384
1.556585
1.541675
1.537207
1.583532
1.591921
1.570799
1.559454
1.604424
1.590379
1.557923
1.585576
1.585458
1.558577
1.551545
1.566595
1.525591
1.547015
1.590362
1.586501
1.621070
1.552448
1.593744
1.547922
1.594692
1.607889
1.562368
1.606497
1.605347
1.550467
1.542920
1.558132
1.560311
1.616575
1.588178
1.588539
1.579001
1.611041
1.567094
1.597838
1.623228
1.578779
1.569285
1.555003
1.557020
1.554262
1.554908
1.568961
1.561398
1.578600
1.595653
1.544746
1.576133
1.586573
1.529263
1.555085
1.551504
1.596407
1.565692
1.592330
1.606004
1.541764
1.564938
1.526721
1.561144
1.621363
1.549713
1.561890
1.580389
1.575987
1.564451
1.557010
1.585666
1.552949
1.540568
1.561776
1.542764
1.578701
1.572961
1.576708
1.564548
1.582978
1.566301
1.559571
1.560881
1.605166
1.559686
1.592627
1.572927
1.583631
1.571407
1.577767
1.546712
1.579456
1.584850
1.529559
1.580430
1.567646
1.598925
1.596827
1.562219
1.569912
1.551661
1.522586
1.568621
1.588963
1.568087
1.580076
1.575085
1.548737
1.592626
1.547789
1.548627
1.585371
1.567739
1.553342
1.571790
1.621719
