2.289678
2.289183
2.254868
2.199756
2.323968
2.352662
2.259906
2.197826
2.225789
2.217662
2.228187
2.230513
2.234504
2.235797
2.236686
2.236796
2.237232
2.237287
2.237232
2.237287
2.237287
2.237287
2.237287
2.237287
2.237287
2.237287
2.237287
2.237287
2.237287
2.237287
2.237287
2.237287
2.237287
2.237287
2.237287
2.237287
2.237287
2.237287
2.237287
2.237287
2.237287
2.237287
2.237287
2.237287
2.237287
2.237287
2.237287
2.237287
2.237287
2.237287
2.237287
2.237287
2.237287
2.237287
2.237287
2.237287
2.237287
2.237287
2.237287
2.237287
2.237287
2.237287
2.237287
2.237287
2.237287
2.237287
2.237287
2.237287
2.237287
2.237287
2.237287
2.237287
2.237287
2.237287
2.237287
2.237287
2.237287
2.237287
2.237287
2.237287
2.237287
2.237287
2.237287
2.237287
2.237287
2.237287
2.237287
2.237287
2.237287
2.237287
2.237287
2.237287
2.237287
2.237287
2.237287
2.237287
2.237287
2.237287
2.237287
2.237287
2.237287
2.237287
2.237287
2.237287
2.237287
2.237287
2.237287
2.237287
2.237287
2.237287
2.237287
2.237287
2.237287
2.237287
2.237287
2.237287
2.237287
2.237287
2.237287
2.237287
2.237287
2.237287
2.237287
2.237287
2.237287
2.237287
2.237287
2.237287
2.237287
2.237287
2.237287
2.237287
2.237287
2.237287
2.237287
2.237287
2.237287
2.237287
2.237287
2.237287
2.237287
2.237287
2.237287
2.237287
2.237287
2.237287
2.237287
2.237287
2.237287
2.237287
2.237287
2.237287
2.237287
2.237287
2.237287
2.237287
2.237287
2.237287
2.237287
2.237287
2.237287
2.237287
2.237287
2.237287
2.237287
2.237287
2.237287
2.237287
2.237287
2.237287
2.237287
2.237287
2.237287
2.237287
2.237287
2.237287
2.237287
2.237287
2.237287
2.237287
2.237287
2.237287
2.237287
2.237287
2.237287
2.237287
2.237287
2.237287
2.237287
2.237287
2.237287
2.237287
2.237287
2.237287
2.237287
2.237287
2.237287
2.237287
2.237287
2.237287
2.237287
2.237287
2.237287
2.237287
2.237287
2.237287
2.237287
2.237287
2.237287
2.237287
2.237287
2.237287
2.237287
2.237287
2.237287
2.237287
2.237287
2.237287
2.237287
2.237287
2.237287
2.237287
2.237287
2.237287
2.237287
2.237287
2.237287
2.237287
2.237287
2.237287
2.237287
2.237287
2.237287
2.237287
2.237287
2.237287
2.237287
2.237287
2.237287
2.237287
2.237287
2.237287
2.237287
2.237287
2.237287
2.237287
2.237287
2.237287
2.237287
2.237287
2.237287
2.237287
2.237287
2.237287
2.237287
2.237287
2.237287
2.237287
2.237287
2.237287
2.237287
2.237287
2.237287
2.237287
2.237287
2.237287
2.237287
2.237287
2.237287
2.237287
2.237287
2.237287
2.237287
2.237287
2.237287
2.237287
2.237287
2.237287
2.237287
2.237287
2.237287
2.237287
2.237287
2.237287
2.237287
2.237287
2.237287
2.237287
2.237287
2.237287
2.237287
2.237287
2.237287
2.237287
2.237287
2.237287
2.237287
2.237287
2.237287
2.237287
2.237287
2.237287
2.237287
2.237287
2.237287
2.237287
2.237287
2.237287
2.237287
2.237287
2.237287
2.237287
2.237287
2.237287
2.237287
2.237287
2.237287
2.237287
2.237287
2.237287
2.237287
2.237287
2.237287
2.237287
2.237287
2.237287
2.237287
2.237287
2.237287
2.237287
2.237287
2.237287
2.237287
2.237287
2.237287
2.237287
2.237287
2.237287
2.237287
2.237287
2.237287
2.237287
2.237287
2.237287
2.237287
2.237287
2.237287
2.237287
2.237287
2.237287
2.237287
2.237287
2.237287
2.237287
2.237287
2.237287
2.237287
2.237287
2.237287
2.237287
2.237287
2.237287
2.237287
2.237287
2.237287
2.237287
2.237287
2.237287
2.237287
2.237287
2.237287
2.237287
2.237287
2.237287
2.237287
2.237287
2.237287
2.237287
2.237287
2.237287
2.237287
2.237287
2.237287
2.237287
2.237287
2.237287
2.237287
2.237287
2.237287
2.237287
2.237287
2.237287
2.237287
2.237287
2.237287
2.237287
2.237287
2.237287
2.237287
2.237287
2.237287
2.237287
2.237287
2.237287
2.237287
2.237287
2.237287
2.237287
2.237287
2.237287
2.237287
2.237287
2.237287
2.237287
2.237287
2.237287
2.237287
2.237287
2.237287
2.237287
2.237287
2.237287
2.237287
2.237287
2.237287
2.237287
2.237287
2.237287
2.237287
2.237287
2.237287
2.237287
2.237287
2.237287
2.237287
2.237287
2.237287
2.237287
2.237287
2.237287
2.237287
2.237287
2.237287
2.237287
2.237287
2.237287
2.237287
2.237287
2.237287
2.237287
2.237287
2.237287
2.237287
2.237287
2.237287
2.237287
2.237287
2.237287
2.237287
2.237287
2.237287
2.237287
2.237287
2.237287
2.237287
2.237287
2.237287
2.237287
2.237287
2.237287
2.237287
2.237287
2.237287
2.237287
2.237287
2.237287
2.237287
2.237287
2.237287
2.237287
2.237287
2.237287
2.237287
2.237287
2.237287
2.237287
2.237287
2.237287
2.237287
2.237287
2.237287
2.237287
2.237287
2.237287
2.237287
2.237287
2.237287
2.237287
2.237287
2.237287
