2.303810
2.293217
2.299193
2.285405
2.278056
2.271231
2.268205
2.249466
2.213158
2.203087
2.219724
2.175769
2.163103
2.108381
2.074609
2.046038
1.952585
1.934381
1.889411
1.852516
1.856410
1.806630
1.831181
1.782908
1.799260
1.775422
1.746962
1.766423
1.772854
1.729675
1.771543
1.723859
1.691476
1.706215
1.682734
1.703444
1.705889
1.655557
1.674843
1.668851
1.698922
1.737109
1.681146
1.636104
1.691629
1.645529
1.629611
1.660415
1.655171
1.649144
1.648660
1.665797
1.629081
1.663720
1.646145
1.605712
1.637138
1.663993
1.666782
1.635356
1.622789
1.631302
1.625788
1.685763
1.644690
1.653088
1.612987
1.645291
1.630941
1.639047
1.608656
1.622961
1.644031
1.630411
1.621664
1.666328
1.656220
1.592949
1.670193
1.629762
1.601658
1.597216
1.592838
1.579210
1.634872
1.633759
1.646835
1.602287
1.585929
1.602393
1.658410
1.612156
1.624525
1.618740
1.654882
1.590834
1.634825
1.606297
1.622608
1.609097
1.585335
1.611235
1.640096
1.651701
1.624336
1.618690
1.591114
1.620423
1.605697
1.650620
1.613824
1.597387
1.577047
1.602675
1.594185
1.649935
1.569504
1.576077
1.658342
1.633352
1.605441
1.630435
1.582786
1.564850
1.580744
1.610466
1.634553
1.619365
1.604774
1.594613
1.612105
1.608918
1.614647
1.629403
1.608862
1.631768
1.587097
1.570932
1.628218
1.620046
1.593975
1.588202
1.574375
1.594948
1.567271
1.605830
1.586151
1.591194
1.586291
1.611190
1.582281
1.548341
1.582633
1.594764
1.611912
1.637775
1.611934
1.636117
1.576691
1.579582
1.591381
1.577719
1.603526
1.608396
1.590309
1.614412
1.597100
1.600070
1.595471
1.582883
1.627293
1.588919
1.590825
1.645464
1.583227
1.586491
1.583130
1.546761
1.566499
1.536268
1.553166
1.584092
1.573836
1.603898
1.565791
1.610708
1.596519
1.545840
1.581669
1.555790
1.579428
1.566743
1.597152
1.576161
1.588236
1.617129
1.605293
1.619521
1.581263
1.603001
1.605416
1.568299
1.639877
1.550808
1.607875
1.590547
1.575695
1.568248
1.602739
1.552256
1.557992
1.617789
1.583486
1.552061
1.542159
1.588424
1.558147
1.574485
1.547049
1.547453
1.577497
1.595692
1.624620
1.562220
1.565773
1.553414
1.552722
1.606094
1.552395
1.539950
1.558691
1.598228
1.555091
1.585715
1.590045
1.594392
1.588422
1.553749
1.592956
1.555936
1.557454
1.595774
1.583552
1.539552
1.564493
1.588514
1.572838
1.552487
1.575284
1.603702
1.562007
1.550263
1.569587
1.604484
1.595799
1.577005
1.589836
1.582633
1.584197
1.562506
1.590857
1.592186
1.608076
1.558777
1.577082
1.589982
1.596436
1.614686
1.565431
1.554212
1.584213
1.617346
1.600292
1.572132
1.572250
1.549341
1.590673
1.569923
1.577156
1.550978
1.568883
1.567782
1.597229
1.587062
1.599265
1.602146
1.542427
1.587461
1.557860
1.565664
1.545225
1.572945
1.547064
1.532822
1.598544
1.576958
1.547263
1.524202
1.630225
1.553513
1.537128
1.569627
1.562210
1.546803
1.561542
1.584244
1.534653
1.527100
1.592036
1.602011
1.578531
1.571613
1.587207
1.563014
1.549941
1.602473
1.536438
1.537521
1.590424
1.547630
1.575455
1.581688
1.572638
1.575315
1.595544
1.570817
1.568660
1.553744
1.593487
1.571754
1.527259
1.590957
1.596085
1.548930
1.571061
1.574097
1.535276
1.539756
1.598291
1.591234
1.567586
1.548117
1.576275
1.564818
1.589842
1.616264
1.578076
1.540526
1.639503
1.547293
1.547598
1.552770
1.534379
1.578337
1.537781
1.546076
1.567364
1.547156
1.569727
1.572828
1.619782
1.557689
1.571580
1.570489
1.546070
1.578444
1.554679
1.569767
1.565259
1.598420
1.562979
1.575896
1.543165
1.563445
1.568523
1.590612
1.551197
1.533498
1.555565
1.610317
1.551246
1.587007
1.577261
1.551816
1.548952
1.554382
1.593024
1.608472
1.548703
1.548620
1.557369
1.608357
1.576251
1.585778
1.537648
1.555636
1.621518
1.510384
1.586384
1.545312
1.539584
1.565083
1.552195
1.535737
1.556736
1.539201
1.564531
1.575580
1.565877
1.639492
1.546753
1.587375
1.549249
1.556919
1.516667
1.576109
1.537434
1.582077
1.568498
1.581774
1.565521
1.539777
1.571139
1.555923
1.527966
1.568057
1.546364
1.531095
1.567611
1.536345
1.524018
1.519970
1.534934
1.557866
1.557765
1.590248
1.568013
1.547816
1.578546
1.568528
1.549059
1.572396
1.575606
1.562390
1.567631
1.571965
1.546939
1.605244
1.563587
1.536221
1.600636
1.567901
1.575215
1.558476
1.640899
1.596653
1.588801
1.573413
1.559266
1.563107
1.554307
1.544596
1.566810
1.537005
1.550543
1.583066
1.570150
1.584128
1.548753
1.599330
1.577953
1.561757
1.545585
1.536756
1.570053
1.545984
1.531560
1.542280
1.551642
1.558997
1.613973
1.557286
1.575612
1.589024
1.528037
1.545991
1.575895
1.545656
1.557709
1.537517
1.532411
1.552884
1.573172
1.597568
1.559762
1.577977
1.560191
1.553979
1.558918
1.563161
