2.303579
2.303865
2.300113
2.301907
2.300388
2.297275
2.281816
2.311729
2.303452
2.325148
2.295567
2.289999
2.326446
2.322399
2.245959
2.240473
2.214399
2.148851
2.071186
2.011200
1.987646
1.968734
1.940532
1.995293
1.906807
1.900340
1.963532
1.946985
1.846195
1.796384
1.791656
1.802661
1.769584
1.757761
1.863245
1.876143
1.897767
1.879414
1.848061
1.819954
1.843720
1.834056
1.749185
1.792790
1.767879
1.730198
1.690659
1.688066
1.722797
1.695884
1.674950
1.693706
1.649686
1.653583
1.630209
1.664292
1.671223
1.682507
1.725017
1.694169
1.688111
1.708956
1.673541
1.698648
1.639185
1.671799
1.621958
1.610704
1.643671
1.604389
1.607327
1.619033
1.590749
1.638448
1.612310
1.644409
1.602767
1.616151
1.621462
1.621551
1.585465
1.590160
1.588223
1.563614
1.562168
1.593384
1.560899
1.580321
1.604388
1.572325
1.592839
1.563843
1.555633
1.575508
1.609501
1.628084
1.585685
1.571874
1.582967
1.556310
1.595318
1.578050
1.568209
1.561858
1.545350
1.603215
1.580393
1.584082
1.565087
1.561098
1.536834
1.587453
1.596835
1.543015
1.564542
1.544472
1.590594
1.557006
1.561117
1.572513
1.556677
1.541358
1.542253
1.550858
1.586114
1.535603
1.537867
1.533976
1.557159
1.587337
1.560827
1.556452
1.535987
1.556848
1.555846
1.548767
1.523459
1.534647
1.540887
1.528818
1.534438
1.540939
1.541671
1.541533
1.536670
1.536265
1.544251
1.541489
1.536650
1.537258
1.535695
1.529643
1.527308
1.542329
1.531118
1.540648
1.537632
1.536845
1.519203
1.511947
1.515458
1.546453
1.542143
1.523914
1.541877
1.556279
1.522980
1.531513
1.537083
1.507643
1.533209
1.523584
1.517864
1.519435
1.531248
1.540259
1.513699
1.524009
1.540573
1.543635
1.531389
1.525009
1.559444
1.524919
1.535820
1.532681
1.530009
1.506621
1.523096
1.546362
1.545119
1.556686
1.529269
1.500456
1.522377
1.531487
1.526542
1.527311
1.511577
1.521494
1.498448
1.526527
1.522014
1.517583
1.524735
1.520795
1.526509
1.515128
1.512872
1.522756
1.517311
1.530964
1.531769
1.519163
1.528965
1.507705
1.496899
1.529465
1.505289
1.527658
1.513899
1.518444
1.508624
1.502377
1.544645
1.512100
1.513804
1.531743
1.520875
1.528559
1.516961
1.530542
1.509137
1.520773
1.524246
1.520456
1.508870
1.498313
1.509336
1.505010
1.508806
1.504493
1.514375
1.508260
1.511279
1.514245
1.533575
1.493333
1.529709
1.497424
1.518958
1.508695
1.494470
1.503763
1.529086
1.508125
1.495109
1.496733
1.504646
1.507445
1.509065
1.502918
1.508796
1.512462
1.511669
1.537799
1.508738
1.508518
1.511439
1.504932
1.510630
1.504822
1.490927
1.489601
1.504154
1.503665
1.491400
1.517510
1.529036
1.510129
1.513220
1.492037
1.507480
1.503551
1.496048
1.502072
1.503218
1.487942
1.518479
1.495528
1.525316
1.511631
1.519142
1.494907
1.509278
1.494015
1.491274
1.496214
1.495868
1.507300
1.501328
1.491657
1.502591
1.489215
1.514781
1.520565
1.495168
1.493829
1.484810
1.493333
1.481158
1.516807
1.496915
1.496403
1.494295
1.493974
1.501277
1.484605
1.514403
1.512700
1.519860
1.505992
1.483674
1.496310
1.500168
1.490139
1.487965
1.514848
1.488400
1.493369
1.483439
1.498720
1.507279
1.492509
1.491971
1.498730
1.515029
1.497572
1.499513
1.499011
1.518315
1.496563
1.490083
1.495036
1.499835
1.500823
1.487111
1.494704
1.503996
1.479012
1.516434
1.489181
1.492600
1.492886
1.495554
1.513330
1.497397
1.478031
1.510238
1.490331
1.499731
1.513645
1.482415
1.509830
1.493855
1.485840
1.492559
1.491191
1.476143
1.505288
1.479498
1.521387
1.487991
1.501940
1.476662
1.488861
1.509198
1.505730
1.485279
1.494011
1.483825
1.509303
1.482486
1.492094
1.487020
1.499572
1.486933
1.497627
1.507867
1.488497
1.498857
1.489140
1.491542
1.480749
1.479850
1.496716
1.491342
1.476946
1.494316
1.497170
1.497323
1.499809
1.491776
1.508317
1.504166
1.487077
1.514204
1.476683
1.472877
1.480778
1.497514
1.487782
1.509507
1.492172
1.493723
1.483367
1.505746
1.508772
1.502362
1.500912
1.502568
1.486347
1.499492
1.495941
1.486940
1.509684
1.508606
1.495122
1.511378
1.480093
1.505051
1.481071
1.475155
1.483951
1.496602
1.510652
1.487635
1.478695
1.484965
1.495760
1.487118
1.476970
1.482514
1.489650
1.482350
1.488152
1.496025
1.489175
1.497333
1.477303
1.488026
1.494941
1.480171
1.485922
1.476549
1.487326
1.475617
1.484028
1.483519
1.490079
1.482668
1.481851
1.486371
1.486068
1.486170
1.484952
1.480131
1.480413
1.517148
1.476990
1.498567
1.501112
1.512365
1.499672
1.481638
1.502145
1.484536
1.484223
1.493691
1.486073
1.492798
1.476158
1.495558
1.479283
1.480410
1.471726
1.497500
1.512102
1.499431
1.484499
1.504525
1.471729
1.480060
1.481622
1.486013
1.508030
1.480491
1.496247
1.477505
1.490749
