2.295571
2.293499
2.291929
2.287328
2.284176
2.281771
2.275599
2.271533
2.263885
2.253248
2.240224
2.254903
2.239859
2.232733
2.226187
2.239337
2.222257
2.233838
2.224467
2.244201
2.206214
2.226041
2.211410
2.172568
2.161808
2.160065
2.156232
2.194009
2.155686
2.140569
2.111421
2.093808
2.070372
2.042066
2.056448
2.065617
2.070009
2.032485
1.991521
2.004171
1.975574
1.986318
1.996561
1.973765
1.963269
1.997581
1.952179
1.985802
1.963812
1.906096
1.924176
1.935500
1.912463
1.883766
1.855532
1.894574
1.847089
1.848266
1.836735
1.827522
1.798066
1.814635
1.794021
1.853611
1.823714
1.821182
1.843169
1.815059
1.822252
1.787754
1.763876
1.819208
1.782425
1.741889
1.796823
1.841215
1.757991
1.709817
1.750825
1.704566
1.743381
1.718437
1.760322
1.754195
1.808184
1.822488
1.847864
1.788310
1.799378
1.775843
1.713533
1.723729
1.734293
1.725241
1.708496
1.707787
1.751734
1.762446
1.816472
1.805221
1.822591
1.832878
1.807252
1.750772
1.771802
1.730024
1.751112
1.792966
1.767163
1.746667
1.746365
1.635566
1.658006
1.742495
1.686133
1.680340
1.670052
1.738238
1.696536
1.707481
1.745269
1.793468
1.812271
1.774010
1.786071
1.758168
1.712259
1.748641
1.738797
1.714152
1.740960
1.733624
1.699543
1.693609
1.680241
1.717610
1.666943
1.683714
1.685548
1.731437
1.697474
1.668684
1.719213
1.758077
1.730246
1.725219
1.671365
1.734070
1.728877
1.654404
1.648646
1.681123
1.672262
1.667109
1.684077
1.724641
1.719532
1.728579
1.761540
1.756488
1.757244
1.756042
1.690723
1.714661
1.735849
1.718185
1.739136
1.712840
1.695407
1.620059
1.642405
1.673914
1.681594
1.679340
1.653921
1.663111
1.699484
1.686276
1.673220
1.670895
1.694241
1.672539
1.679006
1.662387
1.654834
1.670174
1.664977
1.654362
1.671438
1.717847
1.638796
1.668462
1.638036
1.656304
1.655772
1.661033
1.658363
1.642433
1.685233
1.637899
1.661568
1.690159
1.688621
1.650161
1.637938
1.658583
1.623911
1.621869
1.662608
1.654015
1.663662
1.637147
1.652405
1.661568
1.620133
1.628589
1.607438
1.640265
1.604314
1.680744
1.644362
1.617371
1.666487
1.620639
1.627625
1.620389
1.659869
1.626538
1.618472
1.587880
1.609720
1.625825
1.612553
1.691005
1.626859
1.647087
1.597228
1.663368
1.634759
1.635279
1.652171
1.602373
1.624764
1.590188
1.622819
1.627288
1.614628
1.608000
1.608021
1.662266
1.634111
1.643586
1.650598
1.621417
1.634092
1.622564
1.609083
1.601411
1.605222
1.589979
1.568509
1.603378
1.567267
1.642262
1.654867
1.612260
1.631283
1.595177
1.633016
1.671634
1.579792
1.606911
1.574352
1.598455
1.625881
1.592546
1.605005
1.590148
1.599568
1.579933
1.610173
1.600585
1.619963
1.591632
1.577974
1.623456
1.579398
1.585518
1.594552
1.631578
1.602957
1.567606
1.608556
1.610730
1.593913
1.591182
1.674124
1.592987
1.598149
1.606488
1.605803
1.606688
1.566642
1.633272
1.605811
1.597769
1.616614
1.585352
1.590003
1.630514
1.572769
1.608181
1.595162
1.571446
1.592333
1.573563
1.578835
1.596371
1.576566
1.586807
1.564360
1.631496
1.597112
1.624749
1.588680
1.568624
1.545678
1.589371
1.601921
1.581627
1.609115
1.585082
1.600078
1.582512
1.589500
1.571664
1.632952
1.584609
1.581703
1.585048
1.576177
1.571177
1.566562
1.574050
1.590282
1.570017
1.585578
1.601829
1.602246
1.616886
1.579386
1.596776
1.593303
1.590747
1.603655
1.580181
1.573346
1.604419
1.552867
1.562213
1.593240
1.576476
1.573853
1.604133
1.564771
1.557299
1.583484
1.565480
1.606442
1.571443
1.597333
1.574776
1.555266
1.555445
1.558964
1.579615
1.566939
1.561754
1.592537
1.558226
1.557264
1.561183
1.585304
1.558570
1.570763
1.576572
1.587603
1.576185
1.582324
1.592920
1.553071
1.531236
1.599247
1.574163
1.590287
1.563380
1.563009
1.573305
1.560109
1.547611
1.592055
1.579856
1.583727
1.577469
1.553964
1.611652
1.576857
1.589900
1.590642
1.575398
1.581174
1.559109
1.569828
1.569217
1.569855
1.545732
1.549558
1.547218
1.559852
1.577054
1.581074
1.593875
1.561388
1.544468
1.571716
1.527992
1.595917
1.530547
1.562100
1.598753
1.598559
1.578351
1.572643
1.550166
1.593003
1.581185
1.552733
1.594588
1.546917
1.556341
1.580415
1.562930
1.588822
1.552263
1.559579
1.537249
1.563740
1.559798
1.546533
1.578605
1.547175
1.543137
1.564581
1.557203
1.575533
1.600933
1.575345
1.575332
1.562774
1.539214
1.551517
1.592863
1.573635
1.544655
1.576362
1.557503
1.588823
1.564039
1.547982
1.532954
1.565101
1.573610
1.598279
1.571675
1.590316
1.537255
1.578584
1.551297
1.558631
1.565856
1.517012
1.543181
1.569355
1.554175
1.546576
1.520971
1.562117
1.530061
1.560831
1.552731
1.560584
1.569047
1.541386
1.550593
1.558411
1.553924
1.610069
1.574730
1.576443
1.525117
