2.296902
2.289594
2.303882
2.294831
2.254900
2.267069
2.280675
2.328867
2.265337
2.267753
2.238834
2.252509
2.263344
2.225548
2.283450
2.255091
2.275894
2.271144
2.263013
2.228871
2.258476
2.235137
2.221660
2.183433
2.179116
2.215167
2.209049
2.186207
2.169828
2.207638
2.208115
2.189903
2.165547
2.182889
2.219796
2.215518
2.197173
2.295556
2.228736
2.169706
2.166583
2.194944
2.169156
2.194118
2.158870
2.179683
2.209900
2.177235
2.163780
2.200321
2.201330
2.149380
2.173868
2.179111
2.209916
2.167560
2.179349
2.151412
2.167163
2.207432
2.211584
2.214038
2.188267
2.201284
2.194025
2.228718
2.243238
2.173728
2.173931
2.174465
2.184462
2.165319
2.186948
2.218659
2.176293
2.146795
2.205406
2.177939
2.195380
2.164445
2.175436
2.197255
2.222289
2.172477
2.203139
2.193132
2.216881
2.219250
2.174442
2.181721
2.171938
2.182744
2.146814
2.168446
2.205832
2.182840
2.163979
2.142890
2.220282
2.147604
2.171034
2.176646
2.208429
2.186361
2.185907
2.188426
2.179471
2.166920
2.184426
2.193090
2.193572
2.172591
2.182186
2.195996
2.235942
2.169655
2.187821
2.203894
2.178237
2.202386
2.167193
2.170393
2.174520
2.184100
2.169126
2.178138
2.161910
2.186177
2.191196
2.181385
2.168094
2.160304
2.146205
2.173630
2.153295
2.141341
2.198787
2.180554
2.192611
2.172285
2.204015
2.201342
2.182000
2.193543
2.158187
2.168062
2.165664
2.179556
2.223339
2.171754
2.143262
2.186065
2.180883
2.209458
2.185177
2.167562
2.254279
2.186710
2.180969
2.133157
2.169889
2.152329
2.177795
2.173779
2.158694
2.216598
2.201919
2.148336
2.162721
2.178101
2.212666
2.163091
2.166824
2.193587
2.164680
2.153121
2.185463
2.182178
2.140804
2.158629
2.211299
2.184294
2.153746
2.127189
2.153843
2.163466
2.180978
2.174026
2.146966
2.214842
2.191859
2.173606
2.177647
2.156585
2.140390
2.194439
2.226903
2.156294
2.186602
2.175506
2.193156
2.168087
2.134833
2.158973
2.178384
2.174809
2.155524
2.183964
2.171108
2.231903
2.201376
2.175919
2.151314
2.159125
2.180170
2.165774
2.159165
2.197962
2.163822
2.154738
2.211400
2.142332
2.172482
2.117542
2.143979
2.183625
2.135362
2.211117
2.206567
2.149299
2.137829
2.207721
2.145839
2.139614
2.155654
2.223843
2.174398
2.172776
2.180059
2.153268
2.172310
2.123557
2.168205
2.179824
2.171940
2.173025
2.153251
2.161091
2.181968
2.172176
2.154979
2.181972
2.164858
2.203417
2.179306
2.165361
2.155402
2.142331
2.178880
2.147816
2.158525
2.120024
2.179186
2.143724
2.163831
2.161283
2.139957
2.152566
2.196318
2.174645
2.173649
2.169100
2.131324
2.147888
2.161938
2.138798
2.161222
2.179979
2.181667
2.167422
2.153239
2.131104
2.147119
2.145738
2.192396
2.208068
2.167131
2.160944
2.157429
2.151124
2.183438
2.117614
2.177643
2.175225
2.170716
2.162503
2.149559
2.166949
2.158139
2.160204
2.162027
2.185245
2.186797
2.141380
2.155246
2.197747
2.168863
2.157378
2.140795
2.152978
2.199184
2.202974
2.171894
2.131308
2.157587
2.133340
2.194774
2.143307
2.145897
2.168635
2.167132
2.184529
2.151551
2.126076
2.153152
2.234682
2.151528
2.154920
2.142200
2.185619
2.152542
2.159076
2.154238
2.178344
2.121957
2.152110
2.118354
2.181562
2.141138
2.104791
2.150364
2.152965
2.148726
2.160952
2.171466
2.120343
2.176005
2.161928
2.175331
2.231686
2.149734
2.158796
2.151472
2.134429
2.214513
2.161082
2.163990
2.132995
2.127671
2.170678
2.115246
2.185150
2.172884
2.177197
2.166789
2.164480
2.178625
2.151025
2.179108
2.186272
2.132966
2.148769
2.196562
2.142121
2.151787
2.118756
2.108460
2.150550
2.154607
2.091271
2.151700
2.158724
2.151711
2.179838
2.211332
2.167853
2.151863
2.145231
2.191677
2.164076
2.176231
2.216744
2.185215
2.185555
2.128021
2.169968
2.158160
2.115072
2.126212
2.153054
2.157501
2.136189
2.157150
2.122629
2.146753
2.136975
2.122637
2.177668
2.170197
2.153206
2.134490
2.168329
2.173466
2.125818
2.167349
2.170249
2.169043
2.185447
2.186502
2.178172
2.112625
2.151541
2.157517
2.177797
2.117601
2.182855
2.138134
2.155052
2.139261
2.170626
2.129328
2.134383
2.141433
2.134266
2.170028
2.163560
2.124336
2.149735
2.172564
2.150566
2.131955
2.159976
2.131394
2.164140
2.155364
2.155897
2.175596
2.168682
2.172984
2.161100
2.144016
2.129780
2.129022
2.142100
2.135721
2.198963
2.171526
2.150708
2.147709
2.164220
2.138525
2.141071
2.112573
2.134268
2.134491
2.197542
2.149178
2.104203
2.146744
2.115161
2.116512
2.163994
2.122876
2.140993
2.150248
2.195997
2.137605
2.177243
2.173659
2.160244
2.120668
2.157418
2.143372
2.136302
2.119954
2.171469
2.200097
2.172745
2.150896
2.162251
2.177881
2.108044
2.132418
2.180054
2.109909
2.172097
2.166520
2.137571
2.162419
2.163322
