2.309309
2.308762
2.306794
2.304071
2.303947
2.303948
2.304691
2.307416
2.303948
2.303947
2.308142
2.308266
2.306549
2.303081
2.300337
2.309130
2.312743
2.309826
2.305396
2.282170
2.250041
2.249899
2.282097
2.324896
2.362747
2.385974
2.402701
2.386947
2.341630
2.288234
2.275025
2.271803
2.256587
2.263622
2.298928
2.336892
2.431837
2.506217
2.532750
2.516548
2.483338
2.462716
2.421806
2.408328
2.380847
2.367219
2.421199
2.469955
2.413213
2.361963
2.367520
2.423942
2.472157
2.431936
2.419067
2.418184
2.381963
2.368794
2.342541
2.332210
2.312707
2.291369
2.273089
2.294877
2.393447
2.509685
2.495357
2.476580
2.501088
2.577628
2.562016
2.567988
2.586811
2.573537
2.482786
2.407443
2.439321
2.475865
2.507723
2.573762
2.479192
2.353441
2.342981
2.363367
2.401778
2.606882
2.595622
2.491222
2.353817
2.437860
2.317044
2.313186
2.459873
2.508097
2.438234
2.265573
2.082455
1.996672
1.999327
2.058714
2.074060
2.122275
2.371046
2.441135
2.433167
2.446537
2.545333
2.571036
2.575008
2.578506
2.584324
2.578548
2.580173
2.580359
2.562194
2.564666
2.564760
2.568007
2.570109
2.562932
2.556823
2.552533
2.556692
2.553290
2.548946
2.550528
2.518591
2.429387
2.499470
2.542214
2.552584
2.546129
2.484697
2.455225
2.550370
2.577539
2.580526
2.609714
2.621470
2.658986
2.665621
2.668850
2.656139
2.644228
2.619584
2.619566
2.603685
2.571759
2.556559
2.530284
2.519518
2.505432
2.482126
2.433009
2.337614
2.310349
2.391383
2.440829
2.471538
2.473647
2.458143
2.428063
2.392558
2.454347
2.482779
2.501302
2.504417
2.508882
2.513665
2.507499
2.518451
2.518112
2.526873
2.526255
2.512975
2.523007
2.531802
2.524047
2.526580
2.529165
2.535343
2.521075
2.534315
2.530467
2.532210
2.529609
2.525760
2.524786
2.505669
2.505946
2.507739
2.506503
2.499130
2.485614
2.475203
2.452114
2.463577
2.470484
2.472867
2.470737
2.467741
2.470066
2.450167
2.460686
2.485712
2.481333
2.445035
2.413175
2.402639
2.449699
2.468555
2.457742
2.428340
2.473830
2.458848
2.417360
2.479865
2.482956
2.494789
2.504775
2.513560
2.532249
2.523442
2.527331
2.536087
2.533778
2.540065
2.533249
2.535393
2.535788
2.530742
2.530604
2.540663
2.536034
2.540667
2.536327
2.535722
2.530161
2.529315
2.521314
2.514205
2.518719
2.507936
2.502706
2.498858
2.496047
2.493158
2.489595
2.489201
2.485678
2.478886
2.464693
2.463653
2.451706
2.466834
2.461491
2.467935
2.462804
2.461443
2.451390
2.465726
2.472086
2.474218
2.472234
2.452339
2.444021
2.474631
2.480872
2.472746
2.467207
2.424436
2.369638
2.405550
2.458388
2.474293
2.442008
2.403308
2.358527
2.436148
2.472369
2.485079
2.492070
2.489995
2.490465
2.477286
2.499803
2.509855
2.510492
2.504844
2.510705
2.521107
2.524776
2.522707
2.521643
2.520740
2.513895
2.510882
2.519885
2.515064
2.521582
2.516107
2.519953
2.503561
2.486215
2.500316
2.492273
2.491051
2.476892
2.482754
2.473450
2.463772
2.466065
2.468978
2.459641
2.466687
2.463256
2.442789
2.382521
2.402070
2.426612
2.429102
2.341984
2.166946
2.130802
2.210380
2.249639
2.368618
2.434095
2.460309
2.415171
2.461941
2.454664
2.479304
2.506974
2.507576
2.507950
2.515497
2.514349
2.514275
2.522821
2.527418
2.524386
2.517725
2.509901
2.510188
2.496418
2.499204
2.497976
2.498284
2.495904
2.491263
2.494022
2.503547
2.484782
2.497425
2.481960
2.492132
2.488728
2.493902
2.489359
2.482407
2.494985
2.496653
2.499251
2.501352
2.503208
2.508915
2.506025
2.507924
2.494572
2.499987
2.497219
2.493829
2.499625
2.501028
2.497863
2.488877
2.487541
2.478044
2.468288
2.479873
2.467964
2.468120
2.468249
2.466207
2.460971
2.456724
2.449792
2.454550
2.450354
2.460104
2.451416
2.457501
2.460598
2.460274
2.464077
2.465216
2.470152
2.460154
2.463078
2.448890
2.430917
2.447376
2.465606
2.455709
2.451018
2.455155
2.442606
2.429368
2.393314
2.437667
2.455050
2.459380
2.450511
2.396677
2.439102
2.458511
2.457523
2.466769
2.452839
2.471220
2.483775
2.487706
2.485750
2.495706
2.492146
2.492626
2.506169
2.508000
2.502646
2.513447
2.504960
2.505849
2.508534
2.512253
2.507939
2.517650
2.510840
2.511004
2.520869
2.520612
2.515388
2.516003
2.509684
2.523048
2.515970
2.514849
2.508236
2.507168
2.504630
2.501508
2.496068
2.479915
2.487811
2.486036
2.475298
2.476640
2.481685
2.482100
2.478439
2.480835
2.482988
2.483553
2.490733
2.483074
2.474616
2.464799
2.473305
2.471793
2.474046
2.472677
2.473429
2.471283
2.465258
2.464037
2.457200
2.468470
2.467674
2.462003
2.467005
2.450113
2.444010
2.421336
2.447042
2.462157
2.442704
2.436820
2.455424
2.455504
2.430410
2.393768
2.439347
2.434944
2.402964
2.420545
2.452167
2.454278
2.456295
2.453563
2.459859
