2.305482
2.303331
2.302023
2.300390
2.304298
2.298204
2.295271
2.294200
2.270687
2.253813
2.235619
2.228634
2.204705
2.186157
2.181578
2.190710
2.139452
2.108262
2.059550
1.936173
1.905478
1.863005
1.866081
1.823000
1.823091
1.809858
1.806134
1.749340
1.753326
1.754050
1.694530
1.733337
1.697373
1.651501
1.708078
1.665672
1.664020
1.687424
1.632998
1.629748
1.630133
1.621664
1.667069
1.621531
1.639661
1.661548
1.609490
1.589969
1.577898
1.624920
1.620246
1.607751
1.608200
1.605207
1.621494
1.595820
1.599203
1.596396
1.575131
1.587918
1.588422
1.594942
1.599047
1.586786
1.575650
1.571043
1.604055
1.590111
1.546961
1.587940
1.564856
1.566369
1.567175
1.574391
1.576556
1.567402
1.579021
1.550205
1.541837
1.550691
1.561856
1.587394
1.556671
1.569183
1.548378
1.545631
1.559172
1.560583
1.553606
1.578469
1.572137
1.551409
1.556344
1.582158
1.567346
1.571601
1.535294
1.522093
1.572412
1.556865
1.562444
1.544572
1.544670
1.572847
1.527886
1.533865
1.540795
1.559037
1.551329
1.528659
1.559414
1.535241
1.555989
1.532537
1.530725
1.530529
1.566338
1.528889
1.537737
1.541507
1.542937
1.554742
1.545538
1.559661
1.520476
1.551670
1.525028
1.546006
1.532356
1.519083
1.541146
1.528133
1.563617
1.527139
1.533690
1.514398
1.544138
1.511819
1.535147
1.507903
1.534736
1.514379
1.515104
1.542165
1.548247
1.555921
1.555186
1.535340
1.522195
1.515163
1.491280
1.557593
1.530707
1.530870
1.512754
1.506992
1.499920
1.520201
1.521300
1.526280
1.524865
1.506669
1.524486
1.525973
1.512615
1.524594
1.553358
1.518896
1.517372
1.544560
1.548577
1.536757
1.519023
1.516558
1.545893
1.525936
1.519918
1.531668
1.534146
1.502038
1.516297
1.504651
1.520875
1.503426
1.501328
1.540150
1.512694
1.498215
1.513233
1.513421
1.534896
1.504583
1.496179
1.520960
1.506015
1.520152
1.493001
1.515336
1.527242
1.514929
1.499700
1.502279
1.499055
1.524335
1.505870
1.536620
1.503142
1.506029
1.529489
1.492271
1.496984
1.501807
1.506356
1.520757
1.510058
1.525209
1.532475
1.491305
1.517828
1.513360
1.512040
1.514204
1.532767
1.512265
1.496752
1.511015
1.498484
1.505234
1.490393
1.521646
1.491026
1.515807
1.509254
1.494433
1.521757
1.499539
1.511438
1.488788
1.513364
1.503668
1.496968
1.510027
1.514186
1.490094
1.492627
1.507740
1.489613
1.514206
1.514110
1.508051
1.517920
1.520202
1.506157
1.492670
1.497390
1.513301
1.494907
1.537925
1.506282
1.494633
1.508187
1.507963
1.514035
1.482158
1.507223
1.497794
1.497883
1.484735
1.486776
1.496215
1.499596
1.506083
1.496618
1.501657
1.491281
1.513059
1.507596
1.511411
1.504888
1.516783
1.482317
1.516980
1.498191
1.505629
1.518355
1.497824
1.504411
1.517833
1.493423
1.514040
1.486722
1.505407
1.485706
1.487519
1.492794
1.488375
1.503485
1.504869
1.477683
1.502087
1.508886
1.491723
1.518830
1.493674
1.500786
1.502027
1.497413
1.492742
1.512417
1.503934
1.500327
1.508044
1.488853
1.483618
1.488517
1.505666
1.492337
1.511018
1.510587
1.489138
1.500926
1.494074
1.489121
1.506484
1.525656
1.485558
1.509567
1.501760
1.486301
1.483596
1.487764
1.488201
1.495145
1.482094
1.477613
1.504486
1.478138
1.493929
1.506766
1.494536
1.495824
1.486095
1.520212
1.511950
1.498572
1.481014
1.488665
1.505064
1.491119
1.488402
1.502268
1.502731
1.501723
1.481592
1.486095
1.499544
1.485813
1.488811
1.493168
1.490508
1.486055
1.501467
1.484607
1.493532
1.486602
1.493824
1.488751
1.485448
1.501001
1.485739
1.486214
1.495514
1.477109
1.505310
1.493284
1.498328
1.488581
1.511403
1.484124
1.492019
1.479579
1.503152
1.497537
1.506309
1.495676
1.495537
1.509133
1.498436
1.494539
1.488897
1.498175
1.477184
1.502896
1.486146
1.486066
1.484331
1.482150
1.476386
1.497970
1.501162
1.494190
1.475239
1.498003
1.492678
1.479085
1.509387
1.489723
1.481333
1.493054
1.483793
1.477828
1.489483
1.485713
1.509119
1.477933
1.501958
1.487130
1.485306
1.486726
1.494800
1.494334
1.478025
1.490736
1.477906
1.491384
1.475835
1.482850
1.498286
1.485860
1.489111
1.507092
1.489698
1.476799
1.490369
1.507672
1.484951
1.484171
1.481540
1.495612
1.492656
1.471467
1.501304
1.496356
1.494246
1.471057
1.479427
1.481088
1.495797
1.476916
1.495992
1.507641
1.511450
1.491458
1.481652
1.495081
1.504364
1.495189
1.481900
1.471555
1.492757
1.496031
1.475246
1.488387
1.486938
1.479725
1.484301
1.477884
1.497092
1.477805
1.488381
1.486203
1.486495
1.496978
1.487074
1.486655
1.483135
1.498284
1.487549
1.490330
1.478952
1.487591
1.495330
1.482758
1.482608
1.491060
1.494829
1.483298
1.494278
1.489683
1.511012
1.502419
1.485515
1.487733
1.476079
1.476891
1.505473
1.490026
1.476024
1.489972
1.495806
