2.304501
2.303053
2.308359
2.303283
2.300472
2.314384
2.300399
2.206362
2.188303
2.287365
2.335108
2.224904
2.218769
2.215794
2.224088
2.359942
2.402327
2.254931
2.163292
2.163058
2.157586
2.183748
2.142620
2.123084
2.121158
2.133506
2.134429
2.154652
2.147025
2.144223
2.151016
2.185087
2.128907
2.146772
2.150641
2.120388
2.140098
2.127677
2.176377
2.167590
2.104303
2.114249
2.116963
2.139167
2.130502
2.169514
2.138217
2.121388
2.096525
2.137695
2.135787
2.094387
2.136338
2.104477
2.102934
2.106517
2.105119
2.158692
2.127020
2.111152
2.082381
2.098075
2.106733
2.151274
2.097075
2.129723
2.094554
2.102156
2.092458
2.062291
2.103463
2.092664
2.086015
2.119103
2.110241
2.097107
2.103722
2.121741
2.068525
2.139923
2.107895
2.098587
2.120469
2.116311
2.122586
2.121702
2.142458
2.090363
2.153262
2.146213
2.128436
2.108614
2.072815
2.132106
2.083002
2.129531
2.110564
2.096648
2.073937
2.077508
2.117148
2.109793
2.104993
2.103376
2.137207
2.131907
2.117619
2.135341
2.118642
2.117037
2.133100
2.122352
2.165187
2.150285
2.122198
2.099301
2.084136
2.134826
2.109004
2.094057
2.089550
2.090837
2.109168
2.093426
2.091673
2.136376
2.138293
2.118093
2.135395
2.102657
2.120757
2.087451
2.094156
2.108439
2.154207
2.123279
2.107933
2.148265
2.107554
2.094745
2.119036
2.117084
2.184603
2.086156
2.126988
2.116749
2.116521
2.097487
2.075405
2.144799
2.114055
2.085150
2.119972
2.138707
2.108572
2.088123
2.130273
2.169856
2.095481
2.128504
2.134923
2.090971
2.088605
2.091630
2.146178
2.116239
2.076554
2.082359
2.146500
2.074781
2.094512
2.109235
2.092674
2.158869
2.075498
2.116845
2.077491
2.120386
2.114504
2.114140
2.115165
2.112873
2.114544
2.098741
2.100403
2.097216
2.125945
2.109760
2.151190
2.111270
2.138972
2.108769
2.101314
2.108682
2.080727
2.119507
2.093090
2.124956
2.075528
2.100364
2.117683
2.117818
2.098188
2.089391
2.115337
2.081537
2.119025
2.096391
2.148408
2.126509
2.104133
2.092599
2.141077
2.085587
2.115322
2.099685
2.082346
2.092111
2.101425
2.082425
2.123381
2.094931
2.089360
2.096977
2.116868
2.094351
2.100152
2.103191
2.111284
2.072810
2.112400
2.089899
2.086873
2.103362
2.087220
2.120607
2.083872
2.093625
2.061054
2.104311
2.107955
2.118470
2.104253
2.096664
2.094779
2.099924
2.111527
2.112602
2.058078
2.119750
2.107523
2.121413
2.147644
2.094562
2.089666
2.138837
2.118946
2.095353
2.103676
2.116802
2.120829
2.071919
2.116478
2.124941
2.104955
2.120820
2.125043
2.114830
2.125283
2.108809
2.121537
2.099416
2.094976
2.096841
2.091600
2.123050
2.120841
2.097287
2.102217
2.122880
2.077435
2.096465
2.147813
2.125292
2.109541
2.107988
2.138478
2.111291
2.092345
2.155317
2.078658
2.106761
2.090824
2.082110
2.090828
2.109028
2.121238
2.120264
2.126657
2.107638
2.078844
2.085472
2.098345
2.073936
2.135311
2.093754
2.099763
2.122350
2.103972
2.157373
2.097258
2.120595
2.091287
2.077678
2.047441
2.096776
2.110729
2.085514
2.107997
2.089972
2.134217
2.084180
2.103437
2.121707
2.120141
2.081974
2.101710
2.074655
2.120782
2.121544
2.076746
2.137420
2.114490
2.135787
2.080548
2.097305
2.117839
2.096280
2.084939
2.081753
2.123468
2.122604
2.103880
2.118557
2.159405
2.121733
2.089992
2.058982
2.088567
2.123164
2.114138
2.138897
2.099550
2.096342
2.125885
2.133422
2.099396
2.117417
2.132659
2.130316
2.118243
2.074639
2.110455
2.128519
2.083832
2.071882
2.108550
2.099095
2.103993
2.107220
2.064278
2.131089
2.085122
2.113108
2.078292
2.079414
2.088375
2.104673
2.123613
2.100411
2.136179
2.090417
2.126101
2.138959
2.128787
2.097709
2.074712
2.106371
2.104204
2.093633
2.088157
2.089172
2.106214
2.075490
2.135500
2.123471
2.057416
2.094909
2.092284
2.124794
2.094305
2.125695
2.096861
2.114120
2.077267
2.124258
2.105523
2.107023
2.102590
2.144833
2.100251
2.094974
2.107614
2.090514
2.120173
2.089800
2.063770
2.074365
2.105438
2.110638
2.070304
2.071345
2.092641
2.090511
2.094705
2.115083
2.080909
2.086626
2.120325
2.110570
2.054974
2.096154
2.100153
2.068911
2.113780
2.054374
2.112571
2.107972
2.097081
2.075145
2.125868
2.077482
2.097034
2.089109
2.084750
2.127670
2.073717
2.073900
2.102859
2.090095
2.119876
2.128257
2.071222
2.094908
2.116329
2.111572
2.074551
2.063326
2.122122
2.083062
2.087088
2.108164
2.132764
2.082602
2.110263
2.092317
2.073697
2.073730
2.076867
2.084118
2.098244
2.093265
2.070908
2.096200
2.092830
2.080564
2.105281
2.103272
2.099786
2.057179
2.114491
2.073672
2.114396
2.067787
2.069432
2.092394
2.085180
2.101121
2.080753
2.103828
2.113916
2.088945
2.090164
2.114444
2.077877
2.095624
2.061043
2.131911
2.073279
2.102746
