2.300416
2.286080
2.235492
2.179331
2.126817
2.049860
2.319099
2.000186
2.097820
2.228824
2.266938
2.269906
2.233578
2.259712
2.228146
2.239933
2.266801
2.268045
2.262779
2.310537
2.280270
2.281092
2.280879
2.257723
2.289296
2.274603
2.274493
2.243126
2.259465
2.259305
2.266954
2.282907
2.275094
2.266886
2.259032
2.258978
2.275094
2.266572
2.274384
2.266081
2.282142
2.273839
2.265808
2.265481
2.265535
2.241279
2.264389
2.272037
2.248218
2.255048
2.255103
2.238277
2.269909
2.253919
2.283477
2.236691
2.256635
2.244846
2.229126
2.244764
2.198675
2.253240
2.245550
2.222112
2.245550
2.229807
2.229925
2.268987
2.206487
2.268987
2.229925
2.198675
2.253245
2.261175
2.214033
2.261175
2.222112
2.229925
2.214300
2.214300
2.206487
2.222112
2.245491
2.276741
2.237737
2.206487
2.222053
2.245427
2.276800
2.237737
2.229925
2.214241
2.245550
2.214300
2.222112
2.198675
2.276800
2.182546
2.276800
2.261175
2.222112
2.229744
2.268865
2.245199
2.245550
2.229925
2.222112
2.190862
2.206487
2.229925
2.268987
2.229925
2.237737
2.292425
2.198265
2.222112
2.245550
2.229866
2.214241
2.221990
2.206487
2.253362
2.292425
2.237556
2.276355
2.245550
2.222112
2.229925
2.245550
2.237737
2.237737
2.229925
2.276800
2.214300
2.198675
2.253362
2.229925
2.222112
2.245550
2.253362
2.222112
2.237737
2.221990
2.261175
2.237737
2.206487
2.206487
2.229925
2.229802
2.229866
2.229925
2.198675
2.182605
2.268928
2.237737
2.206487
2.245550
2.253362
2.284612
2.237737
2.245550
2.245550
2.221990
2.206487
2.214300
2.245491
2.252952
2.253362
2.237737
2.214241
2.253362
2.229925
2.237737
2.214177
2.222112
2.221990
2.214300
2.222112
2.229925
2.229925
2.268987
2.237737
2.222053
2.221990
2.214300
2.222112
2.245550
2.214300
2.268987
2.214300
2.284612
2.245550
2.276800
2.237737
2.198616
2.229925
2.253362
2.214119
2.206487
2.206487
2.229802
2.206487
2.198675
2.261175
2.221761
2.229925
2.222112
2.222112
2.214300
2.198230
2.245427
2.229925
2.206487
2.245550
2.214177
2.222053
2.253362
2.268987
2.245491
2.253362
2.268987
2.214300
2.253362
2.222112
2.229925
2.292425
2.222112
2.214055
2.300237
2.245550
2.198675
2.182927
2.253240
2.222112
2.245550
2.222112
2.214300
2.198675
2.214300
2.214300
2.245550
2.190862
2.276800
2.253362
2.206487
2.261116
2.237737
2.253362
2.284612
2.253362
2.229480
2.214241
2.245550
2.261175
2.222112
2.237678
2.214300
2.182736
2.253362
2.253362
2.214300
2.268928
2.198202
2.237737
2.245550
2.198675
2.253362
2.214300
2.245427
2.253303
2.229925
2.222053
2.214300
2.229925
2.214300
2.237737
2.229925
2.268928
2.276800
2.229925
2.276800
2.237737
2.206487
2.245550
2.229925
2.229802
2.237737
2.198039
2.222112
2.206487
2.252917
2.261175
2.214300
2.229866
2.198675
2.245550
2.222112
2.237737
2.190862
2.253240
2.253362
2.237737
2.237737
2.214055
2.221990
2.206487
2.237737
2.245105
2.206487
2.222112
2.260925
2.245550
2.237556
2.222112
2.190740
2.229480
2.253362
2.222112
2.222112
2.206487
2.237737
2.253362
2.237737
2.253303
2.222112
2.253362
2.222112
2.261175
2.261175
2.222112
2.276800
2.222112
2.245550
2.253303
2.229802
2.214300
2.206487
2.245550
2.229925
2.198675
2.276800
2.198675
2.229925
2.245358
2.222112
2.206487
2.221545
2.237737
2.229925
2.237737
2.253362
2.214300
2.268987
2.222112
2.214300
2.284612
2.237615
2.245550
2.222112
2.229925
2.245550
2.245550
2.213855
2.237737
2.261175
2.198616
2.229925
2.214300
2.245491
2.222112
2.261175
2.237615
2.276800
2.237737
2.198675
2.206306
2.222112
2.206487
2.253240
2.229925
2.252917
2.214241
2.276800
2.237737
2.213986
2.206487
2.261175
2.222112
2.245550
2.268865
2.214300
2.268987
2.190862
2.198675
2.245491
2.221862
2.237737
2.198675
2.222112
2.253362
2.237615
2.229925
2.261175
2.229802
2.214300
2.237737
2.245105
2.237737
2.261175
2.253362
2.229925
2.253362
2.214300
2.237737
2.214300
2.229925
2.206487
2.214300
2.237737
2.253362
2.229744
2.198483
2.229925
2.214241
2.214300
2.261175
2.222112
2.190862
2.198675
2.183050
2.229480
2.237737
2.253362
2.229925
2.237615
2.253171
2.261175
2.237737
2.222112
2.229925
2.229925
2.253362
2.229802
2.261116
2.206487
2.268987
2.261175
2.261175
2.261175
2.214300
2.198675
2.261175
2.237737
2.245550
2.229357
2.214300
2.237737
2.253362
2.206487
2.253362
2.261175
2.222112
2.245550
2.206487
2.284612
2.245491
2.261175
2.245427
2.253362
2.175237
2.206487
2.237737
2.214300
2.229925
2.198552
2.253362
2.245550
2.237737
2.198675
2.237615
2.229925
2.229925
2.222053
2.229925
2.214300
2.253362
2.206487
2.222053
2.214108
2.308050
2.244914
2.237737
2.206365
2.244660
2.206487
2.214300
2.206042
2.222112
2.237556
2.245550
