2.290993
2.286739
2.283389
2.287814
2.283978
2.276910
2.240214
2.192091
2.174254
2.246316
2.285347
2.268000
2.281174
2.295279
2.299602
2.299953
2.302501
2.302374
2.302091
2.302585
2.302585
2.302585
2.302374
2.302288
2.301928
2.301880
2.301377
2.302910
2.302897
2.299966
2.300481
2.299394
2.300259
2.299334
2.297620
2.298985
2.298672
2.297419
2.299184
2.297952
2.299874
2.298748
2.299754
2.297834
2.299350
2.297711
2.296151
2.298958
2.297823
2.296330
2.296583
2.297419
2.299403
2.298606
2.300651
2.296443
2.295841
2.294268
2.297466
2.297028
2.295795
2.294906
2.295196
2.295810
2.295749
2.300000
2.296556
2.296709
2.294014
2.297963
2.297011
2.297504
2.292547
2.296670
2.294059
2.296721
2.295454
2.294234
2.296470
2.299342
2.297271
2.295833
2.297297
2.297526
2.296071
2.296680
2.294747
2.296462
2.297340
2.292580
2.295743
2.299175
2.297949
2.296060
2.296491
2.294448
2.294275
2.296137
2.297778
2.296950
2.296965
2.293472
2.297739
2.295669
2.296093
2.297048
2.293402
2.297851
2.295415
2.296818
2.296776
2.293104
2.295681
2.295837
2.296809
2.295494
2.298660
2.294241
2.295216
2.294585
2.297435
2.296722
2.295631
2.294968
2.296969
2.294369
2.296568
2.296620
2.296046
2.297436
2.297336
2.298007
2.293727
2.294765
2.293936
2.295651
2.297738
2.297686
2.296199
2.293109
2.299998
2.295718
2.295085
2.296393
2.292565
2.294817
2.295689
2.297441
2.291191
2.297054
2.296956
2.295247
2.296025
2.297155
2.293559
2.295508
2.298216
2.293904
2.298989
2.293769
2.295902
2.296440
2.292995
2.295049
2.294978
2.295602
2.296746
2.296486
2.294712
2.296392
2.296804
2.294868
2.295546
2.294559
2.296389
2.295702
2.294581
2.295153
2.295372
2.293151
2.297085
2.296157
2.293053
2.294746
2.295730
2.292112
2.295749
2.296377
2.291257
2.293080
2.294905
2.295494
2.295698
2.296341
2.293698
2.297479
2.294628
2.295240
2.294565
2.292121
2.296903
2.294341
2.293781
2.295200
2.297471
2.297768
2.294014
2.294793
2.295591
2.297149
2.294609
2.297972
2.295406
2.296148
2.292343
2.295141
2.290320
2.293071
2.293231
2.293092
2.294282
2.296892
2.294927
2.293144
2.295296
2.293796
2.292155
2.297023
2.292176
2.295261
2.295583
2.297447
2.296226
2.295056
2.297972
2.292192
2.294065
2.293568
2.293525
2.294149
2.293713
2.295437
2.292036
2.294240
2.296586
2.295333
2.294501
2.293310
2.293698
2.293862
2.293262
2.294735
2.292720
2.295746
2.293077
2.297152
2.293442
2.296543
2.296141
2.295158
2.294904
2.293082
2.297260
2.294757
2.296297
2.296081
2.293299
2.294986
2.293784
2.293762
2.293020
2.293635
2.296194
2.293736
2.295129
2.293971
2.295474
2.294435
2.295920
2.295542
2.296227
2.296186
2.296928
2.293944
2.293042
2.292677
2.295291
2.294060
2.290684
2.295545
2.296392
2.293637
2.292806
2.295455
2.293201
2.291939
2.294833
2.295759
2.291559
2.293414
2.297394
2.292557
2.291847
2.293022
2.293782
2.292970
2.292918
2.295851
2.291712
2.292410
2.293807
2.293453
2.295260
2.291954
2.295302
2.288405
2.295160
2.293847
2.293577
2.294322
2.294398
2.293380
2.292087
2.295671
2.293492
2.293753
2.296413
2.294486
2.293275
2.294772
2.295192
2.294463
2.293927
2.292544
2.295720
2.295449
2.294653
2.295080
2.293652
2.291662
2.294197
2.290463
2.292965
2.296250
2.293110
2.293045
2.295486
2.294407
2.295645
2.293863
2.290513
2.294970
2.294608
2.293740
2.294943
2.292986
2.292216
2.295537
2.294058
2.295451
2.289899
2.293626
2.295065
2.293032
2.295134
2.295686
2.292182
2.295777
2.293643
2.293302
2.294671
2.293757
2.293796
2.290447
2.294557
2.293391
2.292978
2.292592
2.295346
2.295740
2.294010
2.295048
2.294620
2.293423
2.294855
2.295299
2.291472
2.293216
2.290931
2.292170
2.295320
2.293760
2.296376
2.291017
2.292266
2.291923
2.293839
2.293753
2.296497
2.294524
2.291540
2.293544
2.291792
2.293480
2.294144
2.292927
2.290948
2.289733
2.291986
2.293939
2.295179
2.294866
2.294919
2.293403
2.296489
2.291721
2.294755
2.288247
2.292119
2.294372
2.292987
2.294648
2.293619
2.293418
2.293258
2.291489
2.294198
2.292845
2.292939
2.293422
2.292304
2.295547
2.292928
2.293591
2.292552
2.296222
2.292423
2.292858
2.292286
2.294054
2.294477
2.294813
2.293758
2.294772
2.294701
2.293040
2.294953
2.291441
2.296311
2.290527
2.292238
2.292122
2.291012
2.293056
2.292178
2.291991
2.291996
2.293817
2.293940
2.292359
2.294360
2.290079
2.292495
2.294048
2.289938
2.294497
2.293939
2.293312
2.293888
2.290383
2.293252
2.289357
2.293001
2.292995
2.294304
2.291132
2.291661
2.293471
2.292892
2.292838
2.291832
2.293840
2.289804
2.293775
2.293177
2.293649
2.296456
2.294105
2.293984
2.292971
2.295928
2.293861
2.289046
2.295790
2.290814
2.291223
2.291778
2.291441
2.289413
2.290591
