2.250574
2.266350
2.252910
2.219533
2.215169
2.184224
2.174524
2.160693
2.135030
2.138020
2.110039
2.145067
2.112597
2.151811
2.127865
2.132680
1.939046
1.913522
1.870366
1.854425
1.710318
1.759853
1.776507
1.596513
1.799864
1.809841
1.645187
1.846095
1.848431
1.920720
1.880401
1.846880
1.921168
1.958634
1.872592
1.870682
1.888075
1.846196
1.757153
1.731366
1.782839
1.811225
1.785430
1.872394
1.805089
1.825334
1.736290
1.967373
1.791600
1.923243
1.815498
1.833279
1.794966
1.831466
1.875295
1.767583
1.808854
1.776308
1.834840
1.839623
1.822639
1.730258
1.883124
1.909756
1.820099
1.727603
1.728841
1.885638
1.809550
1.830447
1.928489
1.929631
1.891693
1.956292
1.932620
1.985048
2.016339
2.058630
2.106174
2.109802
2.117545
2.133612
2.126538
2.109635
2.105535
2.042502
1.985263
1.902833
1.854073
1.733475
1.733792
1.675648
1.617352
1.572326
1.508708
1.657594
1.852913
1.737224
2.027261
2.058256
1.544429
1.484335
2.606164
1.189782
4.280588
2.190305
3.700774
5.982660
132.671295
274.857910
474.366425
1039.320679
2099.494629
3531.178955
6565.152832
9218.735352
369.652100
428.161957
52.078999
13.651067
1.907249
2.125124
2.147643
2.164142
2.290300
2.252429
2.313060
2.304471
2.796564
3.632552
3.793385
3.588065
2.138190
2.105822
2.113222
2.149208
2.174156
2.225415
2.586669
2.419188
2.530891
2.520402
2.519327
2.247122
2.321649
2.223791
2.223971
2.228176
2.228748
2.244262
2.236748
2.246644
2.229270
2.238980
2.236150
2.223556
2.213780
2.228199
2.216682
2.221651
2.218852
2.237162
2.252139
2.292256
2.377349
2.240001
2.225410
2.236192
2.220608
2.235222
2.251765
2.335338
2.542334
2.647100
2.873942
2.980660
2.935563
2.944477
2.610057
2.453760
2.389486
4.041509
14.240953
2.213094
2.219798
2.233828
2.244709
2.268566
2.323750
3.119738
2.232456
2.296677
2.302094
2.513798
2.667753
2.483216
2.401021
2.402268
2.774833
2.432894
2.281701
2.333330
2.288474
2.369694
2.317146
2.277694
2.342635
2.712759
2.219707
2.245947
2.299695
2.444269
2.841381
2.746623
3.993454
4.636925
4.154431
5.514418
6.199619
4.887464
3.740237
3.554079
4.146403
6.091461
5.193167
6.111907
10.018682
2.661157
2.310507
2.243104
2.241131
2.237557
2.233653
2.240020
2.229748
2.231192
2.231493
2.233036
2.227595
2.216999
2.256876
2.294249
2.362066
2.326888
4.566740
2.460961
2.381404
2.833249
2.233997
2.239803
2.241733
2.251437
2.284851
2.336531
2.658407
2.605856
2.836472
2.764061
2.643913
2.822015
2.570557
2.514443
2.568480
2.644480
2.382028
2.377605
2.978865
3.072653
2.971875
2.854944
2.979584
4.603873
6.409827
3.860848
2.605008
2.679426
3.163893
3.850086
2.288824
2.348610
2.312669
3.058830
5.796364
12.095203
15.394821
7.870456
7.857604
4.627805
4.959108
3.136317
3.606754
3.461988
5.307484
8.442926
15.004430
25.172022
89.368523
51.554527
20.881996
5.952784
5.524788
3.585611
7.747591
4.947175
13.629656
15.588866
20.359592
24.236376
117.985313
286.320557
619.846008
470.677673
885.358215
1169.965454
1113.968140
1431.487793
2359.966309
3026.055420
6847.690430
13105.225586
1571.383179
36.235088
957.051331
138.784943
946.401611
1935.927490
7513.929199
1584.703979
2280.446289
17630.777344
26918.482422
43683.746094
92059.859375
132754.406250
387712.312500
91489.554688
180620.078125
1287894.250000
1811723.250000
2034165.500000
1563517.250000
3909951.500000
5487128.000000
14117454.000000
21115138.000000
35504252.000000
53201828.000000
120055984.000000
123334112.000000
101545208.000000
86540400.000000
126595440.000000
137229216.000000
95399800.000000
155768848.000000
131274488.000000
220093056.000000
246634944.000000
331339040.000000
339262784.000000
321940768.000000
484803808.000000
718239744.000000
1035514048.000000
1810869888.000000
1561003776.000000
2751965696.000000
2839168000.000000
2758539008.000000
2871398400.000000
4825356800.000000
6323232256.000000
6164058112.000000
5717832192.000000
15518116864.000000
17632034816.000000
25882038272.000000
27164600320.000000
34881511424.000000
56357568512.000000
53732515840.000000
42314080256.000000
42975961088.000000
63902515200.000000
41678434304.000000
57093324800.000000
87009665024.000000
100316217344.000000
64734363648.000000
101051973632.000000
85726527488.000000
105679142912.000000
124112453632.000000
222799872000.000000
325517148160.000000
358973669376.000000
446802264064.000000
359047954432.000000
350661181440.000000
514702442496.000000
433127325696.000000
474090635264.000000
490487808000.000000
452656693248.000000
405262041088.000000
474867171328.000000
200261091328.000000
250938884096.000000
207605366784.000000
250609696768.000000
340101627904.000000
325428903936.000000
202289070080.000000
425488744448.000000
352990953472.000000
475639414784.000000
571345862656.000000
404021313536.000000
431113109504.000000
573205839872.000000
470533341184.000000
316433072128.000000
430782251008.000000
410784792576.000000
323576758272.000000
317024534528.000000
348243820544.000000
141689815040.000000
161644052480.000000
93084770304.000000
75013570560.000000
44988747776.000000
43487465472.000000
16984634368.000000
42779426816.000000
38345134080.000000
7502510080.000000
3286951936.000000
385658400.000000
450939264.000000
457159904.000000
97502848.000000
3054007.000000
3358661120.000000
23403798.000000
10506308.000000
13594334.000000
22063318.000000
45000672.000000
26543790.000000
19157542.000000
21388644.000000
14731186.000000
6048648.500000
18811304.000000
18671642.000000
12830233.000000
10311607.000000
5989373.000000
4111159.250000
6820809.000000
220412912.000000
11194163.000000
11891745.000000
2701848.500000
16821940.000000
44305908.000000
157611872.000000
194335344.000000
2915184640.000000
6289270784.000000
7410342912.000000
9654710272.000000
27162488832.000000
13249499136.000000
15857868800.000000
22041384960.000000
4773471744.000000
2617538048.000000
1655768704.000000
751552448.000000
8063579136.000000
2757037824.000000
1796038272.000000
132055992.000000
1652593792.000000
288460224.000000
1493293568.000000
927305280.000000
3778522624.000000
444176800.000000
4134284288.000000
5073593856.000000
6683969024.000000
58830389248.000000
2700963584.000000
25590126592.000000
2083087360.000000
52470300672.000000
151591256064.000000
