2.306811
2.304792
2.306339
2.327790
2.336060
2.324234
2.322568
2.302858
2.318554
2.354057
2.393059
2.304835
2.256469
2.267393
2.196643
2.222001
2.208941
2.124940
2.051773
1.945513
1.932273
1.873918
1.832800
1.777834
1.805107
1.804538
1.720395
1.733745
1.692257
1.754441
1.731960
1.683686
1.694842
1.664458
1.700277
1.684669
1.656916
1.696129
1.652325
1.626662
1.647731
1.659564
1.664338
1.600923
1.596372
1.619557
1.620677
1.631409
1.616378
1.624344
1.648747
1.571847
1.609580
1.606650
1.595060
1.581885
1.627783
1.609949
1.600974
1.598247
1.555564
1.568020
1.590671
1.570806
1.538354
1.584418
1.596812
1.585515
1.558681
1.593409
1.587650
1.579389
1.593900
1.581770
1.558983
1.541776
1.601775
1.580284
1.559885
1.571615
1.559414
1.535381
1.539189
1.555436
1.575959
1.549009
1.556982
1.541867
1.563346
1.524355
1.563448
1.566497
1.571945
1.537308
1.543601
1.547650
1.569428
1.527156
1.557854
1.550901
1.559523
1.550609
1.531093
1.564553
1.534124
1.527174
1.520727
1.547051
1.545277
1.561507
1.548032
1.542610
1.528014
1.542831
1.527362
1.557116
1.526612
1.543240
1.537337
1.530786
1.524947
1.537901
1.548407
1.562349
1.535871
1.539679
1.517865
1.528720
1.505858
1.545954
1.517173
1.542180
1.517035
1.514524
1.545317
1.562697
1.516371
1.524079
1.540866
1.509380
1.523764
1.558709
1.567038
1.526890
1.525361
1.523064
1.514677
1.526701
1.538409
1.558366
1.556901
1.531704
1.547787
1.512868
1.515538
1.520058
1.522616
1.530398
1.537183
1.538336
1.523273
1.490292
1.512767
1.539477
1.525134
1.571193
1.524168
1.520804
1.530803
1.517034
1.519121
1.524987
1.518379
1.520687
1.538093
1.518818
1.508710
1.508822
1.501321
1.522173
1.528828
1.539236
1.536293
1.519500
1.499164
1.502561
1.502338
1.564408
1.559897
1.543438
1.500121
1.512654
1.503746
1.506661
1.522670
1.505255
1.523159
1.527460
1.525226
1.549878
1.520862
1.521123
1.510569
1.521313
1.522721
1.518058
1.497678
1.512104
1.520936
1.520171
1.501171
1.527627
1.520644
1.496935
1.517460
1.514932
1.525523
1.525054
1.518573
1.519315
1.528220
1.516028
1.500504
1.519486
1.515311
1.517558
1.509528
1.511830
1.510383
1.499679
1.498377
1.522724
1.538766
1.511166
1.526207
1.497017
1.510724
1.507330
1.491454
1.516119
1.530843
1.557019
1.531693
1.499578
1.510687
1.498239
1.484931
1.506593
1.511281
1.528977
1.536043
1.501916
1.480958
1.515264
1.493008
1.500708
1.503189
1.521472
1.519562
1.526158
1.496600
1.525036
1.518637
1.518496
1.497401
1.501076
1.488755
1.500929
1.486782
1.499269
1.495204
1.487543
1.511838
1.512789
1.527693
1.513783
1.515657
1.497525
1.498196
1.503596
1.507535
1.489792
1.498999
1.490244
1.519201
1.523906
1.490953
1.515216
1.512977
1.492970
1.487055
1.510243
1.519045
1.522066
1.507634
1.538251
1.488506
1.506562
1.493717
1.496454
1.511293
1.498937
1.525330
1.503676
1.529932
1.521658
1.500881
1.482440
1.487113
1.496726
1.505049
1.514617
1.500948
1.505543
1.495012
1.519024
1.512285
1.518320
1.492329
1.486038
1.508437
1.509013
1.509905
1.491130
1.486508
1.488827
1.497642
1.488806
1.514522
1.500839
1.520565
1.500279
1.487798
1.499439
1.485600
1.502260
1.491639
1.501195
1.500197
1.490351
1.487471
1.548899
1.504145
1.500003
1.486012
1.499070
1.484022
1.483879
1.519545
1.495015
1.480146
1.480768
1.504544
1.509031
1.493103
1.519803
1.510672
1.506845
1.505730
1.486405
1.482674
1.483105
1.483455
1.494113
1.511879
1.514078
1.481667
1.492809
1.492203
1.490015
1.509750
1.498325
1.493572
1.482572
1.500558
1.501662
1.504864
1.499684
1.500136
1.524219
1.486771
1.505859
1.500904
1.476730
1.502307
1.507876
1.505050
1.527651
1.485865
1.500156
1.490865
1.496330
1.491979
1.516547
1.495010
1.522883
1.480988
1.500861
1.482775
1.486377
1.492030
1.510187
1.506241
1.494310
1.506147
1.490900
1.493801
1.483744
1.508607
1.487543
1.507315
1.499463
1.485006
1.504935
1.474909
1.475859
1.483198
1.476312
1.484468
1.485611
1.493462
1.502107
1.492082
1.484975
1.509939
1.490596
1.495499
1.501138
1.482445
1.485807
1.471114
1.487164
1.527539
1.499774
1.497426
1.493771
1.499474
1.482943
1.491036
1.488270
1.476346
1.510221
1.493775
1.494465
1.490628
1.510453
1.494612
1.501262
1.501662
1.481782
1.487816
1.488476
1.484634
1.484699
1.492839
1.483943
1.492133
1.504548
1.500515
1.493988
1.490298
1.482448
1.486385
1.484571
1.474884
1.502742
1.492059
1.474211
1.506922
1.495221
1.488970
1.485110
1.506094
1.488447
1.510904
1.501114
1.502346
1.479082
1.480742
1.491659
1.483484
1.479377
1.490912
1.517349
1.521439
1.492723
1.490669
1.477517
1.490006
1.477921
1.488493
1.484244
1.509399
1.520682
1.499652
1.483793
1.469911
1.487673
1.474019
1.476266
