2.299958
2.301769
2.294225
2.287663
2.285892
2.285798
2.294376
2.283591
2.256676
2.249662
2.263942
2.218142
2.221575
2.233169
2.201185
2.177954
2.171559
2.125601
2.137462
2.092967
2.086276
1.998344
2.021875
1.906377
1.882754
1.856170
1.879419
1.814694
1.792305
1.768065
1.753273
1.733438
1.718138
1.739851
1.717591
1.745993
1.690341
1.737644
1.694658
1.703463
1.735695
1.666611
1.688506
1.667707
1.663568
1.626733
1.656278
1.670765
1.647803
1.636762
1.629463
1.628819
1.625520
1.626531
1.631415
1.626156
1.617957
1.630523
1.615277
1.616005
1.650077
1.612352
1.631015
1.646414
1.607074
1.598775
1.605849
1.594883
1.624103
1.575241
1.607507
1.607839
1.555162
1.602412
1.607665
1.606079
1.617743
1.578844
1.570667
1.580174
1.574702
1.586410
1.591431
1.600850
1.618407
1.582945
1.587799
1.576483
1.571088
1.558730
1.614738
1.588128
1.549369
1.572164
1.604853
1.560932
1.561502
1.563349
1.565299
1.575082
1.569801
1.560116
1.541868
1.560654
1.574165
1.609403
1.581759
1.535516
1.540117
1.553954
1.564868
1.572397
1.544534
1.551507
1.543576
1.586407
1.579326
1.579780
1.542933
1.550520
1.562285
1.546993
1.578724
1.552647
1.552462
1.548935
1.562326
1.544359
1.550519
1.560159
1.553553
1.570308
1.535800
1.559542
1.529341
1.571464
1.544381
1.548059
1.537342
1.533378
1.542695
1.538840
1.525968
1.533292
1.523428
1.536979
1.531097
1.532310
1.545412
1.528648
1.540109
1.502330
1.556651
1.533594
1.566846
1.521015
1.524742
1.540644
1.524729
1.534753
1.557788
1.520083
1.540612
1.520048
1.515128
1.538650
1.527429
1.546162
1.522314
1.529766
1.533509
1.538333
1.570391
1.536114
1.515054
1.516392
1.534391
1.517745
1.517931
1.529308
1.543446
1.530342
1.521551
1.543213
1.510214
1.510209
1.524849
1.526524
1.531021
1.563816
1.541153
1.545447
1.547446
1.521454
1.510767
1.503378
1.513603
1.529742
1.512685
1.504345
1.536589
1.536454
1.550490
1.503030
1.521014
1.512793
1.524292
1.518227
1.508218
1.536785
1.506881
1.524332
1.523358
1.513778
1.530790
1.512523
1.509437
1.512646
1.533557
1.514466
1.523085
1.517299
1.509848
1.515051
1.508748
1.534160
1.513526
1.508823
1.515441
1.512496
1.510460
1.525155
1.494321
1.513221
1.523613
1.523370
1.514488
1.526015
1.501717
1.499712
1.509304
1.521955
1.511468
1.499170
1.526391
1.503187
1.493006
1.516778
1.504821
1.503277
1.502614
1.515786
1.510139
1.511939
1.507600
1.528366
1.509604
1.505834
1.504729
1.519860
1.512709
1.499784
1.514782
1.548625
1.516389
1.520285
1.505359
1.503456
1.516060
1.501522
1.492538
1.511919
1.534387
1.516326
1.507114
1.502997
1.537525
1.511813
1.510525
1.512863
1.506839
1.502041
1.500502
1.503778
1.503918
1.498544
1.494074
1.496245
1.545519
1.489282
1.519485
1.512303
1.499422
1.509751
1.512395
1.501419
1.503926
1.485599
1.491403
1.485728
1.525963
1.494117
1.495462
1.499419
1.493846
1.514326
1.497407
1.478729
1.502714
1.501000
1.503790
1.518878
1.511852
1.492278
1.520254
1.510615
1.523818
1.509651
1.492443
1.501209
1.508064
1.488990
1.500289
1.495851
1.507320
1.502329
1.481375
1.512712
1.498561
1.504435
1.508938
1.498283
1.502373
1.499049
1.498225
1.487614
1.506146
1.507911
1.528762
1.499066
1.487202
1.490596
1.502045
1.490049
1.497724
1.507578
1.498320
1.500899
1.515583
1.509564
1.503927
1.503440
1.490670
1.525194
1.481547
1.502349
1.482967
1.502732
1.505510
1.501968
1.488384
1.495500
1.497108
1.492776
1.484753
1.492588
1.498869
1.517346
1.481400
1.512196
1.481148
1.490994
1.509938
1.495297
1.495081
1.503629
1.498937
1.485752
1.512469
1.508013
1.497524
1.498540
1.486741
1.484037
1.491648
1.492990
1.488896
1.514308
1.491958
1.490856
1.490739
1.501828
1.486013
1.506008
1.486349
1.497543
1.513048
1.499290
1.506566
1.506445
1.499286
1.499531
1.481221
1.488301
1.507365
1.493687
1.502592
1.478829
1.508297
1.505434
1.488585
1.513843
1.494336
1.491838
1.515275
1.489130
1.489859
1.488223
1.523270
1.487493
1.510785
1.482252
1.499271
1.501289
1.489247
1.516614
1.502224
1.488480
1.496522
1.496951
1.487609
1.493824
1.494029
1.487552
1.483442
1.500866
1.497856
1.484626
1.491672
1.487889
1.489114
1.504942
1.477671
1.491373
1.484306
1.494398
1.507856
1.498765
1.487325
1.491323
1.498850
1.488083
1.487868
1.479557
1.499660
1.494397
1.490596
1.498238
1.491547
1.482425
1.487805
1.494521
1.492817
1.484046
1.487469
1.477225
1.491228
1.503737
1.500010
1.512359
1.494164
1.489350
1.503028
1.479158
1.487357
1.492882
1.488551
1.497496
1.523412
1.496846
1.493139
1.477747
1.494664
1.487856
1.507719
1.487959
1.491652
1.483574
1.503596
1.501813
1.482387
1.486688
1.489875
1.495562
1.491916
1.489715
1.504189
1.488741
1.506586
1.501559
