2.305317
2.299725
2.298137
2.310428
2.289665
2.288322
2.286643
2.277029
2.266654
2.254958
2.217182
2.218523
2.198058
2.215810
2.189375
2.242687
2.234066
2.196617
2.137277
2.091151
2.126025
2.130728
2.030590
2.020539
1.927516
1.865714
1.763371
1.809432
1.799662
1.793682
1.785336
1.779301
1.785571
1.702719
1.679581
1.700267
1.788276
1.734360
1.756515
1.743180
1.741209
1.767820
1.681553
1.693958
1.646111
1.710779
1.665371
1.664733
1.683072
1.683666
1.622988
1.652105
1.669281
1.665038
1.642746
1.635827
1.652591
1.614205
1.656498
1.645408
1.616908
1.601289
1.600977
1.625579
1.632744
1.629632
1.595350
1.605499
1.583741
1.592871
1.594038
1.606485
1.569604
1.577055
1.583231
1.601817
1.541100
1.567427
1.572542
1.579333
1.522596
1.542500
1.570508
1.540512
1.559029
1.567254
1.537511
1.525279
1.583255
1.527754
1.553866
1.547970
1.531524
1.534341
1.543069
1.558280
1.523537
1.521366
1.549754
1.523903
1.525179
1.555573
1.543453
1.529946
1.554761
1.535922
1.530341
1.512632
1.541093
1.510368
1.505962
1.521323
1.521558
1.521423
1.536454
1.521732
1.503816
1.524711
1.533688
1.513117
1.532959
1.511428
1.524028
1.508048
1.504053
1.515084
1.499702
1.496568
1.509146
1.498418
1.508727
1.539325
1.513480
1.512279
1.516649
1.520005
1.521418
1.553011
1.507999
1.514328
1.525018
1.501928
1.511802
1.518759
1.505982
1.542672
1.499935
1.511557
1.499856
1.491676
1.500672
1.521144
1.513531
1.497629
1.491198
1.501089
1.499842
1.526291
1.498832
1.522170
1.506225
1.497812
1.501397
1.489789
1.511920
1.515985
1.494339
1.507062
1.504324
1.499323
1.497880
1.522394
1.502195
1.496021
1.510322
1.504027
1.509227
1.494436
1.494236
1.487685
1.489491
1.504298
1.508411
1.493659
1.496153
1.487437
1.499584
1.511898
1.507654
1.480870
1.501266
1.503311
1.483642
1.501482
1.498886
1.501566
1.520394
1.484191
1.479514
1.505719
1.512594
1.515096
1.487516
1.508451
1.517564
1.497241
1.484113
1.489344
1.504450
1.495533
1.485868
1.498671
1.480825
1.514927
1.486273
1.501052
1.495450
1.495748
1.491880
1.503234
1.488708
1.489477
1.488479
1.499827
1.488806
1.492514
1.498058
1.478365
1.489319
1.509910
1.505201
1.506650
1.498510
1.482628
1.480093
1.486317
1.495034
1.505857
1.487563
1.477907
1.489533
1.495543
1.500435
1.504359
1.500120
1.495062
1.493384
1.477627
1.484384
1.485523
1.488525
1.492608
1.469893
1.494977
1.487027
1.499611
1.494539
1.486799
1.480779
1.487457
1.504474
1.497472
1.501619
1.481697
1.499756
1.499686
1.480194
1.501504
1.487533
1.502628
1.475678
1.492220
1.505341
1.498368
1.495004
1.493922
1.496186
1.476309
1.501602
1.478701
1.476435
1.478194
1.487561
1.487381
1.480346
1.493609
1.477669
1.486013
1.500252
1.496980
1.481010
1.485459
1.483686
1.501309
1.477764
1.493965
1.507525
1.498696
1.482443
1.480513
1.495381
1.496928
1.477747
1.475111
1.474529
1.501062
1.483647
1.493036
1.480842
1.487211
1.506256
1.499599
1.480356
1.475612
1.495563
1.471888
1.490479
1.473215
1.480200
1.483118
1.491647
1.474959
1.501353
1.473412
1.504441
1.470942
1.484066
1.476528
1.492845
1.484798
1.492610
1.494389
1.488155
1.482252
1.476165
1.487250
1.483873
1.475491
1.502579
1.491099
1.489265
1.477426
1.491843
1.494952
1.483881
1.500446
1.476620
1.481512
1.484269
1.488695
1.490041
1.490652
1.484997
1.481301
1.481190
1.484862
1.486800
1.479039
1.484983
1.478750
1.484040
1.472365
1.478454
1.504374
1.477695
1.481319
1.484734
1.485022
1.477129
1.486894
1.478952
1.481370
1.472894
1.480109
1.483148
1.485003
1.479320
1.478051
1.489308
1.521866
1.480872
1.492401
1.503613
1.495094
1.476123
1.477650
1.497420
1.487616
1.487587
1.483060
1.481439
1.473685
1.476177
1.487071
1.475633
1.488565
1.475576
1.475170
1.484089
1.485531
1.482743
1.496812
1.481395
1.477239
1.474635
1.483267
1.487249
1.480680
1.473393
1.475548
1.472539
1.487869
1.501840
1.476642
1.491033
1.491563
1.473275
1.480276
1.483894
1.482589
1.477395
1.477135
1.473625
1.475564
1.477078
1.482265
1.485276
1.486472
1.497422
1.476926
1.492264
1.480389
1.480714
1.476605
1.478704
1.481303
1.484834
1.473757
1.483577
1.493223
1.478006
1.487618
1.475010
1.480613
1.474424
1.469692
1.482367
1.479996
1.480348
1.495494
1.498621
1.480234
1.479177
1.476150
1.479012
1.487997
1.477469
1.487613
1.473505
1.482766
1.476461
1.476584
1.492212
1.477117
1.474387
1.479418
1.484757
1.484714
1.477123
1.471391
1.481236
1.490942
1.471115
1.476493
1.483865
1.469857
1.493841
1.479720
1.466100
1.484103
1.473228
1.483798
1.486022
1.473518
1.474143
1.477372
1.485732
1.492877
1.477049
1.484917
1.480003
1.470753
1.502035
1.526390
1.472386
1.479017
1.468775
1.481764
1.477120
1.486066
