2.305179
2.302585
2.304280
2.308337
2.296424
2.300507
2.293978
2.308021
2.307951
2.279408
2.253449
2.274492
2.234571
2.232323
2.251155
2.227534
2.217644
2.167371
2.184175
2.163558
2.122588
2.082469
2.132608
2.136647
2.094970
2.024395
2.058242
2.030973
2.028744
2.040566
2.023348
2.007700
1.990182
2.036841
2.003928
1.923306
1.986837
1.928927
1.957523
1.962281
1.930682
1.990932
1.953554
1.951411
1.905299
1.892085
1.911327
1.881654
1.903638
1.886824
1.802296
1.811666
1.771400
1.843445
1.880581
1.914097
1.871881
1.865493
1.812005
1.820503
1.744368
1.669917
1.648755
1.631824
1.652251
1.665063
1.666660
1.698580
1.718888
1.664747
1.665906
1.639586
1.650390
1.605127
1.611669
1.591943
1.634153
1.562249
1.641283
1.647930
1.657882
1.620845
1.606489
1.588645
1.600333
1.576831
1.573286
1.594595
1.563135
1.589116
1.588462
1.580970
1.564515
1.542984
1.548977
1.531581
1.541552
1.549857
1.576430
1.563393
1.611143
1.581989
1.585478
1.571037
1.535613
1.560727
1.521991
1.552108
1.550838
1.561796
1.576188
1.541047
1.546531
1.532299
1.533339
1.535620
1.571480
1.549893
1.567832
1.561895
1.549230
1.526325
1.539507
1.534761
1.518458
1.530738
1.515981
1.529094
1.532383
1.519575
1.518160
1.553172
1.543941
1.505104
1.538561
1.543018
1.540265
1.535648
1.547023
1.534535
1.538929
1.546237
1.557042
1.553921
1.596761
1.538821
1.557273
1.546157
1.524504
1.508978
1.524523
1.496919
1.523908
1.512978
1.514678
1.524209
1.511625
1.495637
1.527674
1.534766
1.541167
1.541300
1.512107
1.539449
1.527111
1.518205
1.529105
1.509001
1.523291
1.480666
1.497619
1.507622
1.518725
1.555735
1.521829
1.504948
1.510388
1.530507
1.499451
1.547383
1.526225
1.492329
1.505088
1.513878
1.509614
1.499657
1.508611
1.528720
1.514367
1.560500
1.528011
1.526295
1.525088
1.544688
1.545487
1.507103
1.511401
1.501486
1.500726
1.526317
1.506183
1.484517
1.495870
1.508373
1.501996
1.520450
1.506562
1.517594
1.508901
1.524622
1.527880
1.504630
1.528761
1.517767
1.517051
1.517858
1.512288
1.485771
1.506231
1.512674
1.522207
1.517659
1.550454
1.504919
1.514713
1.531812
1.500817
1.517821
1.529475
1.502867
1.504069
1.509904
1.514506
1.532016
1.512164
1.506704
1.518376
1.513599
1.481184
1.493906
1.504034
1.511747
1.508787
1.530899
1.507853
1.530252
1.496121
1.499939
1.511146
1.487626
1.508489
1.483662
1.501358
1.495639
1.506390
1.513717
1.516039
1.502490
1.509590
1.511436
1.521497
1.499813
1.515903
1.502185
1.500985
1.505946
1.514827
1.514469
1.490703
1.508779
1.495964
1.497605
1.517103
1.495640
1.499568
1.504882
1.519389
1.505839
1.504840
1.489315
1.501258
1.496649
1.516327
1.525293
1.494987
1.531276
1.500495
1.517705
1.504239
1.499811
1.493846
1.511634
1.489995
1.496492
1.505941
1.506600
1.494534
1.494824
1.521581
1.507119
1.532612
1.493389
1.498937
1.474237
1.483246
1.498575
1.495886
1.497537
1.533608
1.492916
1.502987
1.513860
1.519248
1.514070
1.495363
1.500774
1.486012
1.502391
1.501379
1.506034
1.489904
1.484133
1.497866
1.503299
1.497048
1.500017
1.491749
1.495775
1.486228
1.496770
1.494259
1.496929
1.512480
1.494814
1.494083
1.508258
1.499120
1.511483
1.501748
1.485745
1.502155
1.517819
1.495653
1.483967
1.506484
1.496586
1.517814
1.491246
1.506446
1.505256
1.499179
1.480854
1.492985
1.513887
1.490239
1.495041
1.501792
1.490054
1.502933
1.491817
1.487557
1.489512
1.504431
1.493842
1.495094
1.504584
1.492259
1.494035
1.509250
1.507756
1.503013
1.504327
1.486289
1.493086
1.483363
1.503358
1.491623
1.482471
1.513569
1.496456
1.491391
1.491720
1.497309
1.508560
1.520070
1.500749
1.516048
1.516684
1.493351
1.498520
1.514084
1.499910
1.493589
1.491010
1.507219
1.495750
1.489048
1.494483
1.496574
1.483966
1.504319
1.498853
1.507591
1.484166
1.493514
1.489986
1.497415
1.499578
1.493471
1.493012
1.471633
1.491071
1.497301
1.495028
1.504336
1.493958
1.501837
1.493530
1.487807
1.477893
1.508709
1.488903
1.502422
1.489556
1.515360
1.489581
1.495169
1.492511
1.505113
1.483246
1.499784
1.492071
1.518554
1.481853
1.490880
1.485821
1.506706
1.480641
1.479914
1.480403
1.504762
1.494012
1.502937
1.495599
1.507428
1.483377
1.518419
1.503537
1.498612
1.480290
1.473558
1.477021
1.511330
1.493767
1.481020
1.503121
1.514754
1.497019
1.509033
1.505296
1.506650
1.483465
1.479610
1.478959
1.507172
1.501811
1.498464
1.477162
1.487105
1.494344
1.496175
1.502605
1.506262
1.501124
1.498377
1.509137
1.483138
1.489120
1.506123
1.484417
1.496478
1.487912
1.491637
1.497432
1.496109
1.482517
1.491520
1.475727
1.487380
1.480626
1.508461
1.481192
1.479504
1.525399
1.489315
1.475290
1.471801
1.496140
1.485812
1.497105
