2.301748
2.299551
2.293615
2.285967
2.274413
2.265407
2.263487
2.265072
2.217102
2.216923
2.187625
2.139927
2.155605
2.048237
2.050195
2.025370
1.943892
1.979542
1.900886
1.847949
1.803749
1.795442
1.818713
1.750539
1.748310
1.753175
1.776350
1.777814
1.721509
1.724091
1.696273
1.686224
1.719511
1.658089
1.670355
1.644437
1.707397
1.723084
1.653105
1.685288
1.687043
1.675607
1.665712
1.665894
1.678000
1.655711
1.669438
1.623476
1.680658
1.654052
1.617622
1.653489
1.685767
1.667952
1.628631
1.629879
1.654714
1.621632
1.651696
1.625473
1.642665
1.645768
1.630262
1.626024
1.644463
1.667387
1.611354
1.589316
1.598114
1.683564
1.665787
1.647815
1.620442
1.693614
1.621659
1.616753
1.645238
1.621690
1.646097
1.608938
1.600964
1.613010
1.639730
1.606606
1.635056
1.573088
1.584771
1.631782
1.632164
1.684544
1.635844
1.607541
1.572088
1.673976
1.663283
1.612039
1.594743
1.629128
1.578325
1.622957
1.617572
1.655334
1.610623
1.618871
1.619092
1.610327
1.591442
1.611204
1.605852
1.571219
1.568586
1.559205
1.612278
1.601046
1.640946
1.619428
1.654298
1.589963
1.608066
1.591001
1.657245
1.624549
1.548501
1.600248
1.592870
1.582639
1.582886
1.567337
1.604206
1.579403
1.606635
1.627378
1.571065
1.577353
1.615261
1.598714
1.591346
1.588780
1.575380
1.561422
1.618969
1.618063
1.613318
1.539457
1.613012
1.575622
1.620091
1.578687
1.600057
1.575203
1.566422
1.606964
1.543839
1.606535
1.608334
1.596808
1.541360
1.603673
1.624548
1.611539
1.578537
1.585278
1.582444
1.621994
1.551848
1.576885
1.655455
1.567924
1.573307
1.563131
1.626792
1.587229
1.595242
1.569421
1.640478
1.600077
1.582084
1.557175
1.612425
1.559411
1.589396
1.573818
1.575329
1.563921
1.584295
1.624896
1.562964
1.589806
1.574335
1.544360
1.573414
1.595090
1.556921
1.570773
1.580245
1.608265
1.588271
1.582827
1.583287
1.594885
1.557835
1.589447
1.556466
1.586663
1.581427
1.549998
1.552034
1.603750
1.593513
1.578554
1.548711
1.599574
1.555306
1.565522
1.554532
1.607889
1.627589
1.607953
1.595772
1.580157
1.578653
1.553726
1.568602
1.581802
1.571016
1.552573
1.632311
1.672896
1.542939
1.593508
1.559873
1.566924
1.570762
1.564913
1.565540
1.598683
1.587356
1.594153
1.594890
1.542856
1.522770
1.543999
1.568802
1.583205
1.624147
1.633468
1.570410
1.563112
1.612534
1.580529
1.571483
1.568525
1.569599
1.550519
1.557763
1.578547
1.588339
1.571916
1.555521
1.622184
1.591058
1.592949
1.593988
1.550354
1.596121
1.594925
1.591666
1.549469
1.596332
1.536808
1.575505
1.546731
1.573727
1.578479
1.600676
1.601259
1.554723
1.569020
1.617631
1.541719
1.558914
1.581750
1.523394
1.566096
1.552115
1.569376
1.578868
1.536898
1.591204
1.577122
1.545414
1.575343
1.595035
1.602543
1.567752
1.590076
1.583799
1.573305
1.588243
1.596353
1.577877
1.586437
1.553053
1.612104
1.545474
1.597401
1.560813
1.623215
1.534647
1.604425
1.560178
1.548956
1.557362
1.630803
1.569044
1.550050
1.580293
1.581170
1.569896
1.567323
1.591710
1.546550
1.558537
1.582211
1.534062
1.519491
1.606564
1.577105
1.575233
1.603047
1.612359
1.596441
1.526250
1.585137
1.592094
1.550297
1.533866
1.582616
1.525143
1.558801
1.558959
1.592783
1.565399
1.565051
1.629659
1.556746
1.541949
1.566339
1.551165
1.591941
1.581074
1.545373
1.599058
1.579473
1.538984
1.541894
1.591287
1.582154
1.595719
1.610685
1.569658
1.568114
1.581588
1.544468
1.599170
1.574742
1.556676
1.562856
1.599003
1.562993
1.570287
1.540447
1.531006
1.533645
1.558900
1.593585
1.540962
1.564432
1.552515
1.613901
1.560839
1.602212
1.590104
1.591802
1.552549
1.545482
1.550615
1.569670
1.581946
1.519630
1.566257
1.602733
1.603492
1.539919
1.572736
1.566941
1.570680
1.587077
1.571508
1.561266
1.593546
1.552379
1.573797
1.563901
1.537369
1.559750
1.547773
1.546875
1.590963
1.558379
1.578046
1.575616
1.576416
1.572709
1.579573
1.534441
1.560162
1.509572
1.554103
1.569150
1.568699
1.516783
1.592264
1.517534
1.548493
1.566886
1.551779
1.565735
1.551042
1.580892
1.575058
1.604195
1.566083
1.569784
1.531613
1.534199
1.578577
1.557454
1.582734
1.597972
1.551444
1.602574
1.533449
1.556890
1.575225
1.553870
1.609500
1.548393
1.547313
1.592933
1.564615
1.563219
1.591492
1.587808
1.563248
1.576930
1.546405
1.636464
1.532359
1.605746
1.560133
1.576374
1.539350
1.561840
1.572860
1.559389
1.530942
1.564700
1.548830
1.597068
1.537109
1.562797
1.595185
1.579009
1.553790
1.593181
1.538214
1.549441
1.580178
1.575404
1.572334
1.571689
1.543385
1.546067
1.569719
1.552535
1.565642
1.558962
1.570640
1.537436
1.569731
1.556463
1.577682
1.534415
1.544167
1.550655
1.547828
1.549298
1.583601
1.573150
