2.305689
2.301284
2.295671
2.297916
2.305450
2.297007
2.287104
2.294546
2.285688
2.279009
2.273146
2.281785
2.248075
2.209512
2.245183
2.215949
2.142522
2.156919
2.102391
2.077937
2.025102
1.960532
1.871658
1.843454
1.834540
1.779105
1.823240
1.820899
1.746034
1.775005
1.752743
1.727562
1.738185
1.715995
1.730474
1.719045
1.688685
1.686668
1.686681
1.693452
1.703509
1.685853
1.641852
1.657413
1.674087
1.646896
1.644342
1.654650
1.687507
1.660471
1.650222
1.641903
1.646556
1.628723
1.641474
1.620272
1.620530
1.611694
1.618492
1.638053
1.637441
1.590214
1.631798
1.624641
1.637957
1.635630
1.659111
1.627926
1.625856
1.595582
1.597087
1.593022
1.624649
1.584106
1.629188
1.639957
1.572185
1.599007
1.596747
1.606714
1.611825
1.599245
1.582819
1.591509
1.587310
1.562258
1.574014
1.591383
1.571610
1.574500
1.591016
1.563369
1.607643
1.586358
1.574800
1.593929
1.562217
1.587768
1.585727
1.558943
1.537689
1.541201
1.578100
1.599294
1.593079
1.546477
1.582618
1.541557
1.542451
1.566711
1.533074
1.557975
1.567782
1.537563
1.572828
1.552920
1.570627
1.540844
1.538763
1.554980
1.570287
1.550210
1.551796
1.559937
1.543574
1.546298
1.560844
1.523387
1.548664
1.549014
1.524584
1.548208
1.577950
1.543880
1.520991
1.543636
1.565727
1.557617
1.540099
1.537664
1.517970
1.521459
1.550082
1.549421
1.535641
1.530808
1.535894
1.535226
1.538927
1.517620
1.514978
1.511539
1.537283
1.556247
1.555306
1.524461
1.511237
1.518881
1.530060
1.530251
1.542265
1.528576
1.544181
1.538311
1.512389
1.541281
1.519653
1.506116
1.534567
1.519790
1.520380
1.520194
1.538650
1.538224
1.534105
1.523313
1.521012
1.538137
1.537410
1.557792
1.527501
1.503690
1.523651
1.542126
1.511660
1.501480
1.525329
1.529389
1.539687
1.506330
1.527191
1.526159
1.528399
1.506385
1.525270
1.511828
1.517623
1.535546
1.497230
1.500651
1.515929
1.533957
1.534213
1.500561
1.523425
1.527911
1.524713
1.520861
1.515455
1.517121
1.501719
1.508021
1.515330
1.523801
1.526671
1.513312
1.529046
1.494519
1.502045
1.536601
1.516101
1.517969
1.519487
1.518582
1.508928
1.510801
1.511554
1.515072
1.503094
1.515401
1.503010
1.501521
1.501573
1.513805
1.513185
1.488006
1.526422
1.532807
1.511828
1.501239
1.547905
1.497168
1.504808
1.504669
1.506587
1.511777
1.487669
1.502478
1.504293
1.508332
1.513310
1.496381
1.512862
1.504305
1.516995
1.505078
1.512878
1.515842
1.529220
1.504236
1.502295
1.505608
1.504975
1.527064
1.529357
1.513411
1.487069
1.520895
1.483503
1.503036
1.502572
1.506813
1.510759
1.497120
1.527506
1.503926
1.510563
1.485424
1.511792
1.496338
1.497054
1.492282
1.532134
1.544266
1.488040
1.514480
1.505341
1.498752
1.510798
1.514505
1.494448
1.485152
1.513681
1.508213
1.518028
1.489643
1.495808
1.510558
1.507349
1.485358
1.514954
1.517082
1.489451
1.492842
1.495670
1.489583
1.503930
1.496415
1.501339
1.499546
1.530607
1.503731
1.484853
1.492797
1.516887
1.522351
1.505674
1.504238
1.488694
1.487801
1.500295
1.509745
1.502467
1.504766
1.507345
1.496550
1.504642
1.517946
1.509149
1.495056
1.492682
1.487056
1.500065
1.498734
1.506900
1.509274
1.487688
1.480440
1.503266
1.482439
1.498781
1.504925
1.488182
1.498045
1.504528
1.481989
1.499248
1.499588
1.495163
1.522837
1.501054
1.489298
1.491439
1.494321
1.478925
1.492125
1.487128
1.513763
1.503374
1.506593
1.498232
1.488211
1.476315
1.499726
1.505026
1.504647
1.496154
1.503765
1.487482
1.497878
1.506443
1.504161
1.484540
1.510560
1.514114
1.485218
1.518540
1.479993
1.486939
1.502530
1.485652
1.523294
1.498713
1.489776
1.508939
1.505219
1.512356
1.484709
1.486148
1.484649
1.482304
1.499030
1.500136
1.492912
1.491952
1.496811
1.492705
1.479632
1.500119
1.482960
1.497984
1.512381
1.495398
1.500125
1.492361
1.490543
1.492723
1.492032
1.481020
1.504758
1.487806
1.478696
1.490647
1.516533
1.479139
1.502855
1.486020
1.516005
1.486223
1.490117
1.489043
1.493308
1.497024
1.500544
1.498761
1.501993
1.492556
1.510275
1.476934
1.488760
1.494949
1.494602
1.506890
1.490707
1.486951
1.494990
1.506346
1.507392
1.487160
1.480362
1.482749
1.481375
1.506926
1.493885
1.490878
1.483030
1.486812
1.491182
1.471893
1.477454
1.494062
1.494114
1.494359
1.491705
1.497178
1.492153
1.513293
1.493561
1.487336
1.488640
1.488968
1.491897
1.472138
1.481665
1.483527
1.491392
1.487257
1.487957
1.476482
1.489989
1.482995
1.481999
1.476300
1.486088
1.498695
1.493035
1.489573
1.513844
1.476242
1.497795
1.483155
1.490767
1.497762
1.484197
1.490566
1.498850
1.503123
1.498866
1.514048
1.483106
1.483623
1.490280
1.491000
1.495188
1.505073
1.489252
1.488794
1.493605
1.480275
1.489279
