2.294280
2.291633
2.256314
2.277217
2.211236
2.219139
2.163800
2.189121
2.182895
2.087695
2.391711
2.571565
2.539560
2.462606
2.280510
2.135439
2.120916
2.068656
2.092249
1.977358
1.868649
1.885005
1.901402
1.891313
1.827136
1.856489
1.848420
1.833162
1.856487
1.814564
1.841374
1.852010
1.882458
1.893903
1.892548
1.836005
1.789777
1.786017
1.761306
1.720093
1.754449
1.766069
1.762087
1.719555
1.732246
1.697858
1.692450
1.721237
1.762949
1.772380
1.745990
1.730507
1.764427
1.724529
1.729333
1.738091
1.707881
1.675233
1.693169
1.729133
1.806466
1.786190
1.754256
1.711115
1.718419
1.682472
1.650359
1.657699
1.590145
1.640454
1.614800
1.630907
1.606766
1.603370
1.598177
1.591712
1.604996
1.603751
1.577253
1.562627
1.574312
1.604803
1.581443
1.575064
1.582593
1.568234
1.566561
1.576952
1.586042
1.561827
1.597417
1.564125
1.577531
1.579444
1.567386
1.570190
1.556222
1.583083
1.552321
1.594076
1.570210
1.586914
1.543166
1.584256
1.564539
1.545989
1.540480
1.569535
1.544828
1.536112
1.577638
1.539823
1.582004
1.571213
1.576879
1.582682
1.592695
1.575402
1.547804
1.576945
1.576287
1.552407
1.579579
1.588241
1.586513
1.533487
1.537776
1.548108
1.531246
1.547673
1.527532
1.518072
1.545530
1.523788
1.554863
1.550778
1.529100
1.530573
1.555038
1.529003
1.537911
1.554113
1.556897
1.555466
1.536112
1.537185
1.537602
1.532910
1.566637
1.552362
1.520290
1.555246
1.517980
1.530722
1.519183
1.523738
1.531707
1.559881
1.516362
1.529272
1.549443
1.534903
1.528520
1.505411
1.547647
1.505423
1.516301
1.529343
1.508251
1.548452
1.520455
1.523770
1.513728
1.507712
1.532439
1.525442
1.531685
1.503101
1.508219
1.500437
1.497924
1.510951
1.508158
1.518236
1.505661
1.523322
1.519573
1.512991
1.497629
1.493628
1.542632
1.531858
1.512062
1.522181
1.537107
1.511095
1.493858
1.512289
1.533579
1.510101
1.519798
1.517001
1.505169
1.518329
1.509145
1.502619
1.492520
1.493056
1.521062
1.502756
1.506895
1.490529
1.512461
1.507616
1.494724
1.488993
1.502277
1.497072
1.502738
1.485240
1.500780
1.527751
1.494516
1.500448
1.509546
1.510290
1.514169
1.492945
1.499406
1.491640
1.505777
1.489124
1.484246
1.487195
1.508095
1.499895
1.503856
1.502247
1.496655
1.491265
1.506811
1.513122
1.516517
1.510291
1.497302
1.503595
1.504159
1.500255
1.517013
1.490856
1.516572
1.519280
1.484974
1.491825
1.517191
1.491766
1.499216
1.514851
1.488050
1.506986
1.485720
1.505114
1.495934
1.496202
1.520348
1.493405
1.502226
1.486240
1.511381
1.517273
1.502354
1.504485
1.491713
1.490927
1.501723
1.503554
1.480091
1.501364
1.477935
1.499958
1.494726
1.506401
1.486547
1.495172
1.497023
1.493917
1.485916
1.489965
1.494621
1.494448
1.507420
1.500548
1.488327
1.509998
1.500379
1.495492
1.504052
1.499890
1.501267
1.494913
1.497102
1.497759
1.490370
1.497822
1.495211
1.506626
1.500143
1.501107
1.529317
1.476271
1.488905
1.500731
1.496146
1.491960
1.490848
1.502042
1.485601
1.489738
1.488223
1.501231
1.497364
1.498224
1.491605
1.484667
1.481450
1.497022
1.500407
1.483655
1.499426
1.498964
1.480997
1.486403
1.489962
1.493700
1.510375
1.488440
1.490736
1.481574
1.515958
1.501599
1.487389
1.490305
1.480192
1.494857
1.483326
1.490287
1.486006
1.492516
1.487729
1.490183
1.514899
1.486099
1.494954
1.494390
1.500194
1.502647
1.493855
1.487999
1.480385
1.497662
1.485227
1.499765
1.480052
1.517537
1.497285
1.502633
1.482204
1.488623
1.496595
1.477961
1.492828
1.488486
1.495721
1.498438
1.489766
1.512226
1.487721
1.479342
1.487732
1.474540
1.498725
1.490700
1.520950
1.484720
1.482798
1.488348
1.481630
1.485941
1.480929
1.476584
1.487636
1.496293
1.506155
1.494161
1.501117
1.487127
1.495581
1.492635
1.508158
1.492255
1.495878
1.487227
1.478280
1.487512
1.483666
1.477233
1.481693
1.499636
1.496132
1.481285
1.486493
1.489108
1.487341
1.494257
1.477051
1.488171
1.494631
1.474846
1.496289
1.475381
1.506045
1.501127
1.500542
1.502435
1.477487
1.481029
1.503529
1.482907
1.496084
1.494527
1.483566
1.484870
1.478099
1.490047
1.482290
1.488779
1.483871
1.476559
1.478695
1.487148
1.482378
1.491743
1.495625
1.503461
1.480773
1.481808
1.487917
1.490416
1.483052
1.487088
1.484686
1.493173
1.483422
1.484171
1.481305
1.490912
1.490558
1.498218
1.486299
1.490964
1.493154
1.500774
1.472567
1.475651
1.481885
1.483999
1.484578
1.479775
1.491564
1.486152
1.488773
1.479204
1.487845
1.480124
1.501943
1.500966
1.483308
1.478147
1.492741
1.487904
1.490913
1.495055
1.483239
1.491556
1.484252
1.482917
1.481428
1.488224
1.477675
1.485063
1.479467
1.498287
1.481726
1.480536
1.477808
1.473972
1.484512
1.488559
1.479613
1.485504
