2.302541
2.305265
2.304667
2.301349
2.299756
2.298014
2.295897
2.287496
2.286337
2.296652
2.298593
2.298285
2.305134
2.304268
2.278187
2.257854
2.247174
2.221390
2.201178
2.198246
2.185688
2.163434
2.178039
2.166860
2.127402
2.100312
2.097295
2.086816
2.108211
2.035681
2.032160
2.017263
1.959952
1.932123
1.931662
1.961513
1.981226
2.022039
1.930414
1.826741
1.886804
1.817944
1.793842
1.776976
1.817092
1.786167
1.814309
1.830200
1.875856
1.802534
1.821400
1.804590
1.781482
1.759912
1.731242
1.730629
1.680431
1.706480
1.755475
1.709953
1.729146
1.762812
1.738291
1.752176
1.754479
1.714936
1.707528
1.678705
1.708687
1.696915
1.727979
1.725741
1.706274
1.697865
1.727501
1.649566
1.697063
1.673223
1.676118
1.677143
1.683782
1.687224
1.724345
1.712908
1.692549
1.712743
1.662911
1.669277
1.666837
1.663522
1.681768
1.653009
1.642627
1.663620
1.643941
1.734076
1.755676
1.773710
1.782438
1.783240
1.776531
1.726135
1.707308
1.688155
1.707335
1.678086
1.683257
1.700121
1.675403
1.691450
1.668334
1.665860
1.681736
1.669889
1.684909
1.694093
1.663737
1.691183
1.678558
1.719454
1.660123
1.709207
1.660126
1.663453
1.670087
1.699233
1.672405
1.654014
1.665295
1.644215
1.630687
1.635968
1.624742
1.629003
1.619791
1.609151
1.627517
1.617192
1.636941
1.654970
1.620379
1.650709
1.649568
1.639656
1.624790
1.613416
1.626800
1.624458
1.622117
1.633786
1.649848
1.587073
1.633854
1.604150
1.614320
1.635547
1.609433
1.645818
1.611952
1.623104
1.623747
1.607795
1.613143
1.565188
1.615780
1.603873
1.595671
1.655183
1.633276
1.601085
1.599275
1.565847
1.591033
1.607722
1.595775
1.578184
1.590023
1.574069
1.588373
1.647948
1.597120
1.620842
1.581106
1.605772
1.590821
1.587816
1.596267
1.605090
1.603307
1.611460
1.607646
1.586614
1.622400
1.625996
1.569911
1.620070
1.573642
1.585640
1.604614
1.586874
1.571487
1.601391
1.565351
1.562111
1.615832
1.620012
1.561413
1.607540
1.588014
1.577152
1.563271
1.594029
1.577483
1.651597
1.599137
1.603590
1.605578
1.595394
1.586960
1.584970
1.578778
1.559363
1.589205
1.570932
1.551910
1.563998
1.569458
1.555341
1.575987
1.610597
1.637793
1.640447
1.604587
1.626806
1.647071
1.626115
1.625789
1.657327
1.598005
1.626182
1.625692
1.595571
1.620974
1.595932
1.609944
1.600941
1.600738
1.570763
1.579595
1.566154
1.597479
1.589314
1.575863
1.592488
1.570510
1.595080
1.597241
1.632998
1.558364
1.600284
1.581545
1.577418
1.588214
1.575032
1.601710
1.592477
1.563372
1.596202
1.557917
1.570969
1.600621
1.559638
1.570334
1.564168
1.572856
1.576958
1.562760
1.582517
1.569997
1.567142
1.580934
1.554275
1.598913
1.613195
1.562712
1.562545
1.586244
1.607631
1.585450
1.547363
1.589158
1.581961
1.575710
1.547978
1.573799
1.527872
1.557565
1.567945
1.533818
1.543441
1.555726
1.569059
1.541015
1.554725
1.591220
1.561542
1.530484
1.562926
1.595469
1.559443
1.579333
1.565611
1.559032
1.610680
1.546199
1.563506
1.568928
1.557356
1.588598
1.539179
1.572072
1.560994
1.521501
1.549707
1.527940
1.557529
1.604225
1.546114
1.548699
1.582564
1.569559
1.556730
1.592463
1.542424
1.548100
1.543763
1.540448
1.586651
1.572400
1.559850
1.549832
1.520648
1.562156
1.573500
1.590542
1.529545
1.601617
1.580472
1.533673
1.540887
1.546516
1.552198
1.532588
1.550884
1.524513
1.560142
1.564968
1.565619
1.572696
1.537303
1.554866
1.584179
1.534977
1.547955
1.552480
1.553312
1.549242
1.550068
1.545985
1.555749
1.566465
1.551899
1.559213
1.552009
1.567535
1.556241
1.556293
1.580616
1.570946
1.564949
1.585695
1.530129
1.531735
1.554172
1.530384
1.531247
1.563881
1.590655
1.530750
1.556682
1.550790
1.548668
1.566620
1.581272
1.541426
1.537824
1.574649
1.533358
1.574352
1.561266
1.525343
1.578965
1.560171
1.535247
1.567726
1.572281
1.531748
1.563670
1.558805
1.549688
1.534556
1.567357
1.532679
1.522602
1.568050
1.548154
1.531981
1.511521
1.555461
1.565020
1.526463
1.547222
1.552667
1.534938
1.553120
1.535084
1.537377
1.544301
1.532909
1.553820
1.570340
1.556113
1.566006
1.528194
1.566573
1.547051
1.524094
1.590996
1.565420
1.552921
1.538772
1.525257
1.548610
1.548627
1.561835
1.555664
1.548892
1.527962
1.530682
1.544145
1.546327
1.531076
1.555368
1.523938
1.591130
1.529233
1.518170
1.526027
1.551237
1.542559
1.542274
1.538130
1.526209
1.576732
1.545753
1.544730
1.544111
1.544868
1.541599
1.551096
1.565264
1.535475
1.545556
1.553571
1.517359
1.520715
1.559394
1.544227
1.542627
1.557579
1.539879
1.556998
1.530275
1.548084
1.533043
1.521894
1.562793
1.547632
1.531626
1.558715
1.525844
1.529133
1.520302
1.542259
1.520231
1.548662
1.537060
1.563724
1.529037
1.514871
