2.350871
2.335890
2.341580
2.320687
2.314607
2.309535
2.273326
2.271059
2.253629
2.245761
2.237032
2.231400
2.239074
2.185755
2.238264
2.255830
2.259542
2.213802
2.264481
2.141867
2.092537
1.758381
1.646239
1.402002
1.302397
1.504033
1.545455
1.094711
0.734763
1.062536
1.030078
0.525193
2.356203
1.171561
3.091594
2.819628
10.180617
8.282616
5.103103
2.273430
1.587723
1.692718
1.842073
1.956765
1.964329
1.983157
1.976280
1.923055
1.917068
1.812699
1.726254
1.634817
1.509068
1.448586
1.327512
1.123774
1.141564
1.063674
1.101927
1.193419
1.293958
1.319834
1.391275
1.425777
1.463516
1.212278
0.957375
0.519421
0.515885
0.358315
0.336199
0.746814
1.027563
0.819841
0.893415
0.797983
0.574059
0.376751
0.229577
0.276642
0.361389
0.326558
0.605777
0.565930
0.595031
0.507990
0.496378
0.408664
0.384152
0.302685
0.290650
0.344974
0.462610
0.424830
0.255287
0.272303
0.406002
0.292033
0.244156
0.220363
0.290117
0.347921
0.211590
0.395447
0.236761
0.459693
0.445121
0.254002
0.196017
0.185508
0.185957
0.283216
0.336140
0.341726
0.425383
0.436427
0.277088
0.313379
0.139366
0.231029
0.217053
0.381428
0.208252
0.257194
0.298888
0.237014
0.230398
0.222783
0.434000
0.197962
0.196944
0.230287
0.182196
0.223914
0.273727
0.180240
0.172820
0.129007
0.145311
0.123487
0.287792
0.161949
0.156658
0.308131
0.318620
0.173517
0.215723
0.246295
0.137658
0.116121
0.092859
0.165375
0.272988
0.214830
0.133018
0.182952
0.160302
0.097962
0.209743
0.246755
0.330248
0.337385
0.246667
0.174239
0.131093
0.082111
0.142919
0.418469
0.281594
0.172041
0.328985
0.259831
0.130917
0.153550
0.147297
0.238217
0.371593
0.265891
0.179362
0.080544
0.195685
0.256865
0.189414
0.169895
0.088022
0.135762
0.118589
0.211920
0.156145
0.232303
0.153125
0.308262
0.115368
0.100653
0.254775
0.220455
0.198122
0.171810
0.202799
0.173451
0.161251
0.134678
0.374913
0.221208
0.283584
0.205935
0.101550
0.146890
0.132143
0.145328
0.438114
0.379691
0.182753
0.057903
0.087667
0.166707
0.310214
0.345540
0.251666
0.166074
0.244836
0.066818
0.259831
0.258014
0.320237
0.240228
0.323238
0.152702
0.230609
0.062023
0.310097
0.483525
0.229975
0.090287
0.155217
0.101744
0.097204
0.274751
0.170324
0.107216
0.183334
0.040698
0.123953
0.134432
0.165747
0.141995
0.126858
0.092470
0.093330
0.121476
0.205109
0.326151
0.304235
0.239054
0.270239
0.122385
0.155184
0.098687
0.086194
0.083913
0.119963
0.173015
0.124714
0.227794
0.168766
0.262381
0.253563
0.354508
0.042635
0.097950
0.133524
0.157670
0.124819
0.228834
0.153652
0.189904
0.112212
0.118328
0.116698
0.141928
0.176058
0.076288
0.138014
0.058606
0.113264
0.140962
0.321134
0.122118
0.105067
0.113698
0.201546
0.128352
0.128191
0.100188
0.086292
0.084534
0.139754
0.204160
0.140672
0.041815
0.068068
0.113892
0.107463
0.244332
0.104763
0.123071
0.039524
0.142244
0.113049
0.306657
0.080190
0.120400
0.083705
0.194144
0.303512
0.155110
0.092639
0.071734
0.140603
0.119980
0.183307
0.248260
0.167423
0.113236
0.153376
0.093602
0.055857
0.137579
0.141574
0.067419
0.137438
0.106254
0.174294
0.172760
0.324504
0.364204
0.215874
0.122553
0.056353
0.057955
0.138950
0.286670
0.150962
0.293725
0.134145
0.070760
0.113979
0.092603
0.168202
0.143063
0.288647
0.076976
0.133696
0.080195
0.035512
0.208655
0.123290
0.246519
0.198682
0.153058
0.107117
0.097151
0.083830
0.059170
0.081093
0.112957
0.078536
0.063264
0.106005
0.135740
0.073453
0.050594
0.031176
0.139405
0.177064
0.195069
0.087146
0.121863
0.066131
0.019038
0.033916
0.075432
0.056965
0.144445
0.076442
0.089275
0.218750
0.176749
0.096146
0.064283
0.103877
0.267628
0.180835
0.189159
0.203629
0.030985
0.020165
0.129852
0.225933
0.282509
0.222744
0.080246
0.111165
0.095374
0.177934
0.357790
0.120711
0.132722
0.065766
0.037186
0.070073
0.046085
0.098389
0.079814
0.104761
0.156610
0.132156
0.523594
1.040968
0.363771
0.209500
0.071968
0.087822
0.248208
1.810748
1.344800
0.751594
0.249596
0.111985
0.268708
0.130850
0.124922
0.357777
0.687039
0.563585
0.523217
0.197984
0.160468
0.117700
0.097341
0.105669
0.071255
0.097678
0.124166
0.078860
0.046454
0.169771
0.144389
0.171570
0.157094
0.089479
0.077220
0.172427
0.127156
0.092958
0.036587
0.161473
0.053287
0.110193
0.148298
0.145348
0.045478
0.083943
0.091223
0.164176
0.132306
0.114657
0.084333
0.078607
0.095390
0.041566
0.130219
0.132476
0.060857
0.017112
0.016417
0.150948
0.077782
0.031095
0.061589
0.122120
0.094537
0.066084
0.051107
0.025642
0.096710
0.164206
0.140523
0.153174
0.143174
0.066537
0.083428
0.056268
0.031078
0.063490
0.106600
0.052808
0.045616
0.053074
0.058501
