2.299978
2.288362
2.290836
2.270783
2.249750
2.241647
2.237209
2.215133
2.212682
2.185779
2.169230
2.114415
2.088654
2.064320
2.038180
1.981972
1.939676
1.829955
1.791502
1.782544
1.756247
1.587669
1.510197
1.396447
1.285715
1.022031
0.903859
0.807921
0.846719
0.706292
0.532813
0.711022
0.920088
0.771185
3.282648
3.754268
6.245259
4.735172
3.463197
1.951228
1.627949
1.764016
1.905288
1.913774
2.043327
2.037283
2.053139
1.977785
2.000379
1.959572
1.919158
1.850666
1.715618
1.720710
1.625580
1.485732
1.278975
1.163905
1.077129
0.822224
0.758898
0.736484
0.629264
0.554680
0.579978
0.550200
0.572740
0.440065
0.498855
0.810032
0.524815
0.486396
0.601893
0.235277
0.357954
0.338949
0.393621
0.418137
0.326473
0.270017
0.424383
0.423623
0.442876
0.439159
0.239936
0.355519
0.240834
0.214389
0.223294
0.382756
0.451447
0.481348
0.271428
0.424558
0.465657
0.466009
0.264995
0.204302
0.338616
0.273161
0.189916
0.258505
0.294110
0.307605
0.217152
0.132652
0.106738
0.189454
0.256974
0.217841
0.200371
0.353872
0.157524
0.187337
0.331253
0.137605
0.303237
0.124800
0.091883
0.173973
0.302360
0.164741
0.393325
0.255430
0.187368
0.112494
0.199295
0.148082
0.235529
0.172777
0.136631
0.289318
0.234161
0.189645
0.345752
0.158004
0.462747
0.142406
0.124272
0.237773
0.204765
0.199493
0.141866
0.118160
0.223513
0.067624
0.309884
0.118366
0.209309
0.110973
0.199118
0.175292
0.257687
0.120354
0.184638
0.128956
0.325272
0.246461
0.229726
0.098078
0.174775
0.187079
0.154722
0.235712
0.167297
0.071880
0.092442
0.484409
0.209891
0.157533
0.118111
0.255924
0.033346
0.170583
0.113325
0.232309
0.161175
0.075527
0.159812
0.268470
0.099956
0.111410
0.193563
0.162013
0.194927
0.169254
0.173899
0.061542
0.371699
0.144450
0.134029
0.215900
0.222331
0.085518
0.132157
0.049151
0.094287
0.090855
0.128825
0.126667
0.187443
0.209275
0.075433
0.302427
0.111605
0.249342
0.147728
0.204947
0.336671
0.165073
0.123287
0.118249
0.278271
0.091926
0.282552
0.133356
0.127725
0.232435
0.050788
0.090787
0.105403
0.188266
0.201181
0.093696
0.149639
0.063564
0.243650
0.175469
0.261338
0.243131
0.131576
0.076505
0.115837
0.061323
0.142553
0.069646
0.172517
0.043429
0.087726
0.144252
0.086583
0.194815
0.086533
0.075966
0.097588
0.083777
0.141746
0.359108
0.115789
0.061186
0.123565
0.164120
0.051267
0.104775
0.165230
0.083193
0.224860
0.210444
0.154955
0.132605
0.136815
0.212930
0.109593
0.215171
0.155722
0.091734
0.107292
0.094989
0.201285
0.079330
0.119162
0.119201
0.049693
0.112960
0.043577
0.076630
0.057745
0.132236
0.094779
0.213931
0.310389
0.075473
0.044506
0.134496
0.077577
0.064417
0.119882
0.130765
0.243457
0.108683
0.143605
0.077085
0.211520
0.066110
0.155801
0.072147
0.339289
0.056271
0.093312
0.058612
0.157256
0.072306
0.087074
0.071383
0.223280
0.155545
0.260799
0.232319
0.077439
0.135869
0.072435
0.285454
0.134827
0.039577
0.152068
0.084712
0.115786
0.166381
0.085039
0.073842
0.162399
0.047669
0.094296
0.044911
0.065713
0.093535
0.047790
0.099601
0.107530
0.128358
0.313067
0.177830
0.085859
0.110075
0.130101
0.039323
0.106582
0.098544
0.218694
0.071410
0.104363
0.067550
0.028020
0.090584
0.190735
0.217155
0.169561
0.098627
0.111022
0.038545
0.097538
0.165837
0.042055
0.156277
0.064512
0.387035
0.096650
0.063478
0.173018
0.050940
0.178724
0.062582
0.170766
0.073621
0.088406
0.061571
0.058444
0.076017
0.038515
0.034228
0.144181
0.096018
0.155991
0.054723
0.018233
0.188178
0.089199
0.095616
0.102838
0.035930
0.151832
0.057298
0.079975
0.094956
0.100576
0.029151
0.079801
0.106806
0.023125
0.066558
0.053797
0.094658
0.082555
0.138797
0.125036
0.036569
0.106730
0.221900
0.098525
0.304144
0.150863
0.173364
0.055326
0.046731
0.028435
0.129927
0.212802
0.099942
0.110793
0.085811
0.092720
0.066705
0.061118
0.157658
0.081463
0.181620
0.067829
0.181148
0.104997
0.093426
0.073312
0.402608
0.281754
0.239851
0.269476
0.321968
0.238242
0.126770
0.186153
0.239052
0.152776
0.247608
0.179012
0.135159
0.123928
0.166217
0.083523
0.129380
0.062025
0.108033
0.179617
0.123268
0.045572
0.124806
0.109400
0.194115
0.088935
0.045942
0.082140
0.061350
0.036617
0.104903
0.148236
0.124934
0.165605
0.087141
0.102918
0.056008
0.081023
0.100417
0.235727
0.165989
0.051345
0.046751
0.078515
0.078596
0.039600
0.082304
0.045594
0.073384
0.121014
0.067609
0.066442
0.059638
0.111965
0.128113
0.061174
0.183700
0.174501
0.010737
0.026716
0.060325
0.036789
0.038124
0.107992
0.107897
0.042202
0.304731
0.067717
0.116492
0.050092
0.054049
0.087741
0.051077
0.044721
0.130441
0.082882
0.103495
0.037077
0.066611
