2.310372
2.307123
2.302715
2.295558
2.302793
2.305710
2.304480
2.295265
2.284463
2.289338
2.283591
2.275439
2.283263
2.273162
2.282421
2.302613
2.302193
2.260268
2.217751
2.288216
2.314956
2.264406
2.257867
2.311205
2.336340
2.381983
2.239192
2.195741
2.027965
2.000905
1.993181
2.044503
2.105350
2.367590
2.194379
2.189269
2.286821
2.160757
2.136039
2.037631
1.930437
1.925710
1.870109
1.883511
1.898446
1.986941
1.990604
1.966472
1.974241
1.887069
1.891836
1.902725
1.959100
1.894462
1.898079
1.866505
1.857847
1.863708
1.834940
1.828733
1.886532
1.793553
1.737573
1.778414
1.691739
1.740542
1.673720
1.674209
1.740214
1.723837
1.692271
1.718433
1.677839
1.723284
1.672403
1.673602
1.629728
1.656399
1.675186
1.641240
1.637662
1.632014
1.669609
1.657907
1.636441
1.665790
1.627325
1.608636
1.605379
1.608369
1.594819
1.586625
1.581851
1.589066
1.625096
1.621209
1.621341
1.593831
1.593989
1.610715
1.588999
1.618051
1.596341
1.593663
1.602902
1.630814
1.612341
1.602899
1.554918
1.568130
1.583648
1.589859
1.600937
1.585478
1.570342
1.554607
1.569692
1.601008
1.559962
1.557009
1.534920
1.571947
1.578646
1.593181
1.553953
1.584904
1.583893
1.563271
1.536484
1.578677
1.589649
1.557133
1.552500
1.557685
1.574497
1.571059
1.548769
1.556440
1.552019
1.583962
1.544728
1.547109
1.553957
1.579487
1.559705
1.562965
1.556235
1.547475
1.544561
1.545849
1.562501
1.518152
1.565489
1.543413
1.565819
1.539422
1.541134
1.530746
1.513887
1.530221
1.546627
1.549497
1.529559
1.540638
1.559819
1.544984
1.561824
1.570376
1.551951
1.544515
1.537553
1.559760
1.535922
1.545733
1.540040
1.588324
1.538179
1.584907
1.547760
1.529983
1.556854
1.556687
1.551494
1.530570
1.530282
1.517883
1.555956
1.523313
1.553181
1.516989
1.542471
1.553826
1.525521
1.540050
1.527378
1.556980
1.558521
1.549031
1.541958
1.538386
1.545225
1.538744
1.526210
1.513000
1.528436
1.551777
1.527215
1.505822
1.558841
1.535440
1.537063
1.520211
1.523935
1.524930
1.538708
1.520032
1.535602
1.512105
1.509787
1.533398
1.538635
1.508673
1.511431
1.537826
1.501754
1.535421
1.530985
1.553147
1.521164
1.552307
1.532079
1.527691
1.523062
1.510501
1.525975
1.539521
1.526008
1.502650
1.532364
1.550053
1.526905
1.514801
1.510534
1.520633
1.505590
1.533651
1.525920
1.535390
1.520701
1.504776
1.502206
1.526561
1.535991
1.533558
1.522774
1.518584
1.547923
1.521643
1.514966
1.523080
1.532444
1.537866
1.521783
1.524412
1.507545
1.510402
1.540214
1.523964
1.501969
1.499483
1.521759
1.501346
1.503510
1.521742
1.517725
1.515766
1.502701
1.530050
1.522334
1.506620
1.512282
1.517262
1.520445
1.525496
1.519784
1.522570
1.515835
1.514448
1.527861
1.526639
1.523691
1.521971
1.535645
1.526739
1.521295
1.537222
1.513756
1.534980
1.535836
1.520241
1.525415
1.494287
1.529820
1.512220
1.493761
1.513881
1.510980
1.506315
1.516233
1.512094
1.504499
1.517651
1.503433
1.511764
1.509412
1.533572
1.502976
1.521986
1.500256
1.511052
1.503784
1.521062
1.516394
1.532070
1.509035
1.555413
1.506106
1.507464
1.521963
1.513791
1.509080
1.530305
1.531981
1.520872
1.513425
1.509438
1.492492
1.503586
1.524002
1.532302
1.524724
1.520667
1.521039
1.525068
1.515176
1.519965
1.513093
1.505126
1.522786
1.507754
1.519751
1.509629
1.490933
1.509938
1.507470
1.501335
1.518348
1.505142
1.505713
1.515194
1.507753
1.500586
1.518044
1.518011
1.503536
1.505825
1.534972
1.502781
1.508953
1.503688
1.504463
1.534341
1.513868
1.523288
1.522190
1.495703
1.496584
1.517928
1.502846
1.515586
1.502420
1.525217
1.502637
1.517817
1.503063
1.522570
1.500468
1.515728
1.503479
1.496593
1.501574
1.538287
1.509407
1.490690
1.518578
1.505975
1.513123
1.526808
1.525784
1.522546
1.485947
1.506078
1.567624
1.495000
1.519081
1.504894
1.510432
1.501139
1.505845
1.512585
1.507620
1.506687
1.507463
1.506334
1.503412
1.503974
1.493319
1.503997
1.504094
1.516857
1.490100
1.514747
1.499902
1.495025
1.482970
1.510683
1.501219
1.531538
1.499074
1.505105
1.522902
1.513091
1.515448
1.500214
1.497002
1.504018
1.505764
1.500084
1.503714
1.506120
1.503343
1.505136
1.496199
1.513125
1.482401
1.483913
1.515706
1.502004
1.502553
1.537348
1.507788
1.515032
1.511784
1.497402
1.509643
1.499070
1.494407
1.484666
1.510530
1.502032
1.497430
1.510049
1.503959
1.522147
1.495183
1.490443
1.508714
1.506321
1.506537
1.513823
1.528636
1.500856
1.495031
1.510492
1.509987
1.525800
1.513061
1.508507
1.502054
1.494639
1.499035
1.509198
1.494421
1.505026
1.481596
1.522879
1.499722
1.519620
1.497845
1.512881
1.506011
1.517146
1.506903
1.505496
1.487778
1.518823
1.503935
1.507048
1.498588
1.497511
