1.500000
1.500000
1.500000
1.500000
1.482240
1.269688
0.808281
0.423125
0.534271
0.712031
0.808125
1.122136
0.832604
0.930156
0.821667
0.756875
0.772240
0.655781
1.045469
1.252708
1.470521
2.303125
2.903594
1.717976
1.139115
0.879323
0.855417
0.801250
0.706979
0.740313
0.609583
0.551771
0.553698
0.613333
0.555573
0.552292
0.660469
0.654948
0.657448
0.664531
0.670677
0.625313
0.627396
0.644635
0.648021
0.644427
0.619635
0.611786
0.599427
1.045677
1.118854
1.140833
1.153229
1.308125
1.342240
1.002083
0.916042
0.933073
0.859271
0.925521
0.775156
0.875625
0.762760
0.700573
0.693073
0.756667
0.736510
0.803906
0.929583
2.304948
2.474219
1.553691
1.331979
1.281667
0.841979
0.999271
1.006250
1.361719
1.545625
1.689740
1.692604
1.551979
1.032813
0.973854
0.977240
1.068490
1.148906
1.168177
1.124167
1.055938
0.904792
0.803646
0.710521
0.682292
0.879635
0.983095
1.036823
1.149531
0.984167
1.007396
1.120000
1.146979
1.186979
0.981458
1.483906
0.998854
1.123854
1.094167
0.734896
1.831563
2.288438
1.953073
1.574375
1.186667
0.991615
0.913594
0.836094
0.616198
0.663125
0.685595
1.004219
1.327344
1.028177
1.879479
1.870052
1.916771
1.515573
1.197604
0.909740
0.843177
0.722240
0.659375
0.682969
0.702344
0.921250
1.260313
1.571667
1.441875
0.899375
0.974792
0.850052
1.337656
1.928802
2.260714
1.513281
1.616146
1.589531
1.479531
1.410000
1.369271
1.381979
1.369479
1.459323
1.315000
1.087240
1.054948
1.161094
1.301458
0.871771
0.976146
1.356094
1.115885
1.177031
0.892865
0.793802
0.738698
0.714271
0.743929
1.040833
1.021563
1.519740
1.979375
1.636563
1.334167
1.325625
1.171563
1.240313
1.119115
1.430938
1.651042
1.851979
1.553177
1.015000
0.931823
0.910729
0.893281
0.745313
0.722760
0.588958
0.627813
0.764427
0.981191
1.021198
1.188281
1.224792
1.234688
1.303906
1.335990
1.339375
1.390469
1.609792
1.781094
2.117084
1.624011
1.614896
1.496823
1.368281
1.318594
1.401146
1.371146
1.346927
1.308385
1.284011
1.326771
1.232500
1.332143
1.413125
1.485260
1.508958
1.532188
1.602344
1.707761
1.641250
1.593281
1.801615
1.640208
1.498594
1.541094
1.717917
1.606511
1.339531
1.615469
1.982188
1.988385
2.385573
1.683386
1.457813
1.351511
1.302969
1.308810
1.369583
1.554167
1.624844
1.665156
2.057396
2.144011
2.371302
2.480469
2.067083
1.967761
2.010313
2.219688
1.833906
1.747396
1.814688
1.682865
1.672083
2.123177
2.541354
3.020521
3.045834
3.043490
2.884375
2.417619
1.814219
1.412135
1.324896
1.333854
1.355000
1.362136
1.478333
1.735573
1.745625
1.804115
1.853177
1.793959
1.815886
1.757084
1.795000
1.968906
2.075052
2.065781
2.107969
2.181198
2.185261
2.185313
2.424844
2.542738
2.617240
2.678854
2.359688
2.145417
2.167708
2.213490
2.199011
2.265261
2.165781
1.807292
1.656615
1.657917
1.889792
1.946563
2.088125
1.994688
1.869167
1.980104
1.931406
1.942604
2.147813
2.289479
2.108021
1.965238
2.187136
1.795625
1.605729
1.704636
1.917292
2.209167
2.435209
2.120104
1.662969
1.732292
2.090781
2.599584
2.483386
2.591406
2.362969
2.225625
2.275156
2.566302
2.826719
3.007396
2.944219
2.825729
2.786823
2.831310
3.168438
3.367865
3.064688
3.128594
3.365052
3.376198
3.397813
3.479896
3.416771
3.782709
4.160834
3.771875
3.432813
3.702604
4.183750
3.756979
3.438490
4.078177
4.445469
4.071250
4.046407
3.877813
4.171927
4.258334
4.184480
3.883854
4.317136
4.517865
4.320052
4.012344
4.148646
4.766719
4.551094
4.448698
3.966146
4.481823
4.779376
4.749844
4.396303
4.113281
4.800677
5.154271
5.247136
4.839323
4.772761
4.519792
5.223958
5.402500
4.794167
4.833178
4.793125
4.992865
5.158647
5.144271
4.897084
5.009219
5.100469
5.453281
4.706407
4.633542
5.100781
5.295521
5.568386
5.377344
5.734531
6.002969
5.884636
5.475156
4.548490
4.420261
4.331667
4.658690
4.155105
4.323594
5.172188
5.360001
5.457084
5.223438
4.962760
4.476407
4.842292
4.928334
5.488073
5.649792
5.271146
5.410105
4.945105
4.710990
4.840365
5.036251
5.537084
5.333907
5.396511
5.590886
5.512188
5.356548
5.022031
5.323490
5.439740
5.260625
5.765469
5.817761
5.630782
5.976771
5.500782
5.562865
5.224636
5.430157
5.364948
5.648230
5.355417
5.665730
5.602084
5.460626
5.325417
5.125990
5.123959
5.299063
5.632501
5.613691
5.313698
5.678542
5.904480
6.096928
6.358334
6.407552
6.324480
6.042397
5.503438
5.394896
5.134531
5.158438
4.713177
5.263125
5.542344
5.911563
5.978281
6.063646
5.989480
5.990469
5.880938
5.574740
5.622917
5.235357
5.607605
5.604427
5.730365
5.669531
6.127865
5.954844
6.059480
5.715990
6.144948
5.917397
5.946667
5.872656
5.725469
5.915990
5.738907
5.479063
5.449167
5.113958
5.509740
5.508698
