2.302978
2.304653
2.293425
2.290392
2.284644
2.283043
2.268814
2.259610
2.239450
2.247507
2.199394
2.194304
2.175653
2.145350
2.076390
2.040259
1.996992
1.952534
1.918721
1.852636
1.843355
1.809432
1.827930
1.777590
1.745582
1.763991
1.713381
1.738805
1.736507
1.708436
1.691804
1.709191
1.666438
1.668016
1.650506
1.674695
1.660664
1.642877
1.637672
1.650225
1.630879
1.637135
1.602593
1.599055
1.597662
1.626974
1.612128
1.599557
1.588083
1.591091
1.636930
1.622727
1.588698
1.576523
1.593002
1.562034
1.601137
1.561279
1.590724
1.559304
1.587747
1.582855
1.576191
1.559965
1.568870
1.600868
1.581614
1.594610
1.570861
1.583714
1.560960
1.586522
1.564057
1.562516
1.565636
1.559695
1.593355
1.555615
1.533008
1.562815
1.550246
1.556339
1.584000
1.581848
1.537922
1.564915
1.566036
1.579041
1.535262
1.526794
1.563997
1.561865
1.527565
1.571944
1.577125
1.526700
1.537961
1.548445
1.533490
1.560425
1.528498
1.533278
1.550648
1.516490
1.517759
1.544901
1.546885
1.540956
1.524817
1.535387
1.515027
1.533165
1.542399
1.488132
1.513057
1.504297
1.525126
1.507275
1.522833
1.534544
1.530464
1.521806
1.544276
1.520382
1.515172
1.538593
1.524410
1.551594
1.526465
1.539525
1.531428
1.523167
1.516652
1.535823
1.530784
1.511017
1.542011
1.529381
1.521334
1.546295
1.528170
1.519655
1.522822
1.538664
1.517156
1.512879
1.547562
1.516357
1.519330
1.521551
1.540369
1.503714
1.538432
1.512208
1.531006
1.528169
1.502991
1.517243
1.504603
1.530092
1.525192
1.508378
1.516964
1.507140
1.517930
1.518600
1.501694
1.503663
1.503098
1.518329
1.543360
1.502049
1.512404
1.532139
1.507077
1.509748
1.502614
1.534770
1.506349
1.517444
1.497419
1.515260
1.500325
1.511918
1.499776
1.509058
1.497740
1.533226
1.508269
1.504460
1.509631
1.510576
1.509525
1.494283
1.507062
1.511531
1.509367
1.482363
1.508073
1.509673
1.513742
1.503098
1.508623
1.506851
1.498692
1.502425
1.503719
1.501428
1.505528
1.500478
1.515303
1.511993
1.510772
1.538485
1.514508
1.503506
1.498197
1.506096
1.491618
1.497849
1.522274
1.510211
1.504912
1.484329
1.510633
1.516925
1.495012
1.521995
1.485001
1.519336
1.477555
1.501233
1.488324
1.509146
1.496007
1.495018
1.492518
1.518547
1.498452
1.495160
1.494414
1.503307
1.508026
1.492017
1.487206
1.492712
1.494489
1.496906
1.490482
1.495442
1.495165
1.495455
1.525651
1.506726
1.483027
1.505260
1.502902
1.503450
1.492018
1.530203
1.516482
1.502232
1.500598
1.512378
1.518412
1.480861
1.504607
1.490125
1.515217
1.489748
1.505088
1.490263
1.510951
1.509583
1.491853
1.485620
1.487691
1.497895
1.508478
1.489716
1.515873
1.501467
1.499990
1.487693
1.498617
1.488994
1.501511
1.499069
1.506366
1.491750
1.491577
1.486007
1.503217
1.485635
1.481903
1.490312
1.498203
1.486604
1.502707
1.500677
1.496512
1.492455
1.507302
1.487664
1.502123
1.490353
1.512825
1.495314
1.489519
1.495160
1.501480
1.491706
1.508808
1.482868
1.491905
1.482453
1.520869
1.494253
1.488656
1.484000
1.490400
1.487686
1.478304
1.487793
1.502245
1.481692
1.494121
1.507676
1.491564
1.490070
1.491125
1.487893
1.494546
1.492710
1.489740
1.486202
1.495473
1.492667
1.512308
1.498603
1.481626
1.493346
1.496115
1.490766
1.496150
1.505719
1.491080
1.480835
1.481986
1.497151
1.482074
1.489591
1.493218
1.482152
1.485467
1.484675
1.495529
1.497129
1.482426
1.489820
1.484119
1.483932
1.507148
1.503069
1.485355
1.475501
1.495684
1.482625
1.510567
1.495211
1.507748
1.490371
1.484251
1.497737
1.499748
1.500201
1.488618
1.481544
1.496496
1.479868
1.487624
1.483003
1.484074
1.479509
1.494196
1.484698
1.490126
1.482416
1.477185
1.484858
1.509748
1.490508
1.489771
1.481080
1.481438
1.491419
1.478317
1.490150
1.492747
1.492387
1.499423
1.477021
1.479144
1.503602
1.514659
1.484722
1.480850
1.489273
1.486073
1.482954
1.487329
1.498172
1.479678
1.504395
1.477767
1.502494
1.485146
1.469709
1.490268
1.486306
1.479760
1.486565
1.485721
1.476772
1.495027
1.500896
1.486421
1.488098
1.479861
1.484383
1.487456
1.495148
1.492301
1.496753
1.497851
1.492061
1.485669
1.485827
1.488356
1.486956
1.492509
1.488246
1.496659
1.488214
1.481448
1.480581
1.485131
1.478688
1.475942
1.486474
1.489280
1.487926
1.476274
1.484802
1.481873
1.475793
1.483021
1.484486
1.492302
1.476534
1.487128
1.486816
1.482544
1.473814
1.477856
1.475234
1.494604
1.485162
1.495507
1.475135
1.487656
1.490593
1.477528
1.484779
1.477793
1.483189
1.480804
1.499250
1.498068
1.496361
1.470834
1.508685
1.484468
1.470023
1.484144
1.487935
1.485760
1.476259
1.482729
1.481314
1.496803
1.482663
1.490975
1.469865
1.503433
1.480529
1.497427
1.496564
1.484409
1.480588
