2.305393
2.303066
2.302123
2.294910
2.291214
2.286351
2.279827
2.282935
2.258264
2.250454
2.236640
2.230812
2.230277
2.196475
2.185066
2.131126
2.139791
2.096801
2.097554
2.098598
2.048645
2.013222
2.004470
1.998001
1.939384
1.929108
1.917663
1.847151
1.848388
1.823538
1.778666
1.783457
1.790979
1.783963
1.769017
1.746898
1.760942
1.729629
1.739289
1.732410
1.740265
1.698331
1.716869
1.678185
1.698682
1.700362
1.691419
1.732644
1.711923
1.706837
1.685714
1.665326
1.693044
1.637586
1.686591
1.632909
1.688925
1.655654
1.644266
1.678555
1.658666
1.608673
1.644940
1.709774
1.640219
1.638423
1.639320
1.602282
1.658093
1.645630
1.638498
1.647043
1.624674
1.623239
1.618471
1.668952
1.617836
1.629777
1.618158
1.615678
1.647561
1.637283
1.600087
1.652897
1.635081
1.596607
1.626901
1.619181
1.626775
1.598116
1.632914
1.608600
1.612065
1.605051
1.656517
1.599904
1.608025
1.602603
1.592896
1.624929
1.601631
1.586028
1.605985
1.596897
1.611951
1.616994
1.599025
1.618627
1.587057
1.586158
1.626698
1.585639
1.636553
1.600084
1.628277
1.597726
1.573478
1.599213
1.597700
1.592832
1.611953
1.560973
1.612610
1.608381
1.582036
1.623964
1.605528
1.601203
1.600073
1.594333
1.611467
1.582929
1.595640
1.584999
1.574872
1.594142
1.588077
1.577641
1.558209
1.586208
1.584825
1.607444
1.600500
1.617225
1.592225
1.586268
1.590849
1.593866
1.542761
1.562108
1.586645
1.595597
1.580661
1.596514
1.559715
1.576935
1.585820
1.600615
1.578750
1.575434
1.585870
1.552171
1.561707
1.618619
1.586885
1.574107
1.582864
1.578049
1.599191
1.610124
1.585191
1.560606
1.579126
1.576805
1.561651
1.539334
1.558889
1.591633
1.559178
1.585607
1.579031
1.569658
1.565288
1.596541
1.567550
1.555168
1.610517
1.560040
1.582023
1.611873
1.607517
1.587486
1.565143
1.570905
1.583026
1.570305
1.548951
1.580710
1.571794
1.554638
1.617180
1.570228
1.571446
1.545940
1.535519
1.593600
1.592108
1.558390
1.552123
1.568961
1.571302
1.565551
1.564262
1.549246
1.535119
1.567555
1.584564
1.563095
1.559002
1.589633
1.560706
1.554397
1.572944
1.563189
1.553601
1.571385
1.572336
1.554978
1.608607
1.586161
1.557027
1.554482
1.559352
1.558564
1.589963
1.572571
1.531390
1.558833
1.573423
1.565770
1.577394
1.557795
1.596349
1.539519
1.565630
1.537536
1.562630
1.550752
1.544711
1.536980
1.551790
1.540134
1.541612
1.556654
1.567844
1.563748
1.558569
1.575827
1.533143
1.556878
1.603149
1.556058
1.567562
1.539503
1.555486
1.572851
1.551108
1.538993
1.564710
1.553567
1.571543
1.549643
1.552332
1.551394
1.567160
1.555251
1.570514
1.565917
1.537235
1.547159
1.547867
1.551072
1.550585
1.557836
1.549792
1.543212
1.530954
1.537120
1.582260
1.554287
1.548784
1.577819
1.581620
1.570766
1.546658
1.575031
1.537325
1.544460
1.537556
1.552155
1.568922
1.556754
1.541463
1.536409
1.550577
1.531073
1.533356
1.553097
1.561417
1.561727
1.537503
1.521775
1.541435
1.569083
1.572417
1.538802
1.561332
1.549646
1.528288
1.551035
1.574170
1.535225
1.568285
1.557174
1.548608
1.543605
1.560831
1.567516
1.562093
1.555391
1.542021
1.525174
1.549059
1.561746
1.565994
1.552664
1.561697
1.526732
1.537358
1.547191
1.538210
1.549039
1.535042
1.546351
1.540878
1.537283
1.528046
1.520903
1.555019
1.529480
1.556313
1.576842
1.558321
1.543596
1.582446
1.554890
1.575300
1.520238
1.549569
1.537748
1.527857
1.529153
1.563023
1.538242
1.525599
1.532325
1.531561
1.525715
1.569000
1.558101
1.543294
1.540843
1.560825
1.518465
1.590196
1.540325
1.528071
1.526568
1.579288
1.540725
1.549784
1.555317
1.546063
1.547482
1.535755
1.549627
1.533164
1.528858
1.524231
1.529363
1.551151
1.526708
1.546190
1.563026
1.564496
1.521409
1.527434
1.562350
1.530557
1.542516
1.505794
1.572472
1.566762
1.551197
1.536940
1.540502
1.536844
1.570621
1.556579
1.562855
1.541217
1.531852
1.538571
1.525536
1.531185
1.523200
1.515179
1.539138
1.527279
1.536651
1.547053
1.504115
1.554156
1.543841
1.535972
1.530954
1.531896
1.540685
1.526919
1.547748
1.535347
1.527201
1.518771
1.546997
1.535167
1.543124
1.522951
1.527225
1.517253
1.523611
1.568349
1.553774
1.536640
1.535684
1.556321
1.549356
1.543314
1.548355
1.543456
1.534037
1.566684
1.558885
1.543089
1.513843
1.539409
1.523930
1.532793
1.552043
1.564240
1.517749
1.541824
1.528549
1.525665
1.542064
1.536584
1.531031
1.543932
1.531203
1.523332
1.546091
1.530372
1.536320
1.532399
1.560663
1.540859
1.556674
1.524673
1.519029
1.524625
1.548416
1.535041
1.561974
1.519116
1.555111
1.521555
1.567933
1.534189
1.530034
1.539443
1.533335
1.508467
1.516657
1.521632
1.504873
1.537062
1.551519
1.538050
1.530076
1.535840
1.532874
