2.301626
2.298914
2.293023
2.293096
2.302270
2.294291
2.282008
2.268805
2.226469
2.261904
2.170232
2.137000
2.033577
1.952813
1.977264
1.942562
1.877831
1.856736
1.843693
1.852770
1.775413
1.787106
1.774501
1.786493
1.720331
1.763015
1.746774
1.704141
1.658759
1.717315
1.664827
1.665877
1.656283
1.649719
1.648983
1.662021
1.637299
1.660643
1.680855
1.610457
1.659062
1.628062
1.634791
1.638767
1.671430
1.671828
1.641889
1.597317
1.619163
1.634537
1.590706
1.594511
1.610033
1.628253
1.615594
1.621016
1.595313
1.625660
1.599849
1.615750
1.636587
1.624889
1.638456
1.616421
1.616286
1.601626
1.566203
1.622736
1.663449
1.564507
1.593884
1.572923
1.571885
1.585741
1.586933
1.559492
1.566170
1.589531
1.569269
1.551117
1.558464
1.574903
1.597661
1.555249
1.571515
1.547285
1.581427
1.542213
1.545178
1.533677
1.551695
1.530731
1.535326
1.545177
1.562971
1.539148
1.556239
1.529705
1.549519
1.540406
1.536536
1.519902
1.559586
1.519833
1.551959
1.527390
1.534678
1.529622
1.534195
1.521240
1.516861
1.514433
1.523374
1.532636
1.536381
1.532597
1.529584
1.512166
1.566393
1.561619
1.518075
1.531747
1.522759
1.527328
1.514706
1.523888
1.516078
1.519027
1.522233
1.534853
1.534740
1.510589
1.517038
1.510655
1.536386
1.511255
1.528769
1.508785
1.518092
1.508712
1.530052
1.522429
1.516637
1.520938
1.504655
1.528600
1.527200
1.530112
1.515387
1.510303
1.537930
1.521198
1.499090
1.512704
1.507753
1.491637
1.518028
1.518082
1.525989
1.500514
1.527109
1.534380
1.509351
1.500086
1.501866
1.498796
1.526942
1.491160
1.501606
1.493681
1.511025
1.516216
1.505970
1.488921
1.510588
1.511651
1.524680
1.500934
1.495910
1.497406
1.516466
1.539717
1.520772
1.525036
1.493594
1.507415
1.510013
1.503925
1.505058
1.490192
1.514329
1.538682
1.538228
1.496199
1.495397
1.512123
1.481510
1.514118
1.497340
1.508548
1.491714
1.512459
1.489260
1.497346
1.496047
1.515902
1.516982
1.521679
1.524136
1.506432
1.516050
1.499038
1.494970
1.500029
1.513396
1.495257
1.510368
1.514672
1.493647
1.515386
1.497756
1.498607
1.522429
1.521264
1.526521
1.500801
1.510675
1.488515
1.501006
1.506271
1.489231
1.490177
1.486885
1.492144
1.506127
1.486012
1.503348
1.496877
1.503204
1.489713
1.499647
1.504823
1.501007
1.507838
1.487258
1.516686
1.479038
1.505261
1.501756
1.495851
1.487135
1.522954
1.497553
1.506741
1.504396
1.496400
1.495952
1.488661
1.481541
1.490995
1.492417
1.512066
1.487412
1.498209
1.500390
1.495988
1.505609
1.502013
1.511768
1.501831
1.518128
1.494633
1.481871
1.505809
1.488639
1.500876
1.496467
1.501716
1.484039
1.481920
1.490649
1.511805
1.493912
1.499671
1.490463
1.485757
1.497778
1.487261
1.509835
1.518644
1.495194
1.482177
1.487929
1.493428
1.488661
1.480392
1.481872
1.515913
1.482710
1.493545
1.489356
1.490145
1.496293
1.543833
1.491442
1.502009
1.484419
1.483242
1.492468
1.500413
1.479791
1.505688
1.499403
1.493205
1.476691
1.495498
1.497433
1.519155
1.488669
1.498409
1.494844
1.482617
1.484103
1.490678
1.510686
1.482724
1.493127
1.485848
1.479962
1.485762
1.488719
1.483967
1.488251
1.503532
1.502710
1.480334
1.494913
1.492123
1.486523
1.496880
1.494068
1.482680
1.489276
1.500551
1.495441
1.472348
1.490335
1.489640
1.490693
1.491206
1.506795
1.488010
1.480877
1.473393
1.498268
1.504475
1.483241
1.501508
1.486869
1.476401
1.520147
1.498778
1.488416
1.508417
1.496980
1.484221
1.482507
1.470968
1.485425
1.493812
1.482226
1.478447
1.478735
1.485864
1.497826
1.482881
1.482223
1.483013
1.475581
1.481030
1.510875
1.483024
1.507012
1.473967
1.475911
1.483087
1.493167
1.472003
1.494536
1.484705
1.489929
1.484069
1.496583
1.482602
1.480394
1.504070
1.497279
1.480723
1.481831
1.486503
1.502351
1.486656
1.476641
1.494221
1.477444
1.483167
1.494968
1.511489
1.473528
1.486537
1.477015
1.500235
1.473610
1.484582
1.479431
1.480272
1.480926
1.484934
1.484079
1.499780
1.487017
1.496546
1.503852
1.484692
1.484771
1.485345
1.479752
1.499807
1.471999
1.480131
1.494378
1.495110
1.483173
1.506181
1.482684
1.486634
1.484471
1.489046
1.488973
1.481179
1.519479
1.475791
1.476187
1.471475
1.481469
1.497585
1.479444
1.497969
1.482139
1.475655
1.477713
1.473963
1.483818
1.479959
1.489709
1.472577
1.474030
1.488008
1.472667
1.479127
1.477076
1.479819
1.474673
1.488324
1.494627
1.475216
1.482928
1.480119
1.475379
1.489192
1.482115
1.490627
1.491680
1.478872
1.489116
1.486956
1.495101
1.486831
1.504487
1.469818
1.486351
1.475217
1.472058
1.487382
1.498649
1.475639
1.489309
1.484101
1.482397
1.486055
1.489604
1.498180
1.468501
1.478423
1.478847
1.486249
1.485551
1.497953
1.483832
1.478737
