2.301880
2.299136
2.292297
2.293823
2.281731
2.250390
2.281845
2.246818
2.225647
2.233538
2.202843
2.123072
2.127405
2.028737
2.039739
1.959440
1.919068
1.881421
1.897090
1.832128
1.823098
1.770150
1.798274
1.766237
1.738431
1.730629
1.698357
1.704720
1.736773
1.755383
1.681564
1.732196
1.670747
1.679700
1.693359
1.715293
1.687056
1.680921
1.691331
1.719991
1.655226
1.669578
1.707187
1.698892
1.650036
1.669860
1.641881
1.601049
1.620331
1.631414
1.632016
1.622262
1.631939
1.652957
1.608459
1.662339
1.643259
1.592708
1.627585
1.606589
1.640760
1.558897
1.634209
1.629590
1.651381
1.631559
1.600133
1.640403
1.624655
1.629572
1.609885
1.654794
1.617283
1.640465
1.663553
1.591535
1.624571
1.606578
1.590407
1.626661
1.603771
1.629323
1.593272
1.620387
1.600681
1.618915
1.622012
1.630030
1.616901
1.623212
1.589651
1.567099
1.584967
1.620763
1.598748
1.580683
1.616334
1.579058
1.624951
1.614179
1.577234
1.600938
1.626251
1.578029
1.572836
1.616653
1.601029
1.611761
1.615128
1.617777
1.555828
1.629500
1.603133
1.557904
1.567039
1.597425
1.603126
1.604126
1.557126
1.621876
1.560780
1.616925
1.591430
1.585358
1.607352
1.566529
1.601732
1.595810
1.586244
1.586638
1.612976
1.577132
1.568463
1.591974
1.583853
1.591938
1.580920
1.594630
1.565973
1.603142
1.582284
1.570590
1.623211
1.563468
1.621576
1.557551
1.566998
1.565100
1.599669
1.578226
1.603915
1.607444
1.526820
1.597643
1.597868
1.563106
1.549545
1.592221
1.576330
1.605533
1.566013
1.576780
1.571473
1.579426
1.540915
1.569837
1.578036
1.634649
1.596441
1.613278
1.533095
1.565977
1.525839
1.606197
1.574233
1.526323
1.605454
1.607974
1.580591
1.594359
1.547047
1.615135
1.595116
1.567698
1.622776
1.567879
1.580601
1.551682
1.583166
1.654571
1.545773
1.562606
1.577801
1.614925
1.617687
1.596469
1.576114
1.524671
1.544628
1.581561
1.606579
1.541505
1.597130
1.640959
1.543259
1.554035
1.561564
1.602538
1.577225
1.618348
1.566188
1.564541
1.582646
1.534186
1.595713
1.570135
1.591708
1.585151
1.577564
1.563363
1.570058
1.593515
1.557201
1.542784
1.517879
1.583036
1.537696
1.602745
1.582339
1.585379
1.568876
1.565677
1.564423
1.588480
1.567283
1.542954
1.555433
1.578701
1.551871
1.558466
1.592416
1.590749
1.567054
1.574583
1.536429
1.533041
1.612527
1.612311
1.565474
1.550835
1.590378
1.536505
1.557757
1.545310
1.599255
1.587605
1.570787
1.562429
1.567094
1.574764
1.559031
1.558050
1.567135
1.562034
1.558342
1.616838
1.599472
1.592646
1.531614
1.573635
1.542725
1.567204
1.552698
1.539710
1.556262
1.521785
1.577390
1.539895
1.530523
1.562862
1.595752
1.549139
1.600879
1.581617
1.576822
1.596367
1.584597
1.579177
1.566919
1.574517
1.549774
1.606991
1.520307
1.565072
1.558357
1.538444
1.591403
1.580010
1.566508
1.589474
1.559234
1.583373
1.603386
1.552689
1.561498
1.538410
1.600560
1.593161
1.576030
1.557620
1.562699
1.598950
1.549276
1.591284
1.568423
1.566036
1.584191
1.563753
1.557103
1.529916
1.600081
1.538135
1.579249
1.576683
1.560387
1.535163
1.548138
1.533041
1.571996
1.539351
1.561513
1.532470
1.522369
1.564464
1.566839
1.592973
1.579421
1.542110
1.572089
1.540087
1.596818
1.613884
1.548940
1.547048
1.586947
1.556069
1.549966
1.561364
1.564091
1.597354
1.535910
1.543632
1.577324
1.547997
1.522200
1.569460
1.557823
1.606555
1.562119
1.570552
1.558998
1.577022
1.548173
1.597011
1.568106
1.558550
1.543418
1.559685
1.558544
1.552764
1.566562
1.557315
1.569869
1.536391
1.644313
1.551774
1.563837
1.543050
1.556385
1.554725
1.550057
1.558250
1.555364
1.563760
1.514363
1.558643
1.559710
1.573551
1.571769
1.559657
1.523034
1.529742
1.560786
1.582530
1.552642
1.600507
1.552162
1.609719
1.516046
1.572338
1.550529
1.596740
1.617492
1.536751
1.572281
1.547747
1.556982
1.553351
1.511477
1.576327
1.584722
1.553528
1.536349
1.576626
1.571703
1.557525
1.575047
1.567755
1.571017
1.549104
1.556762
1.572629
1.554116
1.533786
1.518598
1.560689
1.548782
1.574215
1.584980
1.558132
1.554635
1.560414
1.545519
1.560638
1.569744
1.572747
1.564736
1.578204
1.593579
1.568741
1.555751
1.555649
1.564311
1.572558
1.550753
1.546295
1.582594
1.514049
1.564613
1.540972
1.586971
1.532371
1.558654
1.543562
1.578223
1.526444
1.553079
1.528596
1.539408
1.569735
1.539103
1.555290
1.539557
1.555546
1.560504
1.544112
1.559124
1.553691
1.572936
1.570332
1.543858
1.567934
1.600673
1.565196
1.521351
1.604970
1.578827
1.543333
1.553913
1.560443
1.561618
1.563107
1.559247
1.566551
1.554563
1.545803
1.549346
1.514573
1.575007
1.592464
1.564726
1.576106
1.534429
1.544553
1.552564
1.555991
1.582425
1.554947
1.528346
1.564335
