2.328894
2.299827
2.310755
2.289397
2.283322
2.265900
2.266041
2.256654
2.235298
2.219900
2.211245
2.204890
2.184104
2.165505
2.146565
2.107255
2.098899
2.059219
2.014306
1.990686
1.982475
1.940846
1.889347
1.832860
1.748124
1.748230
1.591134
1.611119
1.496874
1.448929
1.277101
1.223718
1.171736
1.128033
0.942694
0.988845
0.870066
0.829328
0.698900
0.748978
0.636984
0.589815
0.675887
0.538018
0.642998
0.602032
0.590297
0.573610
0.383955
0.468075
0.323804
0.457044
0.367337
0.460753
0.708061
0.494079
0.383716
0.350160
0.354157
0.429029
0.411144
0.386514
0.389795
0.663115
0.250280
0.277653
0.331418
0.398359
0.380488
0.319027
0.507941
0.163535
0.294122
0.335776
0.312642
0.243275
0.401633
0.405340
0.287102
0.408799
0.243812
0.283611
0.319054
0.269064
0.359404
0.332169
0.282352
0.325913
0.331554
0.295924
0.284638
0.348908
0.286046
0.366419
0.254361
0.143543
0.367883
0.410182
0.306481
0.226655
0.246660
0.281369
0.362552
0.191892
0.403354
0.312345
0.272196
0.281231
0.275204
0.161775
0.281721
0.156107
0.283246
0.225493
0.196247
0.185809
0.195278
0.225681
0.191825
0.267140
0.207327
0.309271
0.132463
0.170399
0.317060
0.199595
0.341810
0.178706
0.160808
0.253590
0.230976
0.249942
0.203791
0.282629
0.233956
0.207715
0.152562
0.176304
0.263623
0.321091
0.374669
0.191970
0.176369
0.206470
0.158785
0.160412
0.238204
0.329564
0.131804
0.236487
0.159131
0.326296
0.197325
0.230675
0.154336
0.177521
0.203988
0.170242
0.151492
0.163670
0.162011
0.175301
0.125390
0.188709
0.214673
0.170494
0.319486
0.367636
0.223265
0.216102
0.082710
0.134597
0.149327
0.273285
0.178952
0.133138
0.087998
0.162056
0.289754
0.106746
0.273104
0.206867
0.191179
0.106386
0.212957
0.151516
0.116607
0.215754
0.316239
0.213446
0.099502
0.080665
0.086465
0.129243
0.234896
0.121978
0.240606
0.218931
0.265462
0.223995
0.092671
0.118884
0.221339
0.137929
0.119132
0.223679
0.141923
0.153485
0.132039
0.146383
0.233269
0.120398
0.142671
0.121640
0.126952
0.161182
0.211156
0.087641
0.118918
0.105583
0.152663
0.098398
0.148483
0.153495
0.161794
0.134006
0.190395
0.177954
0.091407
0.141214
0.200490
0.144714
0.221042
0.124228
0.163794
0.098964
0.151485
0.137256
0.189949
0.167984
0.138636
0.098598
0.139147
0.191724
0.121864
0.080989
0.143662
0.131347
0.147450
0.147073
0.085194
0.171139
0.232935
0.104502
0.081353
0.153729
0.128693
0.092720
0.231573
0.083761
0.105134
0.150342
0.177987
0.038652
0.146042
0.266945
0.090595
0.115635
0.159088
0.122388
0.077211
0.202134
0.174331
0.093563
0.100232
0.247972
0.101899
0.067629
0.089169
0.202089
0.118933
0.059934
0.091715
0.130526
0.100501
0.086418
0.045316
0.088846
0.075767
0.107423
0.108048
0.110113
0.077783
0.074507
0.113648
0.186270
0.126051
0.164563
0.103071
0.128642
0.119298
0.118142
0.079460
0.121722
0.075130
0.096084
0.100865
0.132675
0.166222
0.104856
0.141125
0.207318
0.227467
0.146486
0.071551
0.098411
0.079599
0.129781
0.091860
0.136064
0.130121
0.051744
0.226810
0.071000
0.092193
0.217509
0.074567
0.048043
0.100678
0.068629
0.128692
0.107740
0.048118
0.119449
0.058312
0.030078
0.104647
0.085003
0.107239
0.078934
0.072408
0.143363
0.089895
0.213112
0.101541
0.113765
0.107779
0.095045
0.079451
0.073850
0.068177
0.110946
0.082272
0.188412
0.070976
0.096808
0.084975
0.069576
0.114075
0.161143
0.086707
0.070500
0.051034
0.095598
0.123853
0.103009
0.101318
0.209710
0.111901
0.156503
0.089282
0.110344
0.093351
0.093638
0.155187
0.108679
0.088330
0.066181
0.076578
0.028043
0.043493
0.074663
0.092870
0.136225
0.087102
0.132322
0.104568
0.094501
0.130010
0.148245
0.152698
0.086273
0.052181
0.097230
0.054415
0.075221
0.068114
0.153120
0.072260
0.062032
0.123252
0.064903
0.164919
0.048610
0.086206
0.111983
0.028646
0.110946
0.030935
0.074238
0.089037
0.044914
0.050036
0.118357
0.075457
0.119399
0.142487
0.103822
0.103325
0.105985
0.104496
0.092111
0.090174
0.087215
0.077980
0.095572
0.086428
0.191329
0.070413
0.079438
0.100574
0.036383
0.078722
0.088120
0.083860
0.134988
0.093599
0.077493
0.069051
0.084776
0.067854
0.077731
0.105904
0.058248
0.065174
0.097780
0.078163
0.039645
0.048578
0.110262
0.063633
0.046064
0.109618
0.171808
0.103136
0.118680
0.057374
0.094127
0.078110
0.054086
0.117555
0.207577
0.075448
0.066224
0.126315
0.107048
0.061584
0.113950
0.079589
0.049351
0.066830
0.059462
0.101086
0.105076
0.029891
0.060084
0.048779
0.070909
0.019555
0.113631
0.057877
0.089474
0.126874
0.052640
0.063830
0.082466
0.099569
0.031393
0.130576
0.036800
0.099549
0.032555
0.105885
0.072281
0.039136
0.079132
0.085532
0.162559
0.056595
0.079790
