2.310961
2.305213
2.302632
2.302327
2.302193
2.302585
2.302059
2.288924
2.274594
2.251042
2.248895
2.237229
2.236337
2.236375
2.257483
2.207495
2.146166
2.105451
2.051386
2.005619
2.056891
2.162347
1.999498
1.948549
1.942596
1.953335
1.899631
1.943030
1.852612
1.789127
1.852773
1.808112
1.903460
1.861061
1.815804
1.801812
1.767606
1.807850
1.808509
1.870139
1.793385
1.759738
1.722385
1.714017
1.666642
1.687482
1.690058
1.625328
1.697968
1.649948
1.630333
1.639560
1.660322
1.640280
1.655148
1.640246
1.579903
1.640475
1.600721
1.620975
1.647378
1.595228
1.590220
1.598239
1.597235
1.612799
1.609217
1.590005
1.583279
1.552239
1.583225
1.586839
1.558552
1.575233
1.568542
1.554698
1.566923
1.578637
1.566717
1.568999
1.602058
1.603954
1.582672
1.547996
1.535944
1.549464
1.547300
1.547725
1.558135
1.554195
1.553035
1.557031
1.535743
1.534341
1.542792
1.533193
1.556313
1.576246
1.517265
1.520378
1.536313
1.569689
1.551264
1.524865
1.528024
1.567563
1.522395
1.542591
1.523121
1.518120
1.526424
1.535927
1.556584
1.543953
1.534603
1.539739
1.538367
1.539696
1.531796
1.520426
1.510301
1.554773
1.554844
1.518704
1.521423
1.556194
1.552376
1.528218
1.523222
1.556623
1.546751
1.520870
1.519545
1.526159
1.543895
1.529257
1.506064
1.530261
1.515919
1.536271
1.516207
1.517321
1.512941
1.512508
1.502539
1.523692
1.526397
1.517130
1.547267
1.517510
1.545406
1.528832
1.520495
1.548428
1.524507
1.521229
1.527736
1.539310
1.501358
1.506200
1.514730
1.518463
1.549964
1.523232
1.524069
1.508783
1.545769
1.530225
1.535349
1.535533
1.521288
1.529097
1.520361
1.509504
1.520318
1.509145
1.535843
1.515803
1.524355
1.505576
1.506595
1.527838
1.512863
1.519652
1.515226
1.536170
1.512220
1.500017
1.502652
1.518786
1.536915
1.537315
1.507416
1.514615
1.512552
1.499522
1.514024
1.488610
1.520509
1.504310
1.511466
1.497928
1.512310
1.510301
1.515404
1.504856
1.538831
1.517394
1.523781
1.510654
1.504042
1.501013
1.511306
1.509782
1.499545
1.516824
1.509485
1.512392
1.492332
1.490069
1.508753
1.507642
1.519557
1.498779
1.512309
1.496613
1.509842
1.523223
1.504722
1.516794
1.507637
1.503967
1.504159
1.496183
1.509353
1.511305
1.501351
1.504577
1.508432
1.479999
1.497678
1.506745
1.490277
1.504309
1.501983
1.497471
1.504940
1.486660
1.519262
1.505334
1.509037
1.511117
1.496215
1.518486
1.496095
1.505102
1.512227
1.502602
1.486770
1.515186
1.506755
1.494234
1.501120
1.514411
1.499710
1.499205
1.484763
1.492681
1.501091
1.492157
1.515685
1.497749
1.509770
1.489034
1.502736
1.507748
1.496929
1.499903
1.492673
1.508543
1.500175
1.503885
1.497842
1.487285
1.510094
1.487801
1.529694
1.500386
1.487845
1.507701
1.502338
1.493300
1.501855
1.504427
1.511047
1.494375
1.493638
1.505703
1.494693
1.503550
1.507408
1.513289
1.502962
1.487292
1.486693
1.510393
1.494092
1.485918
1.500335
1.503224
1.498682
1.489264
1.491313
1.490399
1.510138
1.482937
1.486123
1.501261
1.497640
1.497699
1.494730
1.505344
1.494659
1.496292
1.484167
1.520636
1.513560
1.488102
1.498797
1.489162
1.506814
1.496736
1.507118
1.502295
1.494727
1.474987
1.490033
1.500036
1.491887
1.493899
1.499913
1.492097
1.507864
1.492594
1.487146
1.484545
1.486121
1.489205
1.503063
1.502249
1.510955
1.493185
1.503877
1.493644
1.497916
1.515347
1.487765
1.492765
1.496998
1.491440
1.488409
1.492152
1.502424
1.479312
1.510750
1.493244
1.485912
1.508031
1.498623
1.499456
1.485481
1.488257
1.494142
1.495083
1.489330
1.487208
1.493400
1.491129
1.484277
1.488677
1.484871
1.523281
1.500002
1.476768
1.505309
1.490327
1.496637
1.507070
1.495358
1.501166
1.488405
1.484143
1.493582
1.481467
1.498068
1.501029
1.492481
1.493436
1.494884
1.485069
1.496925
1.497233
1.485533
1.497539
1.489943
1.491083
1.481386
1.486631
1.498305
1.502813
1.491064
1.489807
1.493691
1.491450
1.486177
1.495996
1.479818
1.484916
1.488709
1.506023
1.492107
1.484738
1.487791
1.488983
1.493512
1.502071
1.484300
1.483598
1.510936
1.489669
1.483721
1.487292
1.489202
1.476660
1.507581
1.489492
1.489608
1.485315
1.486764
1.485781
1.496260
1.491508
1.488069
1.499224
1.499686
1.488629
1.485916
1.483728
1.490695
1.503703
1.489732
1.483451
1.495534
1.492351
1.483530
1.484528
1.486514
1.487443
1.496800
1.485959
1.493031
1.494566
1.496219
1.499378
1.492232
1.485736
1.483209
1.497203
1.492326
1.496211
1.480935
1.488786
1.489735
1.492695
1.478596
1.477692
1.483075
1.480041
1.497662
1.486188
1.497160
1.483534
1.488358
1.487555
1.479404
1.488728
1.496517
1.493159
1.492155
1.486787
1.498463
1.489533
1.489989
1.479761
1.485206
1.493908
1.483438
1.488462
1.499971
1.481140
