2.276281
2.279212
2.324070
2.315828
2.308349
2.302208
2.304495
2.298910
2.297905
2.292361
2.286160
2.310234
2.305826
2.311576
2.306131
2.305002
2.305810
2.302422
2.302902
2.303230
2.302783
2.303328
2.302585
2.302585
2.302585
2.302585
2.302585
2.302585
2.302059
2.302059
2.298378
2.302585
2.302585
2.302585
2.302585
2.302585
2.302585
2.302585
2.302585
2.302585
2.302585
2.302585
2.302585
2.302585
2.302585
2.302585
2.302585
2.302585
2.302585
2.302585
2.302585
2.302585
2.302585
2.302585
2.302585
2.302585
2.302585
2.302585
2.302585
2.302585
2.302585
2.302585
2.302585
2.302585
2.302585
2.302585
2.302585
2.302585
2.302585
2.302585
2.302585
2.302585
2.302585
2.302585
2.302585
2.302585
2.302585
2.302585
2.302585
2.302585
2.302585
2.302585
2.302585
2.302585
2.302585
2.302585
2.302585
2.302585
2.302585
2.302585
2.302585
2.302585
2.302585
2.302585
2.302585
2.302585
2.302585
2.302585
2.302585
2.302585
2.302585
2.302585
2.302585
2.302585
2.302585
2.302585
2.302585
2.302585
2.302585
2.302585
2.302585
2.302585
2.302585
2.302585
2.302585
2.302585
2.302585
2.302585
2.302585
2.302585
2.302585
2.302585
2.302585
2.302585
2.302585
2.302585
2.302585
2.302585
2.302585
2.302585
2.302585
2.302585
2.302585
2.302585
2.302585
2.302585
2.302585
2.302585
2.302585
2.302585
2.302585
2.302585
2.302585
2.302585
2.302585
2.302585
2.302585
2.302585
2.302585
2.302585
2.302585
2.302585
2.302585
2.302585
2.302585
2.302585
2.302585
2.302585
2.302585
2.302585
2.302585
2.302322
2.301008
2.299430
2.301533
2.302322
2.297639
2.294846
2.293819
2.279963
2.264212
2.262852
2.239567
2.225523
2.276736
2.408291
2.443820
2.380842
2.240685
2.152581
2.300824
2.197984
2.111417
2.138709
2.177608
2.300957
2.367023
2.312487
2.166855
2.638731
2.653243
2.499696
2.084599
2.207597
2.527792
2.605362
2.548021
2.542165
2.278871
2.144322
2.001651
1.930732
1.804611
1.931748
2.376754
2.296621
2.143792
2.398049
2.409163
2.558487
2.496143
2.367311
2.309561
2.104800
1.835792
1.772565
1.724318
1.780106
1.862427
2.062499
2.328501
2.317987
2.368918
2.331115
2.207760
2.098235
1.920024
1.793298
1.911004
2.139375
1.961433
1.944016
1.873348
1.711632
1.691489
1.674567
1.669487
1.644146
1.640308
1.644082
1.627302
1.665206
1.651800
1.656711
1.670886
1.723121
1.700140
1.679398
1.655399
1.650721
1.621159
1.619543
1.654088
1.646367
1.645642
1.624813
1.638034
1.661991
1.620918
1.597870
1.612188
1.625366
1.577909
1.628333
1.635949
1.608736
1.611176
1.592975
1.583336
1.572066
1.585102
1.586184
1.583346
1.588496
1.560018
1.559936
1.546918
1.559519
1.604721
1.589854
1.592219
1.594323
1.587629
1.604899
1.608474
1.557189
1.570277
1.586067
1.589111
1.590113
1.594110
1.566029
1.553869
1.560901
1.563257
1.594064
1.585975
1.560183
1.571662
1.573650
1.556943
1.556950
1.596563
1.543926
1.581831
1.610564
1.587353
1.563159
1.599251
1.603649
1.553578
1.557106
1.556007
1.574836
1.608730
1.570910
1.605097
1.596119
1.591898
1.608979
1.578964
1.608977
1.586491
1.634284
1.576697
1.545538
1.592350
1.579437
1.563479
1.607330
1.593803
1.566241
1.594033
1.569615
1.629802
1.591719
1.591733
1.576216
1.583636
1.555382
1.585577
1.605422
1.624987
1.595665
1.567648
1.569934
1.573465
1.565222
1.586521
1.601590
1.578902
1.604310
1.613986
1.621023
1.652395
1.637348
1.579234
1.594463
1.607371
1.579883
1.591629
1.589555
1.582057
1.587666
1.551583
1.533327
1.586937
1.575097
1.612824
1.547202
1.539950
1.540339
1.562727
1.576324
1.541198
1.552073
1.582358
1.577553
1.566021
1.568631
1.549526
1.546245
1.541716
1.538763
1.555305
1.595388
1.568640
1.561796
1.566305
1.530361
1.546476
1.528732
1.555039
1.550381
1.545280
1.582258
1.566407
1.596000
1.594396
1.592884
1.551808
1.563995
1.522868
1.539524
1.558634
1.528764
1.547246
1.581533
1.604028
1.631981
1.538832
1.595370
1.583341
1.588218
1.621395
1.624941
1.599525
1.624926
1.575754
1.580645
1.583606
1.603745
1.575278
1.569500
1.591830
1.558461
1.568539
1.556314
1.594248
1.577866
1.568402
1.540481
1.522820
1.536977
1.541843
1.520751
1.555373
1.554846
1.542557
1.559878
1.554029
1.549116
1.552627
1.542333
1.551855
1.541645
1.540412
1.516732
1.527431
1.544112
1.528035
1.555217
1.546937
1.536788
1.536167
1.528853
1.533432
1.535614
1.528728
1.530893
1.530370
1.529585
1.514440
1.511769
1.557845
1.514142
1.530940
1.505921
1.520680
1.535817
1.522490
1.522668
1.506125
1.518238
1.524529
1.552438
1.537245
1.558328
1.545635
1.526182
1.541385
1.529618
1.525046
1.529739
1.539095
1.532409
1.516806
1.525166
1.542236
1.529392
1.531421
1.533416
1.515470
1.524856
1.519614
1.514871
1.552930
1.528127
1.541001
1.530124
