2.341504
2.331091
2.331623
2.319046
2.325453
2.313859
2.307156
2.310244
2.314752
2.295781
2.316452
2.293286
2.302146
2.279874
2.309042
2.279944
2.285048
2.271203
2.251316
2.267889
2.254192
2.249344
2.247525
2.208128
2.227737
2.203453
2.212004
2.211773
2.216517
2.205517
2.202029
2.254022
2.227534
2.225797
2.175099
2.195876
2.176860
2.148065
2.155235
2.142813
2.136494
2.182406
2.145203
2.123332
2.092811
2.115349
2.117801
2.165226
2.060528
2.002473
2.042433
2.023685
2.042085
2.021243
1.978884
1.955580
1.928837
1.868098
1.865048
1.897364
1.848923
1.865909
1.772548
1.785632
1.738886
1.693252
1.671275
1.666926
1.588738
1.563551
1.476920
1.425122
1.400866
1.432514
1.341911
1.197070
1.196599
1.169395
1.171668
1.162012
1.067631
1.011738
0.938651
1.028036
0.859641
0.875777
0.892771
0.818025
0.830403
0.801168
0.815109
0.757645
0.694791
0.719315
0.634060
0.657833
0.593081
0.688144
0.715191
0.659238
0.725023
0.643317
0.573094
0.588430
0.691078
0.643398
0.600949
0.618113
0.660211
0.691097
0.595869
0.609688
0.441655
0.462511
0.580294
0.410561
0.558752
0.400471
0.386253
0.461041
0.717194
0.448638
0.839810
0.694527
0.743641
0.780936
0.844772
0.711736
0.620885
0.579713
0.504395
0.671064
0.473162
0.356485
0.642826
0.802717
0.840679
0.564137
0.714442
0.581389
0.671391
0.739241
0.551214
0.670972
0.515687
0.561603
0.419909
0.509808
0.755447
0.544620
0.455213
0.286969
0.450604
0.483196
0.455344
0.344093
0.446227
0.360510
0.416147
0.263077
0.325566
0.361152
0.429026
0.499604
0.464302
0.411556
0.522190
0.478443
0.371816
0.474435
0.462460
0.417312
0.288826
0.295616
0.474660
0.269345
0.484338
0.402462
0.602688
0.527382
0.412012
0.541060
0.403061
0.357323
0.456724
0.326607
0.243412
0.338786
0.336147
0.318936
0.258491
0.433451
0.360237
0.380384
0.463491
0.286536
0.371371
0.305292
0.279762
0.410983
0.303068
0.343106
0.302956
0.440130
0.318534
0.273615
0.332766
0.294945
0.422551
0.300656
0.302129
0.228244
0.299647
0.336377
0.265056
0.518942
0.337167
0.413004
0.341292
0.378929
0.357693
0.382318
0.238419
0.347308
0.305724
0.248121
0.296604
0.428810
0.263145
0.228741
0.320837
0.301343
0.333394
0.199960
0.279936
0.271594
0.315147
0.270054
0.353619
0.272871
0.380948
0.327608
0.230850
0.232351
0.261337
0.368381
0.331326
0.384852
0.222304
0.217039
0.368711
0.214238
0.234354
0.476618
0.262253
0.309462
0.354687
0.337977
0.395922
0.280630
0.288955
0.205530
0.338461
0.272287
0.310325
0.329659
0.290700
0.306225
0.385560
0.537902
0.174128
0.295733
0.260962
0.332395
0.276816
0.316828
0.272394
0.334768
0.256091
0.244298
0.527964
0.325743
0.297804
0.224666
0.276258
0.314923
0.237567
0.361329
0.222603
0.248311
0.271389
0.310108
0.243923
0.206900
0.361461
0.170438
0.300378
0.340159
0.289151
0.254575
0.268251
0.226355
0.229378
0.233779
0.364270
0.270222
0.303038
0.236603
0.227009
0.209643
0.337396
0.233331
0.306432
0.251934
0.254524
0.187836
0.201065
0.232708
0.352283
0.349026
0.135571
0.390431
0.229643
0.190227
0.229294
0.153926
0.192025
0.251782
0.348330
0.220843
0.228499
0.249308
0.309908
0.403293
0.436957
0.227158
0.333959
0.314245
0.275011
0.264219
0.149221
0.106995
0.123167
0.322288
0.196377
0.169464
0.252950
0.289211
0.299684
0.245997
0.322067
0.249553
0.218076
0.386814
0.244458
0.329334
0.244607
0.180024
0.273859
0.196279
0.230248
0.120629
0.151834
0.218784
0.305536
0.253051
0.346231
0.311121
0.147201
0.171397
0.301227
0.229174
0.322406
0.276947
0.333571
0.177500
0.246991
0.209101
0.167848
0.229605
0.088786
0.300027
0.266948
0.233427
0.345765
0.239451
0.224446
0.239321
0.228193
0.241265
0.197086
0.317900
0.184039
0.238128
0.233424
0.223982
0.259326
0.213053
0.137634
0.260499
0.122790
0.298475
0.409999
0.401589
0.249827
0.237864
0.146307
0.147227
0.143815
0.223250
0.251507
0.148457
0.224607
0.188000
0.228282
0.313691
0.243970
0.097430
0.276333
0.221439
0.280547
0.197630
0.334408
0.113293
0.243441
0.133841
0.273795
0.175409
0.186895
0.248260
0.334829
0.129390
0.188663
0.228177
0.164182
0.182527
0.102563
0.291641
0.227940
0.264554
0.165733
0.154759
0.178858
0.192046
0.163013
0.295630
0.246454
0.178161
0.221236
0.217877
0.210718
0.145360
0.260037
0.381762
0.199347
0.071298
0.240928
0.258760
0.223520
0.167158
0.188542
0.178329
0.216312
0.226807
0.196162
0.172411
0.175041
0.217900
0.215343
0.202072
0.336583
0.257291
0.411327
0.284803
0.266522
0.163738
0.139447
0.185310
0.258856
0.173828
0.247947
0.131207
0.254874
0.159586
0.151097
0.108065
0.140341
0.219208
0.128856
0.129623
0.197680
0.189541
0.127749
0.231871
0.147964
0.193216
0.191030
0.214682
0.310010
0.223383
