2.308576
2.310479
2.312214
2.308638
2.310569
2.312107
2.315818
2.267939
2.319717
2.330908
2.367517
2.394583
2.380175
2.362251
2.367514
2.487824
2.613738
2.567462
2.355204
2.034203
1.891749
1.892828
1.848183
1.887842
1.991197
1.965348
2.000618
2.077513
2.312212
2.512353
2.438231
2.302343
2.138069
2.248356
2.486623
2.566213
2.438052
2.446238
2.477606
2.419035
2.266605
2.253930
2.073713
2.130268
2.439589
2.575927
2.574412
2.559932
2.563212
2.534807
2.553613
2.548685
2.531887
2.367039
2.473795
2.518754
2.380309
2.451906
2.248684
2.410571
2.569515
2.636011
2.519537
2.553842
2.638287
2.459407
2.513910
2.382934
2.439748
2.488180
2.510736
2.273483
2.376862
2.462282
2.489552
2.295814
2.427528
2.468435
2.314351
2.404079
2.482827
2.486867
2.321844
1.968749
2.154520
2.369444
2.463926
2.494154
2.204094
1.825420
1.735184
1.729918
1.722945
1.738934
1.723248
1.692954
1.709076
1.692807
1.675275
1.687780
1.685817
1.709425
1.777939
1.912294
2.133534
2.372175
2.445462
2.445612
2.454233
2.436794
2.373297
2.424934
2.451657
2.456352
2.474479
2.453389
2.353184
2.196612
2.101159
2.175946
2.314125
2.403503
2.493126
2.501327
2.531842
2.524416
2.498778
2.491226
2.483606
2.442128
2.463340
2.510645
2.510339
2.494180
2.461561
2.378932
2.380428
2.349740
2.396531
2.421209
2.441750
2.447005
2.463053
2.479268
2.475662
2.489676
2.490546
2.412205
2.295177
2.358398
2.400828
2.444243
2.477530
2.500907
2.498011
2.419965
2.290782
2.299433
2.343027
2.362566
2.424360
2.474745
2.502194
2.504039
2.490500
2.480342
2.488653
2.433763
2.356246
2.391555
2.274765
2.328417
2.382639
2.424248
2.459606
2.484402
2.495673
2.510779
2.517190
2.510161
2.518964
2.503392
2.503696
2.489937
2.494325
2.480637
2.456762
2.371708
2.430845
2.460583
2.369268
2.243440
2.206265
2.271719
2.296393
2.355911
2.370773
2.398471
2.424142
2.441303
2.457630
2.382685
2.382187
2.405987
2.452832
2.463212
2.481302
2.488188
2.492955
2.489604
2.488435
2.524035
2.517109
2.511372
2.496150
2.493558
2.484893
2.478360
2.483793
2.474362
2.463718
2.448856
2.438607
2.429631
2.426876
2.415625
2.403236
2.402004
2.417954
2.376511
2.334420
2.327446
2.357275
2.356183
2.221324
2.124284
2.159076
2.131685
2.186520
2.240873
2.285326
2.332377
2.382440
2.402559
2.436277
2.451107
2.439505
2.455084
2.465349
2.463376
2.468271
2.456423
2.433161
2.385608
2.409969
2.427190
2.449464
2.465435
2.466546
2.477612
2.475843
2.465162
2.448462
2.364341
2.385606
2.419080
2.426375
2.448451
2.451701
2.457707
2.470094
2.443216
2.460031
2.464148
2.478642
2.461823
2.441080
2.445268
2.456212
2.449364
2.457090
2.429649
2.440461
2.433637
2.448468
2.464091
2.469101
2.466124
2.473681
2.468912
2.473262
2.473593
2.470495
2.478292
2.465429
2.457508
2.465846
2.463755
2.466228
2.436819
2.447728
2.435684
2.428345
2.410838
2.404032
2.397527
2.312238
2.303028
2.322062
2.354069
2.346975
2.392449
2.426785
2.438332
2.435020
2.445949
2.455847
2.464453
2.466285
2.465409
2.470215
2.472425
2.471781
2.469124
2.473165
2.478287
2.484237
2.461047
2.463732
2.457779
2.451118
2.441915
2.435071
2.446445
2.437744
2.428594
2.422840
2.423606
2.417644
2.410563
2.408399
2.392272
2.388507
2.376831
2.383087
2.391249
2.377492
2.373285
2.382039
2.372181
2.363070
2.368409
2.366539
2.365259
2.352958
2.356432
2.359387
2.358435
2.355885
2.365693
2.364275
2.371916
2.359951
2.361925
2.367362
2.357039
2.362575
2.360541
2.368723
2.363272
2.373659
2.361494
2.361972
2.352912
2.349888
2.357602
2.361307
2.362676
2.348666
2.345987
2.354605
2.355064
2.348324
2.350665
2.354979
2.342327
2.346184
2.356207
2.345372
2.339550
2.356053
2.352648
2.351111
2.344105
2.345073
2.347012
2.341729
2.351341
2.352331
2.345914
2.358198
2.345232
2.340964
2.352992
2.352084
2.348632
2.351665
2.341753
2.345970
2.345223
2.344421
2.342371
2.344197
2.350389
2.349317
2.345018
2.351785
2.355146
2.355258
2.347177
2.345464
2.351541
2.357877
2.347205
2.347681
2.348518
2.342479
2.340580
2.342848
2.345049
2.341721
2.350434
2.340985
2.337765
2.347060
2.338281
2.332335
2.339404
2.345514
2.341503
2.344095
2.355076
2.347044
2.345079
2.341634
2.344748
2.343796
2.345839
2.346549
2.345006
2.347308
2.349730
2.345484
2.341887
2.348018
2.349731
2.338506
2.347320
2.346228
2.340751
2.341966
2.339021
2.339166
2.349048
2.342717
2.341301
2.347185
2.328250
2.345117
2.339802
2.341600
2.336645
2.339336
2.344383
2.336285
2.345458
2.339280
2.343687
2.341251
2.339968
2.340356
2.338739
2.341254
2.345950
2.343574
2.346617
2.344229
2.341002
2.346199
2.339085
2.333462
2.336341
2.342730
2.350141
2.343012
2.346616
2.341571
2.340432
2.337454
2.345761
