2.309134
2.316042
2.335542
2.274508
2.153319
1.993802
2.095682
2.155597
2.120722
2.044387
2.000167
1.966677
1.971349
1.972616
2.011155
2.014821
2.022310
1.974437
1.974787
1.970206
1.964699
1.963135
2.008765
2.002667
1.985483
2.003959
1.978074
1.925870
1.928402
1.928390
1.930204
1.933102
1.935498
1.934349
1.933881
1.933853
1.933194
1.938243
1.934490
1.939096
1.932328
1.934165
1.932530
1.937283
1.932363
1.927380
1.930255
1.933617
1.928396
1.927833
1.932225
1.930967
1.929840
1.927131
1.926770
1.928455
1.928583
1.928344
1.926517
1.925605
1.925073
1.925109
1.926413
1.925333
1.926885
1.924764
1.923608
1.924326
1.923342
1.923503
1.923620
1.923172
1.922906
1.922533
1.922573
1.923475
1.922812
1.924290
1.923518
1.921670
1.923164
1.921905
1.923278
1.924230
1.923521
1.923612
1.923453
1.922201
1.921746
1.922884
1.923141
1.924571
1.923756
1.923460
1.922996
1.922709
1.923308
1.923212
1.923438
1.924182
1.923260
1.923057
1.922920
1.921881
1.923181
1.922753
1.922623
1.922489
1.922666
1.922446
1.923011
1.922446
1.922446
1.922040
1.921787
1.923211
1.922742
1.922548
1.922996
1.922742
1.922699
1.922920
1.922920
1.922699
1.922583
1.922836
1.922920
1.922836
1.922836
1.922446
1.922623
1.922996
1.922446
1.922699
1.922996
1.922623
1.922742
1.922446
1.922540
1.922699
1.922699
1.922699
1.922742
1.922286
1.922446
1.922370
1.922446
1.923293
1.922548
1.922920
1.922699
1.922699
1.922446
1.922370
1.922996
1.922370
1.922623
1.922192
1.922699
1.922699
1.922699
1.922699
1.922996
1.922833
1.922623
1.922699
1.922699
1.922699
1.922540
1.922996
1.922489
1.922699
1.922699
1.922996
1.922699
1.922699
1.922699
1.922996
1.922996
1.923293
1.922623
1.922699
1.923293
1.922623
1.922699
1.922699
1.922699
1.922699
1.922699
1.922699
1.922464
1.922699
1.922699
1.922699
1.922699
1.922996
1.922446
1.922446
1.922996
1.922699
1.922699
1.922996
1.922699
1.922446
1.922996
1.922699
1.922996
1.922370
1.922996
1.922699
1.922699
1.922996
1.922699
1.922996
1.922699
1.922699
1.922699
1.922699
1.922699
1.922996
1.923217
1.922446
1.922699
1.922699
1.922699
1.922699
1.922699
1.922699
1.922699
1.922996
1.922699
1.922446
1.922446
1.922699
1.922996
1.922699
1.922996
1.922699
1.922699
1.922996
1.922699
1.922699
1.922699
1.922699
1.922699
1.922370
1.922699
1.922699
1.922699
1.922699
1.922699
1.922699
1.922446
1.922699
1.922699
1.922699
1.922699
1.922996
1.922699
1.923293
1.922623
1.922446
1.922699
1.922699
1.922699
1.922785
1.922446
1.922699
1.922996
1.922699
1.922699
1.922699
1.922699
1.922699
1.922699
1.922446
1.922699
1.922623
1.922699
1.922699
1.922699
1.922623
1.922699
1.922446
1.922996
1.922699
1.922699
1.922996
1.923120
1.922699
1.922699
1.923416
1.922446
1.922699
1.922996
1.922699
1.922699
1.922699
1.922699
1.922996
1.922699
1.922699
1.922699
1.922699
1.922699
1.922446
1.922699
1.922996
1.922699
1.923416
1.922623
1.922699
1.922699
1.922699
1.922699
1.922699
1.922699
1.922996
1.922699
1.922699
1.922623
1.922699
1.922699
1.922699
1.922996
1.922446
1.922699
1.922699
1.922446
1.922742
1.922699
1.922699
1.922699
1.922699
1.922699
1.922446
1.922996
1.922699
1.922699
1.922699
1.922699
1.922699
1.922699
1.922699
1.922699
1.922742
1.922699
1.922996
1.922699
1.922996
1.922699
1.922699
1.922699
1.922699
1.922699
1.922699
1.922699
1.922699
1.922446
1.922699
1.922996
1.922699
1.922699
1.922446
1.922699
1.922699
1.922996
1.922699
1.922623
1.922699
1.922446
1.922699
1.922699
1.922699
1.922446
1.923120
1.922699
1.922699
1.922699
1.923293
1.922623
1.922996
1.922699
1.922996
1.922699
1.922699
1.922699
1.922699
1.922699
1.922699
1.922699
1.922699
1.922699
1.922699
1.922446
1.922699
1.922699
1.922699
1.922446
1.922996
1.922699
1.922699
1.922699
1.922699
1.922699
1.922699
1.922699
1.922742
1.922446
1.922699
1.922699
1.922699
1.922699
1.923120
1.922699
1.922742
1.922996
1.922699
1.922699
1.922699
1.922699
1.922699
1.922699
1.922699
1.922699
1.922699
1.922699
1.922996
1.922699
1.922699
1.922742
1.922699
1.922699
1.922699
1.922699
1.922446
1.922446
1.922699
1.922699
1.922699
1.922699
1.922996
1.923416
1.922699
1.922920
1.922699
1.922699
1.922699
1.922699
1.922699
1.922699
1.922699
1.922699
1.922699
1.922446
1.923293
1.922996
1.922996
1.922699
1.922699
1.922699
1.922699
1.922699
1.922699
1.922699
1.922699
1.922699
1.922699
1.922699
1.922699
1.922699
1.922446
1.922996
1.922996
1.922699
1.922742
1.922699
1.922623
1.922699
1.922446
1.922699
1.922699
1.922446
1.922699
1.922699
1.922699
1.922742
1.922699
1.922699
1.922699
1.922699
1.922699
1.922699
1.922699
1.922699
1.922699
1.922623
1.922699
1.922699
1.922699
