2.303562
2.303169
2.302819
2.306133
2.303046
2.302619
2.295567
2.294842
2.292690
2.292370
2.294147
2.292111
2.283566
2.274085
2.283882
2.279615
2.269282
2.278975
2.265419
2.259568
2.266712
2.255441
2.234494
2.246687
2.234962
2.215457
2.199268
2.207576
2.207442
2.182442
2.166345
2.182707
2.145379
2.125646
2.112151
2.106707
2.131891
2.037685
2.073845
2.037618
2.027736
2.029211
2.052205
2.022863
1.962470
1.949901
1.958595
1.964185
1.922716
1.966460
1.938737
1.915102
1.896145
1.859548
1.877487
1.874080
1.848579
1.854130
1.876102
1.814493
1.799775
1.821029
1.833482
1.799971
1.810692
1.809149
1.801104
1.789792
1.762609
1.802913
1.737945
1.745134
1.759270
1.774138
1.753435
1.750350
1.717160
1.733698
1.732088
1.716745
1.735579
1.755771
1.726185
1.744462
1.719012
1.733322
1.730147
1.746313
1.759554
1.706982
1.713430
1.697988
1.720256
1.727747
1.724775
1.723926
1.710241
1.717718
1.706917
1.726188
1.698633
1.702720
1.697955
1.710278
1.688348
1.699591
1.711100
1.670028
1.677114
1.683830
1.705775
1.679843
1.668460
1.651674
1.681625
1.686957
1.688210
1.677447
1.669216
1.698263
1.680564
1.676890
1.655269
1.662064
1.651486
1.635294
1.666871
1.665973
1.655328
1.681752
1.672505
1.654761
1.652729
1.652521
1.655871
1.641893
1.669087
1.664765
1.692498
1.707782
1.674669
1.684777
1.624710
1.653639
1.638851
1.707798
1.657458
1.667207
1.679062
1.651312
1.665404
1.663683
1.629879
1.649638
1.637902
1.666512
1.643711
1.680953
1.626984
1.677613
1.658252
1.648183
1.646664
1.672431
1.648598
1.612409
1.662494
1.671524
1.618776
1.655953
1.667669
1.632747
1.638596
1.625889
1.629550
1.638581
1.649066
1.644865
1.634888
1.605922
1.610370
1.633648
1.642081
1.635643
1.647919
1.623203
1.626864
1.642115
1.613557
1.628417
1.598667
1.648342
1.612453
1.597569
1.604312
1.644400
1.626402
1.621395
1.636255
1.624683
1.635091
1.659488
1.641947
1.606926
1.619416
1.633430
1.615854
1.600974
1.642539
1.631545
1.615571
1.607198
1.636703
1.613940
1.616004
1.649350
1.611922
1.611799
1.621808
1.626666
1.624772
1.608711
1.631919
1.572094
1.610923
1.619635
1.641827
1.652006
1.579376
1.611842
1.608391
1.637732
1.607356
1.626940
1.623848
1.625194
1.593968
1.579229
1.595672
1.611628
1.601416
1.607583
1.612073
1.602435
1.604339
1.626962
1.618107
1.591217
1.597740
1.588012
1.627548
1.616449
1.629996
1.643890
1.634377
1.601375
1.623185
1.579045
1.615628
1.601514
1.586754
1.621657
1.592123
1.605508
1.589915
1.604042
1.579236
1.589160
1.620796
1.599307
1.614051
1.628726
1.621253
1.607788
1.596035
1.625618
1.626124
1.600675
1.581953
1.600491
1.605803
1.602510
1.586610
1.600117
1.604915
1.607167
1.577394
1.591467
1.578206
1.599459
1.591235
1.586686
1.584132
1.602694
1.615591
1.614782
1.583262
1.579044
1.578543
1.572945
1.626860
1.590809
1.560051
1.620130
1.592674
1.603660
1.549818
1.580401
1.622684
1.592237
1.591000
1.589134
1.583534
1.622251
1.568688
1.602360
1.622400
1.573442
1.596146
1.606129
1.588420
1.574663
1.594788
1.577545
1.601346
1.636924
1.580433
1.571789
1.577143
1.586363
1.565249
1.574042
1.603025
1.583344
1.607099
1.560863
1.595272
1.612962
1.592744
1.589274
1.577911
1.638848
1.557243
1.556209
1.567973
1.564115
1.610984
1.554150
1.563218
1.596804
1.584712
1.565125
1.579114
1.577534
1.600688
1.592698
1.619578
1.580265
1.588768
1.607481
1.597176
1.565342
1.591596
1.591566
1.579309
1.568257
1.571144
1.605987
1.577650
1.569910
1.594180
1.633446
1.583219
1.588094
1.609071
1.593885
1.582828
1.575750
1.578328
1.570256
1.581035
1.572175
1.584701
1.605413
1.576035
1.545436
1.594539
1.556851
1.537200
1.605547
1.579293
1.586348
1.583383
1.572554
1.578637
1.586023
1.579320
1.563222
1.585834
1.600399
1.589390
1.542998
1.555216
1.567267
1.579350
1.603389
1.595991
1.567887
1.578626
1.584474
1.597329
1.569114
1.639920
1.567367
1.558034
1.562792
1.577906
1.587634
1.598777
1.560080
1.581766
1.583105
1.563357
1.595408
1.588758
1.546716
1.569245
1.570812
1.572404
1.586194
1.584701
1.559369
1.577183
1.566086
1.579778
1.576121
1.568416
1.558804
1.594151
1.559499
1.539722
1.587372
1.592568
1.576974
1.592333
1.547767
1.568648
1.568834
1.569526
1.608443
1.554546
1.577039
1.562027
1.571650
1.587051
1.570153
1.614183
1.559380
1.559728
1.549827
1.551046
1.574786
1.553477
1.596336
1.594800
1.570420
1.591622
1.560387
1.559825
1.567639
1.565062
1.592696
1.582156
1.593526
1.584268
1.569761
1.569764
1.580080
1.572085
1.589743
1.605657
1.574299
1.552635
1.548036
1.549688
1.561191
1.558321
1.550922
1.595509
1.542993
1.560216
1.570653
1.539228
1.545375
1.577147
1.569387
1.573211
1.568519
1.564018
1.576192
