2.319592
2.300232
2.317816
2.302304
2.299403
2.304993
2.282427
2.283568
2.237987
2.247438
2.233665
2.223490
2.293712
2.160134
2.251564
2.258823
2.330811
2.321988
2.401532
2.427810
2.340567
2.269033
2.360548
2.436819
2.283631
2.630308
2.504980
2.344436
2.267591
2.157235
2.305755
2.227594
2.309083
2.336142
2.250280
2.556157
2.493086
2.323912
2.283098
2.339002
2.238707
2.261530
2.225672
2.112779
2.250195
2.143059
2.225524
2.147357
2.210079
2.282182
2.323321
2.394277
2.389380
2.325942
2.188703
2.100636
2.125571
2.026584
2.119575
2.063873
2.103664
2.149277
2.065167
2.038847
2.178408
2.286257
2.198782
2.182640
2.198989
2.133859
1.901786
2.016943
1.908815
1.901847
1.932437
1.772511
1.972195
1.875657
1.980693
1.858315
1.833867
1.944080
1.973143
1.937883
1.964341
2.077499
1.829130
1.859206
1.806092
1.862643
1.798471
1.741643
1.625488
1.562292
1.551743
1.656412
1.725753
1.588213
1.475376
1.609847
1.574939
1.646836
1.599674
1.711473
1.579765
1.663857
1.509469
1.678180
1.543503
1.660773
1.615789
1.565281
1.582571
1.494738
1.627829
1.523241
1.566636
1.491107
1.446077
1.370049
1.362018
1.493465
1.560473
1.645199
1.535763
1.564167
1.450445
1.674288
1.411441
1.301818
1.409314
1.305261
1.267276
1.303897
1.364583
1.288103
1.242659
1.232674
1.257569
1.274975
1.294752
1.358268
1.288700
1.184232
1.195205
1.184480
1.078221
1.308686
1.159067
1.074170
1.249819
1.221189
1.016543
1.195963
1.039129
1.087414
1.146809
1.106779
1.100314
1.048332
0.950405
0.908927
1.120116
0.978042
1.013936
1.023894
1.014653
1.007735
0.929175
0.946656
0.906289
0.997456
1.010330
0.913065
0.999452
1.013000
0.976092
0.846003
0.992417
1.004785
0.943070
0.815675
0.744206
0.872789
1.014607
0.926498
0.855819
1.193452
1.011169
1.039816
1.023403
1.029217
1.039195
0.878347
1.050591
0.978138
0.949314
1.030110
1.141526
0.924545
1.068138
0.828787
0.828646
0.762698
0.834971
0.748927
0.898182
0.901649
0.857365
0.894653
0.694022
0.799926
0.704128
0.705759
0.718439
0.755077
0.686684
0.870379
0.831339
0.578984
0.930342
0.836823
0.817344
0.713676
0.622463
0.742248
0.800638
0.674801
0.765221
0.747601
0.565984
0.745809
0.767084
0.751729
0.896183
0.630454
0.688779
0.780155
0.732446
0.946462
0.683140
0.846185
0.672271
0.708276
0.832163
0.737997
0.792832
0.672673
0.636771
0.645802
0.679676
0.590204
0.603616
0.679945
0.730098
0.634907
0.743148
0.717517
0.723796
0.651128
0.724752
0.676536
0.801283
0.759324
0.654584
0.771112
0.691029
0.684127
0.790314
0.758975
0.818238
0.723964
0.800634
0.840547
0.673393
0.708745
0.787174
0.779825
0.616035
0.797543
0.810830
0.737944
0.806749
0.587592
0.712839
0.632105
0.911451
0.643373
0.763148
0.696552
0.827670
0.843273
0.518815
0.657775
0.689015
0.738117
0.715532
0.580433
0.681310
0.644670
0.711183
0.483996
0.784873
0.710954
0.757778
0.640397
0.724653
0.889601
0.725725
0.856503
0.820921
0.664452
0.709501
0.663249
0.656210
0.701640
0.494123
0.620478
0.534989
0.713449
0.567616
0.611188
0.734061
0.683425
0.700552
0.616860
0.530198
0.428571
0.666258
0.483590
0.636858
0.662447
0.592582
0.627146
0.672882
0.477589
0.582694
0.639342
0.709181
0.609777
0.559443
0.737173
0.767217
0.592195
0.650744
0.627217
0.567937
0.612636
0.514840
0.554142
0.565093
0.659714
0.580502
0.649319
0.575378
0.761773
0.514519
0.595665
0.611568
0.677740
0.658636
0.523832
0.561781
0.715094
0.538766
0.613417
0.627523
0.536458
0.544111
0.502356
0.641210
0.640890
0.625430
0.568627
0.551275
0.611307
0.459281
0.686734
0.661434
0.431455
0.588035
0.654762
0.528426
0.678871
0.721144
0.456788
0.563366
0.539236
0.593207
0.612761
0.500029
0.655123
0.650093
0.674551
0.526345
0.440922
0.596012
0.631750
0.658227
0.622968
0.709035
0.439531
0.545984
0.487732
0.501916
0.523201
0.487067
0.588111
0.524090
0.606152
0.735575
0.461958
0.435580
0.554155
0.476723
0.569128
0.640777
0.627125
0.543205
0.601476
0.725455
0.507331
0.662557
0.561058
0.619510
0.519823
0.790995
0.473632
0.333758
0.530669
0.479722
0.539549
0.465260
0.520539
0.509388
0.713167
0.632212
0.547887
0.542912
0.669969
0.506106
0.652389
0.567569
0.533227
0.655309
0.498308
0.479119
0.458687
0.511969
0.477551
0.488692
0.477711
0.403965
0.440447
0.615465
0.425295
0.514315
0.471167
0.416326
0.599051
0.609967
0.430371
0.413656
0.562521
0.411052
0.514402
0.532868
0.508510
0.515662
0.493775
0.533175
0.567759
0.485903
0.639231
0.571323
0.415324
0.358193
0.306049
0.406822
0.554386
0.612829
0.469344
0.616344
0.282912
0.380855
0.581192
0.615721
0.508349
0.582508
0.530936
0.716051
0.488757
0.404917
0.462565
0.429850
0.437411
0.437456
0.496137
0.547710
0.559352
