2.288137
2.305166
2.346482
2.387130
2.470990
2.534500
2.496153
2.392746
2.487924
2.428288
2.313346
2.298508
2.291804
2.291804
2.293382
2.293645
2.284754
2.285067
2.281912
2.281648
2.280021
2.295059
2.302585
2.302585
2.302585
2.302585
2.302585
2.302585
2.302585
2.302585
2.302585
2.302585
2.302585
2.303130
2.302635
2.302585
2.302585
2.302585
2.302585
2.302585
2.302585
2.302585
2.302585
2.302585
2.302585
2.302585
2.302585
2.302635
2.302585
2.303031
2.310083
2.306912
2.304412
2.302585
2.302585
2.302585
2.302585
2.302585
2.302585
2.302585
2.302585
2.302585
2.302585
2.302585
2.302585
2.302585
2.302585
2.302585
2.302585
2.302585
2.302585
2.302585
2.302734
2.303031
2.305000
2.309099
2.309446
2.323057
2.354692
2.386801
2.464702
2.512315
2.606138
2.727078
2.796103
2.794100
2.776439
2.725013
2.718110
2.718320
2.718320
2.718320
2.718320
2.718320
2.718320
2.718320
2.718320
2.718320
2.718320
2.718320
2.718320
2.718320
2.718320
2.718320
2.718320
2.718320
2.718320
2.718320
2.718320
2.718320
2.718320
2.718320
2.718320
2.718320
2.718320
2.718320
2.718320
2.718320
2.718320
2.718320
2.718320
2.718320
2.718320
2.718320
2.718320
2.718320
2.718320
2.718320
2.718320
2.718320
2.718320
2.718320
2.718320
2.718320
2.718320
2.718320
2.718320
2.718320
2.718320
2.718320
2.718320
2.718320
2.718320
2.718320
2.718320
2.718320
2.718320
2.718320
2.718320
2.718320
2.718320
2.718320
2.718320
2.718320
2.718320
2.718320
2.718320
2.718320
2.718320
2.718320
2.718320
2.718320
2.718320
2.718320
2.718320
2.718320
2.718320
2.718320
2.718320
2.718320
2.718320
2.718320
2.718320
2.718320
2.718320
2.718320
2.718320
2.718320
2.718320
2.718320
2.718320
2.718320
2.718320
2.718320
2.718320
2.718320
2.718320
2.718320
2.718320
2.718320
2.718320
2.718320
2.718320
2.718320
2.718320
2.718320
2.718320
2.718320
2.718320
2.718320
2.718320
2.718320
2.718320
2.718320
2.718320
2.718320
2.718320
2.718320
2.718320
2.718320
2.718320
2.718320
2.718320
2.718320
2.718320
2.718320
2.718320
2.718320
2.718320
2.718320
2.718320
2.718320
2.718320
2.718320
2.718320
2.718320
2.718320
2.718320
2.718320
2.718320
2.718320
2.718320
2.718320
2.718320
2.718320
2.718320
2.718320
2.718320
2.718320
2.718320
2.718320
2.718320
2.718320
2.718320
2.718320
2.718320
2.718320
2.718320
2.718320
2.718320
2.718320
2.718320
2.718320
2.718320
2.718320
2.718320
2.718320
2.718320
2.718320
2.718320
2.718320
2.718320
2.718320
2.718320
2.718320
2.718320
2.718320
2.718320
2.718320
2.718320
2.718320
2.718320
2.718320
2.718320
2.718320
2.718320
2.718320
2.718320
2.718320
2.718320
2.718320
2.718320
2.718320
2.718320
2.718320
2.718320
2.718320
2.718320
2.718320
2.718320
2.718320
2.718320
2.718320
2.718320
2.718320
2.718320
2.718320
2.718320
2.718320
2.718320
2.718320
2.718320
2.718320
2.718320
2.718320
2.718320
2.718320
2.718320
2.718320
2.718320
2.718320
2.718320
2.718320
2.718320
2.718320
2.718320
2.718320
2.718320
2.718320
2.718320
2.718320
2.718320
2.718320
2.718320
2.718320
2.718320
2.718320
2.718320
2.718320
2.718320
2.718320
2.718320
2.718320
2.718320
2.718320
2.718320
2.718320
2.718320
2.718320
2.718320
2.718320
2.718320
2.718320
2.718320
2.718320
2.718320
2.718320
2.718320
2.718320
2.718320
2.718320
2.718320
2.718320
2.718320
2.718320
2.718320
2.718320
2.718320
2.718320
2.718320
2.718320
2.718320
2.718320
2.718320
2.718320
2.718320
2.718320
2.718320
2.718320
2.718320
2.718320
2.718320
2.718320
2.718320
2.718320
2.718320
2.718320
2.718320
2.718320
2.718320
2.718320
2.718320
2.718320
2.718320
2.718320
2.718320
2.718320
2.718320
2.718320
2.718320
2.718320
2.718320
2.718320
2.718320
2.718320
2.718320
2.718320
2.718320
2.718320
2.718320
2.718320
2.718320
2.718320
2.718320
2.718320
2.718320
2.718320
2.718320
2.718320
2.718320
2.718320
2.718320
2.718320
2.718320
2.718320
2.718320
2.718320
2.718320
2.718320
2.718320
2.718320
2.718320
2.718320
2.718320
2.718320
2.718320
2.718320
2.718320
2.718320
2.718320
2.718320
2.718320
2.718320
2.718320
2.718320
2.718320
2.718320
2.718320
2.718320
2.718320
2.718320
2.718320
2.718320
2.718320
2.718320
2.718320
2.718320
2.718320
2.718320
2.718320
2.718320
2.718320
2.718320
2.718320
2.718320
2.718320
2.718320
2.718320
2.718320
2.718320
2.718320
2.718320
2.718320
2.718320
2.718320
2.718320
2.718320
2.718320
2.718320
2.718320
2.718320
2.718320
2.718320
2.718320
2.718320
2.718320
2.718320
2.718320
2.718320
2.718320
2.718320
2.718320
2.718320
2.718320
2.718320
2.718320
2.718320
2.718320
2.718320
2.718320
2.718320
2.718320
2.718320
2.718320
2.718320
2.718320
2.718320
2.718320
2.718320
2.718320
