2.291403
2.298155
2.301903
2.303290
2.302757
2.299160
2.306908
2.308474
2.281252
2.253465
2.217897
2.206385
2.258633
2.333658
2.429955
2.375594
2.210696
2.053822
2.001299
1.965400
1.916303
1.912077
1.971670
1.957386
1.958365
1.915428
1.825589
1.842107
1.751634
1.798932
1.767732
1.777180
1.864204
1.797156
1.781285
1.792743
1.800357
1.870944
1.768918
1.772636
1.739526
1.706913
1.686555
1.688507
1.669155
1.669978
1.680756
1.681125
1.687162
1.686514
1.659655
1.674830
1.726460
1.708058
1.704711
1.716031
1.728311
1.665461
1.700230
1.649104
1.634121
1.626054
1.644926
1.634835
1.626429
1.602244
1.639744
1.628368
1.615207
1.644216
1.626928
1.597985
1.603884
1.622012
1.621434
1.610461
1.613378
1.621621
1.588331
1.603691
1.584126
1.609658
1.595185
1.601935
1.577449
1.578808
1.600847
1.607181
1.603657
1.582862
1.582287
1.580606
1.582389
1.567780
1.566488
1.567712
1.590207
1.583747
1.576650
1.587343
1.586139
1.561008
1.553425
1.585620
1.583893
1.544425
1.575643
1.571682
1.582517
1.555781
1.576095
1.572270
1.609039
1.531986
1.558871
1.581316
1.565261
1.555892
1.561258
1.568120
1.583385
1.553088
1.568980
1.544074
1.564994
1.536692
1.544253
1.549137
1.558426
1.572056
1.572372
1.576134
1.545389
1.527922
1.559900
1.545122
1.551827
1.561364
1.547345
1.550667
1.546497
1.528619
1.563570
1.588519
1.532744
1.543526
1.573063
1.540139
1.514892
1.533756
1.544193
1.546168
1.549548
1.531434
1.538462
1.551089
1.552679
1.520185
1.543110
1.542211
1.560873
1.544805
1.556550
1.536365
1.563590
1.576497
1.581045
1.587180
1.623875
1.637555
1.557422
1.561523
1.550667
1.574035
1.586036
1.555588
1.565829
1.509488
1.511232
1.531519
1.563442
1.553758
1.555290
1.514655
1.539614
1.541445
1.532989
1.535034
1.558334
1.575279
1.524877
1.554114
1.557596
1.517934
1.548523
1.570318
1.546964
1.546073
1.544973
1.535385
1.521968
1.517314
1.515846
1.531383
1.538222
1.543623
1.517494
1.525313
1.515544
1.528438
1.538072
1.518057
1.529576
1.536590
1.529266
1.533522
1.527357
1.504068
1.532818
1.532327
1.534649
1.536034
1.518009
1.549122
1.518773
1.527823
1.564214
1.513099
1.521765
1.537579
1.524932
1.525270
1.529237
1.512408
1.554588
1.531321
1.533885
1.535266
1.536611
1.533500
1.510943
1.512884
1.514029
1.523695
1.502572
1.529526
1.524788
1.526784
1.529281
1.547707
1.519903
1.505753
1.515965
1.516253
1.524219
1.509728
1.544213
1.522364
1.535166
1.532255
1.503646
1.495407
1.547866
1.517752
1.509225
1.532600
1.526338
1.513752
1.507924
1.511023
1.541574
1.517984
1.525781
1.492890
1.526927
1.519888
1.498428
1.524893
1.539081
1.551351
1.519167
1.523939
1.514953
1.514982
1.511888
1.504959
1.504032
1.510376
1.512527
1.524256
1.510326
1.516550
1.535602
1.504949
1.519545
1.498379
1.525501
1.519631
1.502961
1.512434
1.520602
1.518481
1.537767
1.520432
1.510740
1.511799
1.540036
1.509257
1.524297
1.501434
1.486646
1.528942
1.513363
1.511188
1.527017
1.518132
1.513326
1.527714
1.505134
1.497717
1.506226
1.491997
1.521781
1.528087
1.525825
1.521821
1.519615
1.515047
1.537274
1.499934
1.506270
1.519156
1.542270
1.512820
1.511137
1.531781
1.511280
1.492895
1.515930
1.499865
1.518415
1.490911
1.502770
1.510720
1.531049
1.516057
1.491759
1.518918
1.511139
1.509156
1.537106
1.489845
1.490565
1.528206
1.514318
1.516370
1.513765
1.525815
1.491663
1.515478
1.498135
1.511136
1.502453
1.511003
1.517395
1.498171
1.492701
1.494649
1.502294
1.532698
1.513839
1.522666
1.493237
1.507211
1.496488
1.492430
1.525126
1.526656
1.557509
1.483587
1.496305
1.513297
1.513815
1.495504
1.507376
1.518229
1.523622
1.496016
1.522213
1.511361
1.513225
1.502382
1.505817
1.513363
1.502649
1.494345
1.505008
1.500340
1.521290
1.500868
1.544358
1.524799
1.497609
1.505994
1.514846
1.514794
1.498114
1.499588
1.527046
1.499007
1.505319
1.505966
1.494266
1.506201
1.502280
1.502554
1.499784
1.488603
1.488995
1.498212
1.532482
1.509777
1.522888
1.491351
1.508903
1.501924
1.496934
1.516096
1.503581
1.492262
1.494384
1.503589
1.514091
1.495609
1.519300
1.493529
1.504930
1.493099
1.507034
1.499749
1.512304
1.493585
1.495159
1.520323
1.499709
1.508037
1.496271
1.495354
1.507690
1.501883
1.508941
1.514207
1.494839
1.502641
1.524349
1.483382
1.518713
1.494408
1.520426
1.496601
1.510205
1.503199
1.495896
1.488076
1.498318
1.492667
1.519607
1.502289
1.507605
1.498651
1.530811
1.489291
1.490287
1.484254
1.483197
1.501707
1.490991
1.514739
1.513922
1.499536
1.518706
1.511608
1.508995
1.508279
1.498713
1.502970
1.478961
1.514839
1.495823
1.519852
1.503771
1.500302
1.485957
1.482612
1.496424
1.507056
1.489183
1.507463
1.502194
1.528686
