2.294794
2.291574
2.288396
2.292017
2.272546
2.232710
2.210847
2.197459
2.227995
2.207218
2.186306
2.154966
2.060230
2.026056
1.986504
1.903329
1.841149
1.858251
1.806692
1.843220
1.707529
1.744414
1.757399
1.766268
1.724255
1.709494
1.682823
1.700622
1.637305
1.673941
1.639037
1.636836
1.667419
1.599072
1.624350
1.617910
1.654882
1.613984
1.602517
1.613002
1.605783
1.614498
1.660970
1.655164
1.623992
1.643708
1.595484
1.616617
1.639208
1.545483
1.611276
1.625954
1.619267
1.578575
1.546423
1.576957
1.602229
1.617002
1.608086
1.588058
1.587236
1.591993
1.585644
1.597077
1.577274
1.565252
1.627231
1.542947
1.613933
1.587576
1.590768
1.585709
1.570847
1.538677
1.573332
1.652665
1.570825
1.568736
1.583409
1.564777
1.622569
1.564887
1.570516
1.530112
1.556603
1.578323
1.575534
1.565014
1.575188
1.613740
1.546135
1.561281
1.593956
1.575906
1.566186
1.574163
1.560597
1.554631
1.631400
1.581859
1.568600
1.583394
1.513334
1.536070
1.552496
1.554538
1.532221
1.592397
1.547498
1.573099
1.566389
1.498812
1.522201
1.559987
1.555725
1.545390
1.533025
1.556861
1.541337
1.564655
1.558297
1.570648
1.574035
1.526635
1.562878
1.548414
1.540821
1.554115
1.543496
1.537801
1.543621
1.580575
1.593218
1.534928
1.553289
1.548046
1.518247
1.515269
1.552321
1.581176
1.565036
1.541137
1.551339
1.541244
1.518975
1.521550
1.532056
1.576684
1.587262
1.511745
1.520056
1.511980
1.520782
1.525772
1.542547
1.524392
1.557940
1.537395
1.574334
1.537349
1.544626
1.563957
1.512766
1.530964
1.557449
1.522796
1.545289
1.547064
1.521182
1.516559
1.537885
1.537179
1.556334
1.564117
1.529337
1.526619
1.528860
1.534621
1.542438
1.519383
1.541202
1.521961
1.540346
1.501097
1.542211
1.535933
1.532747
1.532858
1.533379
1.612242
1.519687
1.556123
1.520634
1.549040
1.534372
1.522718
1.528238
1.538921
1.536426
1.501876
1.528190
1.561322
1.530977
1.514451
1.522442
1.545616
1.519493
1.515449
1.567391
1.570117
1.530460
1.526582
1.527452
1.533279
1.484718
1.516020
1.522778
1.518789
1.488997
1.575369
1.529606
1.506886
1.543087
1.542596
1.515787
1.544312
1.548553
1.525023
1.499844
1.508617
1.514876
1.508999
1.544801
1.534941
1.516767
1.552589
1.516517
1.533301
1.529430
1.501843
1.536613
1.531733
1.546290
1.524839
1.533186
1.523139
1.525759
1.562314
1.513889
1.513185
1.521999
1.551358
1.516559
1.530328
1.534496
1.519865
1.529108
1.513169
1.517829
1.511146
1.513298
1.515983
1.526257
1.524425
1.538943
1.559838
1.520282
1.493280
1.531605
1.553948
1.490739
1.534045
1.505835
1.515752
1.523394
1.535815
1.528586
1.520499
1.518486
1.510517
1.541918
1.540253
1.566164
1.513420
1.519014
1.508982
1.497015
1.510789
1.530878
1.532975
1.530411
1.504527
1.538447
1.529356
1.491931
1.502227
1.545052
1.518315
1.499175
1.527496
1.518640
1.514102
1.525684
1.515203
1.503987
1.551980
1.552062
1.524211
1.512270
1.541067
1.505054
1.526542
1.514100
1.491930
1.501702
1.532252
1.551027
1.523694
1.512882
1.510827
1.519658
1.524953
1.500854
1.552828
1.474090
1.510358
1.489766
1.540386
1.507933
1.519937
1.520792
1.534469
1.545253
1.516948
1.493772
1.518389
1.534448
1.521379
1.509858
1.497354
1.501360
1.505519
1.500647
1.534266
1.518344
1.515242
1.497717
1.512190
1.524900
1.527996
1.504675
1.523712
1.511117
1.546983
1.544044
1.503645
1.496744
1.532440
1.496378
1.503939
1.553457
1.534828
1.521114
1.518426
1.510586
1.533938
1.506492
1.509680
1.502042
1.511746
1.538961
1.528515
1.486489
1.524138
1.503698
1.503307
1.489393
1.503159
1.540042
1.526375
1.502471
1.550335
1.547519
1.489863
1.512227
1.513641
1.495818
1.495279
1.517670
1.517961
1.485933
1.490059
1.528967
1.512257
1.517667
1.523979
1.516842
1.527836
1.482744
1.499831
1.526470
1.517672
1.493506
1.512450
1.495753
1.545626
1.537808
1.534197
1.548959
1.522460
1.513551
1.513876
1.544228
1.502431
1.498140
1.507627
1.490863
1.478894
1.523123
1.521633
1.522753
1.522789
1.487004
1.481910
1.489730
1.493453
1.518197
1.509157
1.522777
1.524474
1.529624
1.507630
1.533878
1.485194
1.495241
1.518157
1.484526
1.548965
1.502276
1.519843
1.498259
1.541942
1.522333
1.521010
1.500676
1.490948
1.491823
1.516563
1.539023
1.523039
1.517434
1.513524
1.528414
1.515736
1.516500
1.546405
1.509856
1.540428
1.505909
1.517082
1.516213
1.525463
1.503406
1.521062
1.523447
1.499557
1.527263
1.496145
1.481357
1.499178
1.479844
1.507893
1.534508
1.540444
1.534330
1.522753
1.542049
1.504669
1.496869
1.504607
1.485197
1.510765
1.537959
1.510252
1.513270
1.485282
1.506482
1.498459
1.506320
1.543328
1.500858
1.510003
1.482416
1.523296
1.537384
1.497254
1.530440
1.512051
1.520951
1.502829
