2.306508
2.303500
2.303328
2.302709
2.302709
2.302585
2.302709
2.302585
2.302585
2.302585
2.302585
2.302585
2.302585
2.302585
2.302585
2.302585
2.302585
2.302585
2.302585
2.302585
2.302585
2.302585
2.302585
2.302585
2.302585
2.302585
2.302585
2.302585
2.302585
2.302585
2.302585
2.302585
2.302585
2.302585
2.302585
2.302585
2.302585
2.302585
2.302585
2.302585
2.302585
2.302585
2.302585
2.302585
2.302585
2.302585
2.302585
2.302585
2.302585
2.302585
2.302585
2.302585
2.302585
2.302585
2.302585
2.302585
2.302585
2.302585
2.302585
2.302585
2.302585
2.302585
2.302585
2.302585
2.302585
2.302585
2.302585
2.302585
2.302585
2.302585
2.302585
2.302585
2.302585
2.302585
2.302585
2.302585
2.302585
2.302585
2.302585
2.302585
2.302585
2.302585
2.302585
2.302585
2.302585
2.302585
2.302585
2.302585
2.302585
2.302585
2.302585
2.302585
2.302585
2.302585
2.302585
2.302585
2.302585
2.302585
2.302585
2.302585
2.302585
2.302585
2.302585
2.302585
2.302585
2.302585
2.302585
2.302585
2.302585
2.302585
2.302585
2.302585
2.302585
2.302585
2.302585
2.302585
2.302585
2.302585
2.302585
2.302585
2.302585
2.302585
2.302585
2.302585
2.302585
2.302585
2.302585
2.302585
2.302585
2.302585
2.302585
2.302585
2.302585
2.302585
2.302585
2.302585
2.302585
2.302585
2.302585
2.302585
2.302585
2.302585
2.302585
2.302585
2.302585
2.302585
2.302585
2.302585
2.302585
2.302585
2.302585
2.302585
2.302585
2.302585
2.302585
2.302585
2.302585
2.302585
2.302585
2.302585
2.302585
2.302585
2.302585
2.302585
2.302585
2.302585
2.302585
2.302585
2.302585
2.302585
2.302585
2.302585
2.302585
2.302585
2.302585
2.302585
2.302585
2.302585
2.302585
2.302585
2.302585
2.302585
2.302585
2.302585
2.302585
2.302585
2.302585
2.302585
2.302585
2.302585
2.302585
2.302585
2.302585
2.302585
2.302585
2.302585
2.302585
2.302585
2.302585
2.302585
2.302585
2.302585
2.302585
2.302585
2.302585
2.302585
2.302585
2.302585
2.302585
2.302585
2.302585
2.302585
2.302585
2.302585
2.302585
2.302585
2.302585
2.302585
2.302585
2.302585
2.302585
2.302585
2.302585
2.302585
2.302585
2.302585
2.302585
2.302585
2.302585
2.302585
2.302585
2.302585
2.302585
2.302585
2.302585
2.302585
2.302585
2.302585
2.302585
2.302585
2.302585
2.302585
2.302585
2.302585
2.302585
2.302585
2.302585
2.302585
2.302585
2.302585
2.302585
2.302585
2.302585
2.302585
2.302585
2.302585
2.302585
2.302585
2.302585
2.302585
2.302585
2.302585
2.302585
2.302585
2.302585
2.302585
2.302585
2.302585
2.302585
2.302585
2.302585
2.302585
2.302585
2.302585
2.302585
2.302585
2.302585
2.302585
2.302709
2.302585
2.302585
2.302585
2.302585
2.302833
2.302585
2.302585
2.302585
2.302585
2.302709
2.302585
2.302585
2.302709
2.302709
2.302585
2.302585
2.302585
2.302709
2.302709
2.302585
2.302585
2.302585
2.302709
2.302585
2.302585
2.302709
2.302585
2.302585
2.302585
2.302709
2.302833
2.302833
2.302585
2.302709
2.302585
2.302709
2.302709
2.302833
2.302585
2.302709
2.302585
2.302585
2.302957
2.302957
2.302957
2.303080
2.302833
2.302833
2.302956
2.303080
2.302833
2.302585
2.302957
2.302833
2.303328
2.302709
2.302957
2.302957
2.302833
2.302833
2.302957
2.302585
2.302585
2.302833
2.302585
2.302833
2.302833
2.303328
2.302709
2.302833
2.302709
2.302585
2.302833
2.303204
2.303204
2.303576
2.303452
2.302957
2.303948
2.303576
2.304196
2.303576
2.303452
2.304264
2.303914
2.303683
2.303948
2.304730
2.305862
2.303683
2.304024
2.304734
2.305140
2.303807
2.305089
2.306033
2.307263
2.307391
2.306629
2.305328
2.304567
2.304044
2.303829
2.305465
2.306396
2.304512
2.310274
2.305956
2.304198
2.305897
2.307340
2.306408
2.305353
2.307745
2.308944
2.309011
2.303733
2.302018
2.315212
2.318504
2.318228
2.323057
2.313222
2.304937
2.315947
2.313009
2.310022
2.308407
2.311192
2.309336
2.306410
2.317947
2.319358
2.327615
2.320998
2.313886
2.326771
2.322393
2.309109
2.331406
2.329745
2.334621
2.316043
2.323122
2.307616
2.312351
2.308321
2.309646
2.330682
2.339799
2.355293
2.333030
2.316368
2.326634
2.350501
2.326090
2.311394
2.377479
2.351674
2.392876
2.381002
2.292311
2.391801
2.410150
2.336819
2.251055
2.256041
2.375519
2.402480
2.424448
2.382992
2.324349
2.161067
2.144724
2.319681
2.379307
2.394932
2.408416
2.401690
2.370275
2.404199
2.455028
2.454804
2.390275
2.326688
2.343338
2.413187
2.460511
2.517428
2.398403
2.278030
2.339843
2.447733
2.520514
2.504579
2.447208
2.409614
2.319983
2.345618
2.434735
2.529378
2.539215
2.518553
2.537135
2.515264
2.470933
2.498169
2.505194
2.493548
2.450259
2.442538
2.448473
2.447477
2.456015
2.464626
2.449016
2.483247
2.531138
2.524943
2.498439
2.479793
