2.315740
2.313070
2.314301
2.324470
2.342895
2.265519
2.185874
2.177662
2.104266
1.917952
1.889387
1.999064
1.863570
1.774846
1.857505
1.842771
1.816691
1.816948
1.798901
1.725119
1.749699
1.723367
1.765916
1.743598
1.674952
1.624522
1.639387
1.613108
1.576093
1.598227
1.562579
1.544463
1.578277
1.552202
1.578751
1.555743
1.547067
1.555141
1.529584
1.553423
1.551063
1.539436
1.557896
1.562921
1.575276
1.525291
1.526773
1.537035
1.547707
1.522041
1.533436
1.530505
1.544404
1.546461
1.535707
1.506900
1.518664
1.504949
1.506198
1.542423
1.590555
1.583928
1.525442
1.529248
1.519765
1.529453
1.516180
1.568886
1.525349
1.522146
1.522281
1.524023
1.485491
1.512415
1.514048
1.506641
1.518397
1.508137
1.506917
1.519594
1.500910
1.509071
1.497211
1.511539
1.501365
1.507127
1.565029
1.505926
1.507269
1.505735
1.496830
1.492226
1.505056
1.514678
1.500164
1.502325
1.488981
1.490419
1.478529
1.500044
1.494899
1.498377
1.487314
1.509706
1.518937
1.482511
1.495512
1.492061
1.509354
1.494613
1.487789
1.533671
1.515088
1.502783
1.511454
1.496075
1.492845
1.479629
1.505171
1.525498
1.500675
1.500444
1.506148
1.496662
1.496082
1.495955
1.493376
1.491642
1.509691
1.478835
1.504915
1.483802
1.502097
1.490070
1.499157
1.487271
1.498623
1.486500
1.502969
1.478764
1.482768
1.480083
1.502673
1.474613
1.503880
1.504503
1.489461
1.508073
1.493152
1.486663
1.500703
1.476204
1.480621
1.499840
1.486610
1.491548
1.500699
1.492886
1.492636
1.488981
1.492465
1.475713
1.476369
1.492382
1.477284
1.470165
1.491740
1.479032
1.491225
1.487538
1.480307
1.475837
1.479516
1.483071
1.502966
1.492760
1.499379
1.491014
1.489273
1.492172
1.482708
1.506409
1.474812
1.481111
1.490766
1.487591
1.506358
1.517202
1.492287
1.472338
1.484345
1.468027
1.480211
1.479024
1.484291
1.490304
1.469599
1.479388
1.493360
1.484073
1.489036
1.481033
1.482228
1.477364
1.500642
1.480146
1.496906
1.497268
1.487611
1.489653
1.480158
1.491989
1.494156
1.491940
1.480597
1.488116
1.484449
1.490112
1.479892
1.471605
1.482870
1.497468
1.500141
1.484555
1.472167
1.482128
1.478463
1.497667
1.481352
1.483004
1.483168
1.484705
1.470145
1.473995
1.489463
1.486949
1.475567
1.494549
1.477311
1.481294
1.477560
1.477851
1.474806
1.482455
1.486233
1.491403
1.484451
1.489908
1.490999
1.477831
1.468729
1.492164
1.491749
1.475277
1.488268
1.480432
1.477204
1.488670
1.479377
1.477364
1.473784
1.482147
1.475598
1.478864
1.481631
1.471856
1.479179
1.481559
1.480454
1.475371
1.472415
1.481918
1.476102
1.495389
1.473957
1.485837
1.482499
1.472923
1.492109
1.476276
1.489941
1.482402
1.468482
1.476644
1.478025
1.489936
1.478705
1.501343
1.470477
1.469547
1.473399
1.474337
1.468569
1.487201
1.472612
1.485392
1.470685
1.484998
1.488824
1.475113
1.496371
1.489307
1.500517
1.488896
1.473385
1.484602
1.474894
1.470285
1.475630
1.483224
1.472530
1.467592
1.487317
1.479972
1.473813
1.469590
1.472971
1.472640
1.486500
1.483538
1.484820
1.477288
1.474968
1.475625
1.468194
1.471770
1.484066
1.499440
1.489246
1.477194
1.468804
1.470167
1.478279
1.468363
1.478380
1.497492
1.487868
1.470021
1.480142
1.476860
1.478914
1.470459
1.493247
1.477864
1.472685
1.483949
1.469217
1.470809
1.483192
1.483596
1.473302
1.479445
1.472605
1.472674
1.475221
1.491901
1.475943
1.475374
1.476733
1.470835
1.468860
1.466865
1.478594
1.482789
1.466925
1.478970
1.475699
1.482768
1.475271
1.472809
1.483858
1.476635
1.470746
1.481902
1.468763
1.473873
1.480264
1.473031
1.485765
1.484242
1.478316
1.477862
1.474388
1.468120
1.470334
1.490393
1.476413
1.473727
1.468192
1.477332
1.487223
1.489370
1.486282
1.481336
1.475449
1.474265
1.467655
1.474670
1.467641
1.473609
1.470212
1.469816
1.470047
1.473544
1.483913
1.467494
1.471494
1.468445
1.474395
1.472053
1.483179
1.469746
1.474007
1.468191
1.483121
1.467765
1.477948
1.465000
1.468336
1.474777
1.474287
1.468944
1.487999
1.480846
1.470195
1.470242
1.468729
1.471049
1.488008
1.468289
1.490596
1.471626
1.475385
1.466515
1.466549
1.478240
1.474071
1.472409
1.477977
1.479162
1.478488
1.471449
1.481240
1.469796
1.471721
1.478686
1.475935
1.474577
1.471068
1.471331
1.482703
1.466260
1.478784
1.463210
1.473840
1.466138
1.470957
1.483554
1.477681
1.465835
1.473472
1.473727
1.475030
1.467994
1.475919
1.476426
1.466328
1.476984
1.467299
1.475320
1.473581
1.466653
1.470857
1.474982
1.470132
1.479399
1.481947
1.471069
1.479682
1.463120
1.472505
1.485760
1.478262
1.465741
1.472833
1.477610
1.471269
1.465539
1.471459
1.484563
1.472011
1.465197
1.470600
1.472820
1.469895
1.466186
1.468593
1.468297
1.479117
1.469167
