2.305342
2.304963
2.301986
2.295967
2.300750
2.297558
2.277804
2.269815
2.269952
2.280750
2.276777
2.265007
2.275572
2.278963
2.271774
2.258647
2.264763
2.240659
2.221993
2.179127
2.161101
2.237203
2.198277
2.198810
2.167741
2.163708
2.092415
2.007677
1.937881
1.903822
1.884507
1.960471
2.004274
2.055724
2.097907
2.059274
1.998177
1.901276
1.910907
1.947896
1.986900
1.939638
1.899284
1.831613
1.791737
1.807430
1.790847
1.754246
1.780180
1.763942
1.749729
1.734515
1.728781
1.727056
1.736226
1.750511
1.774404
1.739374
1.734315
1.756466
1.702273
1.776791
1.759036
1.733575
1.742577
1.750474
1.760091
1.730078
1.764455
1.736698
1.713771
1.741873
1.704265
1.710638
1.704118
1.650504
1.686405
1.707742
1.673283
1.648807
1.700729
1.637009
1.688333
1.664292
1.646728
1.656322
1.665004
1.663591
1.668692
1.675100
1.671430
1.680692
1.648586
1.660926
1.696891
1.653196
1.684755
1.655175
1.639108
1.635458
1.622030
1.684195
1.643540
1.626178
1.642483
1.642516
1.639618
1.660585
1.684598
1.644840
1.633304
1.616941
1.620945
1.658776
1.652178
1.657506
1.614497
1.592233
1.610321
1.618073
1.604248
1.626922
1.643520
1.642455
1.586598
1.593313
1.644272
1.607150
1.665942
1.625869
1.654474
1.639015
1.647837
1.634993
1.610937
1.596910
1.625433
1.601135
1.611220
1.590454
1.596053
1.616159
1.612990
1.590363
1.602042
1.595676
1.591363
1.614132
1.606403
1.598781
1.619948
1.575844
1.602336
1.620414
1.563708
1.590918
1.597522
1.614466
1.709938
1.742183
1.671198
1.661297
1.648553
1.629861
1.616790
1.598480
1.625197
1.610481
1.657405
1.586003
1.613201
1.622241
1.633163
1.595972
1.626074
1.618305
1.593441
1.620091
1.613745
1.573381
1.596238
1.591395
1.587940
1.588393
1.616733
1.604653
1.592613
1.607172
1.609940
1.559362
1.581340
1.587710
1.602513
1.623559
1.583599
1.615038
1.583058
1.582836
1.572329
1.608438
1.592261
1.575495
1.589549
1.605859
1.624487
1.583719
1.608925
1.587077
1.580956
1.552850
1.586015
1.612575
1.581793
1.612855
1.573925
1.593227
1.614414
1.601520
1.584586
1.570820
1.576195
1.597597
1.591444
1.590237
1.562379
1.574709
1.584502
1.573869
1.575197
1.581688
1.589496
1.582129
1.558914
1.564432
1.595276
1.602234
1.567572
1.598874
1.564923
1.619701
1.618320
1.592111
1.577101
1.553099
1.588493
1.601688
1.572421
1.551237
1.556052
1.566848
1.588021
1.572639
1.552224
1.583797
1.577015
1.556655
1.556009
1.591807
1.550816
1.582285
1.566594
1.551537
1.576253
1.561934
1.560568
1.558197
1.616775
1.554928
1.570238
1.557162
1.546362
1.553599
1.560425
1.549010
1.528094
1.562448
1.575009
1.560880
1.578712
1.545172
1.564955
1.567616
1.557842
1.587068
1.572328
1.560013
1.589825
1.596512
1.555464
1.566154
1.572169
1.582619
1.565270
1.578726
1.557329
1.576646
1.542992
1.570369
1.584605
1.551202
1.549195
1.579597
1.544099
1.536759
1.573328
1.534665
1.548516
1.546294
1.537274
1.555476
1.556820
1.564683
1.566974
1.557872
1.584360
1.566512
1.545672
1.576258
1.533250
1.571384
1.543385
1.554212
1.563530
1.545006
1.592667
1.587293
1.554965
1.557340
1.559277
1.561718
1.573493
1.544135
1.587932
1.544372
1.560693
1.562320
1.506321
1.525852
1.556638
1.551395
1.559722
1.549277
1.533316
1.582264
1.563939
1.570592
1.544837
1.583776
1.566766
1.549283
1.568105
1.559067
1.587239
1.539129
1.540650
1.561103
1.555877
1.559251
1.523443
1.552853
1.560711
1.546293
1.600154
1.562016
1.533667
1.536702
1.544377
1.542941
1.539472
1.545099
1.520230
1.539559
1.536590
1.535203
1.548039
1.529087
1.571910
1.546057
1.532140
1.505404
1.550843
1.529727
1.552169
1.528788
1.539204
1.537310
1.543174
1.566359
1.536099
1.536212
1.548359
1.548900
1.554764
1.541773
1.545825
1.537888
1.559730
1.525077
1.544116
1.562128
1.554890
1.576348
1.561918
1.544386
1.546114
1.511420
1.530603
1.542305
1.556626
1.556014
1.521327
1.529797
1.525452
1.561778
1.534374
1.532096
1.520001
1.531344
1.543540
1.527595
1.518175
1.521689
1.528918
1.526477
1.529272
1.544009
1.545586
1.547768
1.526074
1.539069
1.540700
1.562931
1.566904
1.535624
1.564988
1.522381
1.553240
1.537810
1.534344
1.518208
1.545413
1.550119
1.543169
1.526394
1.544126
1.540497
1.547677
1.546958
1.543776
1.563542
1.512526
1.548134
1.513201
1.525244
1.531507
1.495983
1.511939
1.533646
1.519301
1.514963
1.545195
1.537233
1.549076
1.534937
1.560235
1.531428
1.514472
1.516753
1.555080
1.551203
1.544162
1.537628
1.548788
1.526166
1.543029
1.514889
1.515604
1.551724
1.541966
1.532941
1.532589
1.516987
1.519187
1.545417
1.530543
1.516245
1.515479
1.531785
1.541519
1.513122
1.546521
1.533470
1.532142
1.539798
1.550547
1.535932
1.507937
1.548042
1.532456
1.526804
