2.297194
2.294621
2.302109
2.303081
2.305310
2.308185
2.318966
2.317843
2.330828
2.311979
2.262618
2.226237
2.221252
2.354163
2.277016
2.167183
2.066901
2.359806
2.270855
2.122317
2.111202
2.191819
2.136094
2.531975
2.631422
2.343529
1.832196
1.654711
1.654366
1.695377
1.664247
1.766903
1.887781
1.867193
1.812049
1.735034
1.684590
1.709302
1.708133
1.717510
1.720846
1.742867
1.768302
1.740109
1.724078
1.820303
1.873101
1.809023
1.866782
1.894258
1.933507
1.986172
2.016055
2.080257
2.026623
1.899937
1.802789
1.761458
1.715004
1.670278
1.695731
1.668897
1.690747
1.696591
1.751581
1.738623
1.751357
1.747275
1.747965
1.730194
1.746484
1.669869
1.667874
1.672044
1.646922
1.648053
1.683127
1.646455
1.676282
1.650963
1.666397
1.653244
1.674134
1.651293
1.670535
1.642916
1.607066
1.602552
1.618348
1.612063
1.615647
1.592854
1.586779
1.598093
1.624493
1.584151
1.600552
1.570550
1.566051
1.545045
1.559842
1.614062
1.560528
1.606492
1.584967
1.567250
1.600416
1.573094
1.590288
1.594200
1.582759
1.557462
1.562866
1.558455
1.548822
1.556457
1.579759
1.576861
1.577082
1.576395
1.563773
1.572586
1.548588
1.561932
1.596960
1.561497
1.583467
1.594015
1.547549
1.544693
1.551011
1.554883
1.586877
1.542012
1.553298
1.552199
1.545236
1.554338
1.552150
1.568495
1.566782
1.550994
1.545348
1.526733
1.539705
1.554059
1.532856
1.534129
1.548881
1.535372
1.531602
1.558451
1.549092
1.574824
1.545072
1.572785
1.550871
1.540644
1.541449
1.570309
1.561538
1.524255
1.546341
1.528958
1.535238
1.587970
1.555129
1.539772
1.556317
1.537223
1.531846
1.536152
1.555488
1.563520
1.528603
1.553703
1.529151
1.523339
1.560395
1.551312
1.528485
1.542324
1.541267
1.533372
1.520362
1.527583
1.563731
1.529654
1.542197
1.545356
1.522196
1.509909
1.533328
1.510908
1.516224
1.528462
1.533824
1.554554
1.513738
1.519678
1.536623
1.554981
1.541524
1.527168
1.521524
1.510863
1.541303
1.524029
1.527302
1.537257
1.502149
1.507834
1.528097
1.535771
1.522511
1.524316
1.513499
1.511924
1.533748
1.511069
1.522444
1.509153
1.526927
1.507800
1.528982
1.521334
1.515670
1.530731
1.528421
1.500406
1.524977
1.527393
1.501670
1.522601
1.524130
1.510341
1.527552
1.519047
1.515358
1.522769
1.507452
1.527774
1.531917
1.509395
1.524193
1.499914
1.493302
1.502440
1.496383
1.499807
1.506788
1.519824
1.529949
1.518889
1.507677
1.535515
1.508691
1.524582
1.515926
1.510748
1.533144
1.508879
1.499979
1.494728
1.506070
1.491039
1.506978
1.500288
1.515949
1.520622
1.503793
1.504426
1.525658
1.513192
1.500412
1.509382
1.497964
1.515776
1.503699
1.530611
1.508717
1.512221
1.513522
1.503043
1.509588
1.521626
1.528021
1.511802
1.499735
1.504476
1.504216
1.489091
1.516545
1.525001
1.507596
1.515361
1.503703
1.501212
1.496136
1.506376
1.506067
1.512423
1.501414
1.520118
1.496576
1.503706
1.515159
1.503434
1.504754
1.503292
1.494461
1.500847
1.511755
1.523807
1.503566
1.499354
1.509892
1.500124
1.525627
1.499901
1.503674
1.510593
1.497463
1.497020
1.500994
1.492083
1.504313
1.499040
1.489828
1.500117
1.492642
1.505313
1.493633
1.496821
1.508238
1.501930
1.517116
1.511166
1.501619
1.496405
1.496424
1.495492
1.487914
1.519432
1.501472
1.494258
1.506134
1.509535
1.497424
1.525810
1.490693
1.494764
1.508638
1.494566
1.495983
1.502901
1.491021
1.483092
1.489142
1.508031
1.515208
1.499337
1.508223
1.490369
1.481469
1.487977
1.515935
1.475803
1.498721
1.496184
1.501703
1.494050
1.501533
1.490167
1.491374
1.487282
1.512182
1.495597
1.494323
1.520598
1.506636
1.500753
1.500452
1.524510
1.516279
1.497255
1.498926
1.486059
1.483391
1.494730
1.488293
1.496943
1.496657
1.510037
1.511421
1.488308
1.484035
1.499482
1.496923
1.484339
1.499527
1.506998
1.496719
1.492250
1.498242
1.491768
1.494452
1.488893
1.501334
1.492111
1.484948
1.490567
1.493002
1.493082
1.503680
1.499274
1.489116
1.495889
1.487577
1.492541
1.494011
1.504582
1.490694
1.485298
1.491406
1.488566
1.511418
1.503412
1.484675
1.488416
1.491473
1.499258
1.504756
1.483235
1.497830
1.489044
1.488822
1.482494
1.487897
1.495153
1.494120
1.481321
1.503516
1.493962
1.493776
1.489329
1.509305
1.509963
1.480499
1.492953
1.482520
1.505572
1.491881
1.478934
1.495069
1.494978
1.480718
1.505741
1.497878
1.491466
1.487731
1.482925
1.497437
1.492820
1.484647
1.494340
1.499116
1.500192
1.492480
1.479961
1.488511
1.490506
1.496423
1.496747
1.508960
1.488225
1.500779
1.477610
1.495544
1.477023
1.486681
1.483732
1.486137
1.484632
1.482977
1.499390
1.485029
1.497586
1.498375
1.484096
1.488085
1.488469
1.498776
1.502287
1.482319
1.496743
1.487237
1.485537
1.485226
1.511964
