2.308189
2.294557
2.293568
2.286426
2.263831
2.267883
2.284275
2.252824
2.263548
2.324672
2.177921
2.075558
1.941601
1.923252
2.056522
2.025121
1.869043
1.799169
1.792024
1.791302
1.775460
1.748557
1.772760
1.779678
1.757050
1.725361
1.683024
1.735975
1.769278
1.721150
1.691340
1.746034
1.680943
1.715682
1.718942
1.734711
1.689538
1.686595
1.661850
1.669738
1.680630
1.642834
1.618068
1.627879
1.629007
1.655112
1.621847
1.662575
1.628483
1.675508
1.623479
1.632220
1.614473
1.637844
1.623355
1.597434
1.565627
1.612490
1.606504
1.562623
1.608174
1.571932
1.607744
1.580899
1.597070
1.587824
1.599698
1.620345
1.678152
1.718034
1.739296
1.645965
1.620103
1.621045
1.623281
1.634556
1.577849
1.590567
1.591753
1.622195
1.596434
1.611814
1.613225
1.625178
1.612377
1.609784
1.588296
1.602720
1.567321
1.583843
1.567120
1.575745
1.583173
1.612673
1.593976
1.559239
1.599113
1.602433
1.587116
1.578750
1.544818
1.596824
1.571888
1.572134
1.604770
1.562150
1.547966
1.566082
1.553195
1.550818
1.546555
1.606150
1.595770
1.527580
1.561952
1.571876
1.580083
1.538074
1.559387
1.555147
1.548273
1.550856
1.548023
1.566911
1.570402
1.566762
1.542349
1.551307
1.580337
1.574487
1.561269
1.573763
1.575163
1.542827
1.557660
1.556600
1.575118
1.554179
1.554079
1.578945
1.562432
1.590932
1.546062
1.558360
1.544138
1.500521
1.522865
1.530258
1.543000
1.545872
1.518589
1.542517
1.528736
1.563166
1.568930
1.544356
1.579507
1.542335
1.552187
1.536770
1.547794
1.533176
1.532815
1.522326
1.514928
1.557946
1.540763
1.539758
1.542939
1.552675
1.564470
1.542961
1.534992
1.518687
1.551208
1.522535
1.565240
1.536586
1.532289
1.516330
1.551034
1.553822
1.548197
1.551107
1.563562
1.536772
1.517157
1.517334
1.544607
1.538258
1.570125
1.532201
1.524602
1.551988
1.534226
1.532061
1.532072
1.536250
1.524928
1.524331
1.529213
1.539989
1.557459
1.539243
1.536893
1.528330
1.520984
1.517972
1.555895
1.537074
1.513047
1.513552
1.534404
1.531081
1.511825
1.504226
1.541900
1.535578
1.545087
1.554669
1.511860
1.537661
1.542283
1.506338
1.530982
1.535318
1.541149
1.515630
1.527384
1.514484
1.535334
1.521523
1.524339
1.523538
1.528138
1.508244
1.521042
1.511077
1.528939
1.510731
1.510522
1.553120
1.515785
1.518547
1.548040
1.551901
1.519757
1.568033
1.513070
1.537453
1.530284
1.525917
1.530162
1.542348
1.503386
1.520348
1.535543
1.532658
1.529716
1.525386
1.528097
1.513423
1.506521
1.508728
1.515574
1.532037
1.527719
1.488800
1.499049
1.524417
1.529994
1.525852
1.517140
1.541896
1.499974
1.531177
1.518083
1.546134
1.519679
1.522428
1.516457
1.502955
1.521932
1.494626
1.515605
1.541481
1.554716
1.509353
1.532475
1.509684
1.529211
1.537514
1.521852
1.538164
1.522609
1.530475
1.534321
1.516368
1.497941
1.498251
1.515594
1.544435
1.507518
1.533173
1.532900
1.536086
1.511123
1.503336
1.505512
1.501925
1.498171
1.509445
1.548088
1.514069
1.522603
1.525917
1.506137
1.500673
1.528566
1.509806
1.510253
1.514280
1.515267
1.509367
1.511407
1.532527
1.533812
1.514871
1.508524
1.544877
1.512138
1.518881
1.514046
1.535225
1.505989
1.505204
1.509684
1.500805
1.508315
1.510928
1.538741
1.531142
1.547931
1.520751
1.533679
1.510852
1.516638
1.534797
1.504522
1.503457
1.492481
1.515070
1.515335
1.522936
1.527377
1.507092
1.538278
1.514909
1.489465
1.498373
1.500946
1.510974
1.512427
1.517944
1.531024
1.531220
1.525750
1.513827
1.510299
1.501341
1.497725
1.505389
1.504954
1.488428
1.509630
1.530778
1.490339
1.528554
1.521617
1.522018
1.513382
1.495234
1.517424
1.498294
1.512561
1.522444
1.523391
1.505074
1.513472
1.500394
1.518013
1.499037
1.492281
1.485794
1.531184
1.503243
1.549252
1.488892
1.503984
1.526233
1.524824
1.538930
1.507707
1.512811
1.489673
1.518882
1.531066
1.515481
1.525021
1.508667
1.510132
1.486091
1.510823
1.504830
1.494453
1.506813
1.489671
1.515415
1.508920
1.499294
1.514806
1.530816
1.521340
1.527849
1.521135
1.513402
1.525262
1.493449
1.503241
1.519647
1.511407
1.501691
1.507732
1.515874
1.513394
1.505561
1.514400
1.501483
1.510023
1.515235
1.498899
1.538412
1.501074
1.493630
1.503950
1.528324
1.490873
1.507702
1.498752
1.508987
1.501841
1.517245
1.494311
1.487314
1.512088
1.492335
1.491400
1.519837
1.491112
1.503127
1.511263
1.523353
1.497411
1.487180
1.500840
1.500712
1.496717
1.499245
1.520018
1.493123
1.521587
1.498421
1.516690
1.539614
1.548052
1.489339
1.510984
1.516751
1.522354
1.495980
1.525412
1.508718
1.506396
1.515524
1.499731
1.505931
1.502062
1.494063
1.502178
1.502433
1.514393
1.495287
1.495735
1.519165
1.511647
1.504912
1.496979
1.479851
1.540628
1.522333
