2.308020
2.309871
2.313314
2.330514
2.366565
2.365381
2.294932
2.237893
2.266388
2.287777
2.294513
2.292157
2.282329
2.267193
2.264567
2.254686
2.240598
2.256162
2.280085
2.273145
2.265027
2.213588
2.221295
2.274103
2.211901
2.232889
2.176265
2.209033
2.229404
2.212884
2.206368
2.221753
2.198855
2.257973
2.212768
2.177025
2.167780
2.183466
2.249582
2.135556
2.237672
2.188679
2.191253
2.172174
2.146435
2.167249
2.195179
2.191550
2.141267
2.200373
2.226290
2.191115
2.127395
2.173647
2.144067
2.134031
2.172102
2.133167
2.126595
2.173544
2.240574
2.167623
2.235300
2.162279
2.200139
2.226644
2.194322
2.189553
2.205210
2.178040
2.189329
2.219902
2.225057
2.194396
2.209524
2.218305
2.213912
2.197292
2.171225
2.235718
2.165049
2.200310
2.195123
2.192855
2.178579
2.182451
2.222441
2.182094
2.223684
2.244235
2.221560
2.225098
2.234841
2.195500
2.234600
2.166983
2.190746
2.156083
2.175870
2.139870
2.204817
2.190104
2.125547
2.164078
2.185064
2.199716
2.163805
2.149951
2.185908
2.195444
2.172116
2.195314
2.205704
2.158729
2.187640
2.171596
2.171390
2.156252
2.169854
2.159125
2.165965
2.175764
2.228511
2.173240
2.141579
2.150966
2.180026
2.192527
2.187766
2.176975
2.194701
2.140551
2.141751
2.184346
2.151022
2.168341
2.222840
2.122612
2.188640
2.134801
2.184146
2.161759
2.177934
2.180581
2.149273
2.162936
2.173114
2.159188
2.192567
2.187444
2.146300
2.166365
2.219162
2.515942
2.648224
2.587329
2.653290
2.643699
2.647626
2.595054
2.647120
2.675098
2.666829
2.646868
2.573336
2.606321
2.605111
2.680239
2.618060
2.665277
2.654708
2.554166
2.689644
2.654070
2.627068
2.610341
2.631221
2.606173
2.619677
2.650764
2.652807
2.661975
2.712725
2.618137
2.615625
2.618482
2.636528
2.617566
2.571588
2.628170
2.623879
2.668574
2.578591
2.593167
2.544942
2.541301
2.582660
2.611148
2.629890
2.537297
2.567108
2.514821
2.538222
2.444331
2.526213
2.408429
2.466447
2.466172
2.478395
2.555483
2.446834
2.439046
2.395096
2.413917
2.467755
2.459303
2.399470
2.424708
2.459992
2.402797
2.359890
2.286967
2.326922
2.288811
2.278956
2.343616
2.331702
2.309940
2.427269
2.429450
2.373937
2.381693
2.382040
2.306696
2.240455
2.198717
2.245262
2.133703
1.848661
1.781727
1.810067
1.813967
1.818115
1.777657
1.769272
1.985886
1.996124
1.948255
1.766092
1.761182
1.792539
1.757002
1.758210
1.746886
1.746414
1.789066
1.798630
1.785393
1.779664
1.813761
1.804814
1.779880
1.792841
1.742487
1.751003
1.726814
1.708725
1.753442
1.761469
1.737144
1.735012
1.769903
1.775627
1.770957
1.770953
1.756890
1.697022
1.719783
1.739394
1.726405
1.719878
1.745236
1.793163
1.748234
1.774145
1.740947
1.722632
1.719584
1.699310
1.728193
1.709076
1.753613
1.773801
1.742662
1.746479
1.744625
1.710721
1.725730
1.738971
1.734455
1.707531
1.753800
1.728666
1.685108
1.737185
1.751720
1.804079
1.749401
1.691242
1.702352
1.728231
1.734205
1.765385
1.809684
1.703505
1.730776
1.711163
1.724182
1.762122
1.739503
1.733583
1.719006
1.738803
1.730918
1.751200
1.795450
1.756001
1.696011
1.692697
1.701416
1.704475
1.746096
1.752825
1.760192
1.718210
1.702646
1.764064
1.696373
1.695660
1.733991
1.725324
1.762424
1.742712
1.746050
1.704776
1.707606
1.707784
1.712189
1.703021
1.697152
1.702338
1.745613
1.763453
1.698027
1.756145
1.727542
1.737881
1.706176
1.717153
1.716734
1.718410
1.728789
1.770536
1.774117
1.749348
1.733832
1.706095
1.725396
1.690652
1.704724
1.717565
1.737654
1.752274
1.694988
1.722829
1.753840
1.734659
1.725996
1.729024
1.727407
1.724756
1.744977
1.747439
1.791881
1.743215
1.729645
1.700847
1.720658
1.728379
1.729833
1.722717
1.735869
1.709923
1.755153
1.761354
1.749398
1.739740
1.741016
1.681857
1.753832
1.725263
1.716143
1.717979
1.718762
1.722466
1.709461
1.702325
1.724820
1.739912
1.757467
1.729593
1.701009
1.716249
1.733664
1.725679
1.703766
1.747166
1.760771
1.727275
1.711883
1.735229
1.729366
1.716481
1.702150
1.735556
1.807234
1.787184
1.728158
1.721026
1.732197
1.775603
1.717152
1.717453
1.718784
1.763053
1.775838
1.695295
1.676633
1.710125
1.720103
1.733204
1.731174
1.694995
1.698254
1.698702
1.716768
1.705039
1.709563
1.690838
1.738834
1.702961
1.688550
1.666771
1.720839
1.719396
1.708108
1.704774
1.698907
1.682852
1.721935
1.733246
1.805591
1.793085
1.695082
1.718864
1.756446
1.701980
1.702161
1.703609
1.736876
1.805255
1.709453
1.725851
1.765741
1.752149
1.739007
1.720788
1.713422
1.750811
1.711664
1.731333
1.758089
1.740764
1.780969
1.732843
1.730804
1.769581
1.774128
1.752038
1.757683
1.729965
1.718206
1.702998
1.759046
1.699778
1.720165
1.725607
1.693721
1.663210
1.667143
