2.268246
2.269499
2.295757
2.275631
2.272273
2.262606
2.263906
2.263761
2.246632
2.244562
2.227900
2.231335
2.215718
2.209674
2.185608
2.197990
2.165104
2.157475
2.131973
2.137066
2.122684
2.095735
2.073678
2.054083
2.054944
2.028173
2.008217
1.986172
1.930414
1.910782
1.870804
1.814739
1.838190
1.773007
1.784560
1.642918
1.701152
1.599577
1.535427
1.471795
1.442187
1.534676
1.417801
1.243580
1.090573
1.199005
1.036911
1.088748
0.992080
0.998236
0.896488
0.835266
0.792866
0.805471
0.805819
0.793751
0.754018
0.592145
0.600827
0.706954
0.691044
0.608917
0.617455
0.637942
0.540960
0.580565
0.653351
0.641878
0.614419
0.496844
0.512951
0.733735
0.573129
0.532546
0.474349
0.628295
0.521201
0.558636
0.492682
0.420579
0.401215
0.461833
0.503699
0.512786
0.472745
0.405054
0.353670
0.484106
0.330035
0.436315
0.510565
0.441852
0.648707
0.513749
0.343882
0.470400
0.492841
0.344125
0.330025
0.447166
0.458243
0.419885
0.365849
0.411591
0.524830
0.510607
0.491582
0.598392
0.533949
0.531278
0.368309
0.368064
0.325511
0.341483
0.419298
0.384202
0.408485
0.329255
0.558236
0.247342
0.480248
0.457481
0.358030
0.202788
0.385844
0.315174
0.373129
0.444675
0.285388
0.357233
0.400327
0.501075
0.401102
0.295752
0.396085
0.420364
0.277685
0.335600
0.470605
0.362028
0.348928
0.350359
0.389806
0.420765
0.304522
0.418245
0.321642
0.364123
0.267707
0.411408
0.403687
0.213775
0.284158
0.284527
0.366496
0.238978
0.263330
0.324794
0.330923
0.376319
0.332517
0.362923
0.338969
0.272233
0.331543
0.262371
0.284258
0.178618
0.239581
0.280771
0.205248
0.373233
0.336972
0.334673
0.292148
0.410176
0.264363
0.201302
0.232878
0.311329
0.366111
0.177841
0.258701
0.390712
0.206542
0.288755
0.490993
0.323208
0.421788
0.345045
0.301852
0.290904
0.218823
0.250416
0.332928
0.355312
0.206118
0.257365
0.286147
0.283354
0.278993
0.231408
0.199633
0.248645
0.397648
0.303030
0.287095
0.272774
0.333748
0.304787
0.330950
0.268411
0.290633
0.242955
0.146372
0.442227
0.331027
0.368572
0.264088
0.195620
0.165121
0.297061
0.246103
0.250794
0.339078
0.149202
0.303038
0.253632
0.225667
0.345291
0.322517
0.261522
0.272295
0.220253
0.146326
0.246155
0.300836
0.195140
0.286208
0.206058
0.251705
0.248207
0.253869
0.247355
0.241736
0.224763
0.297216
0.287508
0.251799
0.253472
0.288121
0.185502
0.159783
0.284132
0.210972
0.177053
0.214094
0.253224
0.286836
0.139701
0.232988
0.334165
0.159801
0.104276
0.211443
0.201926
0.242966
0.199653
0.224042
0.269822
0.153777
0.153178
0.184754
0.152544
0.228128
0.164222
0.212613
0.324992
0.300303
0.201925
0.178017
0.324447
0.270825
0.184988
0.205854
0.401466
0.138378
0.195748
0.253342
0.281212
0.276443
0.340716
0.240173
0.114510
0.099030
0.245709
0.179122
0.152069
0.211605
0.149173
0.237689
0.213361
0.178812
0.275398
0.191698
0.214229
0.262383
0.192706
0.195977
0.155235
0.290623
0.187849
0.146927
0.195322
0.249836
0.189264
0.299373
0.385378
0.217901
0.236110
0.227977
0.212580
0.294464
0.149536
0.231854
0.183504
0.202792
0.199039
0.141203
0.232069
0.164707
0.140871
0.238048
0.172765
0.191689
0.317932
0.174674
0.234472
0.221972
0.085336
0.174546
0.219099
0.211913
0.167328
0.120974
0.121322
0.207251
0.266397
0.190332
0.198074
0.218793
0.168907
0.168208
0.172362
0.179205
0.184165
0.299868
0.288087
0.154020
0.343635
0.154895
0.135839
0.247614
0.130909
0.100969
0.236494
0.224151
0.084120
0.237822
0.169878
0.221629
0.239057
0.157201
0.324956
0.153938
0.158434
0.208527
0.154370
0.178680
0.121915
0.183752
0.131497
0.162464
0.172616
0.095849
0.185710
0.190607
0.128705
0.197076
0.270329
0.173685
0.193846
0.161184
0.194650
0.278739
0.188117
0.118100
0.105881
0.123441
0.154265
0.138621
0.213551
0.248927
0.237110
0.185457
0.121066
0.128077
0.122794
0.189093
0.168983
0.149293
0.218652
0.175297
0.137087
0.098293
0.219415
0.108076
0.104967
0.217864
0.160733
0.204799
0.156707
0.105481
0.258100
0.271902
0.217036
0.129238
0.193205
0.210012
0.151466
0.132391
0.107194
0.201701
0.215030
0.255591
0.094076
0.152062
0.108860
0.222780
0.118926
0.137010
0.146865
0.106121
0.129481
0.109864
0.161895
0.149374
0.132613
0.144940
0.129334
0.109607
0.132055
0.192887
0.190986
0.208997
0.107991
0.054900
0.119575
0.153743
0.151765
0.206101
0.154881
0.125326
0.126201
0.225118
0.218154
0.106878
0.185963
0.121440
0.232815
0.149187
0.103708
0.133315
0.202865
0.085618
0.087293
0.254217
0.159518
0.160798
0.050690
0.128817
0.088328
0.207272
0.099519
0.235598
0.165188
0.157004
0.086327
0.193141
0.119079
0.082233
0.121808
0.069373
0.321691
0.142163
0.209026
0.144644
0.175558
0.138729
0.099120
