2.301659
2.305927
2.303669
2.304629
2.301184
2.296778
2.298359
2.290343
2.284181
2.283666
2.286687
2.281853
2.283939
2.269692
2.273691
2.265134
2.245791
2.260001
2.246125
2.237073
2.226117
2.208929
2.194910
2.172781
2.169951
2.146509
2.160078
2.135096
2.090233
2.061695
2.063556
2.075947
2.056550
1.999857
2.013673
1.986871
1.994251
1.967078
1.928517
1.946940
1.933466
1.910484
1.904300
1.902845
1.871174
1.876400
1.843547
1.817475
1.827291
1.821577
1.788733
1.819201
1.807340
1.802955
1.735015
1.755568
1.784358
1.773408
1.764430
1.778860
1.742761
1.734125
1.754400
1.721160
1.726549
1.732851
1.696263
1.713050
1.704896
1.745546
1.723589
1.727816
1.688360
1.746777
1.691751
1.703155
1.745981
1.672759
1.677242
1.682260
1.684848
1.675471
1.711982
1.678091
1.694101
1.675583
1.713968
1.693373
1.694918
1.721716
1.709893
1.682423
1.656467
1.717563
1.714756
1.647928
1.659137
1.678379
1.669646
1.713961
1.657598
1.701144
1.659210
1.677577
1.675899
1.662146
1.659772
1.664874
1.667496
1.649913
1.631876
1.627166
1.669405
1.628896
1.638874
1.666710
1.664373
1.688553
1.665610
1.666888
1.651884
1.622543
1.637011
1.643608
1.651409
1.638122
1.623393
1.656515
1.649570
1.626627
1.652448
1.646544
1.628912
1.629295
1.640647
1.645798
1.653893
1.624666
1.636172
1.638370
1.653290
1.636912
1.674578
1.627837
1.665858
1.648414
1.632421
1.608312
1.657503
1.652654
1.640895
1.608953
1.605703
1.625371
1.650015
1.654389
1.605096
1.615998
1.608883
1.632472
1.607793
1.624913
1.644058
1.641914
1.625521
1.615069
1.638692
1.638696
1.620425
1.621462
1.638475
1.622876
1.636932
1.621618
1.646570
1.655147
1.593127
1.594036
1.643038
1.623609
1.622176
1.605146
1.600308
1.624076
1.622579
1.613906
1.610740
1.611950
1.584679
1.605016
1.609202
1.622520
1.621845
1.608466
1.602596
1.607931
1.607049
1.653738
1.609590
1.638808
1.605740
1.627913
1.636238
1.593889
1.592346
1.596091
1.582732
1.613312
1.613182
1.597766
1.607954
1.604072
1.615042
1.601847
1.600333
1.605973
1.626229
1.620362
1.631603
1.609862
1.605950
1.604752
1.583647
1.569235
1.579592
1.583434
1.581521
1.620333
1.584884
1.617136
1.615809
1.590673
1.586922
1.572700
1.613644
1.637492
1.586710
1.611427
1.614952
1.593557
1.585965
1.578058
1.589652
1.563938
1.597568
1.609526
1.600609
1.591520
1.600083
1.583194
1.568194
1.615735
1.573065
1.607241
1.570373
1.586393
1.614605
1.652594
1.594503
1.602162
1.601054
1.594030
1.592160
1.577398
1.595837
1.566267
1.596113
1.611409
1.613175
1.577732
1.559898
1.585695
1.599973
1.585068
1.570398
1.585223
1.567505
1.593998
1.607575
1.568430
1.585243
1.584566
1.576758
1.587351
1.581083
1.577683
1.576792
1.608376
1.584446
1.604534
1.579434
1.606529
1.590349
1.610948
1.567572
1.590329
1.593897
1.573334
1.599168
1.630006
1.564985
1.569968
1.566957
1.583038
1.590592
1.568917
1.606353
1.587609
1.589666
1.587373
1.615624
1.615223
1.579228
1.608471
1.560291
1.605956
1.583576
1.599397
1.567998
1.573826
1.562429
1.537585
1.567370
1.563846
1.558499
1.553226
1.571477
1.561038
1.599511
1.600307
1.560403
1.575594
1.603537
1.561363
1.586795
1.550245
1.551693
1.576195
1.569240
1.572019
1.586764
1.621384
1.588174
1.564741
1.611122
1.558178
1.585490
1.591418
1.564746
1.576435
1.547743
1.544299
1.550325
1.540440
1.591970
1.556876
1.599120
1.578556
1.573054
1.632728
1.572805
1.575652
1.577434
1.601239
1.566069
1.559559
1.592620
1.565090
1.600477
1.555358
1.539597
1.582440
1.581109
1.549238
1.552466
1.598856
1.548391
1.578137
1.585826
1.592312
1.534387
1.597204
1.567752
1.549451
1.606797
1.583771
1.549814
1.556736
1.592270
1.539415
1.558190
1.584604
1.576571
1.556344
1.570852
1.544272
1.553273
1.561472
1.565679
1.577518
1.570619
1.560043
1.584131
1.564604
1.550562
1.573600
1.568138
1.539115
1.599730
1.577625
1.566207
1.584659
1.601502
1.566128
1.625533
1.539202
1.568942
1.536645
1.589060
1.567147
1.579165
1.547863
1.564527
1.567674
1.561804
1.563383
1.563586
1.567020
1.600189
1.581242
1.564625
1.572240
1.553562
1.578664
1.554053
1.572769
1.581705
1.563939
1.558449
1.558030
1.550858
1.558034
1.538022
1.558916
1.577858
1.535527
1.569681
1.581277
1.572169
1.574209
1.569381
1.563371
1.563457
1.564708
1.540309
1.552747
1.560624
1.558828
1.568712
1.558124
1.550176
1.566924
1.572323
1.569915
1.580552
1.569106
1.546868
1.592634
1.558944
1.568256
1.568115
1.545259
1.565596
1.544082
1.558931
1.559914
1.537904
1.585266
1.567448
1.563460
1.569040
1.553775
1.556759
1.566885
1.540160
1.532277
1.555132
1.562678
1.567168
1.549219
1.557522
1.593186
1.570134
1.567039
1.538528
1.550198
1.577596
1.584509
1.543837
1.585698
