2.302550
2.305094
2.307943
2.303500
2.300172
2.302864
2.305790
2.306150
2.312510
2.313353
2.304734
2.318416
2.306466
2.308651
2.302309
2.274895
2.263943
2.269590
2.242349
2.251247
2.255413
2.262417
2.269144
2.262655
2.252156
2.238453
2.231229
2.222983
2.226460
2.191522
2.196158
2.193042
2.181216
2.170534
2.172258
2.132614
2.125060
2.146214
2.124714
2.122591
2.099711
2.093688
2.131355
2.122949
2.091656
2.073906
2.086440
2.094966
2.054659
2.046337
2.059514
2.042428
2.053329
2.053383
2.048404
2.023085
2.007333
1.988773
1.995530
2.018857
2.032827
2.048197
2.024674
2.021931
1.988233
1.974936
1.955490
1.926458
1.929125
1.908578
1.941075
1.922458
1.921625
1.945719
1.918642
1.898401
1.898931
1.877697
1.890970
1.876554
1.848259
1.861347
1.831292
1.827992
1.843470
1.844680
1.818581
1.851103
1.833280
1.836002
1.820558
1.813347
1.797711
1.776846
1.792110
1.762281
1.773767
1.783931
1.767517
1.787495
1.809005
1.823095
1.782254
1.788697
1.801394
1.748165
1.727651
1.776096
1.778337
1.781124
1.747862
1.752041
1.757019
1.797572
1.783552
1.781595
1.789716
1.779546
1.768231
1.750112
1.729016
1.759906
1.730146
1.769751
1.770295
1.841121
1.762784
1.765080
1.708280
1.730107
1.741551
1.723633
1.729837
1.745227
1.764243
1.789681
1.748470
1.748439
1.754822
1.754712
1.751691
1.717976
1.739246
1.750939
1.751744
1.769337
1.763069
1.726413
1.710457
1.703439
1.752716
1.697235
1.711334
1.728121
1.763339
1.741825
1.705723
1.722569
1.730277
1.729969
1.698752
1.702224
1.756510
1.704244
1.733282
1.718725
1.730756
1.703873
1.727972
1.719413
1.728318
1.722198
1.741622
1.689028
1.721475
1.716789
1.734832
1.699044
1.721360
1.732990
1.710745
1.707556
1.690717
1.723855
1.731417
1.706712
1.706266
1.762617
1.720903
1.761782
1.704211
1.723938
1.703317
1.690504
1.707663
1.713860
1.708370
1.699682
1.721765
1.681714
1.701524
1.674236
1.682607
1.703810
1.699277
1.706440
1.734741
1.713429
1.693689
1.719316
1.680660
1.702095
1.670399
1.676641
1.694771
1.686858
1.674283
1.730578
1.698219
1.654675
1.702195
1.707427
1.711517
1.673026
1.657294
1.676670
1.676521
1.680898
1.667376
1.680953
1.640592
1.673891
1.684866
1.676940
1.701002
1.645357
1.675222
1.669966
1.642344
1.684643
1.670762
1.700393
1.657822
1.679477
1.698898
1.665205
1.674135
1.657068
1.667971
1.639486
1.654263
1.654577
1.640821
1.648713
1.663758
1.681256
1.669047
1.688655
1.669704
1.636607
1.657448
1.660009
1.668124
1.655556
1.682450
1.669724
1.663307
1.654297
1.662032
1.646655
1.644181
1.651354
1.655562
1.665187
1.646625
1.650304
1.654394
1.655717
1.620383
1.673151
1.668267
1.645594
1.666277
1.630461
1.637811
1.634456
1.655243
1.653846
1.664688
1.638984
1.659821
1.671513
1.621449
1.644758
1.623264
1.644093
1.624390
1.619777
1.637578
1.637326
1.630364
1.622783
1.629938
1.638644
1.652630
1.628386
1.653678
1.659521
1.646567
1.666844
1.650677
1.629148
1.638169
1.634273
1.619863
1.627116
1.596936
1.626414
1.611798
1.637228
1.621057
1.624089
1.642838
1.634352
1.650587
1.641585
1.618571
1.599320
1.641933
1.614484
1.633441
1.642859
1.633986
1.628483
1.629749
1.605195
1.626208
1.627440
1.628843
1.623867
1.608430
1.615723
1.632736
1.627113
1.629806
1.614279
1.597148
1.632416
1.599637
1.608723
1.622773
1.623257
1.638812
1.640517
1.606590
1.651757
1.605328
1.610277
1.603854
1.646065
1.625280
1.609243
1.599446
1.639973
1.612470
1.621279
1.625484
1.606876
1.633038
1.603701
1.614240
1.622272
1.623112
1.602469
1.636456
1.598416
1.594432
1.610154
1.612175
1.598816
1.610398
1.630457
1.601087
1.626781
1.632706
1.596397
1.588408
1.617547
1.614939
1.629455
1.608605
1.612408
1.605961
1.606126
1.610584
1.596358
1.617434
1.624330
1.608346
1.612767
1.636778
1.583547
1.592732
1.602263
1.590577
1.606451
1.592577
1.600143
1.588884
1.624340
1.644832
1.591349
1.589980
1.589330
1.609971
1.595398
1.624799
1.616084
1.606580
1.603457
1.642338
1.583834
1.616900
1.589903
1.598835
1.602678
1.617932
1.596559
1.566820
1.590225
1.599446
1.603224
1.608758
1.598220
1.594925
1.623138
1.607419
1.588217
1.587809
1.600864
1.597371
1.603450
1.581137
1.578156
1.615695
1.583637
1.589147
1.581118
1.597901
1.578289
1.614157
1.576899
1.567839
1.583970
1.584709
1.561265
1.580265
1.607410
1.570847
1.620685
1.612166
1.581505
1.576922
1.586258
1.571390
1.587020
1.595183
1.578443
1.578335
1.588738
1.596152
1.597812
1.578282
1.611375
1.583645
1.569291
1.566628
1.571272
1.579730
1.606695
1.591189
1.584868
1.604039
1.568393
1.557860
1.595879
1.601208
1.593547
1.581288
1.591648
1.603131
1.560852
1.571386
1.601417
1.582669
1.577252
1.582833
1.589415
1.587276
1.597286
