2.305534
2.300696
2.294764
2.291895
2.296880
2.292141
2.274087
2.274230
2.229233
2.233623
2.113077
2.182363
2.098814
2.143206
2.096348
2.077808
2.053633
2.049588
1.979043
1.988042
2.007708
2.009997
1.962803
1.924996
1.962504
1.922266
1.935513
1.880972
1.968704
1.892089
1.860003
1.815985
1.830784
1.803964
1.820531
1.775284
1.787564
1.826664
1.852556
1.801187
1.834732
1.794094
1.784557
1.779349
1.786922
1.762643
1.781757
1.763816
1.743248
1.727798
1.726653
1.760114
1.756266
1.762511
1.814651
1.702215
1.766687
1.758318
1.769598
1.740316
1.785934
1.725454
1.752616
1.728172
1.693565
1.707397
1.727278
1.736784
1.745426
1.741668
1.734495
1.743080
1.716265
1.745844
1.789441
1.778300
1.727583
1.750457
1.737073
1.774822
1.702319
1.755568
1.739998
1.734133
1.760546
1.739869
1.713488
1.733436
1.752327
1.710133
1.737640
1.710355
1.715614
1.738521
1.770867
1.716636
1.719145
1.723603
1.678828
1.709636
1.736019
1.708808
1.722725
1.681380
1.702959
1.751453
1.717394
1.646617
1.730375
1.720287
1.716018
1.647090
1.710081
1.693418
1.696981
1.710516
1.712812
1.706449
1.783265
1.707643
1.749215
1.726781
1.728954
1.678297
1.694599
1.688787
1.722536
1.679577
1.742356
1.705435
1.704745
1.657681
1.662124
1.727040
1.686982
1.713129
1.703356
1.698044
1.711934
1.654832
1.677989
1.710106
1.700338
1.693986
1.718425
1.704297
1.724586
1.738035
1.676612
1.663570
1.701610
1.694051
1.683570
1.695504
1.690382
1.709697
1.684949
1.699945
1.701792
1.703726
1.715122
1.712531
1.687343
1.704759
1.661929
1.697734
1.686400
1.711288
1.666996
1.698423
1.655795
1.680186
1.722774
1.666427
1.738552
1.676177
1.693099
1.699049
1.719886
1.679347
1.692206
1.712506
1.699617
1.666523
1.662892
1.692388
1.701797
1.665626
1.651924
1.672843
1.717394
1.670522
1.675990
1.678286
1.711083
1.692282
1.678027
1.708853
1.664046
1.654261
1.706733
1.667925
1.679555
1.674093
1.690108
1.670557
1.702834
1.679154
1.678169
1.694809
1.668687
1.696549
1.700157
1.725200
1.639086
1.694402
1.631873
1.709473
1.704065
1.680482
1.627041
1.666868
1.675084
1.676818
1.692116
1.715750
1.701332
1.648128
1.674104
1.707224
1.715497
1.715599
1.674168
1.683413
1.680553
1.725810
1.685354
1.716152
1.688938
1.653665
1.658312
1.670595
1.718087
1.645836
1.681336
1.692050
1.699715
1.659067
1.666146
1.707361
1.620819
1.630243
1.736644
1.711000
1.674299
1.674056
1.696892
1.664320
1.668344
1.710436
1.679884
1.710766
1.676442
1.687729
1.693554
1.647543
1.739122
1.684220
1.738035
1.647711
1.635335
1.680230
1.721946
1.723442
1.705973
1.688346
1.635038
1.657388
1.723758
1.657705
1.661937
1.693915
1.699794
1.665719
1.703041
1.650841
1.691273
1.681533
1.716878
1.650352
1.658715
1.667044
1.670899
1.654236
1.690360
1.642449
1.672070
1.659406
1.712652
1.682464
1.690277
1.704346
1.653472
1.695131
1.697278
1.701125
1.676699
1.759506
1.660348
1.647743
1.696384
1.695644
1.695428
1.672846
1.657586
1.664061
1.665633
1.697454
1.751353
1.689591
1.674212
1.675948
1.705882
1.689057
1.637590
1.716048
1.705715
1.670188
1.676154
1.689536
1.678223
1.620517
1.677176
1.709075
1.700992
1.660770
1.688066
1.719973
1.665048
1.661205
1.665881
1.670430
1.682518
1.629223
1.685396
1.671322
1.665182
1.714621
1.662109
1.634858
1.672320
1.671404
1.656877
1.675028
1.650879
1.707754
1.693802
1.665985
1.677609
1.692384
1.672580
1.643807
1.642227
1.646359
1.668444
1.661982
1.692746
1.672295
1.652401
1.648013
1.696967
1.692543
1.656569
1.638769
1.616676
1.668467
1.666294
1.655041
1.666436
1.645460
1.709532
1.706798
1.665754
1.663151
1.657179
1.666302
1.647945
1.667155
1.665307
1.726683
1.659372
1.730652
1.676259
1.710393
1.636989
1.657843
1.647577
1.671768
1.694550
1.635132
1.644797
1.639674
1.687739
1.647548
1.652938
1.671140
1.633808
1.686987
1.644943
1.709653
1.607681
1.693742
1.661104
1.632590
1.669637
1.639806
1.647690
1.585683
1.654606
1.662463
1.674817
1.651992
1.613175
1.643400
1.655112
1.696006
1.649563
1.621541
1.628742
1.724275
1.641942
1.643899
1.659349
1.659259
1.652912
1.636208
1.682005
1.656831
1.686936
1.658025
1.688224
1.683020
1.691670
1.660575
1.693490
1.641689
1.678941
1.677909
1.651121
1.618767
1.682666
1.634867
1.624569
1.641626
1.619094
1.654106
1.643053
1.646405
1.640829
1.647994
1.657027
1.599785
1.617970
1.695902
1.678126
1.646984
1.659358
1.605504
1.641649
1.639395
1.620274
1.632564
1.650099
1.664142
1.612624
1.637400
1.676636
1.674163
1.631634
1.641540
1.681801
1.680702
1.657089
1.687778
1.689994
1.677915
1.693376
1.624506
1.637461
1.644090
1.604907
1.618777
1.655342
1.578875
1.613220
1.647700
1.699560
1.661565
1.634782
1.617485
