0.1094
0.1797
0.1797
0.2734
0.3672
0.2422
0.2734
0.2812
0.3516
0.3203
0.4062
0.5156
0.5938
0.6406
0.7109
0.6797
0.7422
0.7422
0.8203
0.7656
0.6875
0.7578
0.7578
0.8438
0.7734
0.7734
0.7578
0.8203
0.8438
0.7812
0.8203
0.7812
0.7891
0.6953
0.8125
0.8203
0.7734
0.7969
0.7812
0.7969
0.7734
0.8047
0.8359
0.7891
0.8438
0.7891
0.8594
0.8750
0.8516
0.7969
0.8438
0.8281
0.8438
0.9062
0.8359
0.8281
0.8281
0.7500
0.8359
0.7734
0.8438
0.8594
0.8828
0.8203
0.8203
0.8047
0.8438
0.8359
0.8906
0.8438
0.8906
0.8984
0.8594
0.8750
0.8516
0.8906
0.8828
0.8750
0.8516
0.8984
0.8594
0.8750
0.8984
0.9219
0.8672
0.8359
0.8828
0.8125
0.9062
0.8438
0.8359
0.8984
0.8281
0.8516
0.8672
0.8438
0.8906
0.8281
0.8984
0.8828
0.7969
0.8672
0.9062
0.8438
0.8359
0.8828
0.8906
0.8672
0.9375
0.8359
0.8594
0.8750
0.8594
0.8594
0.8516
0.9062
0.8906
0.8984
0.8750
0.8750
0.8828
0.8984
0.8516
0.8516
0.8828
0.8359
0.8984
0.8828
0.8828
0.9297
0.8828
0.8828
0.9062
0.8828
0.8828
0.8828
0.8750
0.8906
0.9141
0.9062
0.8750
0.8281
0.8359
0.8672
0.8984
0.8594
0.8594
0.8750
0.8516
0.8750
0.8750
0.8438
0.8984
0.8906
0.8828
0.9297
0.9062
0.9062
0.8594
0.8906
0.8672
0.8750
0.9141
0.8516
0.8828
0.9141
0.8516
0.8594
0.9141
0.8984
0.8906
0.8906
0.9219
0.8516
0.9219
0.8906
0.8750
0.8672
0.9141
0.8516
0.8438
0.8984
0.8281
0.8438
0.8828
0.9141
0.8672
0.8984
0.8672
0.8438
0.8984
0.8984
0.9531
0.8750
0.8984
0.8984
0.8984
0.9141
0.8984
0.8750
0.8438
0.9375
0.8594
0.8516
0.8281
0.8672
0.9062
0.8984
0.8906
0.8828
0.8672
0.8984
0.9297
0.8750
0.8750
0.8906
0.8984
0.8906
0.8750
0.8438
0.9375
0.8984
0.8672
0.8516
0.8828
0.9453
0.8125
0.8906
0.8750
0.8906
0.8750
0.8750
0.9219
0.8828
0.8672
0.9453
0.9297
0.8594
0.8750
0.8438
0.8984
0.9219
0.8516
0.8984
0.8594
0.8906
0.9141
0.8281
0.9219
0.8438
0.8984
0.8750
0.8516
0.8828
0.9141
0.9062
0.9141
0.8984
0.9062
0.8750
0.8828
0.8984
0.8750
0.9219
0.8828
0.8906
0.8906
0.8828
0.9062
0.9453
0.9141
0.9062
0.8906
0.9297
0.8750
0.8984
0.9141
0.8516
0.8672
0.8750
0.8984
0.9141
0.8750
0.8906
0.9297
0.8672
0.9141
0.9141
0.9297
0.8906
0.9219
0.8594
0.8984
0.9375
0.8828
0.8984
0.8281
0.9062
0.8828
0.8984
0.8672
0.8828
0.8828
0.8594
0.9219
0.9219
0.8750
0.9062
0.9219
0.8984
0.8984
0.9375
0.8750
0.9062
0.8516
0.9062
0.8750
0.8203
0.9062
0.8750
0.9062
0.8750
0.8906
0.9062
0.9062
0.8828
0.8984
0.8906
0.8828
0.8906
0.8984
0.8906
0.9219
0.8594
0.8906
0.8750
0.8906
0.9141
0.9219
0.8750
0.9062
0.8438
0.8594
0.8672
0.9219
0.8828
0.8828
0.9141
0.8750
0.8828
0.8984
0.8594
0.8906
0.9141
0.9062
0.8906
0.8906
0.8906
0.9062
0.8828
0.8750
0.9219
0.8906
0.9141
0.9375
0.8828
0.8516
0.9062
0.8984
0.8906
0.9062
0.8828
0.8828
0.8516
0.8672
0.8828
0.8828
0.9219
0.9219
0.8594
0.9297
0.8906
0.9062
0.8828
0.8828
0.8906
0.9141
0.8984
0.9297
0.9219
0.8438
0.8281
0.8750
0.8828
0.9062
0.8906
0.9141
0.8828
0.8984
0.9062
0.9219
0.8594
0.8828
0.9297
0.8750
0.8750
0.9375
0.9219
0.9141
0.8906
0.8984
0.8750
0.8906
0.8828
0.8828
0.8516
0.8828
0.8906
0.8906
0.8906
0.8594
0.8906
0.9297
0.9297
0.9219
0.8750
0.9062
0.9219
0.8672
0.9453
0.9297
0.8438
0.8906
0.8438
0.9062
0.8750
0.8906
0.8594
0.9141
0.8984
0.8984
0.9141
0.8906
0.8516
0.8516
0.8984
0.8203
0.8672
0.9141
0.9062
0.8906
0.9141
0.9062
0.8594
0.9141
0.9219
0.8984
0.8906
0.8828
0.9062
0.8906
0.9141
0.8906
0.8672
0.9141
0.9219
0.8750
0.8906
0.8984
0.9141
0.8906
0.8672
0.9141
0.8828
0.9297
0.9062
0.8906
0.9453
0.8906
0.9141
0.8438
0.8984
0.9375
0.8828
0.8281
0.8906
0.8906
0.8516
0.8750
0.8516
0.8516
0.9297
0.9062
0.9062
0.9453
0.8828
0.8984
0.8906
0.9062
0.9375
