2.299865
2.299484
2.293498
2.293358
2.278383
2.273200
2.257133
2.239773
2.217580
2.204743
2.151215
2.170356
2.105237
2.085747
2.019529
1.936592
1.905579
1.845857
1.809986
1.819642
1.781227
1.786064
1.728710
1.754560
1.723997
1.707397
1.739630
1.727116
1.715439
1.735735
1.670259
1.707648
1.712051
1.713329
1.644320
1.652250
1.700252
1.721743
1.668015
1.623927
1.679554
1.610494
1.661524
1.644795
1.642583
1.677232
1.656433
1.679019
1.638721
1.678916
1.674477
1.623896
1.681710
1.655005
1.594825
1.647505
1.553405
1.611452
1.643321
1.585745
1.603558
1.620808
1.648250
1.579085
1.654786
1.631079
1.603435
1.610216
1.663422
1.555275
1.616311
1.580329
1.592891
1.598485
1.603210
1.564008
1.586541
1.595971
1.570717
1.637957
1.627792
1.629829
1.573805
1.593352
1.552804
1.596047
1.630820
1.558547
1.587544
1.589097
1.617673
1.578051
1.595457
1.584622
1.614873
1.584268
1.577495
1.634340
1.554968
1.587860
1.641978
1.611802
1.615604
1.615296
1.607935
1.574166
1.552628
1.608361
1.600589
1.579913
1.566236
1.607698
1.560508
1.550386
1.615052
1.584043
1.545760
1.599415
1.590154
1.582271
1.606133
1.567174
1.556513
1.557026
1.560958
1.609827
1.558440
1.626280
1.599279
1.563172
1.558229
1.585941
1.551517
1.583064
1.580528
1.592735
1.574236
1.541352
1.561695
1.589097
1.609839
1.569758
1.589866
1.611939
1.608397
1.556556
1.610057
1.594093
1.583142
1.578443
1.633268
1.585160
1.549292
1.529424
1.572276
1.591289
1.613574
1.609193
1.582778
1.548016
1.558252
1.572189
1.573033
1.578477
1.537379
1.561295
1.555248
1.570230
1.558146
1.661410
1.564310
1.575046
1.550583
1.588393
1.622433
1.568748
1.525922
1.604966
1.554089
1.609019
1.548270
1.580341
1.614148
1.595398
1.562786
1.603437
1.573696
1.558928
1.547578
1.615731
1.606290
1.552370
1.551497
1.566026
1.576868
1.619025
1.612205
1.565374
1.540755
1.581869
1.601096
1.576526
1.563673
1.590056
1.567872
1.599825
1.545800
1.609465
1.537344
1.557505
1.565423
1.583897
1.545530
1.548729
1.565382
1.573874
1.619693
1.569866
1.543236
1.585845
1.535480
1.560630
1.537012
1.609154
1.592724
1.533677
1.547981
1.553007
1.553820
1.541380
1.576320
1.559392
1.557934
1.634258
1.559523
1.562095
1.558103
1.555710
1.578206
1.568735
1.586737
1.572665
1.572434
1.570997
1.534925
1.539405
1.567398
1.579159
1.599467
1.542432
1.621649
1.578700
1.589449
1.533175
1.581750
1.571974
1.593058
1.576578
1.524861
1.587912
1.537308
1.577810
1.545312
1.560732
1.532193
1.552297
1.584006
1.586183
1.550164
1.561435
1.567761
1.542708
1.572850
1.565914
1.594986
1.538242
1.579911
1.546295
1.577227
1.559825
1.575492
1.566479
1.573535
1.587758
1.578194
1.530922
1.569818
1.562736
1.593735
1.557762
1.583572
1.585678
1.548176
1.577614
1.557311
1.558058
1.568624
1.542517
1.569069
1.535082
1.548487
1.555252
1.570911
1.582970
1.581212
1.587359
1.549050
1.538646
1.547509
1.555267
1.544927
1.606442
1.579148
1.586835
1.582029
1.580172
1.545632
1.547173
1.563472
1.545285
1.561152
1.570141
1.560214
1.553613
1.534665
1.606560
1.563409
1.600089
1.537447
1.559099
1.551547
1.532868
1.547449
1.571370
1.556634
1.603999
1.554526
1.548900
1.567152
1.570053
1.569239
1.518592
1.588516
1.554754
1.575057
1.534485
1.537756
1.534238
1.539832
1.560339
1.600959
1.547536
1.583178
1.574365
1.561694
1.534536
1.534190
1.553507
1.552078
1.563507
1.593131
1.527960
1.591218
1.568195
1.563660
1.588531
1.539649
1.573133
1.548524
1.537466
1.545346
1.561724
1.540655
1.566114
1.556397
1.606730
1.589866
1.571911
1.584604
1.544824
1.527030
1.558865
1.547990
1.523199
1.532874
1.563636
1.537154
1.571650
1.556058
1.539657
1.604156
1.566651
1.599872
1.586620
1.534267
1.605528
1.536155
1.562743
1.551591
1.581161
1.560450
1.594729
1.537566
1.536227
1.541449
1.545122
1.563301
1.533243
1.589565
1.549277
1.599612
1.532587
1.574414
1.551492
1.546856
1.550352
1.590323
1.554625
1.533307
1.540890
1.633185
1.596313
1.545853
1.586402
1.611509
1.552665
1.507003
1.568424
1.575325
1.544736
1.547751
1.515861
1.598159
1.555397
1.539505
1.574528
1.570401
1.532637
1.505626
1.579067
1.585979
1.517438
1.560184
1.527611
1.518254
1.564130
1.542268
1.572537
1.588964
1.567788
1.612104
1.588168
1.531507
1.546172
1.517288
1.514110
1.575396
1.581908
1.567627
1.514141
1.523731
1.579867
1.519933
1.582195
1.548974
1.566475
1.545889
1.529050
1.515651
1.526629
1.581958
1.552749
1.531631
1.619634
1.596629
1.569647
1.577250
1.515564
1.572586
1.552674
1.538270
1.559108
1.582341
1.593210
1.583181
1.580765
1.534370
1.537665
1.550102
1.507583
1.568347
1.579491
1.529796
1.525084
1.524599
1.563780
1.518637
1.523698
1.565098
1.555210
