2.309309
2.307059
2.296452
2.303452
2.303576
2.296879
2.305682
2.314030
2.259942
2.308545
2.331822
2.323196
2.285684
2.233398
2.296665
2.502527
2.598390
2.228134
1.918845
1.804633
1.807296
1.833229
1.863426
1.906765
1.920583
1.939673
2.121901
2.227531
2.203718
2.087970
1.907776
1.740730
1.684049
1.715778
1.790816
1.838081
1.870160
1.910377
1.886646
1.879684
1.803373
1.798428
1.757599
1.748536
1.770230
1.770617
1.797986
1.758740
1.772605
1.766818
1.719402
1.752444
1.718593
1.757823
1.797285
1.755117
1.785591
1.790747
1.734120
1.748944
1.719651
1.719918
1.718908
1.731302
1.713680
1.748377
1.738809
1.702488
1.736915
1.705357
1.692018
1.721392
1.697833
1.702909
1.681881
1.730440
1.673250
1.715344
1.759289
1.734529
1.738423
1.747527
1.706412
1.729532
1.687999
1.695981
1.680160
1.710439
1.679905
1.680491
1.676185
1.677410
1.707249
1.670694
1.679488
1.691031
1.681039
1.660182
1.679864
1.732196
1.717721
1.699385
1.743470
1.716189
1.712756
1.741810
1.696770
1.668689
1.635996
1.638747
1.638839
1.638314
1.653609
1.677308
1.637506
1.629290
1.600104
1.626842
1.652305
1.609458
1.628945
1.617989
1.628231
1.636298
1.633957
1.618020
1.615450
1.628530
1.601170
1.624152
1.630331
1.598442
1.628921
1.610582
1.611636
1.670605
1.607747
1.644079
1.616401
1.635661
1.650646
1.646452
1.617387
1.629593
1.642984
1.633003
1.651694
1.684746
1.658917
1.633676
1.624395
1.626247
1.617027
1.622282
1.628063
1.613225
1.583009
1.589831
1.582773
1.570746
1.557068
1.559851
1.570126
1.586128
1.577652
1.585282
1.631990
1.577723
1.587265
1.606582
1.564025
1.595117
1.560921
1.578449
1.597991
1.610081
1.606154
1.611659
1.630140
1.615334
1.650517
1.694614
1.720467
1.845160
1.969005
2.133986
2.345933
2.406632
2.436724
2.435416
2.434139
2.432271
2.431801
2.439572
2.446038
2.439392
2.403375
2.407371
2.390962
2.361263
2.301918
2.117052
1.915280
1.702006
1.648999
1.647098
1.620417
1.599855
1.579427
1.566023
1.586690
1.535133
1.513076
1.510550
1.511916
1.501260
1.522084
1.517934
1.526326
1.579237
1.545333
1.579015
1.557404
1.614711
1.541481
1.611907
1.669740
1.656777
1.676373
1.795748
2.103850
2.338643
2.442819
2.467312
2.469807
2.463339
2.467264
2.476562
2.476791
2.480824
2.481380
2.476294
2.453741
2.438233
2.406358
2.384813
2.367824
2.343294
2.335160
2.313594
2.296494
2.220645
2.214259
2.214364
2.249208
2.285376
2.323714
2.323944
2.365998
2.377607
2.369197
2.399546
2.395861
2.412228
2.406656
2.419670
2.419706
2.424749
2.427089
2.464275
2.466685
2.474280
2.466176
2.478905
2.467544
2.469707
2.476396
2.475515
2.468307
2.446516
2.426823
2.399597
2.360712
2.326760
2.317489
2.235959
2.166124
2.035995
1.766103
1.667008
1.590014
1.561607
1.526482
1.533959
1.517021
1.527614
1.532333
1.496617
1.487188
1.506982
1.514859
1.539920
1.500369
1.505009
1.518390
1.544966
1.547309
1.553469
1.574039
1.554829
1.573262
1.593781
1.570146
1.659322
1.668885
1.677184
1.757584
1.842383
2.005864
2.218862
2.351243
2.414762
2.451543
2.452367
2.453937
2.465058
2.459079
2.458316
2.467947
2.461336
2.455904
2.432725
2.381834
2.193123
1.938237
1.904949
1.865983
1.833938
1.901084
1.927453
1.952544
2.111221
2.114305
2.225776
2.369135
2.423413
2.451955
2.464450
2.456084
2.445583
2.459810
2.472000
2.471924
2.474598
2.488656
2.469937
2.487996
2.494374
2.491818
2.502341
2.502028
2.504690
2.499795
2.505893
2.504010
2.506422
2.506052
2.470659
2.462632
2.430020
2.414349
2.407418
2.385547
2.383201
2.371949
2.359349
2.357192
2.348593
2.356375
2.353735
2.336443
2.340874
2.347096
2.335204
2.346747
2.350306
2.345187
2.339168
2.345201
2.338088
2.340745
2.337029
2.343538
2.346353
2.348318
2.339978
2.338593
2.344624
2.338814
2.330390
2.339307
2.336251
2.339905
2.331291
2.338960
2.331988
2.337709
2.340276
2.339900
2.338725
2.336635
2.331859
2.336111
2.339247
2.336730
2.332867
2.331527
2.335435
2.342062
2.330079
2.336499
2.337602
2.332022
2.339102
2.326725
2.333470
2.338267
2.332758
2.333599
2.328954
2.327152
2.336927
2.340390
2.336943
2.336298
2.339472
2.330373
2.336375
2.332941
2.334359
2.327546
2.343664
2.339365
2.330424
2.338140
2.333796
2.334906
2.330524
2.333122
2.334553
2.328443
2.336672
2.336076
2.334090
2.330796
2.332002
2.336183
2.328555
2.339217
2.329630
2.332407
2.338149
2.328943
2.330373
2.329310
2.335701
2.333891
2.334852
2.323130
2.324948
2.325669
2.318121
2.312595
2.310078
2.316324
2.315054
2.298114
2.298972
2.287493
2.285987
2.298809
2.320439
2.324072
2.340333
2.348369
2.362181
2.363033
2.359250
2.375435
2.379573
2.380229
2.392174
2.394293
2.399668
2.400745
2.402414
2.400546
2.392842
2.392626
2.402686
