2.305713
2.306849
2.303025
2.299461
2.302941
2.302341
2.299948
2.302668
2.304948
2.304249
2.297150
2.296650
2.292657
2.284712
2.288632
2.280507
2.255880
2.250910
2.256216
2.220257
2.219423
2.218287
2.229664
2.190768
2.194352
2.184506
2.161354
2.149420
2.115027
2.086651
2.061775
2.005750
2.007196
1.970744
2.028348
1.957735
1.937753
1.953846
1.882126
1.842343
1.856331
1.848389
1.864590
1.808782
1.808248
1.838353
1.785100
1.784944
1.784433
1.803903
1.819198
1.830067
1.787709
1.781869
1.755797
1.765498
1.755233
1.772218
1.686221
1.726385
1.715662
1.705189
1.724113
1.715812
1.741845
1.730667
1.771713
1.762938
1.710640
1.733220
1.696636
1.708997
1.695277
1.689066
1.704125
1.674780
1.706201
1.691031
1.660559
1.655533
1.679248
1.724023
1.687646
1.707577
1.668328
1.658656
1.689157
1.677125
1.686121
1.682075
1.687539
1.663182
1.659463
1.692139
1.670453
1.693790
1.660598
1.620662
1.677916
1.680896
1.689068
1.640136
1.656861
1.677831
1.660538
1.636256
1.654136
1.657430
1.660333
1.633742
1.677402
1.642336
1.674761
1.647021
1.647568
1.637119
1.671746
1.642354
1.641764
1.658502
1.655930
1.668101
1.649143
1.655955
1.626857
1.679330
1.642950
1.653710
1.623815
1.605846
1.628446
1.614485
1.648813
1.634560
1.646365
1.607966
1.639881
1.614394
1.646090
1.626693
1.633373
1.627676
1.625022
1.633310
1.645211
1.643947
1.673303
1.615578
1.636810
1.588844
1.586878
1.650626
1.619045
1.637697
1.623447
1.607853
1.614821
1.616675
1.598334
1.610574
1.607239
1.590370
1.615487
1.626699
1.602619
1.614715
1.666958
1.632442
1.617906
1.631764
1.661998
1.640213
1.615212
1.611499
1.640741
1.620566
1.594801
1.609919
1.623241
1.609503
1.601161
1.588113
1.604603
1.604370
1.597318
1.626439
1.618158
1.579046
1.613062
1.601733
1.637701
1.604491
1.603710
1.613893
1.620130
1.634543
1.576148
1.601094
1.615350
1.618960
1.604879
1.583351
1.593161
1.618308
1.571590
1.609639
1.574489
1.588163
1.612471
1.589934
1.585304
1.585616
1.604901
1.616068
1.590940
1.613878
1.623218
1.594555
1.607221
1.604344
1.594864
1.607479
1.607516
1.589205
1.583232
1.576420
1.583242
1.593521
1.584751
1.599236
1.569109
1.609533
1.579759
1.576126
1.614963
1.570598
1.603845
1.564570
1.594160
1.591875
1.601849
1.578637
1.602525
1.567749
1.568590
1.567264
1.560095
1.578206
1.600840
1.577682
1.595114
1.595379
1.605736
1.561580
1.571035
1.571954
1.579570
1.621843
1.589766
1.563005
1.596293
1.575446
1.570981
1.548573
1.572302
1.585830
1.581615
1.566566
1.562757
1.579735
1.575873
1.577695
1.551230
1.581522
1.559153
1.575975
1.580535
1.606022
1.568953
1.580438
1.542154
1.582853
1.563698
1.586816
1.580427
1.552718
1.573677
1.612281
1.563078
1.609447
1.542245
1.579345
1.563286
1.554208
1.561225
1.555046
1.572121
1.579394
1.548324
1.583632
1.571040
1.553493
1.579931
1.584539
1.559517
1.573422
1.575719
1.567588
1.584553
1.581192
1.569003
1.586095
1.553834
1.549700
1.548594
1.575160
1.569436
1.579151
1.574113
1.559375
1.570313
1.563002
1.551097
1.558266
1.592802
1.559995
1.566824
1.569787
1.558756
1.547308
1.544914
1.551127
1.553380
1.530495
1.532297
1.553272
1.525297
1.556531
1.584071
1.556273
1.567643
1.528423
1.591098
1.570881
1.582230
1.541263
1.550786
1.579807
1.540854
1.561045
1.559904
1.555413
1.565049
1.553489
1.535083
1.565762
1.539356
1.536002
1.544842
1.558001
1.537948
1.548880
1.551516
1.549879
1.555409
1.571515
1.545272
1.539110
1.559505
1.544802
1.526988
1.553422
1.529350
1.579623
1.562944
1.555378
1.552359
1.585040
1.539307
1.534658
1.531204
1.556647
1.575550
1.575913
1.556139
1.547040
1.568581
1.560728
1.558532
1.540708
1.545778
1.546477
1.556824
1.551360
1.559104
1.552315
1.531888
1.544133
1.549376
1.567621
1.544499
1.517873
1.560019
1.539696
1.538975
1.575016
1.536091
1.539723
1.547342
1.537168
1.527511
1.538194
1.535012
1.550039
1.527289
1.553311
1.537310
1.543679
1.561126
1.537106
1.560632
1.526139
1.546701
1.522986
1.562752
1.518005
1.547018
1.563468
1.545573
1.545706
1.589806
1.552345
1.515215
1.519854
1.555872
1.535612
1.531394
1.537517
1.543508
1.552704
1.513007
1.545788
1.540407
1.553645
1.524352
1.526122
1.523322
1.546963
1.531484
1.565940
1.564412
1.570722
1.545974
1.523275
1.543180
1.563771
1.542002
1.533967
1.524435
1.558150
1.549111
1.530479
1.522595
1.552802
1.526409
1.535424
1.534146
1.535574
1.535177
1.554988
1.530034
1.539811
1.538337
1.537394
1.524150
1.525799
1.540251
1.536412
1.544388
1.519527
1.544671
1.553394
1.529951
1.525386
1.543852
1.538249
1.529280
1.532061
1.526545
1.547945
1.560173
1.525941
1.543775
1.551689
1.518301
1.555288
1.538617
1.523214
1.547709
1.537961
