2.251746
2.246634
2.247570
2.239368
2.227799
2.222044
2.209409
2.198866
2.186100
2.172339
2.163276
2.142763
2.133940
2.120283
2.109283
2.084017
2.069879
2.045080
2.028648
2.013510
1.985152
1.969812
1.952308
1.934730
1.913937
1.877310
1.877861
1.868366
1.826100
1.808691
1.745714
1.710977
1.719090
1.685989
1.665362
1.588401
1.532178
1.495178
1.461456
1.323356
1.261054
1.203313
1.130998
1.016689
1.007604
0.928595
0.852247
0.877785
0.788788
0.743497
0.565325
0.588350
0.523683
0.435612
0.409228
0.521930
4.736437
7.730506
4.434239
0.432244
0.479576
1.738750
2.026212
2.020576
1.971005
1.928248
1.923423
1.937833
1.994493
2.040778
2.073392
2.097045
2.107774
2.105158
2.095256
2.099583
2.102980
2.101843
2.110576
2.110105
2.105170
2.108458
2.094227
2.091634
2.092822
2.094843
2.094054
2.096820
2.102704
2.092139
2.093212
2.078289
2.063900
1.973889
1.773095
1.687934
1.742334
1.895456
1.979580
2.002664
1.984572
1.970424
1.933624
1.910092
1.903347
1.884569
1.866745
1.854521
1.838282
1.846118
1.793980
1.772711
1.776829
1.742557
1.708761
1.661166
1.686924
1.602094
1.617843
1.607059
1.579483
1.597169
1.549000
1.552971
1.499401
1.533473
1.481066
1.459829
1.410841
1.351963
1.337610
1.343512
1.292620
1.287150
1.221279
1.290764
1.166964
1.040632
1.027154
1.056430
1.034007
1.056714
0.985733
0.979514
0.972446
0.912399
0.993660
0.787242
0.816049
0.770433
0.696722
0.910828
0.782646
0.686992
0.758186
0.570649
0.506025
0.581605
0.679322
0.570357
0.475671
0.553238
0.564231
0.427567
0.219908
0.647924
0.452588
0.208111
0.692817
0.413234
0.495490
0.678022
0.191940
15.023431
0.240593
0.046892
2.543801
17.520048
14.694353
3.788485
0.859297
0.704806
1.298653
3.147396
1.924949
0.955629
0.555948
0.444033
0.422335
0.585977
0.644128
0.641411
0.662053
0.756458
1.084018
0.963281
1.342117
2.658328
2.252700
3.035373
2.171551
0.723332
0.092443
1.882868
1.550236
4.008010
3.298771
27.040207
25.901146
89.926727
586.583496
143.755615
6.061100
2.488367
2.452212
2.210772
2.403596
2.133017
2.323959
2.495485
2.432494
2.423263
2.411501
2.390733
2.346301
2.403646
2.403919
2.417151
2.384022
2.368104
2.356557
2.316480
2.351093
2.340846
2.327207
2.276536
2.304234
2.260811
2.288043
2.251988
2.238626
2.239097
2.222925
2.225581
2.198601
2.192773
2.191122
2.175725
2.174783
2.149943
2.135235
2.144185
2.141102
2.120657
2.087192
2.081400
2.110012
2.052990
2.057743
2.049104
2.042689
2.026632
2.000792
2.011801
1.986924
1.994298
2.019760
1.994558
2.028735
2.016465
2.014302
1.995247
1.979943
1.950074
1.937033
1.905884
1.896280
1.873267
1.881372
1.862582
1.855418
1.930572
1.879091
1.888391
1.904866
1.853575
1.866914
1.875502
1.832589
1.843764
1.851155
1.837769
1.868731
1.898738
1.878178
1.817948
1.810274
1.819308
1.776995
1.759731
1.786591
1.849232
1.794549
1.774540
1.753303
1.754648
1.755124
1.802546
1.772358
1.693239
1.722582
1.765310
1.736532
1.692768
1.727602
1.697643
1.735430
1.705759
1.653341
1.680638
1.665610
1.701055
1.722236
1.638625
1.641834
1.707632
1.659624
1.670132
1.684286
1.625565
1.631895
1.572785
1.592858
1.576532
1.560190
1.456181
1.564144
1.529734
1.461156
1.452662
1.432194
1.503059
1.471853
1.497227
1.477288
1.503827
1.462307
1.437137
1.355304
1.375818
1.469709
1.357309
1.362092
1.438805
1.350791
1.335791
1.257057
1.225819
1.206571
1.118448
1.210976
1.226092
1.280559
1.249910
1.234369
1.219149
1.173241
1.070985
1.080845
1.049110
1.071113
1.013470
1.056206
1.033925
1.012052
0.931890
0.989276
0.914729
0.838522
0.797041
0.886645
0.909471
0.877612
0.742525
0.764754
0.783574
0.752411
0.739329
0.605530
0.588765
0.682702
0.622491
0.668354
0.569758
0.441507
0.411212
0.479812
0.389066
0.473540
0.389351
0.464766
0.472498
0.561079
0.288764
0.645453
0.420211
0.338943
0.836256
0.378446
0.519110
0.615667
0.147245
0.438345
0.285581
0.253701
0.417883
0.323826
0.359150
0.254765
5.172499
0.052614
6.519699
15.506271
19.181555
12.191385
5.986831
1.986865
0.931221
0.683131
0.733154
0.903484
1.189337
1.428436
1.704765
1.917035
2.043239
2.262154
2.184374
2.238033
2.220467
2.099053
2.081295
1.926888
1.833018
1.747525
1.645567
1.590786
1.511360
1.439489
1.280482
1.267863
1.084013
1.106708
0.915683
0.943333
0.882419
0.865157
0.855892
0.832455
0.811896
0.677405
0.663653
0.812319
0.585466
0.548137
0.691288
0.605781
0.600267
0.783117
0.554610
0.475102
0.506094
0.447057
0.698490
0.457537
0.452223
0.430931
0.457318
0.458490
0.473822
0.608974
0.481445
0.489319
0.520629
0.372620
0.614316
0.426410
0.517813
0.542493
0.444452
0.374112
0.646796
0.429377
0.585929
0.410564
0.411776
0.729967
0.879640
0.509901
0.913214
