2.307034
2.300706
2.298983
2.289282
2.291986
2.285001
2.265301
2.250674
2.249878
2.158888
2.157155
2.113090
2.005455
2.005848
2.035259
1.974527
1.898188
1.873231
1.847317
1.816443
1.881826
1.862609
1.817737
1.827961
1.785653
1.749044
1.785904
1.772126
1.768354
1.687583
1.669847
1.743178
1.700164
1.698893
1.673923
1.679976
1.641902
1.673373
1.657937
1.660274
1.623042
1.686841
1.629586
1.641547
1.636899
1.651796
1.743646
1.621035
1.645592
1.655621
1.623864
1.632666
1.619574
1.604783
1.633911
1.695176
1.609482
1.666603
1.626099
1.576595
1.601899
1.632011
1.610953
1.647398
1.634425
1.612635
1.598032
1.640742
1.587402
1.643342
1.639230
1.605883
1.611411
1.595119
1.593395
1.613555
1.583054
1.598036
1.582812
1.576972
1.551073
1.560570
1.549334
1.546454
1.556802
1.566486
1.535585
1.552103
1.575271
1.559255
1.541027
1.549608
1.508564
1.521998
1.557822
1.543947
1.536500
1.526198
1.521144
1.543745
1.519530
1.526319
1.509055
1.521617
1.532331
1.541060
1.536464
1.528978
1.552075
1.536744
1.521175
1.511936
1.533359
1.514086
1.515797
1.513932
1.519010
1.521796
1.501782
1.516585
1.513063
1.507479
1.516186
1.525892
1.530748
1.525381
1.518591
1.506930
1.522735
1.504682
1.519587
1.491800
1.506766
1.506676
1.501943
1.516917
1.520391
1.532201
1.525582
1.502640
1.512804
1.505233
1.508629
1.516151
1.533217
1.510461
1.541616
1.511705
1.506524
1.517214
1.533391
1.504008
1.496396
1.498210
1.501627
1.508981
1.489273
1.510125
1.540461
1.503123
1.486187
1.506427
1.496684
1.502172
1.499976
1.483439
1.499657
1.499385
1.495368
1.495890
1.495124
1.491718
1.510115
1.489703
1.508918
1.522065
1.514010
1.502970
1.514268
1.496159
1.492841
1.514160
1.514728
1.502250
1.501716
1.498053
1.501665
1.488805
1.481619
1.495610
1.508801
1.494693
1.484152
1.517324
1.500898
1.500348
1.504870
1.484528
1.512614
1.489730
1.508577
1.488125
1.513638
1.496802
1.489601
1.512921
1.497150
1.500821
1.486177
1.501470
1.502265
1.509930
1.494365
1.479434
1.500041
1.515366
1.495311
1.475042
1.489589
1.510123
1.489572
1.488869
1.495434
1.508076
1.488854
1.502217
1.495730
1.492566
1.478567
1.523152
1.496981
1.490349
1.493403
1.501792
1.497001
1.489315
1.497399
1.497353
1.484583
1.519441
1.492675
1.514380
1.504805
1.487372
1.494208
1.481874
1.493168
1.497565
1.491589
1.490512
1.493132
1.495651
1.487780
1.513906
1.495938
1.492601
1.486928
1.483644
1.484840
1.502444
1.477625
1.488582
1.499092
1.478310
1.496178
1.488614
1.508299
1.495381
1.480418
1.511389
1.480174
1.482173
1.487644
1.478953
1.492992
1.479621
1.485442
1.488222
1.498037
1.491477
1.493878
1.497875
1.503968
1.486563
1.491949
1.500403
1.480191
1.476117
1.498141
1.482554
1.488514
1.483632
1.493902
1.485886
1.481128
1.491822
1.497640
1.508579
1.496636
1.487973
1.483299
1.473734
1.478506
1.487321
1.490956
1.490569
1.485724
1.471117
1.496468
1.496098
1.481382
1.489381
1.490317
1.501466
1.484862
1.488281
1.481320
1.482042
1.490718
1.481617
1.473718
1.498968
1.485654
1.499995
1.499885
1.485240
1.493815
1.472805
1.487962
1.481006
1.493529
1.488111
1.477680
1.491383
1.470329
1.482441
1.481536
1.482600
1.477840
1.495712
1.486792
1.475611
1.485030
1.478416
1.486235
1.496857
1.484285
1.486737
1.485710
1.488421
1.499970
1.486344
1.478242
1.483902
1.485079
1.489548
1.491234
1.485426
1.484581
1.504676
1.495109
1.479911
1.491884
1.477846
1.486519
1.474237
1.481715
1.484525
1.486784
1.490605
1.482162
1.494153
1.489663
1.493387
1.494874
1.494134
1.482017
1.477775
1.474345
1.476183
1.477194
1.488201
1.474352
1.489004
1.473136
1.493985
1.488701
1.493387
1.490118
1.479539
1.483705
1.507115
1.486026
1.474519
1.500909
1.466816
1.490960
1.472059
1.484087
1.479076
1.486513
1.481950
1.487352
1.485402
1.475762
1.472847
1.472560
1.475875
1.474215
1.477333
1.486842
1.472643
1.486027
1.481411
1.491438
1.484169
1.483089
1.483172
1.466975
1.472270
1.478383
1.472809
1.473189
1.508282
1.491470
1.474254
1.487265
1.477886
1.492680
1.480317
1.494047
1.481164
1.476729
1.490651
1.485707
1.473595
1.475739
1.492994
1.491943
1.492085
1.486663
1.481432
1.485656
1.472418
1.474386
1.479689
1.480567
1.468304
1.471600
1.474025
1.486609
1.477040
1.481391
1.485907
1.497659
1.474680
1.484454
1.477557
1.475230
1.473752
1.492084
1.476988
1.482162
1.480116
1.472450
1.479527
1.482173
1.482795
1.483658
1.471721
1.473098
1.491578
1.479132
1.478729
1.490338
1.479417
1.476258
1.488192
1.474488
1.483254
1.478184
1.475589
1.482097
1.477137
1.490154
1.473845
1.477182
1.476963
1.479149
1.482469
1.475037
1.496291
1.483454
1.468636
1.472257
1.482962
1.476699
1.496406
1.483935
1.482391
