2.305236
2.300425
2.299135
2.290702
2.285874
2.276824
2.253410
2.272066
2.230808
2.189316
2.141351
2.108482
2.091594
2.023637
1.983271
1.890253
1.923112
1.908163
1.908083
1.874624
1.837592
1.807103
1.845309
1.782773
1.775387
1.770640
1.807880
1.726064
1.717046
1.740552
1.681026
1.724289
1.674235
1.645704
1.664607
1.659073
1.661541
1.645872
1.678275
1.689232
1.645721
1.712173
1.645317
1.703344
1.605776
1.692116
1.679796
1.698829
1.591916
1.619321
1.607978
1.614218
1.625909
1.685534
1.636249
1.618366
1.646069
1.637534
1.656546
1.589881
1.655035
1.636832
1.612658
1.611544
1.603772
1.603540
1.591325
1.636722
1.643059
1.626520
1.623106
1.672050
1.621071
1.586776
1.616383
1.602768
1.556584
1.607804
1.576575
1.571020
1.557568
1.558460
1.544524
1.541566
1.538356
1.524704
1.555545
1.543173
1.543015
1.546338
1.522496
1.563028
1.520290
1.530463
1.527123
1.584194
1.521109
1.553370
1.524365
1.542560
1.513551
1.511043
1.516677
1.528713
1.544332
1.559674
1.523692
1.523292
1.511874
1.505138
1.492641
1.517599
1.499160
1.503634
1.502482
1.505481
1.510792
1.551179
1.514542
1.523352
1.516932
1.540542
1.491017
1.535878
1.520432
1.527048
1.508411
1.492544
1.500479
1.511717
1.491282
1.491423
1.517693
1.510121
1.522787
1.505560
1.481395
1.508128
1.500209
1.495801
1.499767
1.510065
1.516156
1.532019
1.492813
1.510987
1.489551
1.508817
1.509423
1.508954
1.505449
1.506459
1.516554
1.483382
1.527252
1.493471
1.516023
1.502780
1.503505
1.482158
1.504591
1.504723
1.509860
1.494139
1.496977
1.507939
1.486692
1.511696
1.502651
1.493573
1.498362
1.517791
1.487589
1.508996
1.502938
1.503641
1.487021
1.491595
1.488699
1.501411
1.512599
1.488852
1.488442
1.501246
1.493389
1.495942
1.508557
1.504496
1.495061
1.478416
1.498636
1.504470
1.497607
1.494739
1.492982
1.480902
1.485698
1.495199
1.511651
1.479267
1.493018
1.483619
1.495719
1.501652
1.508358
1.490658
1.508080
1.499425
1.497337
1.497532
1.497753
1.489139
1.497933
1.490352
1.502923
1.479820
1.498014
1.498364
1.489437
1.501817
1.478035
1.507874
1.483186
1.487666
1.476866
1.494636
1.495815
1.502317
1.482698
1.484205
1.511478
1.480953
1.483952
1.486385
1.484174
1.481138
1.489321
1.498331
1.500104
1.533837
1.494546
1.484795
1.501594
1.499901
1.483687
1.492944
1.490930
1.501742
1.482946
1.478785
1.493984
1.496216
1.486449
1.502119
1.490585
1.492268
1.484615
1.490431
1.492007
1.483344
1.479952
1.480234
1.483999
1.495972
1.493344
1.490061
1.479853
1.484438
1.473554
1.473358
1.482597
1.492346
1.503811
1.486185
1.492269
1.496773
1.480408
1.477625
1.484241
1.485923
1.493561
1.500252
1.486630
1.481138
1.497632
1.500965
1.491755
1.498264
1.476754
1.489323
1.494443
1.502200
1.488399
1.475695
1.490761
1.496019
1.483719
1.502605
1.502793
1.472721
1.478592
1.486446
1.482049
1.487055
1.484266
1.488598
1.481182
1.473976
1.478366
1.492367
1.482408
1.504467
1.484990
1.476471
1.473347
1.482186
1.498699
1.495328
1.482621
1.476034
1.483682
1.489100
1.504070
1.476238
1.487447
1.472240
1.478165
1.475910
1.491286
1.478231
1.472579
1.502030
1.490961
1.501066
1.472079
1.469455
1.487851
1.471675
1.479617
1.483439
1.485034
1.488818
1.489982
1.484986
1.470228
1.470571
1.490384
1.492984
1.489687
1.479678
1.475222
1.493453
1.487262
1.491629
1.471144
1.471719
1.495948
1.490107
1.489524
1.476683
1.472378
1.476433
1.489542
1.479019
1.486783
1.480173
1.505871
1.478943
1.488404
1.489783
1.472186
1.496175
1.485008
1.495812
1.483706
1.471909
1.484840
1.476511
1.478118
1.482762
1.480020
1.477937
1.474776
1.469434
1.469536
1.481716
1.490731
1.480126
1.481887
1.482455
1.480451
1.479483
1.468888
1.479509
1.485162
1.498492
1.469835
1.481782
1.478903
1.489828
1.510192
1.481804
1.501295
1.486827
1.478227
1.469282
1.471756
1.466251
1.475411
1.477048
1.468862
1.484776
1.487147
1.489075
1.474378
1.480495
1.478769
1.480349
1.479604
1.479081
1.481567
1.484729
1.466522
1.481764
1.473386
1.484570
1.490476
1.477530
1.471199
1.504837
1.476367
1.496762
1.487010
1.479089
1.468822
1.507398
1.469959
1.486320
1.479103
1.479030
1.485098
1.474542
1.470713
1.479737
1.470482
1.475986
1.474295
1.478467
1.493455
1.467886
1.496373
1.481303
1.483411
1.484309
1.481029
1.469911
1.484685
1.490541
1.503391
1.480448
1.479431
1.487325
1.471364
1.467740
1.469752
1.491956
1.487723
1.471715
1.486518
1.475525
1.485474
1.482456
1.467166
1.467731
1.471160
1.475576
1.474141
1.473282
1.476797
1.468824
1.481068
1.491176
1.483395
1.469393
1.479478
1.485000
1.487637
1.469641
1.475238
1.478695
1.476481
1.475473
1.478950
1.488907
1.481490
1.470171
1.493983
1.479879
1.471166
1.470897
