2.300830
2.295588
2.287919
2.290354
2.272430
2.266068
2.244701
2.248151
2.228812
2.264958
2.273755
2.269066
2.266698
2.279152
2.265967
2.288334
2.288628
2.290796
2.284010
2.274075
2.275890
2.275145
2.282877
2.271895
2.262721
2.257491
2.248773
2.252778
2.256913
2.265349
2.254051
2.249717
2.248839
2.245028
2.238534
2.227053
2.230256
2.217181
2.221491
2.186340
2.163565
2.134591
2.144561
2.132882
2.124780
2.133546
2.189517
2.188729
2.149837
2.118987
2.099843
2.065046
2.036510
2.014376
2.013376
1.995487
2.022621
2.032146
2.019255
1.995821
1.985473
1.971492
1.958583
2.007085
1.969961
1.930024
1.910896
1.914450
1.898301
1.905709
1.876453
1.862062
1.854972
1.824618
1.814527
1.819599
1.816645
1.820264
1.794135
1.837308
1.765749
1.770445
1.797234
1.789319
1.823269
1.789930
1.777708
1.759024
1.770054
1.765888
1.727559
1.714182
1.746451
1.743052
1.770052
1.736833
1.740894
1.755493
1.768508
1.780325
1.727277
1.736740
1.762301
1.719633
1.709187
1.783839
1.694847
1.696748
1.707039
1.718126
1.764248
1.737662
1.708104
1.741395
1.686376
1.696945
1.678694
1.681380
1.689659
1.661133
1.721299
1.721146
1.704874
1.687151
1.698672
1.692515
1.706923
1.657092
1.686656
1.645840
1.702903
1.727327
1.687427
1.672130
1.674113
1.679839
1.685499
1.667792
1.672916
1.680483
1.651531
1.684225
1.669521
1.657649
1.667363
1.667760
1.677514
1.688767
1.684162
1.671400
1.658833
1.643776
1.654742
1.662544
1.652893
1.660115
1.666853
1.658027
1.660124
1.658461
1.673594
1.660219
1.644747
1.663954
1.637895
1.673043
1.654743
1.677613
1.642532
1.660034
1.650830
1.649085
1.618151
1.673819
1.654107
1.641044
1.639924
1.652744
1.642192
1.647364
1.650113
1.624421
1.637389
1.638579
1.649247
1.625549
1.650362
1.633316
1.663455
1.684860
1.626139
1.663389
1.646552
1.657095
1.631036
1.635030
1.680510
1.637854
1.628123
1.654943
1.621965
1.659882
1.656006
1.649042
1.644318
1.626335
1.636662
1.626346
1.644985
1.626833
1.645178
1.622754
1.626924
1.630330
1.624603
1.645499
1.638708
1.644857
1.607687
1.619794
1.634049
1.653719
1.612581
1.630162
1.603756
1.642737
1.629522
1.651038
1.627259
1.633671
1.657913
1.624335
1.628048
1.607226
1.634018
1.623192
1.645610
1.619046
1.671796
1.624766
1.632579
1.617535
1.638091
1.633511
1.628437
1.616288
1.629972
1.615019
1.626236
1.621087
1.636894
1.625723
1.654063
1.617406
1.614800
1.618101
1.617018
1.629983
1.609159
1.612147
1.626303
1.616447
1.612726
1.626167
1.616433
1.630016
1.643866
1.610837
1.611202
1.609581
1.615841
1.614108
1.602551
1.628700
1.631402
1.614849
1.610361
1.618383
1.626587
1.611835
1.622243
1.629599
1.623343
1.639151
1.605124
1.628036
1.624276
1.612037
1.618333
1.611515
1.623467
1.602718
1.616255
1.615019
1.624798
1.634171
1.624493
1.620427
1.629321
1.630394
1.629243
1.613715
1.628286
1.635123
1.635647
1.644063
1.667472
1.621417
1.620140
1.627282
1.627219
1.607255
1.624719
1.631528
1.596847
1.620855
1.608157
1.606409
1.630007
1.635510
1.636767
1.637865
1.630526
1.621625
1.588825
1.617126
1.603845
1.622720
1.601466
1.614150
1.589824
1.582930
1.621916
1.618888
1.626106
1.581105
1.580275
1.592053
1.606732
1.599238
1.579713
1.559635
1.591236
1.588917
1.575979
1.576803
1.580987
1.615734
1.626045
1.586659
1.593257
1.593056
1.592399
1.584580
1.575727
1.600389
1.618510
1.598817
1.606638
1.596417
1.565645
1.576269
1.597691
1.595604
1.607220
1.593437
1.607371
1.590986
1.580790
1.618571
1.611075
1.591054
1.590337
1.582883
1.593976
1.606303
1.609454
1.611490
1.595034
1.598768
1.584558
1.594795
1.589297
1.585809
1.600048
1.615771
1.600485
1.585664
1.615810
1.603447
1.590313
1.581991
1.587329
1.610445
1.589680
1.589671
1.597647
1.603074
1.585703
1.591636
1.602322
1.617643
1.616206
1.604533
1.612270
1.595809
1.599092
1.585282
1.612821
1.603626
1.605832
1.591794
1.615991
1.611284
1.601413
1.596214
1.609064
1.579928
1.608593
1.594719
1.596704
1.577477
1.593717
1.562532
1.582728
1.570481
1.584600
1.560379
1.596626
1.606159
1.601363
1.586879
1.610544
1.593553
1.580522
1.593451
1.597186
1.572667
1.557210
1.572869
1.591017
1.585089
1.586832
1.581642
1.578266
1.591038
1.567243
1.553747
1.590928
1.586651
1.588526
1.563258
1.589639
1.576885
1.579723
1.580437
1.591459
1.566457
1.579266
1.597780
1.564365
1.564058
1.578480
1.589746
1.551091
1.550310
1.590194
1.602156
1.552438
1.565463
1.576405
1.578246
1.586774
1.583897
1.588692
1.592683
1.607095
1.586238
1.601517
1.598625
1.609612
1.575709
1.571665
1.597779
1.576589
1.576115
1.594054
1.613457
1.586015
1.583107
1.592324
1.616135
1.630529
1.612490
1.609936
1.585551
1.589015
1.599194
1.625868
1.578850
