2.399968
2.388349
2.388330
2.373528
2.345582
2.334042
2.303665
2.263744
2.235054
2.202328
2.144138
2.115795
2.051878
1.964524
1.866052
1.804358
1.739089
1.651240
1.660463
1.473277
1.175095
1.442878
0.595274
6.623978
2.853744
0.946857
48.465004
14.952075
4.822689
3.485313
3.059568
3.026273
3.063095
3.093057
3.094264
3.096388
3.084266
3.036952
3.053743
3.004801
2.982006
2.958277
2.961282
2.912116
2.958436
2.997451
3.151954
3.452469
3.859991
4.074144
4.266181
4.325928
4.289587
4.345991
4.100387
4.220971
4.297377
4.628298
5.026455
5.437519
5.648164
5.448531
5.805423
6.046233
5.827930
6.037495
6.119620
6.286030
6.424103
7.198709
8.127852
9.309685
11.670959
13.569867
15.217133
20.280924
24.002655
27.751381
36.278858
34.842720
43.805595
48.127422
43.175518
71.197617
33.650234
2.869659
11.406823
4.075935
2.941858
2.740826
2.858805
3.173276
3.677779
3.916591
3.568403
3.180801
3.071606
3.281890
3.781536
3.458070
3.259608
3.268177
3.136371
3.239438
3.038834
3.169251
3.014058
6.606125
3.228203
3.123136
3.031769
3.266976
3.503338
3.272963
3.181092
3.089159
2.970847
3.184511
2.994835
2.696852
2.763636
2.571917
1.718714
1.313697
1.436954
1.639431
1.532353
2.653842
3.351308
1.756896
2.047906
2.425316
2.276891
2.804852
4.190262
3.921827
4.424436
2.388025
2.148846
1.519348
1.566388
2.355953
4.087539
5.376322
3.446699
2.546442
4.873882
6.011500
9.360806
8.139605
32.857170
10.758188
8.638162
3.881134
3.278065
3.492413
3.950664
4.275537
4.961342
5.601510
7.593861
7.658514
6.498078
5.912642
5.864746
5.942686
5.937951
6.452585
6.816288
7.125767
6.484273
6.033129
5.683560
5.704261
6.322000
6.386743
7.802115
7.265348
7.397262
6.826444
6.801548
6.360627
6.610390
6.826936
7.105704
7.610530
8.222898
8.990635
9.407508
10.551794
10.509608
10.277124
10.320480
10.676309
12.776344
14.065166
15.078196
15.137992
15.896555
23.940596
32.486259
44.746662
58.502468
79.397987
107.120918
170.304092
325.962982
630.635498
2847.462646
437.725769
8.414201
8.373481
8.616110
8.576559
8.470486
8.458601
7.704720
7.329911
6.791137
6.160410
5.406461
4.546282
3.946125
3.268268
2.851800
2.414488
2.245111
2.074561
2.151086
2.133703
2.161957
2.243250
2.287806
2.332264
2.343151
2.416788
2.437510
2.511149
2.586682
2.660211
2.684171
2.739013
2.760560
2.802524
2.869012
2.919987
2.928960
2.892023
2.911037
3.079076
3.079252
3.013428
3.072462
3.176717
3.155326
3.162438
3.177289
3.193738
3.220151
3.266176
3.291144
3.398309
3.323404
3.319382
3.354537
3.391724
3.442901
3.383498
3.426055
3.391205
3.363951
3.395718
3.323323
3.360647
3.296542
3.299876
3.235004
3.272420
3.233716
3.194420
3.223912
3.166118
3.183764
3.095613
3.088438
3.034528
3.031540
3.025904
2.926985
2.877228
2.847391
2.828945
2.759174
2.753099
2.737861
2.705294
2.661239
2.633171
2.618229
2.590589
2.605759
2.556211
2.550618
2.520019
2.529434
2.517261
2.498689
2.505696
2.503240
2.494174
2.498707
2.476106
2.508147
2.508554
2.520097
2.529098
2.555263
2.574559
2.570825
2.581558
2.588503
2.580462
2.594761
2.601027
2.596280
2.604176
2.590553
2.585976
2.595655
2.584399
2.566450
2.583550
2.571711
2.576774
2.557703
2.562788
2.520773
2.507897
2.494218
2.473471
2.458207
2.454250
2.426417
2.410288
2.397978
2.369514
2.363169
2.350984
2.342526
2.333406
2.331133
2.315622
2.308937
2.314025
2.310137
2.307113
2.310845
2.316714
2.325714
2.337790
2.346782
2.362456
2.373913
2.386691
2.391763
2.401451
2.406896
2.422416
2.413001
2.428104
2.431346
2.410047
2.414680
2.429661
2.429162
2.428344
2.422278
2.430684
2.425460
2.413894
2.422503
2.428216
2.405427
2.401892
2.403074
2.395185
2.394361
2.381661
2.389621
2.366195
2.339682
2.321438
2.313668
2.296236
2.290091
2.275737
2.268109
2.259801
2.261483
2.269229
2.269231
2.278190
2.282524
2.291485
2.296767
2.293868
2.300512
2.306490
2.303336
2.318126
2.321785
2.329194
2.340584
2.339980
2.343872
2.345608
2.354926
2.360780
2.363519
2.362062
2.355596
2.360008
2.355176
2.353232
2.357435
2.362371
2.360910
2.371372
2.362519
2.353611
2.352983
2.346450
2.333720
2.321229
2.314507
2.303837
2.296828
2.291914
2.281738
2.276669
2.273944
2.267229
2.259669
2.251754
2.251832
2.254217
2.253327
2.252554
2.252398
2.260755
2.259632
2.260374
2.265437
2.275961
2.276487
2.283993
2.281381
2.279184
2.285006
2.293481
2.286170
2.281611
2.289807
2.288527
2.288912
2.283932
2.280228
2.277357
2.274000
2.265900
2.259550
2.255854
2.249763
2.248052
2.248748
2.251460
2.252821
2.249233
2.253040
2.253983
2.259680
2.259852
2.265169
2.261935
2.263620
2.264851
2.265262
2.265678
2.271527
2.271282
2.273001
2.274001
2.277184
2.277117
2.288107
2.291967
2.295233
2.299225
2.297299
2.288069
