2.340618
2.338616
2.332446
2.325910
2.312799
2.292408
2.280317
2.250123
2.197540
2.139104
2.058826
1.954602
1.849818
1.767260
1.685592
1.640444
1.686801
1.640027
1.379926
1.126514
1.038090
1.146545
0.513473
4.555710
0.031449
45.425785
42.397858
9.452382
3.309869
2.672450
2.528054
2.501743
2.490204
2.482802
2.475598
2.470072
2.461357
2.451879
2.450498
2.433840
2.429268
2.416722
2.414821
2.401252
2.403115
2.412079
2.451478
2.521239
2.595263
2.652557
2.685731
2.675413
2.637769
2.635859
2.532683
2.572245
2.566455
2.585457
2.651211
2.648752
2.648152
2.600390
2.597164
2.488015
2.405857
2.184517
1.936097
1.767649
1.537085
1.347890
1.114932
0.928127
1.023185
1.074099
1.103886
1.237481
1.382079
0.629663
0.886862
0.364890
1.630277
1.044321
0.059707
24.857752
23.954624
19.588367
6.774256
2.137040
2.085451
2.045887
2.033891
2.022056
2.014123
2.013061
1.935197
1.900912
1.904248
1.955518
2.033592
1.924890
1.845983
1.819009
1.828963
1.843606
1.851104
1.799764
1.761594
2.214865
1.964454
1.953408
1.968261
1.995202
1.999581
2.015038
1.923058
1.910643
1.848129
1.819391
1.746728
1.662295
1.553676
1.442633
1.287866
1.161385
1.298346
1.403697
1.380269
1.604092
1.888291
1.573086
1.528840
1.518947
1.348021
1.083132
0.859497
0.717488
0.475695
0.500825
0.700337
0.725940
0.401497
0.320799
0.659206
0.568713
0.576256
0.685428
0.971130
1.869484
1.615934
0.790418
3.578853
37.993851
2.715916
1.905438
1.904320
1.928682
1.949167
1.955607
1.965934
1.977404
2.136881
2.163385
1.878552
1.748671
1.683049
1.615986
1.564853
1.553681
1.659534
1.614716
1.546596
1.352299
1.288056
1.260387
1.347616
1.531039
1.644081
1.570580
1.624951
1.519108
1.525741
1.565920
1.611035
1.681242
1.741525
1.769549
1.864561
2.016201
2.104505
1.936776
2.172709
1.883223
1.931602
1.826694
1.698131
1.614978
1.271673
1.172805
0.982958
0.884489
1.155958
1.113419
0.987807
0.529822
0.432135
0.883613
1.559083
0.299665
973.859131
156.605591
4.135667
4.711859
5.185935
5.610291
5.827744
5.966020
5.907801
5.784212
5.455990
5.140030
4.697785
4.162231
3.688663
3.208743
2.837324
2.517454
2.304507
2.156543
2.038629
1.934856
1.841766
1.779261
1.716781
1.686954
1.647066
1.632482
1.614226
1.603463
1.612532
1.608312
1.625705
1.632631
1.659885
1.652503
1.668900
1.692584
1.711703
1.732719
1.742768
1.766062
1.788281
1.805971
1.823372
1.845287
1.866967
1.874431
1.893380
1.896497
1.910096
1.924908
1.934720
1.956185
1.958938
1.973296
1.983617
1.989567
1.998574
2.006594
2.013984
2.019676
2.027688
2.029961
2.035980
2.037194
2.039871
2.043194
2.041907
2.043293
2.048212
2.048842
2.047302
2.047428
2.047246
2.045502
2.044982
2.040411
2.044525
2.036712
2.037110
2.033724
2.032979
2.030544
2.028696
2.028988
2.031267
2.030004
2.032961
2.032567
2.034046
2.037381
2.040348
2.045238
2.046701
2.050680
2.055431
2.061810
2.070100
2.069778
2.078141
2.081817
2.085209
2.089938
2.097835
2.105595
2.111962
2.120519
2.128116
2.134727
2.141886
2.145605
2.151283
2.155652
2.158812
2.163755
2.164785
2.167163
2.169252
2.170820
2.172531
2.173120
2.173519
2.171882
2.173335
2.171986
2.173341
2.171525
2.167269
2.165674
2.160609
2.156247
2.154004
2.152362
2.149578
2.146913
2.145178
2.143703
2.141047
2.140439
2.142477
2.140668
2.139434
2.140204
2.142150
2.143189
2.145396
2.147239
2.149162
2.152108
2.155324
2.159454
2.163057
2.168133
2.170265
2.177059
2.179486
2.181093
2.184493
2.185671
2.188849
2.190216
2.189907
2.189936
2.192791
2.193336
2.192737
2.192574
2.192707
2.194370
2.190590
2.187837
2.187455
2.184954
2.185082
2.185486
2.183304
2.182203
2.180592
2.178109
2.177507
2.175468
2.172621
2.168064
2.164432
2.163269
2.162058
2.159765
2.160659
2.158786
2.160899
2.163003
2.166169
2.166782
2.170616
2.174720
2.175213
2.177108
2.179740
2.181592
2.183192
2.184224
2.185966
2.187929
2.186765
2.188407
2.187313
2.188181
2.190528
2.188807
2.190416
2.188596
2.190262
2.190817
2.188351
2.188798
2.186975
2.187332
2.185888
2.184671
2.184417
2.181708
2.182681
2.183214
2.181799
2.179111
2.181062
2.179281
2.180895
2.179457
2.180538
2.180644
2.180690
2.180458
2.180302
2.179561
2.180736
2.180838
2.184215
2.182919
2.184573
2.185257
2.186042
2.186053
2.186805
2.187855
2.185996
2.186661
2.186147
2.186336
2.186272
2.185428
2.185816
2.183819
2.185060
2.183756
2.183842
2.182550
2.182405
2.181875
2.181637
2.180729
2.179815
2.178836
2.180126
2.176669
2.176763
2.177796
2.178864
2.180276
2.181427
2.182849
2.185836
2.187133
2.188949
2.190510
2.191010
2.190156
2.191166
2.190845
2.190454
2.191199
2.188910
2.188988
2.188980
2.188751
2.189281
2.188773
2.189938
2.187449
2.186529
2.186508
