2.297558
2.291146
2.305579
2.289655
2.295201
2.289577
2.287647
2.271607
2.269216
2.284952
2.265067
2.260592
2.259409
2.251101
2.250460
2.252469
2.249733
2.236415
2.231813
2.226773
2.214181
2.208845
2.214536
2.198915
2.195596
2.198500
2.164958
2.171800
2.154752
2.148180
2.139452
2.124792
2.125550
2.104349
2.077333
2.101973
2.073154
2.049894
2.049413
2.010267
2.040882
1.988626
1.979224
1.945881
1.937444
1.893123
1.931707
1.834303
1.842301
1.789070
1.799522
1.795757
1.637943
1.641224
1.643532
1.520458
1.635305
1.430956
1.425302
1.447093
1.457650
1.362774
1.209717
1.172302
1.227531
1.242654
1.100191
1.081614
1.019049
1.015654
0.847176
0.893257
0.827941
0.868324
0.805693
0.705976
0.770124
0.704699
0.799121
0.662957
0.599127
0.537001
0.619057
0.748022
0.572281
0.501929
0.645734
0.603701
0.434356
0.481604
0.613038
0.505240
0.546875
0.509674
0.504147
0.453245
0.421623
0.533148
0.498613
0.462789
0.525585
0.435375
0.470827
0.612509
0.266307
0.441601
0.448633
0.365017
0.325693
0.571911
0.403275
0.409578
0.417018
0.383075
0.455687
0.436905
0.529160
0.402576
0.514863
0.440031
0.479496
0.387119
0.449813
0.280352
0.300819
0.450726
0.315614
0.491651
0.481435
0.289530
0.388601
0.311380
0.377313
0.314243
0.341530
0.423500
0.297666
0.280819
0.356544
0.289844
0.462143
0.299835
0.305979
0.396042
0.331157
0.339838
0.416735
0.327943
0.367790
0.396731
0.304322
0.365074
0.372016
0.299485
0.244484
0.211848
0.417046
0.344211
0.340802
0.306010
0.359250
0.521404
0.360200
0.395011
0.148043
0.453200
0.306145
0.297299
0.371850
0.299376
0.367360
0.482733
0.287888
0.305421
0.329135
0.356121
0.317233
0.291771
0.416562
0.175365
0.400774
0.216660
0.376341
0.357640
0.369932
0.199981
0.259362
0.196941
0.226474
0.186716
0.223433
0.334462
0.358178
0.393604
0.365498
0.186210
0.424929
0.191681
0.342989
0.244757
0.257567
0.406205
0.271882
0.372360
0.408326
0.299399
0.324159
0.388737
0.194821
0.184964
0.310210
0.228352
0.258280
0.193077
0.283915
0.257849
0.205400
0.270758
0.344819
0.248669
0.227745
0.278142
0.362254
0.237437
0.310795
0.213916
0.229173
0.372355
0.224230
0.216936
0.381596
0.249796
0.353789
0.254482
0.363721
0.339156
0.315478
0.247045
0.282005
0.267380
0.167858
0.189154
0.273610
0.317758
0.258280
0.340787
0.211209
0.257826
0.157078
0.204190
0.231850
0.257998
0.227420
0.328824
0.228645
0.298384
0.282851
0.197353
0.196529
0.164383
0.256371
0.231360
0.315874
0.273472
0.258107
0.179267
0.242764
0.195419
0.211827
0.254068
0.376389
0.361969
0.228679
0.268841
0.268719
0.245444
0.198849
0.204201
0.220162
0.209985
0.236957
0.220803
0.252405
0.152012
0.403697
0.210023
0.272293
0.207769
0.256883
0.183291
0.308432
0.197776
0.145310
0.263010
0.260479
0.220955
0.211373
0.242405
0.250318
0.184025
0.250912
0.238915
0.120260
0.157960
0.202046
0.332457
0.263785
0.236622
0.239437
0.305424
0.244551
0.164198
0.198336
0.248430
0.264596
0.176926
0.209212
0.288701
0.251867
0.118764
0.186088
0.242980
0.195038
0.254785
0.144222
0.201009
0.236602
0.168581
0.239685
0.156569
0.291210
0.110893
0.178368
0.152838
0.266759
0.158214
0.228932
0.217475
0.136265
0.187850
0.276899
0.304895
0.278741
0.162844
0.215331
0.224810
0.188973
0.351103
0.257542
0.221868
0.250482
0.116108
0.133285
0.121135
0.186402
0.143138
0.264210
0.180490
0.230866
0.215246
0.263443
0.150763
0.223821
0.176453
0.178160
0.109598
0.118929
0.192635
0.180191
0.143156
0.185164
0.158797
0.274874
0.193580
0.315029
0.221590
0.199047
0.121116
0.155351
0.187397
0.221178
0.249663
0.180792
0.267616
0.099866
0.122591
0.252649
0.208513
0.195017
0.181627
0.164306
0.144894
0.138132
0.228125
0.168338
0.214200
0.106045
0.194576
0.332954
0.172856
0.297175
0.190514
0.204474
0.107140
0.097407
0.094481
0.199623
0.145471
0.125009
0.164865
0.278835
0.144105
0.136332
0.137372
0.129367
0.204748
0.286854
0.259584
0.137788
0.272881
0.185759
0.137705
0.160350
0.127401
0.245862
0.130953
0.142779
0.152763
0.155293
0.142904
0.244399
0.168096
0.142382
0.278323
0.130596
0.167087
0.244412
0.120183
0.133009
0.223120
0.203985
0.152317
0.120505
0.113642
0.095871
0.282096
0.209469
0.140889
0.260774
0.180124
0.178530
0.150580
0.175174
0.135076
0.119884
0.077707
0.113577
0.140584
0.117246
0.114208
0.139669
0.219914
0.182953
0.196607
0.154766
0.158720
0.280997
0.082854
0.222705
0.216518
0.155246
0.140427
0.117910
0.104939
0.146709
0.260072
0.138928
0.267729
0.212346
0.193867
0.295406
0.148717
0.171672
0.112482
0.124498
0.097525
0.069276
0.129429
0.106208
0.232193
0.144387
0.153373
0.153993
0.044616
0.158588
0.172905
0.124089
0.171169
0.101296
0.173084
