2.305910
2.303174
2.303493
2.304057
2.307000
2.311006
2.310363
2.313785
2.314505
2.311767
2.317812
2.322711
2.328662
2.325150
2.337090
2.346218
2.343276
2.350924
2.360512
2.362085
2.356410
2.342155
2.366128
2.362231
2.349341
2.347593
2.352394
2.350260
2.329498
2.343287
2.346714
2.340147
2.336920
2.342751
2.335053
2.328939
2.335825
2.321408
2.328668
2.342220
2.334261
2.342877
2.334498
2.339554
2.345208
2.342098
2.336354
2.344247
2.341791
2.350715
2.344349
2.349355
2.341614
2.355998
2.356557
2.349652
2.350201
2.345468
2.327940
2.351192
2.353118
2.347955
2.348632
2.355761
2.357627
2.355247
2.342099
2.347236
2.331362
2.353896
2.358003
2.340213
2.351869
2.352469
2.341992
2.344636
2.349186
2.346970
2.354045
2.345953
2.324147
2.347242
2.343106
2.340688
2.349417
2.347391
2.343909
2.354157
2.353062
2.346644
2.342050
2.343741
2.352475
2.349483
2.329969
2.349103
2.342068
2.360937
2.335245
2.342818
2.338397
2.349440
2.354443
2.346763
2.348840
2.339746
2.350058
2.335305
2.342584
2.351367
2.341180
2.342346
2.331980
2.352462
2.322437
2.328619
2.356954
2.333406
2.347410
2.350005
2.340565
2.339692
2.340343
2.337664
2.339675
2.343271
2.342801
2.351188
2.349602
2.344702
2.342949
2.350537
2.344704
2.338738
2.343020
2.338375
2.332422
2.349612
2.343912
2.325899
2.336021
2.337468
2.338026
2.343076
2.343614
2.342870
2.337982
2.339719
2.351480
2.337046
2.332796
2.339828
2.339069
2.323952
2.332556
2.342957
2.348974
2.333565
2.330130
2.331226
2.337616
2.338785
2.339309
2.338463
2.341397
2.335663
2.336321
2.326126
2.341722
2.330211
2.331104
2.324311
2.334677
2.339327
2.330891
2.342985
2.328351
2.320244
2.329729
2.337293
2.330506
2.329567
2.332896
2.319739
2.324326
2.326759
2.327128
2.333385
2.332280
2.325508
2.332749
2.330420
2.332594
2.327670
2.331840
2.329215
2.321151
2.331064
2.338325
2.324988
2.331181
2.325614
2.329880
2.327058
2.326595
2.325623
2.336303
2.324918
2.327321
2.332029
2.330881
2.328777
2.327770
2.326306
2.328344
2.335556
2.332292
2.330768
2.334479
2.326367
2.328950
2.327960
2.324566
2.326116
2.322687
2.326994
2.330761
2.327376
2.323435
2.332297
2.327200
2.321918
2.331476
2.329467
2.331018
2.323207
2.331765
2.325498
2.330578
2.322316
2.318855
2.326669
2.321614
2.327729
2.336111
2.328160
2.329539
2.328809
2.333304
2.339357
2.333236
2.329949
2.330337
2.330076
2.331920
2.325188
2.331766
2.324767
2.324140
2.327192
2.327789
2.330910
2.331132
2.335704
2.318619
2.312842
2.327238
2.326197
2.322316
2.328077
2.333976
2.319340
2.320608
2.326571
2.327706
2.322800
2.319808
2.320414
2.320713
2.322612
2.324487
2.322439
2.324548
2.331744
2.324018
2.327937
2.333636
2.325734
2.331488
2.327941
2.321917
2.328940
2.328850
2.329469
2.323129
2.324444
2.328476
2.323292
2.324623
2.325106
2.331274
2.320287
2.323918
2.319704
2.322867
2.322226
2.322247
2.322171
2.321381
2.328979
2.328348
2.318395
2.327369
2.322003
2.318797
2.323490
2.320112
2.323285
2.318477
2.318758
2.314183
2.317092
2.312737
2.323236
2.323323
2.319855
2.328058
2.322665
2.328487
2.324947
2.323487
2.322649
2.328256
2.325763
2.330109
2.327663
2.329767
2.317610
2.320068
2.333750
2.318347
2.327858
2.326270
2.322922
2.318644
2.314039
2.326414
2.323042
2.320475
2.325329
2.321559
2.322539
2.323302
2.322506
2.313336
2.321580
2.324786
2.319428
2.316871
2.323671
2.319594
2.317681
2.317681
2.323355
2.321654
2.324045
2.325211
2.318182
2.318661
2.324590
2.319225
2.314485
2.316940
2.323042
2.316924
2.316689
2.320859
2.321516
2.316141
2.315650
2.314309
2.323249
2.322323
2.314545
2.313705
2.320415
2.319349
2.320144
2.322136
2.320206
2.318534
2.322758
2.318133
2.318486
2.319924
2.320594
2.316354
2.313322
2.315977
2.318120
2.316739
2.316105
2.315208
2.317644
2.313846
2.310458
2.317644
2.320185
2.316753
2.318942
2.316560
2.309280
2.314366
2.310748
2.313123
2.311225
2.311940
2.310837
2.314458
2.314458
2.308365
2.312313
2.310624
2.311708
2.313029
2.318340
2.315068
2.316704
2.319761
2.320668
2.321638
2.316370
2.320429
2.321075
2.318820
2.320309
2.316155
2.318856
2.323972
2.320518
2.322924
2.319328
2.318390
2.320673
2.323940
2.320235
2.320819
2.317199
2.325058
2.321408
2.316403
2.320785
2.318084
2.321355
2.315679
2.316501
2.317151
2.314682
2.318899
2.316827
2.314091
2.310791
2.309620
2.311182
2.311327
2.314324
2.311144
2.310597
2.316514
2.308701
2.309152
2.312721
2.311690
2.306653
2.309777
2.309939
2.306660
2.308218
2.308735
2.307971
2.307368
2.306604
2.309333
2.306760
2.307461
2.309420
2.305568
2.306997
2.306288
2.308438
2.305368
2.305475
2.304329
2.304910
2.304057
2.302502
2.306704
2.303848
2.305410
2.308229
