2.307733
2.306931
2.307390
2.312253
2.284314
2.261915
2.241048
2.222372
2.204298
2.196285
2.222033
2.221009
2.190012
2.196020
2.157811
2.134514
2.080077
2.064419
1.975066
1.933108
1.891831
1.951480
1.912330
1.936586
1.874619
1.822105
1.770381
1.774750
1.803636
1.784560
1.819226
1.797257
1.821632
1.783224
1.779012
1.784974
1.801546
1.802469
1.780933
1.763260
1.744563
1.726832
1.772363
1.719773
1.701579
1.698305
1.728675
1.714083
1.707922
1.696919
1.642133
1.669087
1.703719
1.651603
1.684939
1.682267
1.651036
1.661863
1.678812
1.653082
1.667800
1.685953
1.665251
1.661097
1.657989
1.639554
1.644434
1.634639
1.596480
1.643045
1.612652
1.631596
1.666152
1.629579
1.645652
1.619351
1.614156
1.637273
1.629382
1.632274
1.630006
1.588464
1.585840
1.615908
1.591848
1.586776
1.594427
1.597367
1.630908
1.613942
1.635835
1.601472
1.587083
1.604121
1.594240
1.619733
1.575126
1.605884
1.570132
1.571169
1.626512
1.560453
1.582245
1.572626
1.573731
1.557302
1.600745
1.591549
1.575324
1.564806
1.622388
1.578911
1.568303
1.587947
1.588338
1.566397
1.564306
1.574301
1.561656
1.581375
1.556836
1.577547
1.596556
1.553889
1.539789
1.574145
1.581728
1.572337
1.567654
1.557256
1.566056
1.550460
1.555582
1.553199
1.569817
1.543342
1.565830
1.551823
1.566475
1.539458
1.549234
1.542022
1.551427
1.566785
1.549580
1.532869
1.541090
1.530044
1.536791
1.548828
1.541268
1.537252
1.549009
1.553365
1.546853
1.549833
1.549509
1.548758
1.509997
1.544875
1.546749
1.537703
1.551984
1.537410
1.522026
1.523167
1.543289
1.544737
1.555512
1.531762
1.532168
1.535347
1.537180
1.544376
1.525778
1.541725
1.532026
1.533071
1.536855
1.544684
1.537651
1.533031
1.534672
1.564888
1.521256
1.525939
1.503876
1.532268
1.528586
1.521331
1.523894
1.518698
1.535897
1.522257
1.528962
1.533345
1.564584
1.538923
1.524530
1.540536
1.535111
1.525247
1.541515
1.567811
1.517869
1.541158
1.510636
1.521843
1.506162
1.530676
1.510645
1.496518
1.514785
1.529700
1.535226
1.507903
1.517419
1.542922
1.517731
1.521751
1.533793
1.494369
1.537552
1.514214
1.496266
1.509153
1.560011
1.530114
1.518768
1.525187
1.526389
1.543308
1.509652
1.502376
1.511101
1.518117
1.516880
1.544232
1.538572
1.512304
1.531861
1.532565
1.507800
1.527187
1.518835
1.511028
1.511798
1.507547
1.499950
1.500758
1.507648
1.541202
1.528881
1.520963
1.509996
1.504814
1.518595
1.499481
1.525782
1.534262
1.501561
1.529034
1.565989
1.490582
1.519585
1.498807
1.527167
1.501496
1.512258
1.508634
1.506409
1.516928
1.517769
1.527546
1.498578
1.503657
1.529379
1.505360
1.495567
1.490866
1.540500
1.506304
1.513777
1.537636
1.533963
1.517554
1.521834
1.546767
1.518192
1.499712
1.493827
1.504589
1.520426
1.510005
1.533224
1.500071
1.512766
1.498561
1.500533
1.513952
1.517098
1.510397
1.505319
1.517585
1.503768
1.499990
1.509869
1.532780
1.500923
1.514696
1.521907
1.513584
1.513876
1.506709
1.515345
1.506606
1.521526
1.509845
1.516185
1.516366
1.517529
1.502639
1.494128
1.486727
1.486954
1.522600
1.517428
1.502355
1.503511
1.528918
1.510508
1.499683
1.493386
1.496635
1.520889
1.508066
1.497408
1.505182
1.489071
1.513910
1.510056
1.555693
1.498508
1.499799
1.486180
1.496241
1.498013
1.521210
1.498537
1.504006
1.496419
1.493316
1.519696
1.506233
1.511469
1.516595
1.507161
1.502810
1.492858
1.492471
1.502779
1.522892
1.510237
1.500487
1.521251
1.515760
1.497981
1.505217
1.515042
1.536902
1.521432
1.495847
1.502586
1.486796
1.493280
1.533014
1.500372
1.498661
1.505199
1.492435
1.502942
1.523227
1.494294
1.505069
1.489556
1.514847
1.490197
1.502572
1.491798
1.531506
1.528691
1.521335
1.489558
1.506428
1.491293
1.491542
1.482987
1.514223
1.517230
1.484659
1.488144
1.509641
1.504247
1.504311
1.496847
1.507169
1.501768
1.496249
1.505589
1.504605
1.494154
1.505825
1.499092
1.490880
1.497918
1.497168
1.486460
1.526626
1.496412
1.489253
1.499553
1.499171
1.502041
1.501438
1.497530
1.492355
1.507513
1.494130
1.491116
1.503893
1.489878
1.525213
1.498664
1.493301
1.500175
1.496945
1.515217
1.504647
1.493814
1.505042
1.494636
1.487613
1.517966
1.481817
1.499648
1.507162
1.516085
1.511476
1.486691
1.502728
1.523498
1.483682
1.489315
1.495342
1.515517
1.484549
1.488932
1.502218
1.498221
1.498769
1.484967
1.523499
1.495553
1.521819
1.500527
1.491663
1.500425
1.497922
1.498908
1.505088
1.499842
1.494349
1.491304
1.506268
1.493949
1.486408
1.512551
1.492654
1.492292
1.489148
1.485126
1.490173
1.512336
1.512104
1.485553
1.477089
1.487466
1.494467
1.509449
1.498951
1.493424
1.484949
1.515684
1.497590
1.479842
1.518364
1.490999
1.518247
1.483907
1.497312
