2.342230
2.345669
2.347693
2.339734
2.339167
2.326781
2.334074
2.347951
2.356939
2.344656
2.392348
2.390147
2.365427
2.372098
2.370687
2.454893
2.470853
2.455205
2.462160
2.329353
2.066020
1.652992
1.551978
2.203386
2.798483
2.493815
1.485439
1.526240
2.725964
2.396822
1.593557
14.604288
28.135643
34.717651
31.713570
21.324804
13.314210
7.557515
4.958134
3.689918
3.086107
2.773264
2.640521
2.606421
2.539113
2.487153
2.498878
2.526690
2.547584
2.585274
2.679642
2.799100
2.809599
2.986782
2.909130
2.958754
2.951620
2.972662
2.957135
2.924039
2.864487
2.810561
2.670990
2.739490
2.734725
2.765746
2.766401
2.894016
2.796298
2.895710
2.856432
2.899003
3.021145
3.065415
3.073668
3.184661
2.915445
3.064736
3.025521
3.005314
3.039099
3.167410
3.206623
3.177973
3.286334
3.335808
3.328739
3.123710
3.528615
3.430607
3.422535
3.469527
3.552961
3.400263
3.283300
3.832510
3.276115
3.161180
2.864711
2.876015
2.447915
2.288820
2.148955
1.744908
1.540721
1.754140
1.818209
2.530405
2.083972
1.467174
1.445530
2.274707
2.468845
0.576041
3.812514
7.551177
7.123876
5.382684
0.959233
16.873837
27.942223
33.742989
29.542799
24.763752
14.619551
6.696893
3.712671
3.361067
2.734385
2.711522
2.874562
2.531172
2.329030
2.112186
2.169557
2.058050
2.017249
1.947636
1.945608
2.141196
2.159369
2.130225
2.156999
1.999462
2.012498
2.141886
1.818553
1.802479
1.995337
2.104345
2.055879
1.671293
2.656927
2.860492
2.651641
3.293674
4.316927
6.047745
3.165692
59.293495
48.985538
17.292225
4.646548
2.517243
2.423084
2.379512
2.443241
2.520211
2.439934
2.598356
2.503188
2.577044
2.612409
2.549999
2.557869
2.594417
2.657575
2.620683
2.609910
2.701280
2.574100
2.613640
2.466432
2.542661
2.615451
2.558078
2.549503
2.694575
2.618382
2.549671
2.593147
2.639109
2.500925
2.535300
2.530585
2.497692
2.517699
2.490392
2.520884
2.580762
2.521849
2.538949
2.646626
2.486658
2.563815
2.615583
2.676685
2.688460
2.630001
2.538996
2.722947
2.562870
2.542704
2.593250
2.631397
2.558398
2.734166
2.533224
2.685165
2.646862
2.584362
2.736751
2.562883
2.667389
2.615004
2.675166
2.573241
2.841571
2.621306
2.540082
2.634614
2.582280
2.755960
2.671759
2.824855
2.496814
2.802112
2.596679
2.730830
2.659298
2.627038
2.702359
2.595905
2.560292
2.588760
2.533176
2.645631
2.612629
2.655635
2.585962
2.612623
2.571060
2.618722
2.650501
2.621723
2.667627
2.619195
2.508777
2.571922
2.531638
2.760042
2.510820
2.432422
2.499093
2.628863
2.607518
2.529823
2.472608
2.650341
2.562481
2.543639
2.414482
2.575790
2.608001
2.552345
2.537950
2.541082
2.485166
2.436166
2.468817
2.493558
2.524933
2.554319
2.531487
2.616891
2.513419
2.508074
2.606376
2.615070
2.410772
2.647265
2.546601
2.435555
2.510319
2.565023
2.484222
2.544031
2.486270
2.605475
2.454017
2.627390
2.603064
2.690882
2.504078
2.671066
2.450271
2.475181
2.568958
2.467170
2.603915
2.562202
2.511403
2.681293
2.464034
2.401195
2.369345
2.512086
2.596689
2.567688
2.409243
2.473931
2.398123
2.523925
2.501667
2.433124
2.513123
2.523211
2.620448
2.511896
2.417764
2.470247
2.469110
2.558922
2.336556
2.553318
2.374099
2.581269
2.467786
2.555738
2.530287
2.463928
2.620476
2.472157
2.603291
2.506935
2.441839
2.530152
2.439707
2.457891
2.408390
2.467428
2.461771
2.363202
2.480403
2.659374
2.361034
2.515765
2.397048
2.582062
2.482949
2.494754
2.535977
2.570836
2.498987
2.551938
2.646777
2.651578
2.696511
2.845062
2.496722
2.598851
2.471971
2.792881
2.801981
2.731891
2.401554
2.430675
2.512053
3.154277
2.810490
2.944540
2.729437
2.253968
2.004260
2.299641
2.475789
2.196303
2.159529
2.566609
3.111598
4.116660
2.902154
3.091402
2.461866
2.335247
2.651844
2.860177
3.005419
2.888770
3.141864
2.425172
3.096451
2.819676
3.803212
2.881378
2.206193
1.887065
2.276162
2.567070
1.673028
1.729756
5.515175
3.549733
1.982750
1.930517
1.647735
6.196226
28.531708
7.955407
5.327162
2.841880
2.662768
2.763776
3.146719
3.038127
3.271755
3.349684
3.389164
3.526003
3.628227
3.448254
3.575728
3.597059
3.708696
3.924701
4.045491
4.177651
3.519668
3.352268
3.425258
3.585329
3.407846
2.872076
3.007351
3.002211
3.076394
2.647863
2.743509
2.737406
2.399888
2.448533
2.786482
2.467566
2.375466
2.054396
2.606587
2.480492
1.979989
2.495043
2.121416
2.212529
1.895764
2.193103
2.335294
2.925407
1.963202
1.801097
1.428513
1.936462
1.798443
1.811864
1.829179
2.018373
2.393294
2.433593
2.593398
2.265544
1.750368
1.814287
1.639054
1.036687
2.828429
4.750309
2.060098
2.354637
2.235141
2.150392
2.323404
2.258812
2.273910
2.198668
2.040697
2.133195
2.120070
2.143150
2.207930
2.065088
2.040379
2.306542
2.231299
