2.301238
2.305676
2.307727
2.300638
2.298380
2.307814
2.303180
2.304901
2.302002
2.301631
2.304069
2.304518
2.303174
2.301857
2.297128
2.300950
2.303857
2.299110
2.301794
2.301842
2.301847
2.300951
2.297856
2.298716
2.295250
2.298406
2.298875
2.297760
2.297225
2.304717
2.300575
2.296576
2.296513
2.298878
2.296770
2.297830
2.297360
2.298334
2.296880
2.298673
2.298640
2.294318
2.293655
2.301392
2.296415
2.296244
2.295353
2.296448
2.296533
2.294679
2.293356
2.295166
2.294424
2.293495
2.293198
2.293726
2.291712
2.293805
2.293901
2.295075
2.295690
2.294187
2.291984
2.292822
2.289950
2.290275
2.295479
2.290588
2.287680
2.289174
2.289360
2.288078
2.280088
2.287376
2.286218
2.287474
2.286208
2.282119
2.283142
2.279198
2.282573
2.278828
2.278132
2.278196
2.281250
2.282480
2.274906
2.281031
2.276299
2.267011
2.272683
2.271500
2.278549
2.270579
2.272352
2.285215
2.270080
2.271090
2.261709
2.258180
2.268041
2.251187
2.252020
2.260444
2.247403
2.266722
2.247244
2.253612
2.243792
2.220349
2.260818
2.248518
2.228432
2.235135
2.216491
2.221613
2.203027
2.229994
2.191156
2.223912
2.185815
2.229901
2.186744
2.178622
2.196758
2.178782
2.135529
2.124948
2.154927
2.117481
2.157541
2.151256
2.140751
2.127828
2.086193
2.159308
2.127879
2.082650
2.080698
2.120705
2.165774
2.151525
2.096140
2.043510
2.075814
2.131672
2.136136
2.149766
2.153119
2.023181
2.099589
2.139023
2.045382
2.041672
2.045582
2.006021
2.043889
2.094956
2.053956
2.141220
2.069544
1.997565
2.046779
2.043210
2.024288
2.129605
2.007535
1.997436
2.049383
1.944288
1.973063
1.993902
1.881765
2.032594
2.090927
1.951806
2.068843
2.055243
1.948025
1.990638
1.918036
1.950220
1.969418
1.983913
1.894062
1.849259
2.002651
2.023254
1.926344
1.947353
2.039550
1.996258
1.868452
1.929964
2.084589
1.943781
1.895373
1.984175
1.930426
2.020130
2.014475
1.916456
1.904212
2.047191
1.852225
1.864612
1.950433
1.841647
1.977250
1.976603
1.825899
1.734426
1.911455
1.842789
1.858554
1.881567
1.917037
1.909183
1.862940
1.880609
1.868925
1.788682
1.974642
1.813430
1.853095
1.883689
1.854477
1.921188
1.913085
1.907668
1.844470
1.893843
1.889090
1.835683
1.883440
1.814997
1.793733
1.838202
1.860414
1.825745
1.766972
1.896543
1.840237
1.828455
1.937570
1.893208
1.829869
1.768116
1.876063
1.808982
1.842214
1.729774
1.902254
1.806134
1.951658
1.920827
1.758003
1.818409
1.856777
1.849707
1.821074
1.867864
1.834469
1.796720
1.769119
1.805348
1.748149
1.784361
1.664676
1.815230
1.827849
1.865702
1.840761
1.810615
1.735529
1.804351
1.726088
1.790427
1.813783
1.754094
1.749918
1.674342
1.828644
1.855322
1.754567
1.828427
1.768090
1.887113
1.868595
1.830272
1.673782
1.855469
1.731554
1.798579
1.703241
1.850789
1.700471
1.702659
1.867427
1.798115
1.691321
1.712720
1.902492
1.780203
1.842211
1.705249
1.713058
1.700596
1.657954
1.759962
1.766214
1.741352
1.785372
1.711447
1.766578
1.660083
1.705274
1.671578
1.660233
1.781506
1.870397
1.784367
1.716679
1.721883
1.691230
1.750795
1.790810
1.668917
1.730836
1.751337
1.711188
1.717857
1.704825
1.651741
1.651450
1.817766
1.760777
1.782870
1.615253
1.677002
1.707221
1.675997
1.719230
1.583891
1.639460
1.651869
1.626978
1.731188
1.715079
1.626460
1.655876
1.883469
1.748365
1.593772
1.733528
1.645936
1.652544
1.790524
1.549839
1.643381
1.635144
1.629046
1.618292
1.724962
1.779181
1.799021
1.744472
1.715710
1.771248
1.783733
1.789658
1.711045
1.774273
1.770003
1.972577
1.760516
1.639166
1.627356
1.728023
1.718569
1.652096
1.654734
1.652503
1.746498
1.854508
1.705578
1.798509
1.631889
1.752824
1.607983
1.579336
1.631489
1.730845
1.693389
1.727694
1.908479
1.723640
1.567756
1.640843
1.575627
1.577583
1.636907
1.595049
1.653833
1.665087
1.737678
1.546554
1.572584
1.607668
1.599133
1.779225
1.576645
1.530277
1.553069
1.618281
1.880563
1.780317
1.642998
1.583954
1.596690
1.594534
1.543396
1.704748
1.668159
1.833758
1.660939
1.648799
1.567785
1.748333
1.568502
1.608464
1.605553
1.514949
1.735465
1.695801
1.608197
1.573954
1.750090
1.511989
1.646164
1.653797
1.543002
1.596512
1.676540
1.561049
1.481959
1.667731
1.741296
1.643988
1.692004
1.504626
1.579240
1.642134
1.446036
1.553433
1.577390
1.600065
1.602230
1.620777
1.672217
1.447141
1.570393
1.602303
1.694639
1.603722
1.598216
1.537979
1.677455
1.601989
1.645096
1.563354
1.591392
1.446380
1.636902
1.644787
1.686060
1.532842
1.633559
1.583793
1.601295
1.568346
1.554013
1.524961
1.666750
1.574743
1.617251
1.620604
1.658140
1.717808
1.549246
1.602384
1.640968
1.653795
1.472581
1.476890
1.537298
1.636775
1.557346
1.588018
1.649981
1.586298
1.601957
1.565825
1.675690
1.469396
1.611567
1.543221
1.458751
1.566692
1.639086
1.454289
1.460389
1.692247
1.538346
1.598703
1.502267
1.605902
1.387829
1.408208
1.596763
1.589496
1.423895
1.536640
1.512732
1.637450
1.518928
1.413517
1.595520
1.678144
1.577403
1.563605
1.635494
1.489026
1.411352
1.506862
1.546858
1.565439
1.610605
1.491855
1.442581
1.438805
1.608012
1.554225
1.382532
1.574548
1.691274
1.632119
1.635403
1.637245
1.469034
1.506617
1.410123
1.416985
1.539100
1.586756
1.583318
1.478936
1.496230
1.460068
1.526813
1.438625
1.421818
1.625591
1.508188
1.449457
1.494261
1.473230
1.539292
1.494701
1.453113
1.429517
1.467888
1.426685
1.432021
1.719386
1.575436
1.394505
1.646626
1.782362
1.553713
1.538743
1.382532
1.556276
1.338307
1.453901
1.476258
1.403672
1.380322
1.610700
1.479543
1.461504
1.435343
1.441836
1.533972
1.465428
1.448779
1.553471
1.659928
1.547635
1.523590
1.556163
1.603372
1.436780
1.483382
1.447604
1.376657
1.550775
1.410306
1.644809
1.421695
1.376032
1.579288
1.458860
1.471384
1.466130
1.300910
1.410981
1.488085
1.439527
1.483837
1.532691
1.412302
1.348370
1.431689
1.576707
1.372255
1.449098
1.541303
1.502464
1.371352
1.615649
1.392335
1.577615
1.534362
1.556471
1.396720
1.503349
1.465051
1.540393
1.965114
1.505833
1.308954
1.518421
1.480276
1.532250
1.440587
1.449974
1.500537
1.403765
1.466494
1.513971
1.298754
1.429701
1.560189
1.318222
1.403439
1.493352
1.547945
1.453879
1.601197
1.435061
1.536186
1.392102
1.513520
1.491436
1.513766
1.581023
1.410589
1.358845
1.434763
1.508922
1.315452
1.576102
1.391062
1.431020
1.502116
1.302007
1.531914
1.354765
1.426247
1.507887
1.473136
1.340287
1.571876
1.570888
1.636293
1.444659
1.512415
1.464522
1.415129
1.262222
1.439411
1.601903
1.401581
1.476643
1.288920
1.370143
1.457778
1.491919
1.423202
1.510790
1.389661
1.349263
1.311616
1.461805
1.477522
1.460512
1.420257
1.390116
1.499974
1.297118
1.519178
1.645314
1.350794
1.563206
1.357154
1.633586
1.513247
1.383265
1.451564
1.533142
1.417098
1.323516
1.389842
1.300324
1.544669
1.442568
1.478994
1.293510
1.430263
1.361611
1.406259
1.364905
1.448148
1.403950
1.382428
1.446116
1.426244
1.440329
1.352219
1.433956
1.434633
1.301928
1.534862
1.383519
1.331648
1.512169
1.284486
1.288372
1.382312
1.503847
1.500079
1.321360
1.386967
1.421990
1.366280
1.301082
1.514897
1.498977
1.301282
1.503029
1.369549
1.343236
1.356096
1.508787
1.548163
1.387306
1.580557
1.324995
1.447395
1.476353
1.202464
1.319432
1.369320
1.381920
1.255236
1.325149
1.303065
1.411420
1.257314
1.539421
1.385616
1.429861
1.573604
1.358103
1.285471
1.340444
1.434664
1.392329
1.507591
1.451487
1.328154
1.319297
1.409891
1.419436
1.413443
1.472358
1.402642
1.312586
1.359211
1.357825
1.248041
1.591761
1.288750
1.523108
1.412503
1.408332
1.463719
1.411603
1.288334
1.549875
1.305946
1.294574
1.443316
1.320263
1.282700
1.258149
1.447935
1.379218
1.296800
1.392726
1.360794
1.307068
1.323034
1.460937
1.540478
1.450977
1.435394
1.378110
1.468389
1.242932
1.061953
1.545239
1.435228
1.320955
1.309744
1.312480
1.447786
1.366094
1.308150
1.403342
1.267889
1.505803
1.295006
1.248991
1.342829
1.405830
1.330641
1.253889
1.467018
1.315904
1.304751
1.326250
1.389063
1.491316
1.498991
1.310135
1.189953
1.185898
1.429279
1.166921
1.291666
1.322279
1.458584
1.388007
1.220581
1.521222
1.265133
1.337959
1.476121
1.253584
1.274748
1.374975
1.285906
1.360876
1.234784
1.293272
1.377476
1.431121
1.381169
1.439078
1.347476
1.481275
1.407615
1.245707
1.216698
1.369912
1.376962
1.525327
1.342726
1.394991
1.438375
1.307141
1.220961
1.244981
1.681175
1.235528
1.378326
1.395039
1.336240
1.381442
1.313655
1.232637
1.316096
1.333278
1.225210
1.355162
1.408389
1.309346
1.577248
1.323740
1.389578
1.240487
1.416708
1.250701
1.569109
1.170656
1.182420
1.160058
1.217681
1.295133
1.248301
1.458205
1.257213
1.130408
1.206590
1.267989
1.227262
1.244683
1.347457
1.434012
1.347576
1.368068
1.367194
1.233121
1.383652
1.195387
1.234678
1.129670
1.313784
1.364431
1.289658
1.349957
1.263395
1.412618
1.232282
1.322581
1.278859
1.424576
1.369288
1.145641
1.296743
1.226635
1.451003
1.366231
1.253572
1.355386
1.277437
1.239078
1.132166
1.325676
1.378200
1.282002
1.270014
1.154260
1.327451
1.253465
1.251525
1.284702
1.357170
1.095799
1.389016
1.307679
1.322387
1.240473
1.391627
1.265965
1.379714
1.467852
1.286659
1.195838
1.222584
1.070109
1.347187
1.483157
1.432938
1.225943
1.249497
1.495245
1.337918
1.352056
1.143296
1.414684
1.221098
1.418663
1.253939
1.284745
1.399571
1.345901
1.371010
1.355583
1.297917
1.269527
1.263792
1.257811
1.368843
1.210189
1.320045
1.268803
1.342537
1.268680
1.201951
1.329447
1.370610
1.305318
1.386255
1.238919
1.160322
1.285052
1.372810
1.256835
1.304934
1.381988
1.033104
1.203288
1.282732
1.245806
1.208824
1.266988
1.288682
1.259712
1.348939
1.354907
1.357289
1.266496
1.264343
1.308921
1.304285
1.161727
1.281316
1.230605
1.203384
1.300999
1.284964
1.277029
1.198004
1.200775
1.214160
1.263404
1.304641
1.187030
1.120971
1.234229
1.199266
1.277390
1.239584
1.186036
1.291024
1.364131
1.204154
1.188028
1.240664
1.236972
1.171883
1.182542
1.262684
1.239216
1.156209
1.379410
1.186166
1.188444
1.251780
1.267300
1.081349
1.341744
1.450257
1.251099
1.132628
1.230666
1.136417
1.261638
1.282727
1.262793
1.227971
1.222372
1.151952
1.303214
1.057960
1.213751
1.254965
1.273739
1.088960
1.199760
1.116393
1.322722
1.209391
1.418757
1.180757
1.174968
1.195289
1.154563
1.171658
1.479057
1.255713
1.282838
1.277851
1.279269
1.129116
1.286519
1.145095
1.277855
1.164503
1.172653
1.095114
1.296010
1.136303
1.260959
1.322190
1.288695
1.450845
1.279726
1.301323
1.257697
1.319209
1.316653
1.144086
1.416654
1.206965
1.131247
1.094605
1.235625
1.302443
1.149211
1.209006
1.338627
1.306674
1.205622
1.147310
1.213723
1.122168
1.256701
1.305593
1.281164
1.288472
1.198610
1.227749
1.320953
0.949708
1.278599
1.233624
1.208563
1.310825
1.286253
1.192384
1.206397
1.176632
1.082528
1.194176
1.064851
1.152250
1.227859
1.300316
1.149931
1.393353
1.131664
1.293272
1.034437
1.198113
1.127506
1.107795
1.069047
1.131038
1.266162
1.150216
1.137768
1.251349
1.218092
1.036307
1.106522
1.199375
1.222729
1.195749
1.345981
1.153337
1.238871
1.107836
1.067175
1.052371
1.178074
1.285333
1.167884
1.341097
1.211459
1.164580
1.154837
1.068895
1.261261
1.154130
1.031624
1.093972
1.274122
1.247332
1.216802
1.217625
1.312712
1.186362
1.160423
1.092642
1.037942
1.199318
1.250703
1.335980
1.125620
1.202194
1.186203
1.205754
1.138359
1.297126
1.202643
1.239207
1.227279
1.211537
1.008464
1.187850
1.205904
1.060056
1.010460
1.127933
1.167812
1.227493
1.238415
1.265355
1.306798
1.138755
1.155846
1.275124
0.947705
1.066652
1.031043
1.194103
1.234893
1.177916
1.026600
1.157496
0.931351
1.253643
1.006924
1.204786
1.207300
1.078827
0.939363
1.146354
1.171743
1.103475
1.155352
1.090202
1.254561
1.200130
1.118598
1.129598
1.116940
1.101437
1.098224
0.937678
1.131658
1.176813
1.051503
1.118924
1.148680
1.123084
1.086525
1.174933
1.117006
1.227309
1.178637
1.048540
1.180403
1.303437
1.172835
1.233481
1.292054
1.222211
1.210695
1.169458
1.031441
1.213799
1.339091
1.153072
1.145081
1.189485
1.120965
1.191673
1.292957
1.088616
0.951856
1.294507
1.198728
1.079115
1.264526
1.111481
1.099239
1.021980
1.067352
1.085550
1.261614
1.080568
1.027642
1.092767
1.078895
1.067334
1.123002
0.846858
1.372301
1.201283
1.260524
1.226022
1.084874
1.066967
1.194000
1.284665
1.077755
1.199253
1.067248
1.196963
1.054852
1.244287
1.090475
1.096149
1.132904
1.072742
1.044163
1.056548
1.148180
1.275648
1.125080
1.044314
1.086125
1.028195
1.008080
1.067292
1.091503
1.256082
1.084977
1.107053
1.098102
1.089858
1.244689
1.064570
1.007316
1.207227
0.994490
0.949978
1.024189
1.112834
0.909986
1.191161
1.229281
1.116534
1.123904
1.312601
1.100587
1.031774
1.057332
1.203792
1.268993
1.003442
0.931047
1.005299
1.059362
1.097256
1.073483
1.173589
1.071317
1.190689
1.025066
0.992716
1.076713
1.242874
1.025748
1.021461
1.052399
1.052321
1.131939
0.988604
1.116643
1.201933
1.134717
0.982246
1.165982
0.989226
0.866179
1.053777
1.028672
1.092860
1.040417
1.255959
1.062058
1.230999
1.118502
1.146106
1.241613
1.199653
1.002664
1.076174
1.172242
1.097271
1.136830
1.146184
0.855583
1.102034
1.244568
1.047428
1.052921
1.036627
0.984099
1.022340
0.934188
1.003056
1.041654
1.195460
1.080700
1.220319
1.119755
1.255766
0.969058
1.022355
0.981896
1.159134
1.025914
1.000533
0.999111
1.151030
1.064527
1.126896
1.238307
1.024114
1.045637
1.051096
1.087411
1.166536
1.200752
1.207298
1.071628
0.998933
1.212048
1.183101
0.924850
1.067585
0.924316
1.040575
1.046686
1.114343
0.928289
0.919876
1.088450
0.989148
1.038597
1.161661
1.053027
0.988805
0.882783
0.988579
1.070921
1.034079
0.940983
1.071246
1.169029
1.172910
1.039786
0.994480
1.203304
0.831844
1.020301
1.091460
0.966689
1.063510
0.913921
1.156846
1.000498
1.029915
1.026941
1.209581
1.000702
1.224270
1.071886
1.004995
1.226557
1.059157
1.081484
1.083786
1.033738
1.063445
1.049814
1.163561
1.094563
0.970613
0.977626
0.995994
1.090151
0.947293
1.083158
0.969967
1.053517
0.880560
1.035814
1.108670
1.172197
0.887125
1.112814
1.156573
1.216990
1.039668
1.146541
1.165544
0.985713
1.003391
0.982878
0.977968
1.193705
1.281431
0.999464
0.926173
1.067755
1.044422
1.148028
0.990067
0.853486
0.943673
1.018750
1.132534
1.001030
1.058952
0.979124
0.981333
1.023681
0.879424
1.140546
1.299371
1.207206
0.908844
1.224583
1.009089
1.078483
0.994899
1.034545
1.024006
1.021782
0.885499
1.051323
0.902911
1.042924
0.936484
1.060916
0.814123
1.164794
0.989196
0.968031
0.995429
1.086218
1.233349
0.906448
0.930629
0.990560
1.068776
1.052675
1.111002
1.039081
1.099572
0.946343
1.142672
0.903861
0.979920
1.009959
1.078734
0.982272
1.037555
0.919994
1.288570
1.003594
0.984341
1.018531
1.163601
0.825569
0.974440
0.974730
0.917940
1.048203
0.972406
1.122049
1.069047
1.048753
1.047140
0.925593
0.996452
0.921050
1.016196
0.913400
0.855652
1.121190
1.246119
0.892392
0.934125
1.000838
1.047286
0.964085
1.073726
0.952456
1.037633
0.856909
0.983403
0.864024
1.040897
1.052382
0.958598
1.197576
1.206302
1.085240
1.040173
1.036488
0.977039
1.120279
0.944731
1.068856
1.129777
1.188986
1.134992
0.900402
1.011195
0.884009
1.019249
1.078101
1.208755
1.030556
1.093576
0.995423
1.052408
1.166957
0.914137
0.956171
0.977176
1.069029
0.985288
1.124604
1.027308
1.000836
1.046746
1.120707
0.952293
1.004014
0.926008
0.954223
1.057204
0.927921
1.008120
1.094195
0.804789
1.036487
0.955190
0.925719
1.034804
0.910783
0.964124
0.955428
1.178055
1.158607
0.916673
0.986234
0.993070
0.891260
0.955422
1.053698
1.040788
1.013929
0.922073
0.944300
1.046178
0.976779
1.033172
0.892459
0.853356
0.820812
1.044778
0.955298
0.862422
0.922577
1.042544
0.882540
0.911783
1.007939
1.015785
1.174708
1.040682
1.043351
1.081498
1.064955
0.827923
0.898368
0.885830
0.993628
0.890946
0.746748
1.115269
0.957722
0.865672
0.982552
0.915298
0.975502
0.942201
1.019928
0.965074
0.868454
1.166717
0.988172
0.979998
1.136570
0.975803
0.998194
0.948120
0.998579
1.025931
0.934334
1.044463
1.107619
1.045959
1.046835
0.993826
1.010794
1.160306
0.959381
0.968931
0.890415
0.893462
1.036691
0.848886
1.067422
0.950112
1.052871
1.148641
1.039128
0.989109
0.996114
0.901041
1.038135
0.953098
0.999917
0.985235
1.096790
0.960047
1.007274
1.106781
1.068864
0.921159
1.226133
0.915095
1.040024
0.993048
1.106508
0.935328
0.887523
0.694798
1.013750
0.945461
1.064167
1.087128
0.896602
0.990617
1.014522
0.957519
0.953779
1.049030
1.002948
0.889565
0.910112
0.950730
0.958276
1.012411
0.941570
0.904961
1.103546
0.848015
1.265130
0.956047
0.861148
0.906966
1.048954
0.941146
0.937918
0.889773
0.899587
0.876697
0.938438
0.820483
0.976476
0.848944
1.066410
1.054788
1.045292
0.993098
0.856048
0.934967
0.943689
1.012887
1.056887
0.978249
0.925423
1.102531
0.905595
0.839362
0.874334
0.936483
0.894858
1.056273
1.045443
1.030433
0.920230
0.992820
0.909754
1.001340
1.013604
0.953387
0.853862
0.764278
0.945946
1.362980
1.010110
0.955682
1.018540
0.850007
0.958064
1.018390
1.010413
0.991979
0.947651
1.008175
0.825260
0.902233
0.842713
0.960113
0.963778
0.939318
0.962393
1.077828
0.906704
0.914121
0.904752
0.831703
1.060694
0.829290
0.775255
0.921793
0.942245
0.907832
0.944430
0.979653
0.984992
0.897223
0.920372
0.848026
0.922487
1.026263
1.016934
1.003684
0.831990
0.875031
0.697501
1.014976
0.957713
0.910335
0.981350
1.049397
1.019306
0.850844
1.094540
0.903206
0.792772
1.026120
0.940379
0.926240
0.894660
0.763492
0.912217
1.090759
0.940312
1.006675
0.983792
0.908450
0.887716
0.993908
1.228885
0.948421
1.143414
0.933610
0.895366
0.846799
0.921472
1.064828
1.002553
0.841115
0.853168
0.834033
0.958613
0.841368
0.747441
0.922794
0.817878
0.902975
0.784628
0.979553
0.789695
0.908293
1.076591
0.845159
0.981631
1.026254
0.875191
0.953296
0.858024
0.874304
0.922185
1.286949
0.917097
1.052054
0.996985
0.880210
0.810905
0.758291
0.966733
0.880851
0.909866
0.986067
0.998316
0.797106
0.935354
0.825356
1.087303
0.912932
1.017077
0.920089
0.909309
0.931138
0.941555
0.979300
1.101638
0.949965
0.911881
0.823743
0.901742
0.847661
0.893616
0.898928
0.760785
1.169384
0.904574
0.836279
0.894937
0.960103
0.837457
0.831493
0.931551
0.742192
0.996804
1.218704
0.999277
0.980920
1.047434
1.013090
0.834902
1.003608
0.881345
0.910535
0.874979
0.894047
0.902557
0.923299
0.945911
0.935443
0.809026
0.811291
0.995315
1.056982
0.834271
0.849373
0.818758
0.817637
0.974084
0.880717
1.089766
0.816718
0.956186
0.999644
0.803328
0.946763
0.980105
0.939795
0.813015
0.917266
0.789527
0.951364
0.771671
0.734263
0.885090
0.987321
0.943349
0.926597
0.897852
0.742601
0.932966
0.797662
0.858094
0.911901
0.913385
1.180670
0.893284
1.039085
0.868387
1.288148
0.846990
0.888593
0.857375
0.898420
0.814359
0.974988
0.877249
0.883359
0.945410
0.816852
0.845163
0.859784
0.919831
1.034221
0.977507
0.928708
0.998496
0.867897
0.848496
0.753321
0.851783
0.806697
0.794560
0.972881
0.886596
0.946141
0.931733
0.846770
0.960975
0.859839
0.904478
1.256722
0.856302
0.803379
1.016631
0.945108
0.902744
0.996300
0.987383
0.946465
0.892548
0.840344
0.961301
0.883096
0.904743
0.857004
0.966067
0.881278
0.812287
0.900636
0.894557
0.937501
0.867563
0.805250
0.825193
0.893486
0.752214
0.964643
0.807343
0.868035
1.011351
0.973067
0.872703
0.967501
0.851615
0.847975
0.853359
0.790758
0.771782
0.723618
0.893142
0.962894
0.843261
0.862913
0.927315
0.797385
0.816454
0.676916
0.974257
0.876472
0.874781
0.723274
1.049643
0.864743
1.045011
0.833309
0.644161
0.840052
0.917555
0.950775
0.873561
0.860204
0.818192
0.990681
0.959318
0.942088
0.950023
0.883214
0.826280
0.814750
0.655128
1.070467
0.997102
0.911144
0.852804
0.969607
0.873748
0.846337
0.915050
0.983131
0.726446
0.678258
0.899651
0.660643
0.939340
1.040721
0.837597
0.886915
0.807655
0.991784
0.769635
0.747394
0.907632
0.831205
0.857460
0.683421
0.854967
0.918671
0.655595
0.889303
1.054800
0.905123
0.862024
0.899998
0.998649
0.956091
0.839146
0.838210
0.833626
0.805984
0.770254
0.948723
0.883348
0.919681
0.677319
0.836702
0.861234
0.815407
0.853090
0.971728
0.878792
0.975968
0.897914
0.855365
0.878084
0.732033
0.911796
0.883111
0.802869
0.821368
0.999487
0.815981
0.763238
0.859638
0.898274
0.798502
0.873078
0.838529
0.763860
0.850118
0.849081
0.783980
0.908577
0.722876
0.904269
0.904491
0.852447
0.739376
0.687562
0.818345
0.657378
0.810099
0.806678
0.956171
1.034075
0.972096
0.808903
0.911106
0.755137
0.882620
0.921185
0.965157
0.819050
0.782549
0.727957
0.790196
0.854905
0.943081
0.836422
0.973438
0.819848
0.820150
0.859668
0.707092
0.874192
0.795124
0.806143
0.861090
0.808686
0.909662
0.780624
0.908950
0.877471
0.868949
0.874141
0.866628
0.890805
0.849880
0.846483
0.794288
0.907522
0.733303
0.844430
0.852272
1.209607
0.795928
0.803641
0.789847
0.800594
0.778632
0.849435
0.865388
0.925624
0.812889
0.813949
0.775238
0.818497
0.896428
0.776758
0.715092
0.770030
0.649486
0.766535
0.899614
0.922430
0.918028
0.854262
0.864739
0.766538
0.760455
0.871883
0.769467
1.078539
1.008994
0.958925
1.005254
0.813121
0.831862
0.859565
0.820281
0.806970
0.809582
0.745344
0.721902
0.875530
0.830750
0.935378
0.816498
0.728340
0.867905
0.784397
0.924484
0.801115
0.838833
0.698931
0.837835
0.771724
0.812321
0.828747
0.919764
0.824485
0.980754
0.744456
0.852052
0.832172
0.845214
0.901695
0.600878
0.950356
0.786699
0.813445
0.683770
0.821899
0.726267
0.949906
0.640608
0.934719
0.813705
0.853507
0.921974
0.892626
0.778996
0.748474
0.815548
0.918400
0.805986
0.671927
0.939689
0.748365
0.829058
0.767845
0.768041
0.883531
0.707442
0.903479
0.801230
0.877138
0.858319
0.814112
0.590863
0.808857
0.751925
0.776275
0.951036
0.937905
0.960005
0.664639
0.868386
0.728271
0.690570
0.686801
0.663349
0.866575
0.827954
0.794655
0.760238
0.913349
0.891582
0.759248
0.858517
0.717420
0.755452
0.908861
0.769393
0.801099
0.896988
0.732138
0.827596
0.717261
0.892571
0.771644
0.599573
0.649112
0.765556
0.921954
0.808844
0.713553
0.713199
0.890371
0.566553
0.822790
0.870336
0.721786
0.759400
0.777572
0.786543
0.813574
0.864830
0.804766
0.788278
1.033485
0.856723
0.795871
0.755599
0.882934
0.943175
0.831071
0.890036
0.777918
0.834286
0.816449
0.688789
0.906546
0.511821
0.810948
0.819959
0.828317
0.862087
0.863112
0.791150
0.871429
0.879080
0.853824
0.711483
0.881705
0.756806
0.859052
0.783845
0.931749
1.075283
0.810282
0.789155
0.604981
0.741604
0.746650
0.821057
0.835581
0.911330
0.667277
0.636792
0.755031
0.867491
0.877362
0.811854
0.751401
0.670804
0.878656
0.743917
0.921463
0.631756
0.773535
0.706169
0.730987
0.784565
0.745483
0.787934
0.855781
0.857831
0.897319
0.995125
0.784400
0.676362
0.822852
0.932470
0.913762
0.838783
0.804348
0.769317
0.906173
0.758774
0.813547
0.861060
0.735242
0.617478
0.938806
0.772608
0.769721
0.979293
0.726298
0.887008
0.752103
0.826743
0.986948
0.781158
0.706150
0.926005
0.801626
0.867132
0.886244
0.755230
0.833540
0.848131
0.666686
0.639337
0.759307
0.739449
0.841502
0.897656
0.824837
0.758260
0.631494
0.792437
0.771292
0.747383
0.698070
0.978252
0.815344
0.820568
0.707947
1.264556
0.751258
0.859769
0.795389
0.861384
0.856188
0.696968
0.855683
0.887501
0.747178
0.614408
0.753047
0.837594
0.832690
0.819197
0.736681
0.831353
0.811732
0.725698
0.805528
0.915095
0.697714
0.818489
0.857352
0.707649
0.783603
0.948675
0.699275
0.765112
0.659733
0.830298
0.708657
0.919950
0.837288
0.889648
0.780390
0.899978
0.881167
0.833530
0.635440
0.920576
0.818738
0.815527
0.873244
0.715832
0.790579
0.812988
0.841181
0.829180
0.666747
0.727806
0.868504
0.679492
0.737031
0.840057
0.652739
0.714145
0.726178
0.714197
0.768374
0.757703
0.751846
0.790368
0.729193
0.566840
0.790078
0.758020
0.653324
0.801262
0.796603
0.752652
0.768739
0.799201
0.829657
0.754663
0.809617
0.854401
0.695815
0.857547
0.858819
0.831801
0.834381
0.963751
0.713666
0.774558
0.831378
0.723798
0.825238
0.772255
0.742346
0.638644
0.849701
0.800270
0.787717
0.680942
0.556130
0.919804
0.874174
0.807937
0.724997
0.824432
0.793173
0.774108
0.686965
0.622763
0.877960
0.731406
0.764602
0.745134
0.712210
0.771041
0.753039
0.602999
0.695431
0.721297
0.833657
0.793306
0.603390
0.697200
0.799947
0.767684
0.729795
0.875188
0.840689
0.809998
0.699115
0.761730
0.801686
0.751279
0.616979
0.779241
0.685171
0.830285
0.757999
0.716989
0.760821
0.644775
0.710299
0.788236
0.756220
0.827243
0.781345
0.986117
0.649283
0.684875
0.652716
0.731248
0.705748
0.738009
0.806711
0.712561
0.850491
0.865641
0.844954
0.855963
0.740974
0.714802
0.850659
0.629718
0.701375
0.456344
0.836648
0.610373
0.720559
0.753447
0.693491
0.805337
0.767184
0.717219
0.747685
0.744573
0.689317
0.748055
0.908482
0.611186
0.949904
0.749238
0.653937
0.665672
0.851055
0.644081
0.688051
0.849356
0.867678
0.746797
0.705587
0.675353
0.751706
0.712880
0.682942
0.610259
0.871860
1.041945
0.807528
0.763013
0.586411
0.853557
0.690189
0.751432
0.750261
0.810854
0.786594
0.629850
0.794464
0.738501
0.659288
0.786897
0.789128
0.766145
0.775385
0.674409
0.770126
0.686192
0.627291
0.718409
0.648372
0.776216
0.750207
0.647170
0.589014
0.822704
0.733481
0.631752
0.759197
0.752691
0.824100
0.697004
0.648193
0.795440
0.745055
0.760096
0.621900
0.782936
0.730915
0.695939
0.860312
0.755670
0.702202
0.733862
0.677270
0.797010
0.774364
0.655535
0.788830
0.728735
0.650101
0.786052
0.580386
0.713038
0.632174
0.927484
0.667683
0.599722
0.809682
0.719285
0.655660
1.053129
0.772933
0.721541
0.850542
0.557170
0.649400
0.656607
0.772341
0.699300
0.795807
0.598182
0.823860
0.884687
0.731952
0.755297
0.751550
0.682051
0.665689
0.621503
0.738376
0.729274
0.813123
0.749738
0.805412
0.775930
0.760291
0.695327
0.882932
0.712270
0.736613
0.693691
0.706610
0.569874
0.696799
0.742954
0.780010
0.770864
0.605128
0.673558
0.734332
0.792699
0.750167
0.754277
0.802503
0.665076
0.573602
0.769507
0.741427
0.695420
0.668802
0.635304
0.601833
0.615375
0.834482
0.816263
0.709868
0.632327
0.755842
0.725036
0.794872
0.554289
0.779281
0.580721
0.886628
0.773783
0.630848
0.743710
0.721441
0.696518
0.814237
0.659801
0.631148
0.552521
0.899787
0.564949
0.669371
0.716106
0.816289
0.541179
0.709808
0.723139
0.728832
0.658070
0.673245
0.614193
0.762045
0.645625
0.540413
0.683690
0.732393
0.689086
0.684223
0.763248
0.625097
0.687587
0.619156
0.721892
0.638238
0.673093
0.832632
0.702177
0.755414
0.655239
0.696733
0.672212
0.681504
0.742413
0.811779
0.661320
0.679919
0.663509
0.754385
0.818702
0.634534
0.652374
0.655687
0.777733
0.926682
0.639584
0.753204
0.765881
0.561863
0.812200
0.639719
0.685737
0.785408
0.763483
0.639001
0.558420
0.705983
0.718422
0.769869
0.705146
0.610665
0.783506
0.877040
0.660853
0.729561
0.627387
0.563016
0.670998
0.749697
0.584469
0.888900
0.715174
0.473192
0.749460
0.674716
0.657602
0.771754
0.738100
0.523055
0.794532
0.677355
0.795484
0.632633
0.690772
0.538290
0.626527
0.838111
0.469717
0.550063
0.817106
0.682993
0.637249
0.853583
0.646937
0.603744
0.716140
0.515108
0.687937
0.716337
0.562713
0.705225
0.681835
0.649280
0.875091
0.696517
0.592214
0.685129
0.646453
0.748695
0.790558
0.719444
0.700944
0.628949
0.666448
0.765332
0.602774
0.850643
0.635466
0.674601
0.685397
0.637660
0.755721
0.815059
0.654919
0.638186
0.712836
0.684804
0.634406
0.708276
0.597851
0.749076
0.671124
0.543623
0.548468
0.616445
0.757784
0.554765
0.685087
0.757841
0.655636
0.859982
0.746572
0.702023
0.666434
0.771091
0.729575
0.791034
0.775180
0.657639
0.639777
0.692437
0.434699
0.699738
0.719476
0.693327
0.833010
0.672968
0.627643
0.788239
0.628536
0.844919
0.693774
0.762424
0.825543
0.621056
0.687514
0.604166
0.611660
0.695574
0.681730
0.682744
0.566291
0.628627
0.661266
0.706143
0.687452
0.685354
0.814125
0.627685
0.733669
0.653011
0.712764
0.636051
0.642366
0.773008
0.865803
0.710398
0.658791
0.654170
0.738395
0.714418
0.800959
0.594816
0.574989
0.649648
0.618502
0.585367
0.706775
0.738189
0.804102
0.644158
0.653802
0.790681
0.839449
0.764361
0.766618
0.660583
0.674001
0.714565
0.565127
0.705095
0.692466
0.663555
0.589495
0.650209
0.531943
0.752101
0.627252
0.819971
0.672116
0.777018
0.610584
0.697131
0.664854
0.684984
0.812829
0.605603
0.536345
0.727288
0.597437
0.710711
0.743772
0.649572
0.688627
0.483927
0.633691
0.604430
0.656140
0.640640
0.706310
0.743035
0.682153
0.680384
0.647863
0.705396
0.664769
0.612008
0.660457
0.616615
0.782144
0.664061
0.655763
0.631359
0.624929
0.607903
0.547909
0.816999
0.670834
0.606855
0.593656
0.614814
0.752339
0.569448
0.683346
0.573647
0.652906
0.754392
0.624085
0.759851
0.672594
0.681241
0.597253
0.726420
0.936850
0.569001
0.653931
0.696088
0.699871
0.504910
0.693711
0.642907
0.542834
0.653045
0.559305
0.748918
0.798116
0.653216
0.656825
0.723977
0.652764
0.700616
0.659909
0.572522
0.669889
0.709294
0.612547
0.823380
0.561395
0.665614
0.633716
0.529309
0.655446
0.590014
0.779383
0.594772
0.694134
0.692263
0.748095
0.676807
0.619711
0.743439
0.695064
0.718499
0.553940
0.739019
0.703176
0.630423
0.773497
0.584905
0.617940
0.735353
0.483094
0.713770
0.715068
0.632017
0.564235
0.690367
0.660616
0.515767
0.872952
0.595166
0.760249
0.637287
0.575447
0.770847
0.781843
0.771793
0.708596
0.601982
0.631430
0.556429
0.602517
0.690575
0.644289
0.667764
0.683130
0.690548
0.518564
0.451413
0.520595
0.636176
0.703667
0.536033
0.542386
0.622772
0.561750
0.777837
0.759059
0.784278
0.795467
0.683398
0.655238
0.621464
0.738349
0.795816
0.641344
0.799445
0.704797
0.669693
0.704059
0.654456
0.778521
0.744091
0.469189
0.620417
0.509169
0.576509
0.437634
0.647308
0.586639
0.755847
0.745958
0.814570
0.778321
0.595306
0.770547
0.791043
0.678310
0.647422
0.702523
0.752340
0.663031
0.736788
0.512464
0.668965
0.763878
0.629966
0.603653
0.571505
0.596166
0.694592
0.612256
0.704199
0.629983
0.624384
0.607173
0.702346
0.684840
0.622141
0.728136
0.629444
0.727086
0.533506
0.706043
0.634715
0.498694
0.600327
0.663693
0.649393
0.769906
0.533135
0.615756
0.648288
0.624508
0.654485
0.512212
0.625371
0.697246
0.772028
0.659085
0.658080
0.644735
0.637842
0.568164
0.698748
0.650406
0.772202
0.588072
0.577890
0.633538
0.590304
0.738268
0.539246
0.621524
0.770979
0.605465
0.628844
0.567762
0.731353
0.652251
0.632679
0.711151
0.497088
0.665366
0.651330
0.601945
0.535415
0.475626
0.686160
0.654266
0.681573
0.575758
0.608279
0.845065
0.731091
0.630927
0.654280
0.555867
0.494190
0.775722
0.692209
0.544854
0.817526
0.680942
0.665359
0.553683
0.751214
0.703458
0.675260
0.650178
0.631411
0.700607
0.806880
0.555994
0.628318
0.513904
0.642845
0.716266
0.607670
0.658961
0.796395
0.604193
0.452864
0.602160
0.542660
0.695992
0.537656
0.717575
0.697309
0.580443
0.573269
0.681279
0.618277
0.509361
0.721350
0.611879
0.487215
0.540563
0.621820
0.568605
0.656820
0.761758
0.716070
0.629245
0.671448
0.568708
0.738127
0.624919
0.638859
0.533808
0.738931
0.492214
0.685875
0.514617
0.596619
0.646762
0.604280
0.698607
0.641152
0.577850
0.592710
0.458432
0.530237
0.662987
0.617231
1.126258
0.576618
0.673412
0.605931
0.762895
0.706241
0.539452
0.538381
0.569384
0.682950
0.739913
0.616343
0.495744
0.638088
0.676419
0.532265
0.524215
0.583555
0.604048
0.695427
0.526529
0.540504
0.396888
0.641481
0.611817
0.675001
0.633453
0.600894
0.536613
0.544464
0.763134
0.759348
0.891395
0.745577
0.723937
0.714865
0.662178
0.708745
0.749636
0.499150
0.659603
0.600184
0.694763
0.569768
0.656226
0.584478
0.560120
0.689318
0.568584
0.695942
0.598076
0.705935
0.567426
0.625298
0.559779
0.580714
0.587858
0.768170
0.633825
0.577962
0.669402
0.544766
0.542089
0.566971
0.652559
0.682895
0.525277
0.728149
0.646627
0.507680
0.442258
0.630153
0.675979
0.683726
0.530545
0.593025
0.530795
0.471752
0.613009
0.651336
0.716921
0.715108
0.672195
0.603598
0.674687
0.680758
0.802865
0.631832
0.468633
0.587798
0.662264
0.566993
0.588635
0.539888
0.578371
0.691697
0.734190
0.592431
0.567483
0.558717
0.567009
0.586014
0.606174
0.567775
0.729213
0.497894
0.566937
0.756076
0.453437
0.639477
0.728975
0.586930
0.653286
0.621541
0.490165
0.605572
0.651831
0.626960
0.573387
0.711748
0.653556
0.560014
0.773740
0.678067
0.631291
0.637561
0.765325
0.576011
0.552221
0.540971
0.698006
0.726593
0.596726
0.694541
0.584607
0.686053
0.643146
0.537077
0.587370
0.474257
0.566789
0.463239
0.651750
0.545438
0.657338
0.661803
0.577425
0.590676
0.593411
0.556649
0.579713
0.685389
0.670362
0.589684
0.616911
0.636974
0.570011
0.708390
0.594159
0.684172
0.882065
0.667050
0.759979
0.515862
0.583694
0.523456
0.615065
0.654654
0.779757
0.614155
0.600131
0.583943
0.486945
0.664144
0.507116
0.687870
0.595483
0.586133
0.698432
0.583354
0.654510
0.644256
0.725287
0.618090
0.609414
0.624063
0.655210
0.676461
0.590826
0.490075
0.634888
0.515582
0.816930
0.569746
0.592296
0.622454
0.723635
0.648221
0.573322
0.486758
0.545313
0.542084
0.556235
0.680741
0.643448
0.643622
0.744008
0.592669
0.707034
0.566765
0.496386
0.603981
0.683654
0.572833
0.740945
0.612188
0.608510
0.704666
0.655136
0.638111
0.516814
0.515541
0.657936
0.499531
0.564120
0.684958
0.598583
0.445257
0.612554
0.564213
0.545184
0.582379
0.706316
0.498975
0.487041
0.608646
0.573333
0.624478
0.623619
0.487558
0.625090
0.567536
0.597415
0.639479
0.580479
0.630594
0.600784
0.702827
0.670411
0.597308
0.613924
0.612753
0.575209
0.575454
0.523112
0.620449
0.506413
0.664460
0.597357
0.513262
0.639960
0.599415
0.585342
0.661175
0.571515
0.617392
0.628776
0.598770
0.618670
0.670184
0.494569
0.663394
0.474775
0.648332
0.473689
0.825494
0.681885
0.636650
0.545640
0.584404
0.555314
0.766499
0.487404
0.488718
0.544618
0.621186
0.598424
0.660320
0.501711
0.459426
0.644185
0.663341
0.576577
0.389761
0.655514
0.489050
0.586106
0.625158
0.563187
0.538453
0.607353
0.573516
0.433915
0.598633
0.671488
0.753729
0.408658
0.679845
0.528217
0.679800
0.537891
0.536917
0.500944
0.688772
0.706826
0.468774
0.534210
0.610454
0.622745
0.597354
0.816423
0.467827
0.510942
0.556841
0.686353
0.548335
0.568662
0.623481
0.621089
0.723238
0.505109
0.559131
0.537772
0.455170
0.637492
0.605455
0.640413
0.572326
0.686556
0.415708
0.595718
0.502948
0.596674
0.416257
0.587106
0.695233
0.428137
0.713786
0.580661
0.610165
0.552781
0.649161
0.847341
0.603069
0.531201
0.674793
0.612023
0.597647
0.555867
0.654480
0.676344
0.665310
0.501205
0.635123
0.541259
0.675737
0.596094
0.630210
0.633087
0.499858
0.476751
0.512839
0.421844
0.578290
0.543796
0.655850
0.652470
0.505148
0.538027
0.478414
0.640537
0.584586
0.536235
0.601747
0.540920
0.556712
0.558508
0.635588
0.514601
0.555670
0.636004
0.589283
0.503080
0.676741
0.635949
0.652657
0.609225
0.576247
0.589284
0.541588
0.505404
0.481457
0.646437
0.675548
0.485161
0.693360
0.637326
0.555150
0.568284
0.622564
0.613470
0.458740
0.625804
0.564885
0.551508
0.708385
0.456361
0.627867
0.527774
0.467376
0.403532
0.351856
0.522447
0.632751
0.518252
0.570607
0.762183
0.776417
0.640364
0.732904
0.530937
0.427663
0.686269
0.541089
0.543430
0.668495
0.491940
0.521609
0.562606
0.622324
0.542336
0.608163
0.512414
0.452137
0.613145
0.602001
0.529128
0.612304
0.482478
0.695841
0.450278
0.731667
0.389470
0.404029
0.566924
0.463471
0.479722
0.497421
0.501374
0.738547
0.517864
0.629406
0.698997
0.780030
0.519947
0.600452
0.506818
0.629195
0.663443
0.449962
0.488286
0.601203
0.605722
0.613574
0.505404
0.547050
0.589006
0.482273
0.583974
0.644868
0.640209
0.504666
0.661530
0.537091
0.507819
0.589555
0.602471
0.496102
0.543281
0.588673
0.519168
0.606070
0.462630
0.605394
0.587274
0.523996
0.635523
0.597894
0.574443
0.494964
0.460525
0.532419
0.537632
0.539074
0.523966
0.625241
0.593238
0.553692
0.639593
0.511446
0.646297
0.515216
0.637989
0.487060
0.444852
0.565488
0.541772
0.579773
0.635038
0.470089
0.496422
0.537646
0.718292
0.436401
0.418258
0.545401
0.473616
0.602154
0.624489
0.622539
0.631416
0.609210
0.571385
0.490240
0.631266
0.594952
0.537538
0.609244
0.491634
0.458342
0.652686
0.565375
0.650642
0.761468
0.633902
0.426669
0.507804
0.703465
0.466197
0.457393
0.641730
0.568303
0.494744
0.432672
0.452611
0.490237
0.541665
0.581149
0.634628
0.451705
0.505484
0.715053
0.487207
0.431183
0.458482
0.502148
0.444844
0.484939
0.557232
0.595244
0.588306
0.401014
0.611744
0.651264
0.590805
0.521166
0.326270
0.458936
0.447307
0.623006
0.603753
0.476591
0.575270
0.565917
0.695402
0.632301
0.670816
0.450585
0.417521
0.662148
0.547258
0.446448
0.586767
0.515312
0.539156
0.470255
0.445530
0.511253
0.533232
0.702301
0.498471
0.587525
0.528760
0.597073
0.581188
0.567046
0.427503
0.453819
0.416055
0.478040
0.548369
0.636970
0.437742
0.525229
0.596898
0.623929
0.558859
0.491808
0.439079
0.510210
0.592013
0.606021
0.511550
0.514423
0.546113
0.554680
0.466986
0.644713
0.633381
0.463411
0.513996
0.694510
0.500513
0.544120
0.536759
0.523456
0.489062
0.613544
0.572754
0.528220
0.684333
