2.308531
2.295735
2.281193
2.255607
2.229549
2.193914
2.174220
2.117042
1.997117
1.951990
1.984672
1.875650
1.884448
1.958066
1.949824
1.826950
1.910424
1.859085
1.913177
1.949251
1.990479
1.916785
1.956534
1.835845
1.855977
1.875460
1.892965
1.838319
1.831764
1.879093
1.840744
1.821113
1.812377
1.835290
1.796924
1.931956
1.839608
1.809055
1.868788
1.865420
1.817069
1.865596
1.860854
1.902896
1.898240
1.801999
1.822798
1.899497
1.850214
1.843417
1.813359
1.789653
1.774165
1.822491
1.804027
1.846777
1.756127
1.837972
1.827787
1.789224
1.839853
1.820903
1.811804
1.857115
1.783528
1.821289
1.827210
1.875416
1.817789
1.831057
1.852987
1.805448
1.836230
1.789569
1.822057
1.859484
1.851099
1.794829
1.819482
1.843666
1.816776
1.750822
1.833320
1.824056
1.883117
1.857236
1.811350
1.862745
1.807221
1.797326
1.847545
1.859210
1.781688
1.866952
1.887455
1.809889
1.859417
1.774820
1.793877
1.809207
1.810178
1.844855
1.847595
1.822543
1.828933
1.813514
1.790473
1.773584
1.807858
1.829616
1.777543
1.741283
1.830704
1.783212
1.792156
1.783238
1.806909
1.823515
1.832250
1.857209
1.762833
1.858589
1.837619
1.815049
1.798263
1.855456
1.794492
1.807990
1.820278
1.881409
1.798098
1.794657
1.844350
1.761027
1.852625
1.906930
1.810076
1.812909
1.792048
1.793859
1.793689
1.813649
1.724889
1.872288
1.756884
1.867354
1.853355
1.764985
1.764936
1.835860
1.794897
1.846968
1.840760
1.819967
1.769561
1.808418
1.832770
1.824240
1.807158
1.791466
1.812159
1.770163
1.843083
1.837713
1.848397
1.856142
1.865201
1.822328
1.798327
1.781666
1.788039
1.809948
1.805611
1.841889
1.795352
1.818656
1.775285
1.818650
1.765951
1.824699
1.791089
1.799667
1.802157
1.804207
1.838200
1.862858
1.807138
1.790471
1.788565
1.774394
1.783661
1.833738
1.842837
1.822462
1.770518
1.802236
1.843529
1.869261
1.825792
1.723324
1.854913
1.874149
1.801809
1.815848
1.847440
1.758935
1.764655
1.831705
1.738627
1.781822
1.754915
1.748497
1.836171
1.806844
1.858182
1.806373
1.810733
1.818543
1.837291
1.829235
1.831785
1.772577
1.793560
1.804226
1.790732
1.878446
1.809196
1.843094
1.737401
1.804211
1.766123
1.828850
1.758702
1.770642
1.871810
1.877876
1.784435
1.822160
1.817592
1.817706
1.816756
1.809835
1.819361
1.821126
1.859632
1.876098
1.751825
1.766617
1.775683
1.805650
1.811271
1.855648
1.771398
1.770820
1.833791
1.811102
1.759475
1.780343
1.852511
1.800775
1.819688
1.834016
1.812747
1.884050
1.810499
1.720133
1.822219
1.834973
1.825676
1.838999
1.777999
1.787742
1.817186
1.823060
1.750810
1.848179
1.783978
1.867160
1.804981
1.841035
1.828086
1.781259
1.811205
1.759964
1.810892
1.787236
1.732979
1.792670
1.842326
1.874961
1.743316
1.844043
1.799370
1.782813
1.753832
1.795269
1.824369
1.874071
1.801304
1.799729
1.726471
1.877184
1.798808
1.804115
1.800422
1.798612
1.823075
1.777555
1.792177
1.775457
1.823409
1.820964
1.798083
1.784387
1.793818
1.769898
1.796140
1.866794
1.811160
1.827184
1.791802
1.786857
1.761805
1.833722
1.815480
1.811362
1.798210
1.823139
1.752273
1.786560
1.862795
1.742437
1.791902
1.787923
1.822972
1.812606
1.820053
1.879038
1.811541
1.839057
1.832119
1.825406
1.724883
1.828683
1.823447
1.833568
1.778577
1.822751
1.763276
1.783220
1.794003
1.817417
1.777894
1.864431
1.804644
1.845148
1.857217
1.843537
1.845763
1.754795
1.751465
1.777988
1.846700
1.771798
1.754996
1.737025
1.807060
1.835281
1.767689
1.802742
1.817706
1.847926
1.805774
1.802450
1.826320
1.787958
1.815284
1.798490
1.837146
1.864466
1.785947
1.859859
1.861889
1.806309
1.831540
1.821745
1.775176
1.776054
1.776559
1.823160
1.825440
1.762733
1.814479
1.825599
1.730587
1.823148
1.841981
1.778632
1.742867
1.781992
1.774908
1.874399
1.726102
1.841110
1.823018
1.714592
1.826756
1.863001
1.806481
1.830077
1.811612
1.811844
1.817668
1.781294
1.850892
1.819533
1.767394
1.791257
1.796523
1.786982
1.824644
1.749890
1.789648
1.841976
1.853831
1.782248
1.866848
1.802068
1.793471
1.830139
1.800983
1.853164
1.824437
1.814897
1.822117
1.818838
1.768037
1.862856
1.800899
1.817864
1.723825
1.864308
1.787900
1.847361
1.798261
1.746994
1.852449
1.772576
1.728945
1.828709
1.757818
1.822247
1.761733
1.761304
1.805906
1.707675
1.782236
1.781174
1.814594
1.788827
1.764069
1.781039
1.707065
1.818918
1.786957
1.795650
1.821096
1.795688
1.787726
1.792011
1.821995
1.827259
1.801351
1.819376
1.836571
1.872936
1.770087
1.792013
1.784208
1.840436
1.838289
1.800672
1.838518
1.778838
1.747057
1.781912
1.890086
1.810055
1.791875
1.789424
1.782719
1.888423
1.783044
1.764813
1.807734
1.808661
1.769132
1.814175
1.819980
1.839301
