2.302337
2.297398
2.304595
2.299640
2.299025
2.287223
2.290994
2.283780
2.275467
2.272330
2.261383
2.242855
2.234977
2.214727
2.209701
2.175756
2.148340
2.141510
2.148316
2.072473
2.058218
2.076793
2.025366
2.006989
2.007146
1.957431
1.929310
1.914934
1.923092
1.915516
1.844451
1.835275
1.826367
1.791413
1.829709
1.790269
1.760988
1.744668
1.744129
1.725896
1.724267
1.746533
1.724742
1.711909
1.774367
1.705766
1.691260
1.721032
1.725604
1.702435
1.685362
1.669968
1.697122
1.686703
1.703432
1.705888
1.655575
1.673418
1.679913
1.637205
1.669287
1.649781
1.661915
1.664519
1.626630
1.633525
1.671325
1.622241
1.672633
1.668253
1.631181
1.660033
1.657616
1.647974
1.658380
1.622661
1.614474
1.630717
1.612857
1.638019
1.641144
1.664282
1.651721
1.629010
1.633938
1.623919
1.607308
1.621148
1.613454
1.632545
1.636019
1.630634
1.634444
1.636136
1.625211
1.611397
1.645792
1.698118
1.620795
1.610298
1.617794
1.626558
1.637165
1.610342
1.639811
1.615038
1.617749
1.583588
1.595230
1.613502
1.597426
1.578319
1.634092
1.611591
1.583176
1.613129
1.598544
1.575816
1.619521
1.603210
1.630338
1.614206
1.611394
1.571026
1.637267
1.590721
1.636933
1.624859
1.618903
1.601914
1.598638
1.613776
1.579223
1.592320
1.580330
1.587884
1.613908
1.582157
1.625651
1.597695
1.587078
1.592501
1.590741
1.590386
1.588858
1.573707
1.613614
1.609802
1.608550
1.574851
1.605823
1.546574
1.588856
1.603802
1.620685
1.579521
1.586126
1.582544
1.595495
1.582896
1.587486
1.603072
1.601236
1.623397
1.568336
1.599529
1.611490
1.572590
1.577370
1.587786
1.596949
1.592851
1.560596
1.582983
1.590393
1.571064
1.570004
1.553261
1.606767
1.575809
1.575565
1.576945
1.540836
1.595725
1.573655
1.559314
1.590090
1.576811
1.601260
1.563751
1.608969
1.573643
1.569627
1.571506
1.589344
1.588257
1.582932
1.555630
1.587322
1.552566
1.567946
1.570471
1.572141
1.572241
1.579798
1.599014
1.552515
1.600544
1.581378
1.560581
1.580313
1.579619
1.603651
1.574319
1.569111
1.568554
1.564148
1.614036
1.565480
1.571298
1.561899
1.567571
1.568680
1.580449
1.572308
1.540559
1.535351
1.567530
1.604125
1.540053
1.585435
1.558022
1.571805
1.574104
1.553212
1.600837
1.560324
1.587280
1.583958
1.573046
1.561929
1.556443
1.574683
1.580877
1.582917
1.553947
1.558422
1.552631
1.563787
1.543853
1.543857
1.533783
1.578988
1.537592
1.559228
1.559815
1.570051
1.554506
1.595757
1.551385
1.558963
1.576418
1.583886
1.564225
1.538516
1.570904
1.544149
1.579651
1.588826
1.549282
1.562987
1.543361
1.546188
1.586927
1.562673
1.563341
1.548718
1.550525
1.557416
1.547471
1.575035
1.566440
1.562521
1.536919
1.560285
1.559352
1.567016
1.560126
1.556381
1.574470
1.542007
1.549761
1.560876
1.577070
1.543071
1.526054
1.540129
1.556874
1.555584
1.596281
1.559884
1.580229
1.534329
1.583687
1.559893
1.533896
1.555703
1.562335
1.563123
1.540362
1.583568
1.566119
1.570735
1.526219
1.541082
1.584554
1.559257
1.560896
1.532218
1.562435
1.548738
1.563098
1.559767
1.575020
1.558892
1.559603
1.574188
1.569796
1.537660
1.544449
1.531607
1.544438
1.533115
1.548936
1.561052
1.554667
1.548646
1.533910
1.571734
1.535811
1.542337
1.506580
1.583248
1.531821
1.519609
1.530743
1.558935
1.558647
1.567504
1.529807
1.558063
1.538600
1.540991
1.522678
1.558788
1.537415
1.556309
1.532624
1.550343
1.544839
1.556179
1.548550
1.518030
1.547891
1.550003
1.555631
1.556287
1.599653
1.564150
1.566059
1.518453
1.532642
1.560747
1.555139
1.551402
1.559916
1.551275
1.537175
1.563314
1.550276
1.570742
1.561294
1.550667
1.537536
1.546995
1.549152
1.573638
1.530486
1.547921
1.558599
1.532970
1.544145
1.574344
1.526923
1.538588
1.524714
1.534771
1.546786
1.560632
1.524196
1.537591
1.541560
1.545168
1.537439
1.530555
1.526653
1.539805
1.543761
1.540553
1.536323
1.532891
1.544170
1.565924
1.533870
1.567484
1.539860
1.551660
1.532516
1.529924
1.566924
1.546040
1.530682
1.568176
1.538336
1.550994
1.585627
1.533311
1.507781
1.517388
1.536040
1.525194
1.537257
1.553310
1.514053
1.536654
1.588663
1.558394
1.539388
1.521962
1.526851
1.520758
1.516976
1.542490
1.546019
1.529323
1.533082
1.528811
1.556705
1.534290
1.546092
1.570878
1.538908
1.539386
1.551527
1.548532
1.552488
1.522679
1.546563
1.539481
1.544960
1.533041
1.534978
1.523843
1.544381
1.514354
1.532699
1.560365
1.542393
1.551232
1.535828
1.526839
1.530711
1.533646
1.540713
1.564554
1.525032
1.521115
1.526305
1.549466
1.517645
1.509130
1.559996
1.536481
1.528998
1.553664
1.543738
1.544213
1.516077
1.538906
1.572676
1.557989
1.537127
1.553696
1.524136
1.532917
1.532128
1.527979
1.551408
1.519797
1.554476
