2.305682
2.311808
2.363711
2.519947
2.570184
2.221653
2.231353
2.236162
2.237554
2.237287
2.237287
2.237287
2.237287
2.237287
2.237287
2.237287
2.237287
2.237287
2.237287
2.237287
2.237287
2.237287
2.237287
2.237287
2.237287
2.237287
2.237287
2.237287
2.237287
2.237287
2.237287
2.237287
2.237287
2.237287
2.237287
2.237287
2.237287
2.237287
2.237287
2.237287
2.237287
2.237287
2.237287
2.237287
2.237287
2.237287
2.237287
2.237287
2.237287
2.237287
2.237287
2.237287
2.237287
2.237287
2.237287
2.237287
2.237287
2.237287
2.237287
2.237287
2.237287
2.237287
2.237287
2.237287
2.237287
2.237287
2.237287
2.237287
2.237287
2.237287
2.237287
2.237287
2.237287
2.237287
2.237287
2.237287
2.237287
2.237287
2.237287
2.237287
2.237287
2.237287
2.237287
2.237287
2.237287
2.237287
2.237287
2.237287
2.237287
2.237287
2.237287
2.237287
2.237287
2.237287
2.237287
2.237287
2.237287
2.237287
2.237287
2.237287
2.237287
2.237287
2.237287
2.237287
2.237287
2.237287
2.237287
2.237287
2.237287
2.237287
2.237287
2.237287
2.237287
2.237287
2.237287
2.237287
2.237287
2.237287
2.237287
2.237287
2.237287
2.237287
2.237287
2.237287
2.237287
2.237287
2.237287
2.237287
2.237287
2.237287
2.237287
2.237287
2.237287
2.237287
2.237287
2.237287
2.237287
2.237287
2.237287
2.237287
2.237287
2.237287
2.237287
2.237287
2.237287
2.237287
2.237287
2.237287
2.237287
2.237287
2.237287
2.237287
2.237287
2.237287
2.237287
2.237287
2.237287
2.237287
2.237287
2.237287
2.237287
2.237287
2.237287
2.237287
2.237287
2.237287
2.237287
2.237287
2.237287
2.237287
2.237287
2.237287
2.237287
2.237287
2.237287
2.237287
2.237287
2.237287
2.237287
2.237287
2.237287
2.237287
2.237287
2.237287
2.237287
2.237287
2.237287
2.237287
2.237287
2.237287
2.237287
2.237287
2.237287
2.237287
2.237287
2.237287
2.237287
2.237287
2.237287
2.237287
2.237287
2.237287
2.237287
2.237287
2.237287
2.237287
2.237287
2.237287
2.237287
2.237287
2.237287
2.237287
2.237287
2.237287
2.237287
2.237287
2.237287
2.237287
2.237287
2.237287
2.237287
2.237287
2.237287
2.237287
2.237287
2.237287
2.237287
2.237287
2.237287
2.237287
2.237287
2.237287
2.237287
2.237287
2.237287
2.237287
2.237287
2.237287
2.237287
2.237287
2.237287
2.237287
2.237287
2.237287
2.237287
2.237287
2.237287
2.237287
2.237287
2.237287
2.237287
2.237287
2.237287
2.237287
2.237287
2.237287
2.237287
2.237287
2.237287
2.237287
2.237287
2.237287
2.237287
2.237287
2.237287
2.237287
2.237287
2.237287
2.237287
2.237287
2.237287
2.237287
2.237287
2.237287
2.237287
2.237287
2.237287
2.237287
2.237287
2.237287
2.237287
2.237287
2.237287
2.237287
2.237287
2.237287
2.237287
2.237287
2.237287
2.237287
2.237287
2.237287
2.237287
2.237287
2.237287
2.237287
2.237287
2.237287
2.237287
2.237287
2.237287
2.237287
2.237287
2.237287
2.237287
2.237287
2.237287
2.237287
2.237287
2.237287
2.237287
2.237287
2.237287
2.237287
2.237287
2.237287
2.237287
2.237287
2.237287
2.237287
2.237287
2.237287
2.237287
2.237287
2.237287
2.237287
2.237287
2.237287
2.237287
2.237287
2.237287
2.237287
2.237287
2.237287
2.237287
2.237287
2.237287
2.237287
2.237287
2.237287
2.237287
2.237287
2.237287
2.237287
2.237287
2.237287
2.237287
2.237287
2.237287
2.237287
2.237287
2.237287
2.237287
2.237287
2.237287
2.237287
2.237287
2.237287
2.237287
2.237287
2.237287
2.237287
2.237287
2.237287
2.237287
2.237287
2.237287
2.237287
2.237287
2.237287
2.237287
2.237287
2.237287
2.237287
2.237287
2.237287
2.237287
2.237287
2.237287
2.237287
2.237287
2.237287
2.237287
2.237287
2.237287
2.237287
2.237287
2.237287
2.237287
2.237287
2.237287
2.237287
2.237287
2.237287
2.237287
2.237287
2.237287
2.237287
2.237287
2.237287
2.237287
2.237287
2.237287
2.237287
2.237287
2.237287
2.237287
2.237287
2.237287
2.237287
2.237287
2.237287
2.237287
2.237287
2.237287
2.237287
2.237287
2.237287
2.237287
2.237287
2.237287
2.237287
2.237287
2.237287
2.237287
2.237287
2.237287
2.237287
2.237287
2.237287
2.237287
2.237287
2.237287
2.237287
2.237287
2.237287
2.237287
2.237287
2.237287
2.237287
2.237287
2.237287
2.237287
2.237287
2.237287
2.237287
2.237287
2.237287
2.237287
2.237287
2.237287
2.237287
2.237287
2.237287
2.237287
2.237287
2.237287
2.237287
2.237287
2.237287
2.237287
2.237287
2.237287
2.237287
2.237287
2.237287
2.237287
2.237287
2.237287
2.237287
2.237287
2.237287
2.237287
2.237287
2.237287
2.237287
2.237287
2.237287
2.237287
2.237287
2.237287
2.237287
2.237287
2.237287
2.237287
2.237287
2.237287
2.237287
2.237287
2.237287
2.237287
2.237287
2.237287
2.237287
2.237287
2.237287
2.237287
2.237287
2.237287
2.237287
