1.500000
1.500000
1.499740
1.430625
1.156510
0.623177
0.854219
0.627396
0.716250
0.607865
0.508750
0.572917
0.537552
0.477188
0.494635
0.507917
0.505417
0.487708
0.480313
0.479844
0.461563
0.460260
0.451198
0.448810
0.454010
0.445521
0.456615
0.470208
0.454115
0.441146
0.417500
0.423073
0.411927
0.448333
0.400313
0.407188
0.407292
0.408073
0.373802
0.408073
0.397031
0.395208
0.424583
0.397760
0.371771
0.376563
0.378385
0.381191
0.355938
0.378333
0.354167
0.382865
0.387344
0.353385
0.322292
0.322396
0.318542
0.373281
0.321354
0.324896
0.343698
0.307917
0.368542
0.334167
0.318854
0.314792
0.301302
0.337708
0.314896
0.324635
0.279219
0.276190
0.279271
0.319063
0.286250
0.309792
0.293750
0.279583
0.317917
0.265000
0.290104
0.309271
0.289635
0.293333
0.279688
0.294583
0.273698
0.246875
0.288438
0.263698
0.288021
0.282708
0.252188
0.277031
0.273125
0.273095
0.264010
0.261927
0.268229
0.254531
0.256510
0.282552
0.270469
0.256927
0.262708
0.227708
0.251250
0.256250
0.251667
0.248125
0.218490
0.255729
0.283333
0.245469
0.233229
0.250990
0.228698
0.222240
0.237448
0.235714
0.235521
0.232865
0.225469
0.190000
0.220938
0.234740
0.204792
0.219479
0.239792
0.214896
0.240052
0.214323
0.220052
0.239688
0.219375
0.191354
0.206719
0.237760
0.221927
0.216771
0.209063
0.218698
0.233802
0.189286
0.209323
0.205521
0.202083
0.211406
0.192135
0.177083
0.202031
0.197865
0.230156
0.193750
0.197344
0.190365
0.199844
0.169271
0.186719
0.212969
0.183958
0.187292
0.206458
0.192396
0.168542
0.189063
0.191458
0.223690
0.175313
0.185208
0.172604
0.185677
0.163021
0.196979
0.171302
0.174479
0.157448
0.166979
0.173438
0.159375
0.182656
0.189271
0.177760
0.190313
0.163594
0.160885
0.159063
0.163542
0.184115
0.145573
0.174271
0.143690
0.149844
0.181406
0.152500
0.150365
0.147240
0.174323
0.139323
0.138958
0.184375
0.170365
0.148125
0.145573
0.164844
0.133646
0.140729
0.155781
0.170677
0.146979
0.125417
0.162083
0.145521
0.151094
0.160156
0.145833
0.151510
0.164844
0.157500
0.177760
0.146146
0.189271
0.170156
0.147031
0.139375
0.132656
0.144740
0.128958
0.154740
0.137188
0.148854
0.149583
0.140677
0.132812
0.135417
0.139063
0.139375
0.109792
0.133438
0.143214
0.102396
0.157552
0.125990
0.133281
0.138333
0.131094
0.126771
0.143125
0.127344
0.138906
0.134635
0.143854
0.148854
0.123385
0.129323
0.133229
0.117969
0.134271
0.138229
0.113073
0.146771
0.164115
0.119219
0.154286
0.137865
0.127448
0.130521
0.107656
0.122292
0.131094
0.137448
0.126771
0.106094
0.118594
0.133542
0.122500
0.113750
0.124688
0.139167
0.117656
0.132292
0.140156
0.131042
0.150781
0.116563
0.119896
0.136458
0.124286
0.107552
0.150260
0.126563
0.114063
0.167396
0.123594
0.110833
0.120573
0.138021
0.113750
0.127396
0.134531
0.109010
0.129063
0.123177
0.114219
0.105885
0.104063
0.131771
0.121146
0.126042
0.120833
0.124583
0.145952
0.116667
0.121823
0.109271
0.138646
0.102188
0.112865
0.105625
0.134740
0.134479
0.112917
0.123646
0.130052
0.125313
0.127031
0.123802
0.121302
0.121927
0.096094
0.113281
0.108021
0.114375
0.127604
0.120521
0.136667
0.098542
0.134740
0.092500
0.115833
0.116510
0.103490
0.105052
0.113229
0.130833
0.114375
0.118229
0.120833
0.115938
0.114583
0.125833
0.107552
0.095365
0.097969
0.095104
0.123281
0.117969
0.110573
0.109167
0.094286
0.105885
0.114688
0.100573
0.106667
0.115313
0.113802
0.102656
0.100417
0.128802
0.096771
0.116302
0.099844
0.104531
0.112865
0.112083
0.105260
0.108438
0.101563
0.099688
0.105000
0.115938
0.122292
0.102969
0.091429
0.093073
0.093438
0.115781
0.102031
0.106719
0.098177
0.104583
0.120625
0.078906
0.117708
0.110885
0.138490
0.089844
0.097813
0.107240
0.105729
0.100313
0.120417
0.097344
0.114375
0.105104
0.118698
0.100469
0.088571
0.100521
0.103021
0.117135
0.122656
0.109271
0.130729
0.106563
0.108698
0.084688
0.102135
0.077813
0.101771
0.115000
0.117708
0.085625
0.099167
0.103281
0.100104
0.077708
0.104740
0.091823
0.105469
0.092760
0.110119
0.111979
0.097240
0.111302
0.088958
0.104010
0.109531
0.084167
0.103802
0.085417
0.087917
0.110990
0.124479
0.087500
0.093438
0.118125
0.100781
0.117083
0.077708
0.102344
0.090573
0.081198
0.098646
0.099531
0.094405
0.117083
0.103646
0.090729
0.085104
0.087083
0.115469
0.089740
0.122240
0.090885
0.103021
0.097344
0.113385
0.100990
0.087448
0.098906
0.095990
0.092604
0.100104
0.077760
0.070990
0.095260
0.111823
0.113073
0.090476
0.092083
0.083698
0.103906
0.110625
0.089479
0.104010
0.099583
0.100573
0.094063
0.087813
0.087865
0.087708
0.092552
0.099896
0.096198
0.115052
0.099219
0.107031
0.066302
0.092656
