2.306068
2.304295
2.306904
2.304426
2.303452
2.301975
2.304567
2.305806
2.304691
2.304815
2.304281
2.299770
2.300337
2.297405
2.297739
2.304178
2.301907
2.302329
2.302027
2.303751
2.302722
2.299968
2.301283
2.303224
2.301986
2.295199
2.295447
2.289620
2.284695
2.297914
2.294555
2.296011
2.303265
2.308572
2.304787
2.306149
2.303421
2.301552
2.302542
2.304290
2.300632
2.298871
2.306043
2.297534
2.299117
2.295611
2.298080
2.275903
2.275332
2.263608
2.269353
2.278588
2.281250
2.278368
2.277658
2.302740
2.299273
2.312173
2.316188
2.319014
2.325280
2.328340
2.327291
2.303310
2.302599
2.285485
2.275818
2.254614
2.269498
2.240527
2.244041
2.238091
2.230338
2.225102
2.230003
2.209124
2.242417
2.239665
2.244158
2.250877
2.226276
2.236849
2.251280
2.235972
2.264698
2.258834
2.258834
2.252450
2.248670
2.238884
2.240616
2.248699
2.237171
2.236032
2.242249
2.251062
2.235295
2.297027
2.265048
2.300767
2.323660
2.318567
2.361833
2.358384
2.387585
2.330074
2.335694
2.332398
2.298965
2.270211
2.298359
2.273137
2.278038
2.257370
2.272988
2.283655
2.264582
2.266738
2.291417
2.243164
2.224284
2.214769
2.167253
2.181829
2.104676
2.106040
2.108914
2.115372
2.072284
2.059490
2.066635
2.057337
2.093526
2.058113
2.101850
2.094314
2.097139
2.108763
2.072071
2.129356
2.118484
2.118070
2.067190
2.140502
2.121543
2.105184
2.170804
2.182194
2.246798
2.238153
2.308340
2.354883
2.335115
2.305388
2.278991
2.286632
2.230200
2.238905
2.223155
2.272524
2.259645
2.238093
2.252497
2.198537
2.192873
2.199312
2.222019
2.233303
2.226877
2.256577
2.185310
2.195504
2.144041
2.119473
2.077934
2.128028
2.070275
2.051522
2.088303
2.117997
2.072326
2.144616
2.149581
2.109324
2.166993
2.194472
2.177480
2.225981
2.197640
2.190413
2.170311
2.169668
2.121677
2.122044
2.110365
2.127167
2.104680
2.173539
2.179063
2.217216
2.208079
2.209319
2.220154
2.214407
2.304781
2.285754
2.361976
2.320902
2.361813
2.292713
2.329175
2.355451
2.310461
2.344244
2.386512
2.328833
2.332641
2.307076
2.319744
2.334496
2.321712
2.374036
2.297723
2.288031
2.250076
2.264215
2.202305
2.257218
2.151857
2.207838
2.212987
2.217371
2.285098
2.277153
2.289783
2.246014
2.239237
2.202902
2.241351
2.244092
2.179465
2.283240
2.259087
2.261005
2.271778
2.262558
2.229130
2.202971
2.231985
2.264456
2.281814
2.246567
2.273570
2.289864
2.281017
2.276937
2.245243
2.189584
2.244168
2.249089
2.271065
2.198033
2.204817
2.237637
2.236491
2.264090
2.284436
2.354281
2.229950
2.216682
2.221771
2.253749
2.200358
2.215128
2.228454
2.210594
2.271481
2.257722
2.262738
2.231722
2.204769
2.227371
2.275227
2.164829
2.254884
2.250162
2.310930
2.247119
2.273698
2.250101
2.232885
2.177395
2.189365
2.259803
2.277047
2.258785
2.250575
2.224884
2.252751
2.254307
2.172894
2.222276
2.211128
2.226846
2.244451
2.222586
2.289160
2.281092
2.248853
2.287351
2.250005
2.260703
2.290320
2.224695
2.215485
2.205787
2.267790
2.252989
2.298174
2.218745
2.229935
2.284603
2.192837
2.236967
2.275222
2.212570
2.247006
2.286783
2.248296
2.189607
2.207168
2.178119
2.260363
2.190601
2.206769
2.254842
2.218562
2.164722
2.175271
2.238467
2.303983
2.245795
2.244159
2.248025
2.285635
2.228095
2.260863
2.249108
2.233378
2.232395
2.211494
2.188779
2.204395
2.176472
2.266452
2.260898
2.261009
2.268582
2.264667
2.190923
2.177751
2.203748
2.231620
2.215301
2.221519
2.219085
2.244036
2.261627
2.219176
2.243409
2.215561
2.268960
2.224372
2.262392
2.272856
2.236977
2.260305
2.262370
2.279817
2.255579
2.265419
2.194074
2.241846
2.171395
2.226859
2.274581
2.246288
2.166249
2.173386
2.234445
2.210060
2.278782
2.243491
2.261642
2.222378
2.180290
2.178809
2.284375
2.248193
2.192898
2.258408
2.255680
2.229975
2.239689
2.283417
2.234906
2.247858
2.194082
2.252610
2.213856
2.240170
2.298056
2.189284
2.264018
2.181580
2.165740
2.212797
2.186991
2.181301
2.243358
2.246238
2.222055
2.202457
2.283227
2.196681
2.209473
2.214626
2.236679
2.264023
2.310833
2.287040
2.283678
2.167108
2.221611
2.172497
2.183602
2.185553
2.203907
2.227104
2.256291
2.246776
2.227859
2.174034
2.121515
2.211715
2.181961
2.289027
2.237200
2.246086
2.265304
2.296577
2.225518
2.177820
2.182270
2.201574
2.250177
2.268244
2.275650
2.240060
2.275810
2.275615
2.247663
2.214230
2.234384
2.192904
2.187612
2.194126
2.263717
2.211185
2.256902
2.213717
2.211824
2.209709
2.211723
2.198562
2.200671
2.240860
2.236165
2.160002
2.229749
2.188250
2.214476
2.252688
2.275200
2.229731
2.169285
2.187157
2.163985
2.201301
2.206697
2.227186
2.247712
2.242719
2.197151
2.145616
2.190912
2.254675
2.225400
2.231797
2.182298
