2.304873
2.302560
2.309493
2.303390
2.291923
2.265171
2.233571
2.227335
2.227171
2.213846
2.187115
2.211421
2.218829
2.317160
2.145296
2.091783
2.033458
2.014697
2.055735
2.008373
1.996208
1.991075
1.910676
1.916757
1.859764
1.878073
1.883965
1.851760
1.805766
1.828870
1.836193
1.798646
1.805059
1.795621
1.791764
1.739831
1.762120
1.717187
1.721078
1.724272
1.721394
1.726075
1.699442
1.708177
1.698637
1.702365
1.658292
1.676974
1.682242
1.655375
1.669987
1.671428
1.689386
1.686202
1.633475
1.657390
1.658655
1.665128
1.680911
1.674203
1.666909
1.659903
1.652166
1.650867
1.614276
1.649650
1.615109
1.622702
1.648321
1.623341
1.614502
1.625041
1.644567
1.634868
1.632196
1.655097
1.626229
1.611573
1.624399
1.614932
1.638010
1.620363
1.629349
1.618012
1.617855
1.603086
1.609165
1.619468
1.595060
1.601164
1.605944
1.626816
1.607767
1.628109
1.608288
1.589527
1.590009
1.631518
1.588308
1.597632
1.646053
1.645053
1.595675
1.624958
1.609212
1.633138
1.608452
1.631624
1.625347
1.638423
1.593831
1.622602
1.609508
1.616039
1.608624
1.591679
1.603421
1.629966
1.605022
1.617049
1.600002
1.592787
1.607857
1.606557
1.606604
1.588621
1.620839
1.595446
1.605753
1.593504
1.597552
1.591648
1.585419
1.589057
1.586601
1.586928
1.603215
1.616289
1.592362
1.582696
1.579907
1.595404
1.588148
1.620145
1.617312
1.606550
1.609107
1.571576
1.586027
1.604120
1.571895
1.581876
1.579373
1.619780
1.584047
1.587082
1.572897
1.587236
1.578459
1.593249
1.582860
1.600105
1.598724
1.594530
1.592188
1.593563
1.572215
1.598654
1.579628
1.586511
1.577568
1.572998
1.581185
1.576094
1.565356
1.582085
1.569256
1.588523
1.577786
1.568528
1.580825
1.578048
1.575887
1.589507
1.585334
1.558237
1.572323
1.568615
1.560671
1.568132
1.555441
1.556458
1.564771
1.591071
1.558300
1.573193
1.548679
1.542254
1.576127
1.553154
1.556542
1.541663
1.543020
1.559866
1.545513
1.566980
1.573187
1.548775
1.551689
1.551461
1.532061
1.552384
1.542393
1.538901
1.549750
1.544851
1.548694
1.557868
1.545205
1.545692
1.538127
1.557617
1.561428
1.562592
1.547237
1.566571
1.577451
1.606585
1.603385
1.582885
1.557607
1.561218
1.559749
1.550499
1.550981
1.570578
1.551493
1.552915
1.552085
1.558594
1.614358
1.547513
1.564310
1.575201
1.558198
1.535283
1.517427
1.535302
1.553436
1.561896
1.540792
1.551890
1.544949
1.547238
1.522393
1.549024
1.541209
1.554071
1.535813
1.526434
1.545706
1.536249
1.546317
1.547914
1.533038
1.550384
1.533393
1.543742
1.523876
1.537793
1.548084
1.520105
1.508110
1.532172
1.520393
1.546351
1.546248
1.564074
1.548564
1.540258
1.508463
1.535342
1.532892
1.536644
1.513136
1.518062
1.526470
1.517839
1.530263
1.559286
1.550331
1.532279
1.525231
1.516468
1.508499
1.526903
1.526967
1.517797
1.511190
1.530376
1.535118
1.541054
1.503646
1.498482
1.538416
1.525637
1.529676
1.524892
1.507505
1.529554
1.511086
1.512176
1.525552
1.511994
1.508357
1.544193
1.568946
1.587491
1.558191
1.557766
1.545935
1.559969
1.557982
1.518190
1.534367
1.509179
1.527333
1.526691
1.534205
1.542338
1.524177
1.547073
1.541741
1.525545
1.519880
1.518528
1.534325
1.530330
1.537327
1.527172
1.521466
1.516850
1.518737
1.512216
1.510324
1.506966
1.519403
1.510649
1.502839
1.495065
1.496275
1.510350
1.509868
1.501391
1.512971
1.520998
1.528169
1.527591
1.536115
1.535596
1.532143
1.533549
1.532410
1.569744
1.527913
1.557474
1.529191
1.537232
1.528044
1.548473
1.543377
1.533542
1.519738
1.539793
1.531177
1.530426
1.523531
1.526887
1.512734
1.518839
1.510523
1.528329
1.529101
1.533781
1.513675
1.548305
1.528993
1.531070
1.518129
1.525706
1.525227
1.520274
1.516710
1.513819
1.536651
1.536918
1.523879
1.534382
1.515762
1.531584
1.515490
1.535455
1.515453
1.505530
1.507837
1.514230
1.523633
1.510451
1.512959
1.499622
1.515038
1.514779
1.512297
1.526792
1.527108
1.510435
1.515352
1.516666
1.505579
1.516604
1.504939
1.522663
1.521155
1.510454
1.519341
1.512379
1.533087
1.537344
1.531423
1.519028
1.526662
1.529125
1.544393
1.519649
1.527122
1.536298
1.525866
1.530985
1.527619
1.521131
1.523961
1.530028
1.537208
1.531480
1.509484
1.507239
1.516848
1.528563
1.510665
1.520126
1.518570
1.532538
1.522310
1.525211
1.520034
1.531899
1.521169
1.510597
1.528321
1.513795
1.522527
1.528461
1.518968
1.520539
1.501125
1.519469
1.521725
1.513872
1.528151
1.515974
1.523495
1.509385
1.502572
1.502661
1.520852
1.497993
1.511868
1.511456
1.491583
1.508928
1.503900
1.492554
1.510454
1.520554
1.521849
1.510602
1.512243
1.513128
1.503107
1.509609
1.504918
1.515213
1.510147
1.492538
1.506613
1.519212
1.505033
1.493629
1.504375
1.494438
