2.303665
2.301428
2.302176
2.297681
2.299913
2.297738
2.290848
2.285925
2.288364
2.282809
2.277347
2.277452
2.268907
2.256394
2.257650
2.242714
2.238123
2.223690
2.214340
2.217805
2.183304
2.161717
2.174949
2.149734
2.134047
2.127207
2.078351
2.075545
2.028967
2.011382
2.034098
2.013677
1.992166
2.000430
1.937536
1.930662
1.924334
1.851386
1.923792
1.880454
1.849723
1.843133
1.840593
1.812316
1.814063
1.830315
1.803347
1.796444
1.779642
1.782327
1.765223
1.759706
1.749113
1.796770
1.746342
1.771236
1.748612
1.759469
1.750778
1.757694
1.706802
1.723658
1.745626
1.720937
1.703453
1.732787
1.704061
1.727280
1.708858
1.699033
1.709360
1.692738
1.694408
1.699094
1.707537
1.665359
1.650384
1.709812
1.687201
1.661495
1.686787
1.735880
1.688767
1.656070
1.680172
1.685818
1.645230
1.702462
1.666874
1.680979
1.635948
1.658678
1.635000
1.632182
1.684008
1.689775
1.620348
1.635537
1.638107
1.632123
1.628126
1.664434
1.635365
1.639241
1.623042
1.650979
1.635520
1.594655
1.616725
1.611617
1.629564
1.606849
1.672090
1.633449
1.629051
1.630692
1.653250
1.594849
1.627818
1.601807
1.594272
1.604761
1.608585
1.592820
1.668809
1.622309
1.613067
1.608611
1.618824
1.623107
1.612018
1.586558
1.633853
1.612488
1.590955
1.618939
1.608960
1.630140
1.589362
1.646066
1.611184
1.601414
1.588536
1.614106
1.632528
1.600992
1.609954
1.592124
1.587382
1.590423
1.583074
1.616826
1.578523
1.604447
1.583393
1.583269
1.585778
1.592951
1.585754
1.572156
1.608663
1.604429
1.588675
1.643119
1.600081
1.571224
1.601514
1.560096
1.604293
1.610220
1.588387
1.587113
1.566075
1.598894
1.599399
1.589282
1.596930
1.605194
1.559806
1.567999
1.577847
1.569529
1.581422
1.592566
1.569707
1.569086
1.618453
1.549010
1.579188
1.558595
1.593231
1.577425
1.573708
1.564525
1.561032
1.581306
1.557419
1.562400
1.567505
1.552472
1.564901
1.594125
1.578902
1.578574
1.573699
1.571583
1.571469
1.567103
1.559703
1.596743
1.567789
1.583570
1.574044
1.584370
1.610986
1.529621
1.552848
1.562884
1.545976
1.574767
1.549999
1.591717
1.564037
1.572636
1.579126
1.549156
1.580899
1.529974
1.568415
1.573356
1.576719
1.581531
1.551272
1.575130
1.556960
1.598414
1.571315
1.544521
1.565128
1.565159
1.554615
1.571256
1.576763
1.544072
1.545194
1.559728
1.540740
1.538152
1.566248
1.566289
1.533567
1.545387
1.554222
1.550197
1.577793
1.539254
1.569738
1.582726
1.550534
1.549591
1.555084
1.546882
1.568286
1.549317
1.544262
1.540462
1.560080
1.547791
1.522430
1.550037
1.577909
1.546283
1.543496
1.543746
1.549415
1.573764
1.538160
1.530642
1.530057
1.541227
1.550291
1.604514
1.559132
1.536918
1.552752
1.553822
1.541249
1.569335
1.534696
1.562881
1.540954
1.588944
1.536418
1.542374
1.528921
1.510140
1.537905
1.540278
1.571451
1.538713
1.550825
1.546413
1.564395
1.606914
1.550021
1.570484
1.540596
1.556201
1.543757
1.534408
1.564314
1.542497
1.558581
1.528926
1.546207
1.537769
1.540799
1.523491
1.526932
1.554315
1.516757
1.547117
1.551620
1.561057
1.548833
1.533078
1.516382
1.535442
1.582142
1.537025
1.522235
1.533648
1.549576
1.526446
1.539150
1.535031
1.535631
1.533482
1.538026
1.558617
1.570037
1.516780
1.521354
1.543341
1.530257
1.559571
1.514743
1.540468
1.534962
1.553613
1.525850
1.550882
1.537843
1.507748
1.598716
1.514450
1.564584
1.546283
1.540747
1.520486
1.549394
1.552020
1.546458
1.525761
1.553858
1.528489
1.523204
1.537817
1.521075
1.519281
1.509895
1.532415
1.530515
1.546388
1.531377
1.524861
1.583608
1.524729
1.515283
1.545345
1.539529
1.554784
1.532595
1.516069
1.542604
1.527149
1.530273
1.545127
1.526570
1.561260
1.537519
1.545091
1.513330
1.564721
1.539785
1.532944
1.515878
1.532205
1.508270
1.507727
1.546059
1.522025
1.536275
1.535877
1.531613
1.533644
1.536873
1.527458
1.509013
1.533222
1.503953
1.533983
1.546111
1.498039
1.534685
1.528603
1.550115
1.522498
1.518317
1.546792
1.530330
1.548451
1.500458
1.495379
1.531565
1.521976
1.538763
1.533681
1.536842
1.533895
1.513591
1.532002
1.562992
1.548974
1.517353
1.528024
1.531961
1.538004
1.528663
1.507293
1.507995
1.534092
1.501863
1.534097
1.523494
1.528088
1.540279
1.500298
1.528098
1.534172
1.523857
1.529973
1.519715
1.505263
1.548249
1.521348
1.536888
1.512166
1.522438
1.539041
1.511625
1.520775
1.511616
1.504945
1.539318
1.525256
1.500759
1.527613
1.521525
1.531142
1.519803
1.543748
1.517395
1.515938
1.526648
1.535563
1.525923
1.518146
1.520931
1.531595
1.526791
1.521237
1.512061
1.530852
1.524782
1.556644
1.529822
1.513608
1.507560
1.528900
1.538168
1.502743
1.511870
1.510253
1.517326
1.499104
1.522865
1.526964
1.516510
1.524372
