2.306508
2.300951
2.298089
2.288561
2.309815
2.294377
2.255927
2.234961
2.253836
2.263331
2.238867
2.257517
2.255416
2.242896
2.251561
2.468003
2.386791
2.180134
2.000407
1.857282
1.897856
1.963550
2.030108
2.095204
2.065742
1.995522
2.349386
2.186328
2.176718
2.171258
2.133302
2.084283
2.087226
1.849546
1.752713
1.761160
1.757283
1.745005
1.720330
1.721520
1.732645
1.706566
1.727029
1.728135
1.756517
1.728377
1.766852
1.755222
1.753524
1.753845
1.747931
1.800626
1.762433
1.773470
1.748102
1.763033
1.738194
1.728907
1.716791
1.733519
1.690019
1.717381
1.664661
1.723079
1.727382
1.654977
1.652872
1.692648
1.650227
1.677618
1.636829
1.683402
1.681767
1.648637
1.629125
1.645813
1.649145
1.666956
1.635511
1.639308
1.657445
1.659231
1.633607
1.675855
1.709436
1.645814
1.643265
1.645366
1.621786
1.655551
1.614389
1.648478
1.640757
1.599267
1.636340
1.618295
1.606403
1.603941
1.630137
1.655975
1.622928
1.600751
1.631335
1.608309
1.626079
1.595744
1.656713
1.597061
1.614475
1.623022
1.624997
1.584811
1.575889
1.584973
1.570665
1.582554
1.612284
1.607667
1.580631
1.585191
1.620148
1.589504
1.569830
1.557556
1.594650
1.551974
1.588056
1.604344
1.592903
1.559366
1.568137
1.589106
1.609135
1.563840
1.578707
1.582658
1.579254
1.558355
1.589299
1.576573
1.581289
1.587803
1.571740
1.573343
1.536617
1.539027
1.605024
1.572641
1.570860
1.606696
1.532770
1.569653
1.571871
1.536028
1.555530
1.563527
1.538698
1.546002
1.568378
1.556100
1.566846
1.567896
1.561893
1.586521
1.561477
1.551496
1.540634
1.563998
1.558873
1.562301
1.562731
1.565716
1.541616
1.558260
1.563910
1.567635
1.575166
1.555427
1.552711
1.544391
1.574403
1.545107
1.583796
1.569130
1.546667
1.582373
1.530923
1.565905
1.579667
1.525238
1.560742
1.562961
1.564259
1.536540
1.518019
1.551162
1.546931
1.543480
1.554762
1.557941
1.532310
1.543611
1.543040
1.543223
1.573285
1.541719
1.555231
1.555676
1.562508
1.545304
1.553489
1.541056
1.562889
1.579760
1.525771
1.529238
1.538811
1.543608
1.539323
1.542958
1.566928
1.558503
1.555218
1.586154
1.546361
1.572062
1.575770
1.551861
1.547750
1.559399
1.541854
1.571152
1.534466
1.546727
1.554806
1.535381
1.535123
1.574234
1.602564
1.528149
1.547606
1.531290
1.504514
1.540910
1.555789
1.562204
1.541770
1.538703
1.539988
1.561689
1.520435
1.538442
1.527785
1.537735
1.514603
1.542647
1.549710
1.530180
1.531912
1.534006
1.541357
1.534310
1.563154
1.545639
1.523425
1.550243
1.556006
1.544996
1.526662
1.542181
1.541169
1.516505
1.516339
1.544518
1.505289
1.528597
1.521453
1.541075
1.527657
1.505854
1.522302
1.539319
1.533865
1.527383
1.538228
1.513063
1.532328
1.534156
1.510249
1.525357
1.547222
1.545795
1.544865
1.513830
1.523573
1.552807
1.540351
1.516401
1.560765
1.534766
1.512574
1.502393
1.520300
1.490123
1.522270
1.511708
1.521171
1.543484
1.545375
1.516167
1.536170
1.510367
1.508489
1.499225
1.517935
1.527156
1.507935
1.521693
1.527856
1.545462
1.519045
1.503131
1.540141
1.517481
1.513807
1.512957
1.505699
1.539785
1.498167
1.546262
1.513847
1.519557
1.500580
1.522901
1.526858
1.502711
1.534369
1.531093
1.510127
1.560439
1.510327
1.511428
1.521798
1.508265
1.514081
1.544854
1.518478
1.513436
1.510565
1.516305
1.532385
1.548608
1.498592
1.546221
1.520998
1.507464
1.488811
1.492024
1.521596
1.517754
1.516781
1.515220
1.510832
1.516559
1.502816
1.507837
1.511626
1.489725
1.524340
1.515279
1.494524
1.523836
1.509753
1.505197
1.511827
1.539183
1.528949
1.497140
1.500225
1.547422
1.518240
1.515453
1.513414
1.535032
1.506880
1.504829
1.527676
1.509392
1.519530
1.518522
1.515942
1.522462
1.506219
1.510855
1.518401
1.501472
1.520356
1.514627
1.521175
1.484185
1.485324
1.502363
1.507686
1.516626
1.501662
1.501609
1.513260
1.511101
1.497273
1.502275
1.530675
1.503653
1.506019
1.495159
1.494512
1.493620
1.496427
1.515010
1.493330
1.516447
1.520766
1.502848
1.513283
1.511465
1.499782
1.490031
1.496881
1.503268
1.512827
1.503609
1.504169
1.523282
1.524704
1.505988
1.527651
1.513306
1.511427
1.506618
1.510737
1.510811
1.485652
1.499442
1.496688
1.496236
1.504633
1.501343
1.500761
1.507829
1.551884
1.491939
1.489350
1.518255
1.489460
1.482974
1.504183
1.515677
1.501597
1.496774
1.508538
1.527537
1.517417
1.486215
1.539796
1.511673
1.490419
1.510943
1.494020
1.519455
1.493623
1.506863
1.495100
1.498834
1.518795
1.498095
1.499026
1.482784
1.522357
1.503595
1.522393
1.492221
1.501986
1.498419
1.502955
1.505315
1.505599
1.497241
1.493618
1.487910
1.488952
1.495149
1.494998
1.486530
1.498507
1.480998
1.521309
1.483649
1.484622
1.495470
1.488018
1.491825
