2.312767
2.305355
2.282281
2.270874
2.275875
2.276196
2.195240
2.154635
2.053101
1.994804
1.903356
1.814179
1.792279
1.779906
1.760746
1.697900
1.692896
1.651429
1.651807
1.626742
1.623330
1.615373
1.613577
1.622396
1.597554
1.640859
1.617550
1.564852
1.602347
1.582227
1.588776
1.597772
1.582880
1.562546
1.582578
1.576853
1.547270
1.621299
1.545696
1.565998
1.564861
1.552481
1.595184
1.581476
1.532623
1.571653
1.566919
1.510245
1.515322
1.561315
1.532519
1.560169
1.526854
1.566870
1.523132
1.541954
1.527601
1.552213
1.527809
1.527290
1.551896
1.540012
1.549801
1.555487
1.529031
1.553033
1.534389
1.521739
1.516595
1.523901
1.515637
1.545556
1.531089
1.510083
1.553735
1.517752
1.554214
1.528719
1.523618
1.528525
1.505129
1.500484
1.515498
1.514593
1.538327
1.505097
1.509919
1.528157
1.515621
1.503747
1.518097
1.530490
1.534418
1.521570
1.505635
1.509736
1.527415
1.533884
1.507461
1.493991
1.530154
1.494513
1.506022
1.504135
1.503374
1.520370
1.494947
1.515190
1.512163
1.511367
1.540752
1.521737
1.496646
1.499135
1.512102
1.493339
1.502712
1.498348
1.497351
1.516184
1.496574
1.523949
1.496514
1.510237
1.515063
1.511734
1.506611
1.499180
1.502105
1.516089
1.508482
1.494862
1.497629
1.497496
1.505991
1.495303
1.498817
1.504321
1.485776
1.503108
1.507756
1.497146
1.510192
1.480142
1.507450
1.518667
1.503516
1.513712
1.510360
1.494691
1.508404
1.506639
1.503682
1.502729
1.498749
1.495914
1.519557
1.498310
1.509985
1.505545
1.495377
1.496604
1.496318
1.492469
1.490546
1.477506
1.491595
1.502465
1.491597
1.481935
1.499495
1.509474
1.507411
1.492433
1.496274
1.483864
1.504720
1.493103
1.490897
1.492104
1.487306
1.484516
1.498547
1.491188
1.496710
1.513746
1.490341
1.504739
1.516349
1.493029
1.494907
1.495219
1.495252
1.485025
1.494540
1.490591
1.521505
1.493921
1.492099
1.498070
1.516308
1.492561
1.492894
1.504503
1.504588
1.477817
1.490143
1.504326
1.500340
1.487439
1.489684
1.487358
1.504445
1.493970
1.491189
1.487492
1.483657
1.496930
1.484941
1.491018
1.479810
1.486005
1.477205
1.502754
1.481045
1.497797
1.501083
1.471570
1.494744
1.484110
1.493161
1.490065
1.496981
1.487869
1.495957
1.485124
1.478300
1.478580
1.498077
1.481367
1.476156
1.488223
1.502573
1.501418
1.496347
1.491555
1.512204
1.481223
1.478046
1.502704
1.470414
1.484595
1.499118
1.496199
1.486410
1.476538
1.496400
1.484573
1.485085
1.480508
1.490841
1.490561
1.502086
1.502223
1.494907
1.471806
1.488648
1.479905
1.489134
1.478101
1.491060
1.480866
1.481111
1.487630
1.498929
1.476007
1.482308
1.487089
1.498461
1.495288
1.493352
1.475258
1.487159
1.514139
1.492552
1.502913
1.487032
1.488972
1.492287
1.496295
1.490291
1.479190
1.488305
1.479310
1.481606
1.480939
1.478608
1.493658
1.475979
1.487083
1.490070
1.484442
1.500921
1.477046
1.472089
1.480654
1.482118
1.484289
1.492629
1.491907
1.489803
1.492520
1.494964
1.504244
1.489733
1.472090
1.502464
1.497359
1.477104
1.476407
1.493554
1.477556
1.499388
1.510772
1.497267
1.486215
1.488929
1.478957
1.495961
1.497678
1.485188
1.492408
1.482064
1.501459
1.486068
1.496612
1.474090
1.488243
1.484447
1.496104
1.478224
1.482570
1.508183
1.491255
1.494816
1.501465
1.488325
1.474436
1.479719
1.484751
1.474638
1.481583
1.481545
1.481835
1.482996
1.476781
1.487060
1.489029
1.477323
1.480740
1.486887
1.495874
1.485442
1.482646
1.487716
1.487309
1.481198
1.480544
1.489298
1.485127
1.482820
1.482491
1.495399
1.496504
1.487867
1.488040
1.484297
1.475262
1.486246
1.492570
1.479873
1.474056
1.475389
1.491304
1.493950
1.480784
1.483041
1.482402
1.470278
1.487903
1.490275
1.479926
1.473283
1.484151
1.488524
1.481891
1.474403
1.479922
1.485825
1.488095
1.480214
1.504338
1.485570
1.483746
1.476345
1.494080
1.488274
1.477828
1.478339
1.488649
1.490701
1.479118
1.485144
1.487617
1.479633
1.479045
1.489564
1.466432
1.470710
1.479629
1.473470
1.472927
1.483484
1.482007
1.486279
1.479548
1.485366
1.478964
1.473938
1.474581
1.488477
1.492558
1.480224
1.482401
1.489613
1.503470
1.487697
1.477747
1.482358
1.485622
1.487341
1.494264
1.474428
1.501184
1.482051
1.483595
1.468022
1.479987
1.474745
1.480678
1.487729
1.478300
1.495823
1.474128
1.472990
1.496490
1.480020
1.481186
1.483325
1.490528
1.482087
1.480898
1.486510
1.477885
1.474692
1.475267
1.473833
1.482591
1.477197
1.472365
1.482640
1.476393
1.482459
1.479739
1.486547
1.493587
1.486467
1.483120
1.484405
1.485401
1.481699
1.489859
1.491333
1.489737
1.480060
1.480198
1.475839
1.472936
1.470377
1.491704
1.484157
1.502975
1.493510
1.478796
1.496846
1.491650
1.487878
1.476270
1.474297
1.480747
