2.307475
2.305013
2.294359
2.266810
2.249831
2.234868
2.228601
2.205203
2.201715
2.212423
2.240835
2.268627
2.281358
2.279238
2.248340
2.201664
2.125757
2.092481
2.067230
2.033586
2.011416
1.931025
1.856253
1.868742
1.837168
1.879520
1.818444
1.794207
1.799475
1.756178
1.780388
1.762871
1.782297
1.776368
1.779333
1.762895
1.770934
1.771688
1.750218
1.738137
1.742644
1.763500
1.741296
1.726648
1.693641
1.698932
1.699112
1.718088
1.723971
1.735358
1.735041
1.706281
1.688518
1.700253
1.650795
1.666484
1.688996
1.676549
1.679260
1.733960
1.674650
1.690801
1.649531
1.680325
1.661380
1.665980
1.671676
1.693221
1.664945
1.664910
1.657722
1.672726
1.651599
1.634280
1.645464
1.726274
1.615792
1.633940
1.639874
1.668683
1.644507
1.640226
1.610740
1.632757
1.600785
1.625304
1.618690
1.639782
1.642661
1.619895
1.622286
1.620147
1.659275
1.632931
1.621965
1.616440
1.587250
1.620768
1.628305
1.616941
1.641373
1.615562
1.591508
1.635741
1.586046
1.605143
1.601273
1.589528
1.594949
1.609753
1.579090
1.553396
1.580142
1.602860
1.581708
1.599804
1.591254
1.591586
1.597776
1.563940
1.592963
1.587023
1.565157
1.610324
1.569191
1.617038
1.579156
1.603215
1.553563
1.567068
1.603811
1.569677
1.552830
1.576610
1.570927
1.556587
1.582357
1.578306
1.561128
1.574014
1.586105
1.610274
1.557538
1.562844
1.543480
1.560993
1.565805
1.554051
1.574931
1.562773
1.570751
1.553176
1.585959
1.556209
1.548700
1.576214
1.567639
1.545218
1.565335
1.610803
1.572956
1.578254
1.582793
1.591181
1.550189
1.554306
1.528046
1.552232
1.560748
1.560565
1.553296
1.535149
1.552907
1.559691
1.567983
1.557933
1.550233
1.549180
1.575194
1.530162
1.543323
1.525853
1.545037
1.523907
1.542370
1.566627
1.559872
1.526632
1.556692
1.524223
1.532359
1.555138
1.526610
1.589374
1.548325
1.557670
1.533489
1.537823
1.550413
1.525401
1.525812
1.529629
1.562590
1.550761
1.556589
1.552116
1.528233
1.560061
1.526258
1.525213
1.541273
1.534906
1.550434
1.569160
1.545164
1.541057
1.518523
1.536637
1.535962
1.546819
1.541675
1.538994
1.563639
1.553114
1.536216
1.528346
1.542955
1.560371
1.546424
1.526693
1.542838
1.525821
1.550348
1.515647
1.531863
1.533314
1.510297
1.517923
1.565444
1.551583
1.561345
1.572725
1.518563
1.532447
1.526629
1.535984
1.506250
1.523910
1.539508
1.558299
1.521890
1.542981
1.512397
1.520425
1.545148
1.538210
1.528500
1.527530
1.526482
1.530467
1.545610
1.524959
1.527207
1.520998
1.499754
1.496427
1.526224
1.509787
1.557371
1.507077
1.529288
1.529904
1.528307
1.529235
1.538461
1.526350
1.541579
1.521461
1.513551
1.518071
1.528418
1.517470
1.509769
1.531463
1.505683
1.551249
1.528986
1.540766
1.526353
1.513883
1.519126
1.506689
1.526193
1.521020
1.528817
1.520776
1.516665
1.535644
1.512508
1.522782
1.526361
1.540144
1.515022
1.558350
1.535666
1.537850
1.526585
1.516400
1.496794
1.530032
1.540476
1.521212
1.519138
1.518463
1.531418
1.531211
1.532424
1.538336
1.502666
1.512994
1.506932
1.520871
1.497889
1.543416
1.518318
1.525721
1.518920
1.513702
1.515465
1.521780
1.510847
1.511762
1.492247
1.508827
1.504371
1.530843
1.519322
1.547469
1.502226
1.527114
1.506205
1.492050
1.499182
1.482669
1.525053
1.536309
1.508335
1.518030
1.532257
1.516124
1.516933
1.516578
1.505496
1.497344
1.498357
1.508785
1.503783
1.538149
1.524392
1.519716
1.556713
1.518732
1.528075
1.540451
1.515902
1.484766
1.510508
1.499928
1.497179
1.515051
1.502478
1.513249
1.500785
1.521726
1.530812
1.523234
1.515654
1.495767
1.491066
1.510908
1.513137
1.510465
1.522894
1.518439
1.524489
1.520907
1.505733
1.499242
1.511462
1.494712
1.494301
1.515901
1.520694
1.498984
1.502763
1.492851
1.523177
1.529318
1.492102
1.550160
1.499067
1.517195
1.506801
1.508155
1.512233
1.500971
1.501755
1.488755
1.507700
1.525977
1.489279
1.540710
1.527662
1.497001
1.496968
1.520580
1.503480
1.515797
1.516567
1.520517
1.498153
1.546558
1.495592
1.490412
1.520906
1.516320
1.493073
1.501470
1.505183
1.500603
1.516936
1.509591
1.498086
1.502732
1.492895
1.492933
1.522163
1.502922
1.500817
1.504931
1.509085
1.495485
1.509501
1.508764
1.514847
1.495977
1.505936
1.498110
1.490166
1.521586
1.501665
1.511890
1.540949
1.529482
1.514181
1.497814
1.505600
1.516017
1.527160
1.495948
1.521644
1.496072
1.496521
1.488635
1.509800
1.522806
1.499847
1.504842
1.483330
1.499483
1.508706
1.521722
1.504679
1.503096
1.489764
1.500717
1.502048
1.518657
1.513343
1.505851
1.499403
1.504528
1.490429
1.511169
1.499203
1.493975
1.509165
1.508157
1.521978
1.489804
1.498538
1.494421
1.484488
1.498012
1.484976
1.484706
1.502317
1.503745
1.513023
1.546928
