2.302499
2.300395
2.288846
2.294509
2.292023
2.284694
2.267722
2.267317
2.255570
2.254523
2.239028
2.214555
2.211198
2.139517
2.130986
2.127729
2.064023
2.046662
1.997175
1.915981
1.881785
1.867190
1.849019
1.820858
1.772628
1.770206
1.764058
1.732853
1.726617
1.735464
1.739869
1.703045
1.697820
1.673513
1.671629
1.679471
1.675976
1.661640
1.666525
1.670334
1.651365
1.593819
1.629766
1.628675
1.646487
1.617378
1.636851
1.622455
1.584127
1.605352
1.622454
1.614517
1.607084
1.604463
1.623844
1.621104
1.610374
1.574743
1.594873
1.614169
1.581471
1.577124
1.556549
1.598556
1.614636
1.581530
1.590760
1.569000
1.600702
1.595161
1.600160
1.579989
1.569425
1.565264
1.615367
1.576488
1.571143
1.574523
1.611959
1.569180
1.585085
1.564085
1.583190
1.580141
1.568792
1.561578
1.558828
1.567060
1.551553
1.561173
1.564484
1.554508
1.563359
1.589870
1.591430
1.591236
1.544264
1.577230
1.530219
1.559645
1.580488
1.555274
1.554330
1.541257
1.568028
1.554676
1.590567
1.557255
1.538141
1.550836
1.532578
1.571636
1.598069
1.554403
1.583300
1.567664
1.579068
1.561855
1.562837
1.549121
1.528423
1.583517
1.560176
1.543584
1.577876
1.552452
1.558636
1.556213
1.522464
1.574149
1.551132
1.537693
1.534483
1.558548
1.545059
1.550225
1.578739
1.541763
1.578346
1.545369
1.557673
1.548254
1.574301
1.547143
1.537263
1.519070
1.524490
1.547280
1.530466
1.531363
1.550038
1.540070
1.566458
1.576454
1.539367
1.527983
1.531335
1.554120
1.542945
1.523387
1.544181
1.562067
1.538137
1.524885
1.534488
1.552224
1.551995
1.530286
1.541303
1.517366
1.531512
1.532332
1.547816
1.539630
1.538013
1.567127
1.533529
1.540385
1.514753
1.569585
1.537233
1.534610
1.515418
1.516295
1.536743
1.523968
1.539061
1.530452
1.539734
1.518758
1.527245
1.523642
1.541941
1.509549
1.526444
1.548521
1.531618
1.507703
1.544868
1.526738
1.546495
1.524570
1.572347
1.538198
1.541023
1.529702
1.531155
1.524554
1.527869
1.545520
1.547263
1.516614
1.510571
1.533159
1.540508
1.524271
1.519201
1.529569
1.553607
1.508502
1.539327
1.526054
1.534022
1.504652
1.504907
1.524175
1.539795
1.494133
1.510023
1.519974
1.539216
1.558140
1.506813
1.527185
1.505739
1.511220
1.502633
1.550612
1.503498
1.513247
1.519348
1.523752
1.515236
1.527751
1.500512
1.543962
1.515372
1.502657
1.501568
1.520769
1.551384
1.523392
1.524883
1.511321
1.522766
1.501922
1.530668
1.525096
1.531280
1.521939
1.523905
1.508602
1.527083
1.518021
1.511818
1.503992
1.506691
1.531310
1.510795
1.513076
1.499130
1.518952
1.541864
1.509664
1.509264
1.511132
1.523701
1.519189
1.512852
1.516541
1.502691
1.521518
1.507276
1.537484
1.513924
1.499009
1.505035
1.505685
1.522541
1.506721
1.521476
1.512497
1.532092
1.514700
1.529373
1.511065
1.517928
1.531788
1.522924
1.504691
1.508900
1.504210
1.507005
1.519596
1.509696
1.508096
1.509854
1.499318
1.511710
1.530585
1.518406
1.516691
1.518000
1.502476
1.505988
1.498546
1.525438
1.495202
1.537224
1.503512
1.504647
1.494611
1.509449
1.516530
1.512396
1.512555
1.504747
1.525215
1.501513
1.511859
1.500351
1.504495
1.512915
1.509187
1.518908
1.527189
1.503300
1.502233
1.503799
1.504272
1.513485
1.511752
1.499978
1.532651
1.510274
1.507997
1.482105
1.530948
1.500353
1.492283
1.517784
1.499612
1.503778
1.519364
1.502417
1.501322
1.509731
1.491163
1.515319
1.502435
1.506933
1.508731
1.515571
1.498932
1.497689
1.499897
1.495216
1.503888
1.508530
1.504091
1.510221
1.497052
1.505078
1.535136
1.514949
1.511398
1.489380
1.517388
1.500445
1.520057
1.490022
1.521169
1.532976
1.505969
1.479142
1.522768
1.499189
1.509283
1.502235
1.508766
1.490703
1.503323
1.505965
1.499553
1.506679
1.501579
1.490897
1.495008
1.498001
1.493299
1.497200
1.509984
1.500672
1.508246
1.491886
1.506502
1.514174
1.482032
1.503661
1.502363
1.523024
1.494211
1.523090
1.504640
1.522846
1.496713
1.502248
1.489250
1.521782
1.494451
1.499427
1.506925
1.508205
1.526689
1.496759
1.507850
1.480447
1.507918
1.499140
1.486987
1.499048
1.536049
1.487839
1.508421
1.499017
1.489170
1.514969
1.497198
1.490948
1.480112
1.491502
1.491428
1.485867
1.491506
1.494967
1.509556
1.488346
1.522855
1.512053
1.506166
1.486454
1.499989
1.520674
1.498191
1.499743
1.510085
1.508441
1.491826
1.503018
1.498473
1.510455
1.488936
1.501004
1.491286
1.518642
1.491561
1.498395
1.484676
1.516912
1.488326
1.486827
1.502826
1.506171
1.500069
1.487709
1.501624
1.490886
1.486600
1.494954
1.509596
1.490671
1.498482
1.490849
1.489058
1.491632
1.527251
1.506507
1.505025
1.513621
1.482494
1.494102
1.488794
1.511717
1.507789
1.514997
1.494454
1.486296
1.515712
1.510156
1.503576
