2.297009
2.298179
2.288648
2.290818
2.280468
2.284624
2.254676
2.259940
2.248790
2.241231
2.197902
2.218375
2.159966
2.125115
2.106924
2.079458
2.077592
1.962574
1.866546
1.884838
1.869681
1.844330
1.822261
1.804025
1.771698
1.760094
1.728130
1.726898
1.720767
1.727064
1.664590
1.676623
1.675798
1.635393
1.660417
1.642740
1.660241
1.668278
1.634388
1.688256
1.620807
1.632091
1.614966
1.632683
1.594153
1.611443
1.636474
1.602199
1.606583
1.599376
1.612060
1.583936
1.630393
1.597163
1.612249
1.626833
1.574403
1.571329
1.605933
1.604195
1.605109
1.588300
1.560099
1.560458
1.577345
1.610413
1.577956
1.609452
1.593610
1.595217
1.551635
1.590341
1.557782
1.578876
1.600676
1.562805
1.565673
1.587324
1.552837
1.603352
1.554786
1.572440
1.552442
1.546968
1.565928
1.563221
1.565763
1.551035
1.562750
1.560923
1.550545
1.514366
1.584533
1.569046
1.564994
1.528827
1.550886
1.554666
1.558640
1.582723
1.558776
1.542785
1.568201
1.564702
1.543997
1.545344
1.568828
1.560608
1.573156
1.541585
1.548264
1.546063
1.556190
1.566547
1.551666
1.570853
1.556074
1.540599
1.597404
1.544866
1.529734
1.552045
1.558578
1.519899
1.555869
1.533410
1.524970
1.541202
1.548010
1.517272
1.523617
1.526013
1.547345
1.551635
1.524799
1.519936
1.535714
1.512963
1.535580
1.564529
1.521533
1.526744
1.540244
1.524613
1.529761
1.560127
1.507108
1.533809
1.552414
1.517623
1.554627
1.546649
1.515769
1.506022
1.533821
1.510831
1.520806
1.567357
1.540833
1.518851
1.520253
1.541500
1.538857
1.538371
1.508152
1.509941
1.523397
1.535321
1.545527
1.535150
1.534753
1.533622
1.539028
1.525030
1.504524
1.554078
1.510314
1.532203
1.533661
1.517559
1.512134
1.536361
1.510149
1.496813
1.515736
1.513889
1.499712
1.509145
1.525362
1.550727
1.526933
1.518857
1.506090
1.516393
1.527758
1.496431
1.513489
1.509463
1.499884
1.505498
1.497866
1.538816
1.513595
1.524521
1.483195
1.525422
1.521464
1.512098
1.503214
1.529232
1.504453
1.531188
1.514125
1.530523
1.531442
1.520376
1.527326
1.499558
1.504640
1.510013
1.509961
1.510871
1.512133
1.503468
1.527899
1.507473
1.524916
1.507442
1.506578
1.491889
1.521219
1.513335
1.529751
1.519249
1.517352
1.504080
1.500648
1.501715
1.521026
1.503867
1.510983
1.498012
1.505976
1.494214
1.504004
1.509932
1.506940
1.504158
1.500007
1.519346
1.514796
1.505581
1.502253
1.496700
1.500906
1.514483
1.512751
1.520903
1.506400
1.496306
1.502130
1.516152
1.517321
1.492705
1.498327
1.514207
1.519144
1.495424
1.500232
1.498738
1.497630
1.490386
1.493172
1.503364
1.506358
1.497937
1.504497
1.518536
1.504134
1.498462
1.509358
1.495377
1.524167
1.512589
1.500330
1.495638
1.501937
1.503081
1.504008
1.502451
1.524574
1.511204
1.502746
1.506648
1.503511
1.493914
1.501068
1.492931
1.495632
1.499976
1.502225
1.499490
1.493451
1.508832
1.501601
1.487098
1.493105
1.513911
1.500376
1.506832
1.495604
1.502598
1.520436
1.503033
1.506079
1.502885
1.485210
1.497089
1.492773
1.496548
1.495269
1.507265
1.485398
1.494567
1.489896
1.511566
1.496269
1.488575
1.490303
1.491061
1.503068
1.500744
1.503462
1.491255
1.507564
1.499923
1.506893
1.493201
1.489374
1.506079
1.494434
1.517014
1.508929
1.490143
1.528590
1.483810
1.492229
1.490942
1.486861
1.487875
1.490327
1.515424
1.485063
1.494603
1.507502
1.487126
1.487707
1.483817
1.526402
1.505430
1.499422
1.488523
1.530039
1.489885
1.504132
1.509688
1.490461
1.487174
1.496013
1.473436
1.483760
1.497838
1.478435
1.494207
1.492429
1.499918
1.489209
1.492210
1.507468
1.472438
1.493553
1.487748
1.506112
1.502865
1.506588
1.485193
1.492435
1.496562
1.482253
1.481107
1.486737
1.495314
1.482589
1.492361
1.483562
1.491894
1.495585
1.514519
1.493991
1.484730
1.499620
1.506896
1.502869
1.496729
1.511110
1.494652
1.485581
1.491110
1.504584
1.470481
1.503981
1.492055
1.479621
1.483897
1.482744
1.493451
1.508657
1.484057
1.490967
1.488975
1.478062
1.504946
1.475719
1.477668
1.479723
1.474126
1.496011
1.506485
1.490497
1.502501
1.491057
1.492539
1.494272
1.480855
1.490939
1.485332
1.508788
1.474507
1.502049
1.491524
1.489645
1.490325
1.495089
1.490739
1.505297
1.500832
1.485786
1.507173
1.493935
1.503262
1.495193
1.472801
1.470781
1.476960
1.500250
1.484718
1.482258
1.505384
1.478341
1.499147
1.478571
1.476928
1.488782
1.490363
1.477123
1.494764
1.490850
1.477814
1.491159
1.486997
1.493355
1.491394
1.498565
1.492641
1.497394
1.500899
1.487324
1.477163
1.506784
1.496653
1.497796
1.482939
1.479258
1.481260
1.485237
1.490477
1.484819
1.500701
1.480927
1.477601
1.474819
1.493533
1.486838
1.524658
1.479011
1.479342
1.493969
1.482051
1.485636
1.482399
