2.296902
2.298396
2.293206
2.291938
2.282620
2.286492
2.268669
2.262067
2.254846
2.248674
2.230712
2.242416
2.220763
2.192044
2.193312
2.172752
2.175893
2.111039
2.084689
2.077234
2.056541
2.074537
2.078474
2.046926
1.893869
1.822589
1.794747
1.798708
1.806882
1.771211
1.740753
1.813472
1.809626
1.772707
1.780395
1.747728
1.762271
1.766729
1.713492
1.733073
1.690672
1.680999
1.655124
1.679046
1.628321
1.645277
1.674974
1.673976
1.656923
1.643296
1.659215
1.613698
1.673819
1.635364
1.639744
1.649233
1.609604
1.594446
1.631283
1.641829
1.625710
1.621514
1.566610
1.586992
1.600291
1.648242
1.609750
1.649359
1.616938
1.627909
1.581435
1.613781
1.586600
1.600219
1.612800
1.575847
1.590398
1.613940
1.572348
1.639183
1.581912
1.604614
1.574541
1.575813
1.590044
1.576746
1.582689
1.559327
1.579868
1.572147
1.575334
1.535012
1.608450
1.588048
1.582221
1.545872
1.570766
1.566275
1.566880
1.607572
1.576431
1.563577
1.584114
1.585627
1.568743
1.563521
1.579676
1.579497
1.585282
1.554083
1.563954
1.561089
1.576778
1.571840
1.561592
1.583457
1.574948
1.559811
1.607416
1.562800
1.537599
1.557498
1.574010
1.534876
1.577585
1.539987
1.535066
1.556233
1.563359
1.523938
1.528693
1.529858
1.545673
1.554536
1.538383
1.530707
1.543341
1.523462
1.550602
1.569478
1.538110
1.536169
1.556114
1.526892
1.552024
1.565582
1.526918
1.551571
1.560543
1.527254
1.562374
1.551314
1.526407
1.510245
1.541257
1.513701
1.525736
1.567613
1.551090
1.531626
1.533638
1.554945
1.556428
1.553146
1.522221
1.521258
1.539470
1.540417
1.551449
1.545060
1.545141
1.539055
1.542911
1.536341
1.510035
1.575585
1.523408
1.544180
1.547763
1.527948
1.526013
1.549766
1.526351
1.508397
1.519498
1.516407
1.507025
1.517716
1.543637
1.547898
1.540286
1.530767
1.519740
1.526857
1.538496
1.508077
1.525320
1.524999
1.504995
1.506846
1.505676
1.546652
1.530359
1.537855
1.501098
1.541932
1.540256
1.528048
1.513576
1.526141
1.518958
1.546577
1.517544
1.536957
1.540420
1.531403
1.542776
1.507826
1.514352
1.514631
1.518116
1.525562
1.524277
1.514532
1.542460
1.518584
1.525815
1.525277
1.508362
1.498065
1.529250
1.516587
1.540448
1.530213
1.523509
1.506426
1.505487
1.511287
1.536115
1.512436
1.529118
1.514134
1.514246
1.500121
1.511066
1.513873
1.510519
1.507575
1.510419
1.528579
1.516936
1.513200
1.515826
1.504375
1.505177
1.517747
1.515251
1.529946
1.513014
1.497482
1.507519
1.516488
1.528857
1.500143
1.508652
1.520862
1.527439
1.505236
1.506705
1.511580
1.500730
1.496796
1.495791
1.504693
1.506737
1.504789
1.503606
1.527064
1.514875
1.505588
1.524279
1.497694
1.527617
1.515275
1.501005
1.494044
1.506176
1.508377
1.508498
1.499761
1.538038
1.519435
1.509005
1.521685
1.510452
1.499076
1.506727
1.496835
1.495889
1.499314
1.499895
1.501019
1.491460
1.514932
1.500025
1.493287
1.497265
1.521939
1.503781
1.515256
1.499894
1.502837
1.533614
1.514439
1.504706
1.505128
1.489251
1.498373
1.499131
1.502260
1.500510
1.502015
1.484966
1.504600
1.494969
1.515639
1.495058
1.489840
1.497278
1.498462
1.505705
1.510622
1.503429
1.498799
1.511747
1.500121
1.514457
1.501281
1.490884
1.516456
1.492354
1.522852
1.515014
1.493380
1.522503
1.485145
1.499506
1.496786
1.492792
1.491894
1.499322
1.518239
1.486960
1.497754
1.517247
1.491790
1.489992
1.486635
1.529802
1.501752
1.499221
1.495165
1.527081
1.495493
1.501296
1.518437
1.491629
1.486905
1.501568
1.479169
1.487116
1.497804
1.485324
1.503040
1.492367
1.502589
1.488749
1.492710
1.510802
1.477387
1.501140
1.492998
1.508784
1.511670
1.516244
1.487606
1.498113
1.500400
1.485864
1.483415
1.492173
1.491441
1.480179
1.483149
1.488343
1.495436
1.499647
1.517123
1.493882
1.490381
1.503805
1.514624
1.503386
1.497730
1.500215
1.501709
1.492631
1.494028
1.516132
1.480698
1.501087
1.502290
1.483300
1.488756
1.485038
1.495053
1.512750
1.480866
1.492139
1.490307
1.482666
1.507324
1.482580
1.483688
1.479249
1.481160
1.496446
1.510207
1.494647
1.503902
1.493301
1.495922
1.495920
1.481904
1.499048
1.496083
1.517192
1.481472
1.510437
1.491855
1.494518
1.497266
1.497619
1.486947
1.507562
1.498075
1.491926
1.500691
1.494926
1.506016
1.493242
1.472020
1.472264
1.483157
1.511666
1.490159
1.484803
1.498928
1.485938
1.502654
1.488334
1.480970
1.500597
1.492670
1.481689
1.488881
1.498654
1.479453
1.492831
1.492634
1.496271
1.495348
1.500714
1.500827
1.503254
1.508927
1.487509
1.481244
1.505037
1.500456
1.494447
1.482974
1.484307
1.480299
1.489425
1.494956
1.488368
1.496608
1.491981
1.478912
1.476393
1.497345
1.488245
1.524269
1.483155
1.479046
1.499198
1.495405
1.484890
1.486304
