2.274661
2.313202
2.316556
2.319363
2.310712
2.302585
2.302635
2.302734
2.302585
2.302585
2.302585
2.302585
2.302585
2.302585
2.302585
2.302585
2.302635
2.302585
2.302585
2.302585
2.302585
2.302585
2.302585
2.302585
2.302585
2.302784
2.310160
2.310315
2.304270
2.302585
2.302585
2.302585
2.302585
2.302585
2.302585
2.302585
2.302585
2.302585
2.302585
2.302585
2.302585
2.302585
2.302585
2.302585
2.302585
2.302585
2.302585
2.302585
2.302585
2.302585
2.302585
2.302585
2.302585
2.302585
2.302585
2.302585
2.302585
2.302585
2.302585
2.302585
2.302585
2.302585
2.302585
2.302585
2.302585
2.302585
2.302585
2.302585
2.302585
2.302585
2.302585
2.302585
2.302585
2.302585
2.302585
2.302585
2.302585
2.302585
2.302585
2.302585
2.302585
2.302585
2.302585
2.302585
2.302585
2.302585
2.302585
2.302585
2.302585
2.302585
2.302585
2.302585
2.302585
2.302585
2.302585
2.302585
2.302585
2.302585
2.302585
2.302585
2.302585
2.302585
2.302585
2.302585
2.302585
2.302585
2.302585
2.302585
2.302585
2.302585
2.302585
2.302585
2.302585
2.302585
2.302585
2.302585
2.302585
2.302585
2.302585
2.302585
2.302585
2.302585
2.302585
2.302585
2.302585
2.302585
2.302585
2.302585
2.302585
2.302585
2.302585
2.302585
2.302585
2.302585
2.302585
2.302585
2.302585
2.302585
2.302585
2.302585
2.302585
2.302585
2.302585
2.302585
2.302585
2.302585
2.302585
2.302585
2.302585
2.302585
2.302585
2.302585
2.302585
2.302585
2.302585
2.302585
2.302585
2.302585
2.302585
2.302585
2.302585
2.302585
2.302585
2.302585
2.302585
2.302585
2.302585
2.302585
2.302585
2.302585
2.302585
2.302585
2.302585
2.302585
2.302585
2.302585
2.302585
2.302585
2.302585
2.302585
2.302585
2.302585
2.302585
2.302585
2.302585
2.302585
2.302585
2.302585
2.302585
2.302585
2.302585
2.302585
2.302585
2.302585
2.302585
2.302585
2.302585
2.302585
2.302585
2.302585
2.302585
2.302585
2.302585
2.302585
2.302585
2.302585
2.302585
2.302585
2.302585
2.302585
2.302585
2.302585
2.302585
2.302585
2.302585
2.302585
2.302585
2.302585
2.302585
2.302585
2.302585
2.302585
2.302585
2.302585
2.302585
2.302585
2.302585
2.302585
2.302585
2.302585
2.302585
2.302585
2.302585
2.302585
2.302585
2.302585
2.302585
2.302585
2.302585
2.302585
2.302585
2.302585
2.302585
2.302585
2.302585
2.302585
2.302585
2.302585
2.302585
2.302585
2.302585
2.302585
2.302585
2.302585
2.302585
2.302585
2.302585
2.302585
2.302585
2.302585
2.302585
2.302585
2.302585
2.302585
2.302585
2.302585
2.302585
2.302585
2.302585
2.302585
2.302585
2.302585
2.302585
2.302585
2.302585
2.302585
2.302585
2.302585
2.302585
2.302585
2.302585
2.302585
2.302585
2.302585
2.302585
2.302585
2.302585
2.302585
2.302585
2.302585
2.302585
2.302585
2.302585
2.302585
2.302585
2.302585
2.302585
2.302585
2.302585
2.302585
2.302585
2.302585
2.302585
2.302585
2.302585
2.302585
2.302585
2.302585
2.302585
2.302585
2.302585
2.302585
2.302585
2.302585
2.302585
2.302585
2.302585
2.302585
2.302585
2.302585
2.302585
2.302585
2.302585
2.302585
2.302585
2.302585
2.302585
2.302585
2.302585
2.302585
2.302585
2.302585
2.302585
2.302585
2.302585
2.302585
2.302585
2.302585
2.302585
2.302585
2.302585
2.302585
2.302585
2.302585
2.302585
2.302585
2.302585
2.302585
2.302585
2.302585
2.302585
2.302585
2.302585
2.302585
2.302585
2.302585
2.302585
2.302585
2.302585
2.302585
2.302585
2.302585
2.302585
2.302585
2.302585
2.302585
2.302585
2.302585
2.302585
2.302585
2.302585
2.302585
2.302585
2.302585
2.302585
2.302585
2.302585
2.302585
2.302585
2.302585
2.302585
2.302585
2.302585
2.302585
2.302585
2.302585
2.302585
2.302585
2.302585
2.302585
2.302585
2.302585
2.302585
2.302585
2.302585
2.302585
2.302585
2.302585
2.302585
2.302585
2.302585
2.302585
2.302585
2.302585
2.302585
2.302585
2.302585
2.302585
2.302585
2.302585
2.302585
2.302585
2.302585
2.302585
2.302585
2.302585
2.302585
2.302585
2.302585
2.302585
2.302585
2.302585
2.302585
2.302585
2.302585
2.302585
2.302585
2.302585
2.302585
2.302585
2.302585
2.302585
2.302585
2.302585
2.302585
2.302585
2.302585
2.302585
2.302585
2.302585
2.302585
2.302585
2.302585
2.302585
2.302585
2.302585
2.302585
2.302585
2.302585
2.302585
2.302585
2.302585
2.302585
2.302585
2.302585
2.302585
2.302585
2.302585
2.302585
2.302585
2.302585
2.302585
2.302585
2.302585
2.302585
2.302585
2.302585
2.302585
2.302585
2.302585
2.302585
2.302585
2.302585
2.302585
2.302585
2.302585
2.302585
2.302585
2.302585
2.302585
2.302585
2.302585
2.302585
2.302585
2.302585
2.302585
2.302585
2.302585
2.302585
2.302585
2.302585
2.302585
2.302585
2.302585
2.302585
2.302585
2.302585
2.302585
2.302585
2.302585
