2.305772
2.308553
2.315295
2.331543
2.356560
2.370144
2.348939
2.301547
2.229455
2.146989
2.230972
2.227970
2.263123
2.283524
2.287584
2.286259
2.209579
2.177830
2.175307
2.161884
2.129766
2.141918
2.129184
2.113340
2.113340
2.113659
2.113340
2.113023
2.111817
2.113772
2.110675
2.108356
2.101283
2.065737
2.061340
2.068855
2.075265
2.082434
2.075680
2.082296
2.048770
2.062052
2.098268
2.061983
2.062689
2.090607
2.048980
2.063200
2.091290
2.086481
2.076699
2.069955
2.078390
2.057499
2.075347
2.055534
2.054711
2.040810
2.005015
2.023984
2.030633
2.054725
2.056486
2.048755
2.012892
1.978740
1.955515
1.965535
1.998265
2.499266
2.640977
2.633931
2.606287
2.564865
2.509162
2.428195
2.351892
2.316955
2.302585
2.302585
2.302585
2.302585
2.302585
2.302585
2.302585
2.302585
2.302709
2.303080
2.303081
2.302833
2.303204
2.303205
2.302709
2.303328
2.302709
2.303824
2.304567
2.302957
2.303452
2.303700
2.303576
2.303948
2.303824
2.303700
2.304443
2.304815
2.305806
2.304939
2.307664
2.305930
2.305806
2.308284
2.308036
2.306549
2.311752
2.309274
2.308036
2.307045
2.308903
2.311628
2.307788
2.310018
2.307540
2.309522
2.308779
2.309398
2.308160
2.307416
2.306301
2.305310
2.305682
2.307788
2.304939
2.306673
2.307788
2.306178
2.310142
2.339934
2.388763
2.443307
2.471805
2.480758
2.492530
2.517147
2.498333
2.405310
2.404589
2.433102
2.435883
2.402326
2.326781
2.331325
2.420231
2.571654
2.660884
2.648499
2.627748
2.483158
2.438445
2.397893
2.358203
2.439663
2.541483
2.600309
2.613807
2.583237
2.517045
2.504567
2.520451
2.571937
2.572333
2.574163
2.585701
2.593649
2.605053
2.625828
2.559927
2.547096
2.535062
2.494930
2.428953
2.405249
2.364314
2.346947
2.339302
2.337866
2.305470
2.163824
1.931628
1.805812
1.857118
1.865624
1.873264
1.877724
1.900295
2.440319
2.395984
2.381207
2.345530
2.345872
2.400646
2.478580
2.524027
2.547563
2.576323
2.594862
2.610580
2.591004
2.558977
2.517832
2.482108
2.472219
2.457605
2.444443
2.444463
2.465602
2.524367
2.529188
2.448277
2.199055
2.025136
1.840727
1.793848
1.809185
1.768946
1.898457
1.902598
1.910537
1.874720
1.827875
1.841946
1.875299
2.381980
2.399634
2.381211
2.385270
2.382127
2.391810
2.392254
2.382119
2.388278
2.385676
2.386451
2.379931
2.368693
2.375388
2.368997
2.373911
2.381816
2.368674
2.364506
2.378455
2.370487
2.372372
2.376422
2.378567
2.380119
2.362869
2.372017
2.374303
2.369372
2.364234
2.361951
2.369320
2.365459
2.371835
2.383239
2.372153
2.382155
2.363825
2.370062
2.355106
2.365347
2.368394
2.370040
2.359165
2.358624
2.351606
2.363512
2.359170
2.359212
2.370821
2.359874
2.346770
2.358614
2.362424
2.356755
2.362283
2.363628
2.356486
2.356176
2.362868
2.350980
2.351037
2.353012
2.353164
2.357545
2.364295
2.356755
2.358011
2.350791
2.355540
2.354716
2.349776
2.348236
2.348829
2.341085
2.350266
2.351175
2.356338
2.346779
2.352504
2.347363
2.346193
2.347108
2.350633
2.342345
2.341875
2.339133
2.356247
2.340670
2.343721
2.342436
2.343800
2.337444
2.334364
2.335389
2.329545
2.335671
2.414535
2.462888
2.485181
2.498050
2.522676
2.542344
2.550807
2.563871
2.569861
2.561831
2.574902
2.564473
2.535519
2.518717
2.496812
2.487922
2.483278
2.489555
2.484514
2.491187
2.488322
2.497524
2.489777
2.509933
2.513415
2.504424
2.516980
2.513349
2.516794
2.502428
2.498888
2.497122
2.487936
2.482896
2.474072
2.480867
2.486602
2.490824
2.486078
2.492499
2.493434
2.502073
2.504091
2.493713
2.493785
2.503599
2.500352
2.488786
2.501896
2.492633
2.494362
2.495070
2.490388
2.494424
2.497041
2.485270
2.481237
2.505147
2.573130
2.588762
2.582649
2.491888
2.481210
2.481112
2.481621
2.482318
2.509041
2.543371
2.591793
2.596445
2.572051
2.567665
2.557202
2.549941
2.526280
2.513498
2.507156
2.483788
2.478698
2.460543
2.457135
2.451819
2.451664
2.456444
2.449514
2.467800
2.458194
2.455617
2.450237
2.465863
2.475584
2.470486
2.459113
2.464736
2.468060
2.470293
2.453833
2.475616
2.462243
2.469351
2.479957
2.460757
2.476480
2.450900
2.474446
2.456790
2.473719
2.442984
2.423947
2.462503
2.475713
2.453014
2.430513
2.465922
2.457408
2.445859
2.452840
2.479816
2.457552
2.448481
2.457413
2.454061
2.452497
2.465259
2.459979
2.441093
2.442985
2.446440
2.439857
2.467160
2.436443
2.460772
2.458674
2.452340
2.437552
2.474003
2.446713
2.433725
2.464342
2.436561
2.440598
2.477186
2.434702
2.444603
2.432803
2.465383
2.450366
2.458570
2.449610
2.452848
2.465196
2.451855
2.427101
2.462533
2.425270
2.454819
2.455380
2.446563
2.471446
2.461594
2.442365
2.470318
2.450724
2.445949
2.480772
2.467735
2.422698
2.460176
2.439086
2.470656
2.449884
