2.304536
2.300234
2.292607
2.299019
2.298274
2.278167
2.273226
2.268749
2.258246
2.252212
2.241095
2.229395
2.224533
2.211609
2.186739
2.181009
2.148464
2.144536
2.092643
2.133795
2.044423
1.987492
2.021824
1.935959
1.957952
1.938323
1.924137
1.897847
1.839122
1.864186
1.848134
1.866608
1.801599
1.759525
1.769646
1.799189
1.821775
1.781521
1.757421
1.767873
1.748599
1.799530
1.741262
1.743276
1.720708
1.679446
1.724838
1.736307
1.673619
1.705083
1.733548
1.706339
1.687010
1.644305
1.701251
1.666955
1.690898
1.663122
1.651035
1.707012
1.671574
1.647930
1.675833
1.687881
1.623794
1.605708
1.678657
1.698255
1.630599
1.625413
1.608782
1.685246
1.657791
1.615350
1.648795
1.597707
1.625161
1.644149
1.643489
1.648827
1.611266
1.641017
1.638084
1.663060
1.645976
1.659703
1.679713
1.647207
1.666193
1.663251
1.649332
1.638653
1.606141
1.654679
1.637440
1.619337
1.631638
1.625352
1.611239
1.615005
1.628838
1.612216
1.600737
1.645509
1.631899
1.644024
1.648368
1.646484
1.658136
1.656484
1.622113
1.640584
1.626410
1.593266
1.616970
1.675128
1.641900
1.608491
1.608654
1.629084
1.592753
1.569296
1.632400
1.603928
1.665688
1.608807
1.590626
1.639038
1.652270
1.642500
1.645844
1.681481
1.596501
1.586340
1.634042
1.636917
1.612372
1.632142
1.701123
1.599948
1.634853
1.594597
1.626994
1.576313
1.611981
1.593779
1.603869
1.622788
1.632591
1.628420
1.627819
1.662205
1.621292
1.605883
1.615395
1.601187
1.632447
1.608464
1.620776
1.606416
1.606314
1.600829
1.617876
1.635215
1.618765
1.600993
1.615373
1.626693
1.641080
1.630249
1.582778
1.625644
1.602371
1.626501
1.607898
1.639829
1.628619
1.605603
1.612597
1.601161
1.630235
1.639219
1.635144
1.582931
1.626452
1.578443
1.630555
1.614119
1.601349
1.607885
1.593503
1.593410
1.614053
1.581162
1.614237
1.646832
1.607811
1.562670
1.639138
1.580712
1.624591
1.589390
1.594746
1.626963
1.590076
1.622288
1.633278
1.653182
1.633757
1.608950
1.575318
1.574148
1.600140
1.610499
1.663548
1.638908
1.611394
1.613061
1.578359
1.600588
1.623293
1.594405
1.637161
1.639784
1.603147
1.622000
1.637506
1.622293
1.587275
1.636825
1.624190
1.638755
1.569117
1.627690
1.635839
1.576064
1.591511
1.636783
1.600019
1.620277
1.607460
1.634221
1.603341
1.556338
1.613286
1.559686
1.607839
1.558825
1.587580
1.635918
1.563248
1.607033
1.574207
1.601835
1.594504
1.592328
1.572587
1.604530
1.635313
1.681275
1.644119
1.610764
1.595060
1.613854
1.640712
1.587706
1.597462
1.653655
1.591088
1.582055
1.568737
1.593462
1.585387
1.592026
1.593888
1.585956
1.592752
1.591184
1.622814
1.627520
1.591387
1.615348
1.604595
1.574716
1.609565
1.584893
1.630723
1.640662
1.594993
1.604467
1.616668
1.614173
1.586327
1.596566
1.613151
1.554488
1.613423
1.593996
1.624546
1.627690
1.623757
1.613420
1.593457
1.550827
1.585612
1.600291
1.589013
1.594111
1.557345
1.609463
1.581708
1.594531
1.608773
1.640533
1.601857
1.597290
1.614808
1.580465
1.618888
1.598295
1.591483
1.561867
1.564991
1.586106
1.622265
1.632729
1.575707
1.660857
1.573445
1.590831
1.593636
1.610204
1.642696
1.573039
1.588563
1.577482
1.619209
1.623521
1.574606
1.613326
1.586340
1.602641
1.563072
1.577299
1.569735
1.581182
1.616628
1.605467
1.546822
1.609657
1.599774
1.616039
1.609530
1.599297
1.582717
1.656678
1.559937
1.645876
1.595606
1.588834
1.609774
1.608806
1.623874
1.592956
1.626462
1.602607
1.558375
1.603095
1.582273
1.577670
1.562312
1.645341
1.583959
1.592939
1.591815
1.618410
1.570336
1.576790
1.598313
1.597740
1.587179
1.613838
1.579773
1.603545
1.590239
1.585084
1.581532
1.617997
1.633967
1.603822
1.609556
1.556498
1.604215
1.595313
1.610211
1.535017
1.612645
1.592805
1.540681
1.578377
1.582690
1.626987
1.584789
1.571810
1.587129
1.579191
1.572430
1.623371
1.621699
1.584444
1.635013
1.611635
1.598503
1.569314
1.613584
1.599360
1.585647
1.553746
1.582823
1.602620
1.580128
1.594737
1.594702
1.603787
1.592482
1.564692
1.607208
1.606172
1.550642
1.605958
1.617486
1.562122
1.598578
1.581171
1.557434
1.567906
1.622641
1.611383
1.644376
1.578755
1.581804
1.588787
1.574404
1.618832
1.607945
1.568937
1.594501
1.575737
1.584247
1.570319
1.599604
1.575990
1.554260
1.572425
1.617233
1.583406
1.563487
1.569659
1.599925
1.623466
1.573743
1.572409
1.595210
1.586082
1.609949
1.582620
1.589448
1.559880
1.612057
1.556548
1.599030
1.587287
1.572912
1.593188
1.569918
1.568893
1.587127
1.580064
1.574637
1.542025
1.583475
1.593069
1.614976
1.589522
1.589927
1.605308
1.594295
1.561053
1.568887
1.622559
1.617552
1.614088
1.567477
1.590987
1.589614
1.582301
1.580735
1.593086
1.612978
1.580574
