2.313926
2.311864
2.302118
2.296468
2.296149
2.297936
2.302585
2.302585
2.302585
2.302635
2.303130
2.303972
2.303923
2.302685
2.302585
2.302585
2.302635
2.302585
2.302585
2.302585
2.302585
2.302635
2.302585
2.302585
2.302585
2.302585
2.302585
2.302585
2.303477
2.321832
2.326398
2.311704
2.302882
2.302585
2.302585
2.302585
2.302585
2.302585
2.302585
2.302585
2.302585
2.302585
2.302585
2.302585
2.302585
2.302585
2.302585
2.302585
2.302585
2.302585
2.302585
2.302585
2.302585
2.302585
2.302585
2.302585
2.302585
2.302585
2.302585
2.302585
2.302585
2.302585
2.302585
2.302585
2.302585
2.302585
2.302585
2.302585
2.302585
2.302585
2.302585
2.302585
2.302585
2.302585
2.302585
2.302585
2.302585
2.302585
2.302585
2.302585
2.302585
2.302585
2.302585
2.302585
2.302585
2.302585
2.302585
2.302585
2.302585
2.302585
2.302585
2.302585
2.302585
2.302585
2.302585
2.302585
2.302585
2.302585
2.302585
2.302585
2.302585
2.302585
2.302585
2.302585
2.302585
2.302585
2.302585
2.302585
2.302585
2.302585
2.302585
2.302585
2.302585
2.302585
2.302585
2.302585
2.302585
2.302585
2.302585
2.302585
2.302585
2.302585
2.302585
2.302585
2.302585
2.302585
2.302585
2.302585
2.302585
2.302585
2.302585
2.302585
2.302585
2.302585
2.302585
2.302585
2.302585
2.302585
2.302585
2.302585
2.302585
2.302585
2.302585
2.302585
2.302585
2.302585
2.302585
2.302585
2.302585
2.302585
2.302585
2.302585
2.302585
2.302585
2.302585
2.302585
2.302585
2.302585
2.302585
2.302585
2.302585
2.302585
2.302585
2.302585
2.302585
2.302585
2.302585
2.302585
2.302585
2.302585
2.302585
2.302585
2.302585
2.302585
2.302585
2.302585
2.302585
2.302585
2.302585
2.302585
2.302585
2.302585
2.302585
2.302585
2.302585
2.302585
2.302585
2.302585
2.302585
2.302585
2.302585
2.302585
2.302585
2.302585
2.302585
2.302585
2.302585
2.302585
2.302585
2.302585
2.302585
2.302585
2.302585
2.302585
2.302585
2.302585
2.302585
2.302585
2.302585
2.302585
2.302585
2.302585
2.302585
2.302585
2.302585
2.302585
2.302585
2.302585
2.302585
2.302585
2.302585
2.302585
2.302585
2.302585
2.302585
2.302585
2.302585
2.302585
2.302585
2.302585
2.302585
2.302585
2.302585
2.302585
2.302585
2.302585
2.302585
2.302585
2.302585
2.302585
2.302585
2.302585
2.302585
2.302585
2.302585
2.302585
2.302585
2.302585
2.302585
2.302585
2.302585
2.302585
2.302585
2.302585
2.302585
2.302585
2.302585
2.302585
2.302585
2.302585
2.302585
2.302585
2.302585
2.302585
2.302585
2.302585
2.302585
2.302585
2.302585
2.302585
2.302585
2.302585
2.302585
2.302585
2.302585
2.302585
2.302585
2.302585
2.302585
2.302585
2.302585
2.302585
2.302585
2.302585
2.302585
2.302585
2.302585
2.302585
2.302585
2.302585
2.302585
2.302585
2.302585
2.302585
2.302585
2.302585
2.302585
2.302585
2.302585
2.302585
2.302585
2.302585
2.302585
2.302585
2.302585
2.302585
2.302585
2.302585
2.302585
2.302585
2.302585
2.302585
2.302585
2.302585
2.302585
2.302585
2.302585
2.302585
2.302585
2.302585
2.302585
2.302585
2.302585
2.302585
2.302585
2.302585
2.302585
2.302585
2.302585
2.302585
2.302585
2.302585
2.302585
2.302585
2.302585
2.302585
2.302585
2.302585
2.302585
2.302585
2.302585
2.302585
2.302585
2.302585
2.302585
2.302585
2.302585
2.302585
2.302585
2.302585
2.302585
2.302585
2.302585
2.302585
2.302585
2.302585
2.302585
2.302585
2.302585
2.302585
2.302585
2.302585
2.302585
2.302585
2.302585
2.302585
2.302585
2.302585
2.302585
2.302585
2.302585
2.302585
2.302585
2.302585
2.302585
2.302585
2.302585
2.302585
2.302585
2.302585
2.302585
2.302585
2.302585
2.302585
2.302585
2.302585
2.302585
2.302585
2.302585
2.302585
2.302585
2.302585
2.302585
2.302585
2.302585
2.302585
2.302585
2.302585
2.302585
2.302585
2.302585
2.302585
2.302585
2.302585
2.302585
2.302585
2.302585
2.302585
2.302585
2.302585
2.302585
2.302585
2.302585
2.302585
2.302585
2.302585
2.302585
2.302585
2.302585
2.302585
2.302585
2.302585
2.302585
2.302585
2.302585
2.302585
2.302585
2.302585
2.302585
2.302585
2.302585
2.302585
2.302585
2.302585
2.302585
2.302585
2.302585
2.302585
2.302585
2.302585
2.302585
2.302585
2.302585
2.302585
2.302585
2.302585
2.302585
2.302585
2.302585
2.302585
2.302585
2.302585
2.302585
2.302585
2.302585
2.302585
2.302585
2.302585
2.302585
2.302585
2.302585
2.302585
2.302585
2.302585
2.302585
2.302585
2.302585
2.302585
2.302585
2.302585
2.302585
2.302585
2.302585
2.302585
2.302585
2.302585
2.302585
2.302585
2.302585
2.302585
2.302585
2.302585
2.302585
2.302585
2.302585
2.302585
2.302585
2.302585
2.302585
2.302585
2.302585
2.302585
2.302585
2.302585
2.302585
2.302585
2.302585
2.302585
2.302585
2.302585
