2.291372
2.290081
2.263650
2.289386
2.225150
2.449479
2.336165
2.257327
2.210512
2.239269
2.222418
2.177473
2.169937
2.169199
2.168025
2.168147
2.167425
2.167425
2.167425
2.167425
2.168084
2.167425
2.167425
2.167425
2.167425
2.167425
2.167425
2.167425
2.167425
2.167425
2.167425
2.167425
2.167425
2.167425
2.167425
2.167425
2.167425
2.167425
2.167425
2.167425
2.167425
2.167425
2.167425
2.167425
2.167425
2.167425
2.167425
2.167425
2.167425
2.167425
2.167425
2.167425
2.167425
2.167425
2.167425
2.167425
2.167425
2.167425
2.167425
2.167425
2.167425
2.167425
2.167425
2.167425
2.167425
2.167425
2.167425
2.167425
2.167425
2.167425
2.167425
2.167425
2.167425
2.167425
2.167425
2.167425
2.167425
2.167425
2.167425
2.167425
2.167425
2.167425
2.167425
2.167425
2.167425
2.167425
2.167425
2.167425
2.167425
2.167425
2.167425
2.167425
2.167425
2.167425
2.167425
2.167425
2.167425
2.167425
2.167425
2.167425
2.167425
2.167425
2.167425
2.167425
2.167425
2.167425
2.167425
2.167425
2.167425
2.167425
2.167425
2.167425
2.167425
2.167425
2.167425
2.167425
2.167425
2.167425
2.167425
2.167425
2.167425
2.167425
2.167425
2.167425
2.167425
2.167425
2.167425
2.167425
2.167425
2.167425
2.167425
2.167425
2.167425
2.167425
2.167425
2.167425
2.167425
2.167425
2.167425
2.167425
2.167425
2.167425
2.167425
2.167425
2.167425
2.167425
2.167425
2.167425
2.167425
2.167425
2.167425
2.167425
2.167425
2.167425
2.167425
2.167425
2.167425
2.167425
2.167425
2.167425
2.167425
2.167425
2.167425
2.167425
2.167425
2.167425
2.167425
2.167425
2.167425
2.167425
2.167425
2.167425
2.167425
2.167425
2.167425
2.167425
2.167425
2.167425
2.167425
2.167425
2.167425
2.167425
2.167425
2.167425
2.167425
2.167425
2.167425
2.167425
2.167425
2.167425
2.167425
2.167425
2.167425
2.167425
2.167425
2.167425
2.167425
2.167425
2.167425
2.167425
2.167425
2.167425
2.167425
2.167425
2.167425
2.167425
2.167425
2.167425
2.167425
2.167425
2.167425
2.167425
2.167425
2.167425
2.167425
2.167425
2.167425
2.167425
2.167425
2.167425
2.167425
2.167425
2.167425
2.167425
2.167425
2.167425
2.167425
2.167425
2.167425
2.167425
2.167425
2.167425
2.167425
2.167425
2.167425
2.167425
2.167425
2.167425
2.167425
2.167425
2.167425
2.167425
2.167425
2.167425
2.167425
2.167425
2.167425
2.167425
2.167425
2.167425
2.167425
2.167425
2.167425
2.167425
2.167425
2.167425
2.167425
2.167425
2.167425
2.167425
2.167425
2.167425
2.167425
2.167425
2.167425
2.167425
2.167425
2.167425
2.167425
2.167425
2.167425
2.167425
2.167425
2.167425
2.167425
2.167425
2.167425
2.167425
2.167425
2.167425
2.167425
2.167425
2.167425
2.167425
2.167425
2.167425
2.167425
2.167425
2.167425
2.167425
2.167425
2.167425
2.167425
2.167425
2.167425
2.167425
2.167425
2.167425
2.167425
2.167425
2.167425
2.167425
2.167425
2.167425
2.167425
2.167425
2.167425
2.167425
2.167425
2.167425
2.167425
2.167425
2.167425
2.167425
2.167425
2.167425
2.167425
2.167425
2.167425
2.167425
2.167425
2.167425
2.167425
2.167425
2.167425
2.167425
2.167425
2.167425
2.167425
2.167425
2.167425
2.167425
2.167425
2.167425
2.167425
2.167425
2.167425
2.167425
2.167425
2.167425
2.167425
2.167425
2.167425
2.167425
2.167425
2.167425
2.167425
2.167425
2.167425
2.167425
2.167425
2.167425
2.167425
2.167425
2.167425
2.167425
2.167425
2.167425
2.167425
2.167425
2.167425
2.167425
2.167425
2.167425
2.167425
2.167425
2.167425
2.167425
2.167425
2.167425
2.167425
2.167425
2.167425
2.167425
2.167425
2.167425
2.167425
2.167425
2.167425
2.167425
2.167425
2.167425
2.167425
2.167425
2.167425
2.167425
2.167425
2.167425
2.167425
2.167425
2.167425
2.167425
2.167425
2.167425
2.167425
2.167425
2.167425
2.167425
2.167425
2.167425
2.167425
2.167425
2.167425
2.167425
2.167425
2.167425
2.167425
2.167425
2.167425
2.167425
2.167425
2.167425
2.167425
2.167425
2.167425
2.167425
2.167425
2.167425
2.167425
2.167425
2.167425
2.167425
2.167425
2.167425
2.167425
2.167425
2.167425
2.167425
2.167425
2.167425
2.167425
2.167425
2.167425
2.167425
2.167425
2.167425
2.167425
2.167425
2.167425
2.167425
2.167425
2.167425
2.167425
2.167425
2.167425
2.167425
2.167425
2.167425
2.167425
2.167425
2.167425
2.167425
2.167425
2.167425
2.167425
2.167425
2.167425
2.167425
2.167425
2.167425
2.167425
2.167425
2.167425
2.167425
2.167425
2.167425
2.167425
2.167425
2.167425
2.167425
2.167425
2.167425
2.167425
2.167425
2.167425
2.167425
2.167425
2.167425
2.167425
2.167425
2.167425
2.167425
2.167425
2.167425
2.167425
2.167425
2.167425
2.167425
2.167425
2.167425
2.167425
2.167425
2.167425
2.167425
2.167425
2.167425
2.167425
2.167425
2.167425
2.167425
