2.304326
2.301633
2.317261
2.318373
2.328016
2.345350
2.378549
2.497720
2.515032
2.517965
2.437474
2.353662
2.257540
2.241186
2.259986
2.247594
2.230138
2.197636
2.264046
2.195942
2.223860
2.191454
2.222585
2.250146
2.219291
2.215896
2.193391
2.180806
2.267215
2.228334
2.181358
2.245708
2.218560
2.215752
2.199255
2.214520
2.252551
2.199073
2.227548
2.208561
2.234302
2.195864
2.181680
2.192380
2.193885
2.227297
2.188800
2.209381
2.199469
2.262573
2.190192
2.248940
2.194750
2.202280
2.169950
2.191211
2.186048
2.174284
2.204383
2.148372
2.185381
2.173939
2.162645
2.157105
2.170269
2.182595
2.124523
2.200086
2.161143
2.144445
2.165216
2.168875
2.172866
2.152702
2.163832
2.135034
2.145391
2.149861
2.156447
2.137529
2.148927
2.157447
2.153441
2.137789
2.138443
2.148448
2.142831
2.134137
2.130781
2.136954
2.135958
2.137202
2.148705
2.153544
2.141636
2.145070
2.133609
2.145448
2.121060
2.124414
2.126762
2.140138
2.138798
2.138840
2.135384
2.131737
2.135360
2.153632
2.142682
2.132733
2.137096
2.132667
2.144226
2.140111
2.136534
2.144037
2.141535
2.140991
2.144662
2.131342
2.141374
2.122586
2.137447
2.121995
2.152991
2.135217
2.151026
2.135268
2.143646
2.156154
2.130551
2.131988
2.127977
2.138430
2.127831
2.136760
2.133817
2.132879
2.131472
2.131248
2.138601
2.138558
2.141804
2.125936
2.129669
2.126283
2.132637
2.128479
2.132771
2.121209
2.131922
2.119843
2.120690
2.135647
2.124529
2.129036
2.128528
2.145384
2.119720
2.120841
2.146178
2.135379
2.126873
2.122862
2.120903
2.122175
2.117539
2.114683
2.115623
2.106027
2.116578
2.121931
2.119099
2.115992
2.108814
2.105526
2.111341
2.117393
2.110148
2.114518
2.105362
2.116015
2.105823
2.113140
2.112540
2.100273
2.103509
2.101661
2.101283
2.113565
2.104774
2.103909
2.109052
2.111189
2.112150
2.111626
2.104794
2.104048
2.102876
2.106337
2.117832
2.099337
2.116142
2.113551
2.106572
2.098938
2.094168
2.101676
2.102906
2.097497
2.102991
2.101682
2.109199
2.108343
2.125382
2.107452
2.100044
2.117150
2.114394
2.107055
2.106426
2.105314
2.093648
2.095481
2.094753
2.099056
2.109047
2.104916
2.099153
2.113335
2.115508
2.093977
2.106288
2.108726
2.117194
2.105165
2.104921
2.105882
2.106839
2.120157
2.111883
2.108490
2.104646
2.106094
2.101981
2.100249
2.106284
2.094832
2.102171
2.099929
2.088382
2.087226
2.092133
2.102656
2.104312
2.104149
2.102493
2.091358
2.087332
2.095890
2.109527
2.109459
2.105548
2.102701
2.103912
2.110702
2.089513
2.092070
2.096908
2.092728
2.105658
2.105648
2.102130
2.099706
2.091351
2.093899
2.096620
2.098775
2.102673
2.097940
2.098044
2.101197
2.105669
2.098898
2.101934
2.104747
2.099067
2.094615
2.100850
2.090629
2.109695
2.099567
2.103791
2.103439
2.097818
2.105384
2.099448
2.098528
2.101902
2.106867
2.098881
2.113370
2.099243
2.090598
2.093718
2.103481
2.095546
2.107159
2.102797
2.094306
2.092349
2.100353
2.097640
2.095676
2.092820
2.105502
2.099450
2.107092
2.101770
2.095892
2.097423
2.105042
2.088806
2.102266
2.106365
2.106323
2.107497
2.101862
2.101929
2.094857
2.108297
2.101924
2.094777
2.109055
2.104427
2.094524
2.086429
2.090115
2.090889
2.086792
2.089042
2.087096
2.101282
2.095082
2.083862
2.081002
2.079944
2.087099
2.086100
2.089888
2.093234
2.088887
2.091853
2.091499
2.094209
2.090685
2.089745
2.095718
2.084225
2.094072
2.083853
2.084252
2.086493
2.087068
2.097122
2.095293
2.088155
2.103235
2.088691
2.096502
2.091594
2.098355
2.099827
2.089561
2.095715
2.098253
2.098225
2.094616
2.090131
2.089439
2.099191
2.093018
2.090911
2.094869
2.084350
2.093231
2.092595
2.094937
2.096398
2.089228
2.092860
2.087274
2.093070
2.084081
2.084922
2.085300
2.093701
2.107446
2.089616
2.106866
2.096300
2.096029
2.088878
2.082218
2.100035
2.091676
2.100655
2.091101
2.094960
2.085841
2.081003
2.084090
2.094296
2.091003
2.092191
2.093634
2.090282
2.089246
2.085652
2.079247
2.083592
2.079150
2.084114
2.089425
2.089112
2.082852
2.087841
2.081300
2.084417
2.096570
2.084417
2.082672
2.087386
2.086154
2.084015
2.096717
2.088040
2.083533
2.079908
2.086697
2.093625
2.086595
2.092152
2.088692
2.094570
2.085308
2.080603
2.091509
2.084330
2.105818
2.121641
2.119666
2.107922
2.094805
2.093364
2.101587
2.100540
2.088562
2.104293
2.096565
2.095484
2.093294
2.095517
2.087275
2.084373
2.100040
2.080175
2.086348
2.086696
2.089657
2.085275
2.085599
2.086813
2.092560
2.091263
2.086075
2.087549
2.088666
2.089029
2.076631
2.081651
2.078718
2.087637
2.083056
2.100890
2.094297
2.098376
2.098529
2.096168
2.105810
2.101945
2.099073
2.093328
2.088314
2.088204
2.082452
2.090797
2.085341
2.085548
2.086428
