2.290993
2.290900
2.284322
2.293455
2.302348
2.314468
2.309021
2.299733
2.316396
2.248975
2.275641
2.280725
2.293591
2.298223
2.299632
2.300470
2.295557
2.293297
2.286553
2.281214
2.282094
2.287355
2.285682
2.284031
2.292025
2.288163
2.291463
2.295758
2.291280
2.293757
2.294785
2.294632
2.294380
2.296954
2.296935
2.295845
2.297074
2.295112
2.297233
2.295756
2.297372
2.298562
2.297941
2.296433
2.295819
2.297556
2.294899
2.294853
2.297256
2.294670
2.295685
2.295758
2.293309
2.295876
2.295402
2.292571
2.294530
2.292881
2.294758
2.294626
2.293629
2.291142
2.293209
2.290098
2.287511
2.256966
2.244448
2.276135
2.261372
2.300748
2.252026
2.268362
2.258709
2.253239
2.254619
2.246638
2.268297
2.243480
2.252127
2.252761
2.228783
2.277763
2.259134
2.267518
2.245054
2.242156
2.246171
2.248118
2.243136
2.254426
2.241508
2.200263
2.222411
2.193204
2.243126
2.222738
2.259655
2.237868
2.283470
2.219952
2.213257
2.223838
2.268286
2.197490
2.214269
2.245664
2.231457
2.189341
2.186680
2.251038
2.206065
2.263740
2.214610
2.253779
2.236316
2.204714
2.248165
2.227950
2.220188
2.199404
2.216074
2.220237
2.195803
2.219831
2.225402
2.237263
2.194597
2.217883
2.207016
2.218045
2.185706
2.207574
2.191003
2.226787
2.274132
2.205484
2.217889
2.240666
2.219604
2.179861
2.204781
2.197608
2.230264
2.186726
2.236635
2.186458
2.197598
2.180995
2.197654
2.210046
2.182989
2.187044
2.206194
2.185737
2.193026
2.175060
2.201311
2.192634
2.183590
2.186980
2.207016
2.228743
2.197155
2.188190
2.180661
2.212093
2.195675
2.184428
2.194988
2.189348
2.192555
2.180345
2.193528
2.191276
2.209100
2.224091
2.185046
2.196386
2.220169
2.209336
2.203795
2.203115
2.196958
2.209025
2.227921
2.202374
2.248525
2.227902
2.232676
2.167760
2.207067
2.193955
2.189379
2.186264
2.229844
2.172509
2.189847
2.182669
2.205405
2.210554
2.196025
2.214761
2.208430
2.197026
2.222240
2.191674
2.221776
2.222795
2.188997
2.214615
2.205400
2.185021
2.218390
2.187771
2.183966
2.209942
2.202527
2.223373
2.168779
2.223569
2.193030
2.198145
2.208452
2.216089
2.185588
2.207784
2.206444
2.169998
2.201700
2.188576
2.182659
2.214026
2.181933
2.183139
2.201299
2.195813
2.207543
2.202667
2.216328
2.206893
2.213581
2.199431
2.202050
2.203481
2.197535
2.186768
2.195251
2.199952
2.180601
2.180483
2.180151
2.193462
2.202095
2.196427
2.180149
2.176602
2.175683
2.186480
2.176959
2.174849
2.166339
2.180695
2.179718
2.175180
2.183131
2.172816
2.171126
2.170934
2.166140
2.165948
2.183370
2.167499
2.191242
2.165671
2.161107
2.169864
2.175683
2.201342
2.176905
2.184477
2.169716
2.131653
2.125702
2.139199
2.112662
2.154914
2.127164
2.129171
2.142274
2.174155
2.145400
2.133918
2.142676
2.129443
2.120616
2.116373
2.135187
2.132966
2.113804
2.110533
2.125084
2.117138
2.128124
2.130542
2.119144
2.123063
2.127934
2.120191
2.113196
2.122330
2.123390
2.131891
2.106167
2.121181
2.114668
2.118609
2.112143
2.111759
2.121258
2.106493
2.113462
2.114552
2.107580
2.108541
2.113302
2.100113
2.112440
2.104035
2.100093
2.113123
2.104061
2.116326
2.105440
2.098393
2.116191
2.119083
2.135852
2.111860
2.121603
2.124416
2.109767
2.145218
2.137461
2.106563
2.118388
2.106508
2.122806
2.099670
2.101865
2.099536
2.102451
2.115361
2.096851
2.101793
2.113446
2.098229
2.104394
2.104797
2.117929
2.099122
2.101163
2.104815
2.112368
2.101855
2.102039
2.107790
2.101393
2.111171
2.105026
2.116305
2.094735
2.078399
2.063802
2.063899
2.099050
2.047843
2.074732
2.080887
2.051491
2.050027
2.062555
2.069494
2.092716
2.097259
2.081125
2.067575
2.074187
2.061005
2.053060
2.040879
2.056954
2.050276
2.051372
2.047129
2.064843
2.076700
2.055985
2.042623
2.046802
2.049351
2.049405
2.055062
2.091560
2.067291
2.071178
2.096737
2.056565
2.056750
2.075935
2.061257
2.067574
2.071512
2.073739
2.070396
2.060238
2.046835
2.083187
2.081172
2.032514
2.051187
2.069049
2.054099
2.054749
2.087325
2.054668
2.044601
2.086843
2.072199
2.037312
2.059927
2.048736
2.031191
2.057577
2.074296
2.055569
2.050700
2.046152
2.048380
2.047703
2.057024
2.040975
2.077806
2.054618
2.046004
2.071105
2.048507
2.046402
2.044523
2.035235
2.042731
2.038338
2.049024
2.044866
2.047164
2.060938
2.082724
2.031863
2.059428
2.047351
2.052949
2.041819
2.035836
2.026164
2.047220
2.028551
2.032956
2.035604
2.053979
2.028736
2.037294
2.038909
2.012878
2.013842
1.990698
2.009153
1.991161
1.982993
1.963717
1.997847
2.000767
1.982859
1.994553
2.005419
1.990719
1.978091
1.988137
1.977067
1.976324
1.997753
1.981086
1.988408
2.004711
1.985848
1.975065
1.975074
1.998523
1.969942
1.986607
1.970147
1.991100
