2.303669
2.289951
2.269371
2.270295
2.254264
2.229748
2.210250
2.149164
2.133951
2.057998
2.068938
1.932684
1.969384
1.943692
1.846002
1.868889
1.840175
1.817957
1.814106
1.764610
1.764981
1.770992
1.722639
1.703714
1.683370
1.721347
1.640879
1.738289
1.674236
1.676372
1.630742
1.618114
1.661386
1.624675
1.622257
1.651393
1.667965
1.666830
1.653114
1.648857
1.625592
1.677597
1.660379
1.630232
1.618196
1.636879
1.621968
1.595394
1.620223
1.639118
1.598102
1.647211
1.620861
1.618696
1.616386
1.579223
1.624673
1.659582
1.618389
1.628364
1.601438
1.596831
1.610052
1.595353
1.582643
1.633013
1.585708
1.589520
1.603717
1.546015
1.605155
1.623637
1.579510
1.616283
1.593144
1.630332
1.632298
1.608218
1.593933
1.584116
1.589047
1.568630
1.631521
1.581554
1.630894
1.619877
1.578860
1.564280
1.599617
1.633123
1.574063
1.570309
1.581415
1.590523
1.612051
1.564095
1.602524
1.573509
1.549400
1.513945
1.548909
1.545668
1.628957
1.570787
1.565652
1.614030
1.547066
1.593032
1.567265
1.585901
1.534263
1.546430
1.554967
1.539105
1.565661
1.558396
1.532418
1.616693
1.538892
1.554491
1.567999
1.581004
1.530769
1.547285
1.570222
1.577104
1.555366
1.539917
1.544691
1.581177
1.544676
1.534874
1.577717
1.520932
1.550541
1.508745
1.545088
1.568959
1.527788
1.525174
1.596874
1.556178
1.546567
1.549850
1.597926
1.591926
1.552063
1.546278
1.547330
1.555926
1.570824
1.554630
1.513337
1.517329
1.526131
1.558388
1.524002
1.558525
1.543001
1.552228
1.539903
1.558454
1.544853
1.548799
1.525794
1.574241
1.558832
1.509442
1.599132
1.596208
1.535686
1.519140
1.530349
1.567685
1.535088
1.580939
1.542511
1.535384
1.541179
1.532637
1.629228
1.534714
1.531382
1.549011
1.560809
1.561045
1.548037
1.544655
1.541565
1.587740
1.541245
1.556842
1.553667
1.532509
1.520461
1.521924
1.526309
1.574879
1.565222
1.551239
1.556858
1.532140
1.545304
1.557987
1.533907
1.542960
1.528850
1.574520
1.537041
1.525928
1.540415
1.547825
1.550189
1.559992
1.513013
1.601264
1.527460
1.536373
1.492995
1.548454
1.544212
1.516596
1.569204
1.550619
1.549970
1.557040
1.546869
1.507534
1.565520
1.529739
1.504385
1.535588
1.534242
1.509712
1.566946
1.525134
1.546816
1.550030
1.547482
1.528082
1.547442
1.556785
1.520054
1.536911
1.563980
1.513777
1.557572
1.560970
1.565587
1.532675
1.576483
1.552294
1.546657
1.536177
1.513171
1.543736
1.547454
1.519521
1.514731
1.551003
1.549719
1.535420
1.555700
1.526293
1.513602
1.558054
1.522287
1.515095
1.527745
1.576702
1.522767
1.538891
1.541250
1.537319
1.536287
1.571883
1.533849
1.560205
1.533976
1.504424
1.546668
1.533350
1.550728
1.579582
1.537214
1.541649
1.509806
1.527516
1.518973
1.539688
1.553188
1.533963
1.524057
1.522668
1.529116
1.541947
1.570167
1.524028
1.520332
1.534295
1.559257
1.566402
1.518782
1.539689
1.553610
1.558103
1.548639
1.521955
1.537329
1.516715
1.531638
1.528263
1.509960
1.541958
1.528196
1.515275
1.582221
1.527699
1.547439
1.538711
1.568000
1.561242
1.536269
1.528730
1.510342
1.513346
1.502366
1.534376
1.553420
1.560267
1.522474
1.536941
1.509170
1.550674
1.538142
1.520833
1.539070
1.528870
1.547201
1.540663
1.528887
1.516985
1.497139
1.524397
1.505767
1.536205
1.500482
1.548079
1.550774
1.536430
1.484509
1.527269
1.525489
1.543182
1.532254
1.558903
1.527643
1.551020
1.547074
1.527129
1.535935
1.523425
1.538923
1.559535
1.563063
1.551826
1.550027
1.542799
1.511001
1.548723
1.499082
1.558606
1.565607
1.499927
1.511528
1.533171
1.548695
1.511768
1.556761
1.574165
1.524970
1.507141
1.525972
1.493454
1.553529
1.540346
1.518294
1.554774
1.515475
1.536002
1.531900
1.548656
1.567474
1.501532
1.512315
1.520564
1.536668
1.536359
1.512696
1.564348
1.555683
1.562683
1.515087
1.563870
1.579787
1.541747
1.554688
1.526937
1.535229
1.514671
1.487284
1.539732
1.508319
1.489876
1.528719
1.526628
1.543237
1.578662
1.514736
1.534582
1.497378
1.528810
1.497053
1.550774
1.531441
1.536710
1.519885
1.506227
1.534080
1.530428
1.544745
1.535201
1.502684
1.562462
1.571620
1.532785
1.506132
1.562989
1.534853
1.514152
1.535200
1.614224
1.482811
1.575365
1.517754
1.527629
1.521761
1.515165
1.523100
1.534881
1.525811
1.547826
1.524351
1.510283
1.535543
1.547470
1.518061
1.554136
1.547957
1.503699
1.537951
1.538939
1.515591
1.508790
1.483993
1.535226
1.548426
1.495487
1.531058
1.495802
1.553080
1.526200
1.564703
1.545721
1.541139
1.520899
1.541827
1.526088
1.531295
1.541245
1.525033
1.536370
1.532954
1.499865
1.574739
1.506545
1.514161
1.541871
1.542740
1.525319
1.559343
1.520231
1.544830
1.537923
1.548702
1.507836
1.537938
1.537575
1.529204
1.526998
