2.307544
2.302743
2.279915
2.271283
2.253002
2.216427
2.232000
2.147957
2.063452
2.022224
1.984365
1.835084
1.807282
1.777686
1.753373
1.699671
1.695145
1.678619
1.668779
1.659252
1.645964
1.617345
1.616663
1.642946
1.621037
1.614656
1.593435
1.598203
1.630836
1.580247
1.564437
1.594059
1.562080
1.588637
1.582004
1.587393
1.572670
1.585867
1.565487
1.584110
1.539803
1.563031
1.588884
1.559673
1.540997
1.550811
1.525683
1.526743
1.540549
1.535337
1.535756
1.535275
1.545718
1.546397
1.545345
1.533010
1.520379
1.514390
1.543214
1.541860
1.523639
1.491492
1.530766
1.520594
1.542987
1.563209
1.535638
1.545098
1.523643
1.532344
1.544578
1.534125
1.532964
1.519119
1.541328
1.519430
1.519510
1.525470
1.518542
1.512180
1.525124
1.530035
1.498473
1.514550
1.504014
1.525516
1.521311
1.524801
1.501278
1.536896
1.508713
1.502527
1.516173
1.528131
1.510001
1.498894
1.526618
1.495030
1.547724
1.527747
1.508308
1.507671
1.508807
1.498742
1.494732
1.522202
1.504042
1.507175
1.504017
1.505752
1.493714
1.504082
1.536492
1.482557
1.490874
1.510608
1.501237
1.493032
1.507113
1.532442
1.484801
1.486334
1.528558
1.494131
1.479003
1.497470
1.496964
1.496649
1.504572
1.500817
1.512895
1.480280
1.517919
1.503341
1.506646
1.508416
1.515164
1.499362
1.503188
1.503515
1.491128
1.493003
1.518201
1.493457
1.524158
1.505501
1.510150
1.491149
1.500605
1.517400
1.496449
1.518802
1.489000
1.484637
1.509885
1.503484
1.497908
1.518751
1.494950
1.507501
1.486122
1.503965
1.493600
1.496183
1.494943
1.492498
1.486619
1.507867
1.495504
1.507378
1.498464
1.507171
1.481340
1.491953
1.488942
1.485064
1.498052
1.480994
1.478332
1.488941
1.497150
1.501518
1.501039
1.482499
1.494129
1.498579
1.493769
1.500572
1.509591
1.515875
1.481099
1.498378
1.475256
1.516421
1.508581
1.496908
1.494801
1.478422
1.488960
1.507061
1.487608
1.479219
1.503641
1.491835
1.499954
1.480873
1.489503
1.490426
1.473465
1.491575
1.500461
1.483788
1.489745
1.490198
1.496328
1.490512
1.516139
1.479192
1.488190
1.479735
1.499667
1.489114
1.495504
1.494247
1.468746
1.477428
1.488222
1.486463
1.497280
1.498541
1.481071
1.512192
1.477175
1.476161
1.490892
1.466853
1.493640
1.483621
1.486260
1.490227
1.483412
1.488571
1.484297
1.487247
1.482664
1.485315
1.480029
1.484451
1.486804
1.484213
1.495336
1.478336
1.480331
1.471730
1.494739
1.507148
1.490596
1.475380
1.487950
1.492874
1.496764
1.486607
1.493446
1.484875
1.500204
1.502637
1.501711
1.498657
1.477993
1.485203
1.484583
1.485518
1.482492
1.477335
1.493342
1.478390
1.485841
1.474739
1.483073
1.490767
1.481298
1.474558
1.495619
1.472622
1.477941
1.496583
1.483664
1.478869
1.483741
1.474483
1.489641
1.481754
1.479473
1.472625
1.498538
1.479802
1.490311
1.477621
1.504611
1.480569
1.503126
1.488005
1.487579
1.491453
1.500395
1.481932
1.495186
1.483468
1.476602
1.478601
1.480171
1.490904
1.470929
1.482605
1.489671
1.487361
1.491508
1.490131
1.484812
1.470002
1.476298
1.486439
1.486696
1.486138
1.497229
1.473268
1.480187
1.472788
1.481218
1.475804
1.471525
1.478803
1.470879
1.487406
1.486019
1.489541
1.479660
1.484504
1.500360
1.478268
1.491697
1.487884
1.502822
1.471319
1.482932
1.480468
1.480692
1.483372
1.474065
1.477582
1.475923
1.479774
1.486012
1.477229
1.471657
1.484993
1.485948
1.485983
1.469409
1.478832
1.485272
1.492751
1.491780
1.486566
1.485156
1.493295
1.472730
1.470672
1.489823
1.491414
1.474676
1.475333
1.483750
1.493181
1.501721
1.471060
1.480869
1.468034
1.481292
1.498733
1.476407
1.481622
1.485372
1.470367
1.472932
1.482792
1.477929
1.491585
1.482771
1.478544
1.481084
1.468580
1.492970
1.467251
1.472138
1.469781
1.472417
1.492977
1.472319
1.483973
1.484527
1.492800
1.488500
1.470814
1.495217
1.484058
1.472514
1.486665
1.469289
1.483481
1.489735
1.492411
1.480698
1.475044
1.476682
1.474537
1.485313
1.504396
1.479191
1.474407
1.479502
1.485121
1.480303
1.489827
1.470588
1.477576
1.480114
1.480329
1.476351
1.492609
1.470300
1.493427
1.475972
1.472431
1.480480
1.499875
1.485028
1.502356
1.488744
1.480832
1.475580
1.471248
1.478262
1.473522
1.472251
1.479323
1.475939
1.466113
1.474866
1.475421
1.472055
1.468433
1.474890
1.475047
1.507060
1.466945
1.475876
1.466488
1.469600
1.472513
1.475140
1.466234
1.473804
1.481881
1.482703
1.471201
1.504317
1.488849
1.476830
1.481103
1.475829
1.468308
1.502496
1.493595
1.466462
1.475746
1.487661
1.478504
1.495070
1.496456
1.478753
1.477428
1.479254
1.488910
1.469398
1.470007
1.472468
1.469242
1.482992
1.469924
1.468809
1.472526
1.482187
1.477591
1.472850
1.466109
1.486143
1.487122
1.478507
1.469579
