2.302541
2.305282
2.303373
2.302637
2.299567
2.296476
2.290253
2.288392
2.279443
2.260613
2.258451
2.247231
2.254522
2.249226
2.245610
2.232039
2.250902
2.231159
2.205685
2.212131
2.219753
2.192477
2.171653
2.146566
2.068696
2.035422
2.032324
2.017657
2.004404
1.985052
1.963096
2.176364
2.228121
2.190141
2.086296
1.908221
1.778587
1.769797
1.729113
1.732513
1.786341
1.735291
1.745365
1.756398
1.817536
1.817906
1.807051
1.792457
1.829422
1.732199
1.732279
1.762740
1.696314
1.700904
1.670856
1.673929
1.634233
1.675664
1.763603
1.702381
1.753926
1.765731
1.731852
1.728395
1.727376
1.717352
1.691140
1.659361
1.666774
1.655852
1.674454
1.661006
1.624766
1.628182
1.657610
1.613698
1.655465
1.641091
1.637116
1.638977
1.660951
1.688525
1.693313
1.671058
1.665400
1.688375
1.621100
1.634230
1.624411
1.620887
1.651516
1.580771
1.595545
1.614397
1.593097
1.625433
1.602229
1.623904
1.617755
1.603878
1.657823
1.614218
1.618972
1.610030
1.634023
1.610005
1.613375
1.609209
1.599462
1.631170
1.581787
1.604136
1.602850
1.578976
1.606727
1.626380
1.579610
1.605031
1.582500
1.631038
1.583393
1.623092
1.581407
1.591294
1.587103
1.624498
1.601759
1.570537
1.607335
1.584500
1.581101
1.583683
1.580233
1.585563
1.580614
1.580196
1.585258
1.561316
1.605102
1.613325
1.586741
1.587797
1.596907
1.595793
1.577837
1.588225
1.580103
1.570839
1.573376
1.587581
1.588492
1.562559
1.581183
1.576501
1.583976
1.593000
1.572178
1.611455
1.586829
1.577542
1.609588
1.573834
1.566309
1.539921
1.581383
1.567448
1.543830
1.611539
1.599737
1.567033
1.566592
1.541959
1.569456
1.583052
1.568151
1.549533
1.552782
1.536152
1.573165
1.606197
1.581503
1.582835
1.541526
1.555839
1.551101
1.553147
1.542197
1.578763
1.558071
1.578685
1.574538
1.564224
1.600062
1.579378
1.540814
1.589640
1.552069
1.540674
1.580786
1.560878
1.535435
1.565847
1.533157
1.524682
1.566702
1.585660
1.542594
1.568774
1.567352
1.554210
1.541913
1.562631
1.540910
1.621532
1.564748
1.575008
1.577076
1.578810
1.546842
1.563465
1.547644
1.533537
1.569057
1.545047
1.534696
1.540007
1.541659
1.533033
1.538669
1.564389
1.570234
1.574141
1.527342
1.540391
1.563895
1.549268
1.555689
1.578068
1.541446
1.571090
1.568151
1.535040
1.559715
1.558070
1.577202
1.554742
1.557117
1.554313
1.560654
1.537251
1.547215
1.562375
1.515602
1.559884
1.544623
1.556657
1.539083
1.575291
1.539104
1.548507
1.543640
1.534305
1.533054
1.539831
1.549348
1.564758
1.522364
1.572160
1.542632
1.541211
1.572655
1.532224
1.549621
1.544497
1.551700
1.539694
1.530125
1.561395
1.551918
1.553330
1.567219
1.538318
1.576578
1.585576
1.520946
1.532188
1.558976
1.572455
1.549542
1.524766
1.555318
1.536102
1.541928
1.525068
1.545786
1.515182
1.537183
1.544060
1.513811
1.523420
1.528952
1.547029
1.522421
1.527023
1.561887
1.539205
1.516157
1.546348
1.564740
1.543686
1.556073
1.545286
1.529871
1.578123
1.517508
1.540532
1.536502
1.532317
1.550996
1.512729
1.538929
1.531831
1.500901
1.529670
1.506814
1.523193
1.575670
1.516822
1.535790
1.550041
1.551205
1.525474
1.569422
1.525206
1.527708
1.520844
1.524379
1.562234
1.556642
1.532701
1.524362
1.502989
1.536569
1.549626
1.553950
1.500072
1.567563
1.543868
1.526366
1.522148
1.517762
1.531295
1.515302
1.527900
1.503331
1.529698
1.533500
1.550041
1.543038
1.509253
1.536657
1.558597
1.509136
1.518718
1.534183
1.521386
1.524902
1.513136
1.520422
1.531484
1.530390
1.519946
1.528432
1.533451
1.534543
1.524402
1.538200
1.559534
1.553341
1.527605
1.557680
1.513061
1.501664
1.528011
1.502274
1.508542
1.535471
1.551393
1.502464
1.530867
1.529735
1.517437
1.534854
1.544823
1.509735
1.514794
1.548484
1.511818
1.548549
1.527767
1.509846
1.543060
1.534849
1.509232
1.555584
1.539494
1.511077
1.528945
1.543637
1.524050
1.516397
1.523547
1.513972
1.502765
1.558555
1.523940
1.502545
1.498185
1.533473
1.543688
1.500656
1.513680
1.527534
1.513155
1.524725
1.500820
1.517472
1.519880
1.509575
1.527999
1.539769
1.526873
1.532038
1.505210
1.531986
1.526602
1.498879
1.554650
1.537476
1.522226
1.518352
1.502297
1.513594
1.513052
1.539510
1.529851
1.523180
1.500356
1.504997
1.517726
1.529890
1.512624
1.533269
1.502390
1.556128
1.518865
1.494624
1.496223
1.525350
1.529388
1.520274
1.518492
1.501764
1.548319
1.515922
1.527242
1.517480
1.515068
1.521925
1.521986
1.518809
1.514967
1.525016
1.528464
1.501747
1.501099
1.531287
1.524316
1.508860
1.524185
1.518455
1.522899
1.513939
1.515734
1.507429
1.504402
1.526442
1.517487
1.515887
1.540756
1.505995
1.522440
1.491416
1.516981
1.501292
1.522192
1.506976
1.524253
1.507167
1.508186
