1.500000
1.500000
1.500000
1.496875
1.363021
0.911458
0.610625
0.482813
0.559375
0.615938
0.541667
0.506667
0.511458
0.446510
0.465469
0.812500
0.998802
0.653125
0.511250
0.709271
0.519375
0.746458
0.939844
0.831071
0.676250
0.459375
0.421042
0.470833
0.537656
0.565677
0.668281
0.706875
0.593958
0.565885
0.476927
0.378229
0.422083
0.498698
0.568542
0.584167
0.607552
0.565573
0.509010
0.466250
0.410417
0.448229
0.462656
0.454048
0.530938
0.546250
0.557552
0.505677
0.487292
0.467344
0.450313
0.483229
0.565417
0.518333
0.484479
0.482031
0.490469
0.461667
0.488854
0.545990
0.551823
0.473021
0.468385
0.447969
0.478281
0.490365
0.483385
0.486667
0.467240
0.479063
0.490573
0.432500
0.465677
0.465313
0.489531
0.514583
0.406823
0.410729
0.420990
0.436406
0.411563
0.437083
0.446094
0.472083
0.395573
0.398750
0.413229
0.538802
0.426406
0.391979
0.397865
0.392500
0.370573
0.405521
0.382917
0.382396
0.372969
0.396615
0.367813
0.373854
0.356406
0.345156
0.359375
0.385365
0.385000
0.371354
0.369375
0.356354
0.394583
0.354844
0.346927
0.365365
0.375938
0.453802
0.333490
0.332143
0.330417
0.345833
0.378594
0.337760
0.353229
0.297969
0.336771
0.343646
0.326667
0.358542
0.396667
0.316875
0.312188
0.388073
0.938229
0.903438
0.705104
1.099688
1.137604
1.308698
1.279115
1.275677
1.388177
1.382143
1.387396
1.405729
1.406354
1.378021
1.116719
0.847552
0.719688
0.791406
1.073958
1.380469
1.406146
1.386615
1.447188
1.555677
1.238802
0.829896
0.666510
0.715937
0.802708
0.923281
1.055729
1.188177
1.148854
0.989762
0.845729
0.745208
0.661406
0.970365
1.400990
1.354010
1.304636
1.201823
0.921771
0.934896
1.014688
1.050313
0.996146
0.792031
0.683490
0.735625
0.904583
1.087136
0.988385
0.862135
0.681302
0.614792
0.564427
0.899643
0.885261
0.875521
0.808646
0.748438
0.706927
0.698229
0.677240
0.669115
0.634688
0.699792
0.738594
0.726823
0.725990
0.640625
0.644844
0.662813
0.644740
0.600208
0.628125
0.650208
0.606302
0.645625
0.740573
0.870952
0.657083
0.559792
0.593490
0.726146
0.700677
0.610521
0.647240
0.648802
0.688021
0.645365
0.655625
0.546979
0.491667
0.539531
0.476354
0.515990
0.566823
0.544740
0.550781
0.539531
0.575312
0.530781
0.487708
0.431548
0.469271
0.508750
0.452917
0.485677
0.533438
0.511510
0.502552
0.494688
0.426458
0.338646
0.318594
0.312552
0.320781
0.297135
0.330417
0.457500
0.614740
0.723281
0.716979
0.732083
0.657135
0.630521
0.578542
0.563333
0.543177
0.491094
0.469479
0.447552
0.455573
0.451615
0.487083
0.531875
0.553542
0.553594
0.520000
0.506719
0.495469
0.474531
0.442708
0.412031
0.416667
0.424583
0.448438
0.458177
0.469948
0.473438
0.482344
0.503690
0.480833
0.451615
0.398854
0.390677
0.380365
0.385365
0.391354
0.426354
0.435052
0.429323
0.450208
0.443021
0.432760
0.431094
0.416458
0.406406
0.363073
0.338594
0.309948
0.323281
0.368698
0.395833
0.425104
0.430952
0.421615
0.409271
0.334635
0.334010
0.309896
0.322083
0.346042
0.385156
0.383125
0.385625
0.378177
0.353438
0.297708
0.291250
0.276094
0.327813
0.325938
0.336979
0.265677
0.289271
0.273229
0.284635
0.264948
0.245238
0.280938
0.280417
0.292188
0.265260
0.274688
0.281823
0.275937
0.244531
0.250885
0.225781
0.230156
0.254635
0.266250
0.249896
0.241875
0.227031
0.214948
0.231823
0.222083
0.251406
0.258854
0.247083
0.239271
0.218333
0.203698
0.221458
0.224167
0.238177
0.246563
0.241042
0.218646
0.229063
0.204219
0.200625
0.218021
0.204844
0.220052
0.229896
0.217240
0.199323
0.196302
0.219375
0.233750
0.249635
0.243958
0.248125
0.243177
0.203333
0.220104
0.189792
0.170260
0.155781
0.185729
0.181615
0.218073
0.168125
0.168698
0.195521
0.156563
0.177083
0.151875
0.174583
0.178177
0.158542
0.206823
0.154479
0.149271
0.143021
0.155885
0.140208
0.145625
0.178571
0.180729
0.168490
0.157031
0.144583
0.140208
0.139010
0.132865
0.140521
0.159635
0.135625
0.180208
0.142344
0.173802
0.137292
0.134427
0.138073
0.151458
0.159271
0.174688
0.166823
0.143125
0.149948
0.180781
0.179881
0.141250
0.142604
0.149531
0.177292
0.152813
0.128854
0.148698
0.146458
0.136198
0.162708
0.138385
0.113646
0.137240
0.149427
0.147865
0.143490
0.161719
0.161927
0.133698
0.136563
0.121823
0.153177
0.115573
0.137857
0.135625
0.160000
0.139375
0.135990
0.148958
0.143177
0.124531
0.129688
0.140260
0.159479
0.164740
0.156146
0.145990
0.150000
0.149271
0.123750
0.142188
0.128698
0.107865
0.154583
0.136510
0.149219
0.145156
0.148690
0.151042
0.140990
0.171667
0.148177
0.153281
0.138854
0.150833
0.125833
0.155365
0.149635
0.139323
0.179792
0.155990
0.174115
0.174688
0.142760
0.131042
0.144271
0.150625
0.144115
