2.302799
2.296395
2.296162
2.279230
2.269614
2.271886
2.229453
2.236259
2.176140
2.157224
2.198472
2.144874
2.123228
2.069698
2.078316
2.025311
1.955998
1.958698
1.960446
1.932097
1.897045
1.779002
1.809732
1.789136
1.777029
1.787475
1.764949
1.735474
1.767023
1.695472
1.698088
1.701200
1.714456
1.686976
1.706952
1.627113
1.668482
1.675729
1.632790
1.658021
1.660017
1.612646
1.626613
1.637059
1.619428
1.636728
1.611206
1.635923
1.624462
1.593006
1.621818
1.615535
1.625553
1.562307
1.625970
1.631789
1.639512
1.600096
1.638571
1.605903
1.624860
1.606001
1.600128
1.610935
1.583292
1.584659
1.625103
1.596874
1.612687
1.621232
1.600373
1.662289
1.597391
1.608892
1.599454
1.646276
1.582388
1.612471
1.589870
1.618788
1.601857
1.585918
1.606357
1.552631
1.536047
1.597946
1.628423
1.587534
1.557689
1.568888
1.595535
1.611061
1.560976
1.536059
1.556830
1.638975
1.591532
1.585248
1.548218
1.574548
1.616803
1.625203
1.570410
1.585342
1.595156
1.561085
1.589990
1.593552
1.584377
1.601589
1.636172
1.579448
1.577591
1.591674
1.591375
1.566319
1.563912
1.582732
1.556442
1.585088
1.568528
1.594768
1.612308
1.556316
1.585150
1.574328
1.557546
1.569102
1.577701
1.552413
1.599109
1.564053
1.567698
1.611062
1.535922
1.564876
1.563687
1.609339
1.564095
1.570430
1.564288
1.590493
1.570028
1.604617
1.546844
1.619232
1.551929
1.610304
1.557159
1.568460
1.574202
1.632369
1.565890
1.599554
1.513356
1.562864
1.608009
1.603084
1.591886
1.576359
1.594984
1.571360
1.563908
1.566876
1.546512
1.529587
1.553585
1.562438
1.591468
1.571346
1.620148
1.582755
1.600709
1.546510
1.547884
1.577477
1.599837
1.541675
1.545391
1.527993
1.559813
1.577145
1.593685
1.537431
1.543949
1.565582
1.572880
1.541690
1.572076
1.545576
1.573523
1.603204
1.543715
1.564702
1.530737
1.559119
1.524405
1.568281
1.543121
1.573815
1.584356
1.541147
1.534328
1.554989
1.550711
1.568687
1.574248
1.553665
1.547366
1.564537
1.556754
1.602869
1.603637
1.578970
1.588163
1.541911
1.548431
1.554998
1.552583
1.548134
1.567774
1.567803
1.579441
1.623690
1.572632
1.559482
1.561583
1.572733
1.609036
1.542968
1.549245
1.536072
1.548286
1.569969
1.575540
1.581129
1.555425
1.581049
1.582289
1.532992
1.578623
1.579626
1.552062
1.605728
1.570743
1.561545
1.554947
1.535232
1.559704
1.571188
1.607613
1.556192
1.558255
1.576220
1.563349
1.512579
1.589795
1.526119
1.564239
1.541948
1.542744
1.576877
1.544037
1.513536
1.583636
1.617279
1.559853
1.515129
1.546358
1.556054
1.548079
1.564003
1.551388
1.559548
1.538473
1.533245
1.580784
1.576511
1.578598
1.542841
1.581560
1.566959
1.556655
1.527772
1.541304
1.579462
1.591547
1.551551
1.568561
1.532553
1.555336
1.593236
1.580544
1.601439
1.527925
1.562215
1.517966
1.549369
1.605069
1.568368
1.544795
1.545664
1.550030
1.620396
1.523911
1.565978
1.538264
1.553044
1.554557
1.539404
1.601151
1.556125
1.562168
1.511931
1.563614
1.603328
1.532848
1.564387
1.572467
1.537623
1.628031
1.530037
1.549424
1.554145
1.558905
1.551267
1.554276
1.545162
1.530900
1.551076
1.563502
1.581179
1.545480
1.563137
1.567081
1.576364
1.552240
1.553685
1.550948
1.546056
1.575203
1.581219
1.521804
1.582664
1.564463
1.525447
1.561006
1.576673
1.534225
1.622444
1.562012
1.570452
1.538391
1.564124
1.542326
1.585328
1.583571
1.558195
1.581492
1.573069
1.565001
1.586095
1.529473
1.547804
1.569483
1.553216
1.536357
1.525392
1.565425
1.557411
1.546506
1.559602
1.535235
1.555395
1.549065
1.524977
1.529405
1.558579
1.561552
1.503093
1.541423
1.581726
1.556113
1.558707
1.566177
1.589394
1.575667
1.535576
1.520818
1.538612
1.555144
1.541765
1.567472
1.597453
1.564805
1.576495
1.555576
1.541141
1.556100
1.536349
1.556522
1.545928
1.523691
1.581637
1.525100
1.534901
1.546508
1.523230
1.526182
1.553052
1.539636
1.595906
1.566353
1.572897
1.525575
1.549320
1.557969
1.581086
1.541537
1.603582
1.522830
1.582401
1.629082
1.538662
1.534961
1.518933
1.578187
1.554692
1.559409
1.590063
1.557061
1.524935
1.559026
1.527932
1.544642
1.521483
1.559617
1.591896
1.545960
1.526223
1.526917
1.575634
1.543500
1.524828
1.543951
1.554686
1.543291
1.543586
1.577386
1.543211
1.532997
1.535529
1.575495
1.558717
1.558680
1.542924
1.543254
1.557093
1.513668
1.540653
1.560081
1.550225
1.586006
1.557770
1.523013
1.544372
1.527180
1.548587
1.556405
1.609248
1.558822
1.516469
1.532828
1.543448
1.516604
1.573529
1.585662
1.534503
1.563301
1.530253
1.551895
1.548269
1.543315
1.527041
1.576351
1.567912
1.536626
1.565752
1.554680
1.599283
1.538879
1.555084
1.564104
1.584983
1.553485
1.521705
1.569925
1.532435
1.534558
1.523009
