2.303348
2.305527
2.297174
2.298350
2.315529
2.331401
2.312102
2.369997
2.337655
2.318275
2.175663
2.119088
2.115904
2.119276
2.161134
2.121721
2.064609
1.983747
1.946784
1.943141
2.087661
2.126053
2.085837
2.045011
2.087965
1.983632
1.878302
1.827843
1.758577
1.734513
1.775162
1.870872
1.835090
1.763000
1.706805
1.721850
1.696078
1.778450
1.749790
1.758436
1.717774
1.719749
1.728491
1.699694
1.690582
1.684988
1.681552
1.700649
1.675074
1.679130
1.664531
1.662886
1.687032
1.667083
1.652016
1.639691
1.668977
1.650292
1.679326
1.665340
1.613984
1.598607
1.648365
1.615013
1.667796
1.644297
1.592501
1.625592
1.631746
1.608481
1.644695
1.590099
1.600564
1.631677
1.638712
1.619454
1.623993
1.687609
1.641171
1.592266
1.575486
1.613823
1.636850
1.676485
1.650773
1.599313
1.622638
1.620024
1.588972
1.610080
1.606270
1.634916
1.583973
1.583269
1.645581
1.655056
1.587155
1.595844
1.575332
1.584949
1.622897
1.703700
1.638789
1.595523
1.591803
1.583270
1.600492
1.638866
1.641762
1.630066
1.578691
1.596968
1.564733
1.603500
1.661585
1.638133
1.607111
1.603764
1.581960
1.595119
1.608382
1.610825
1.626563
1.589294
1.581205
1.577454
1.582579
1.590362
1.585079
1.572438
1.612650
1.613890
1.582551
1.609500
1.588839
1.575040
1.570413
1.573536
1.591653
1.610914
1.595627
1.577645
1.564879
1.598738
1.621963
1.588613
1.641770
1.615903
1.607582
1.574661
1.572122
1.574112
1.574089
1.591126
1.562390
1.581930
1.586929
1.565112
1.580959
1.604539
1.598781
1.577512
1.575597
1.580182
1.587869
1.594828
1.584294
1.578831
1.578972
1.588820
1.622980
1.592194
1.567562
1.573633
1.601477
1.634211
1.602341
1.584981
1.568337
1.574832
1.560389
1.601414
1.589270
1.612222
1.567761
1.585808
1.577807
1.597023
1.609031
1.582483
1.575969
1.565718
1.600241
1.586842
1.569700
1.593725
1.585551
1.610354
1.618830
1.606983
1.568064
1.570878
1.591794
1.616265
1.636477
1.629548
1.607274
1.552424
1.555749
1.598023
1.607767
1.608011
1.574067
1.582734
1.588684
1.535732
1.561643
1.547781
1.572342
1.600734
1.639498
1.607504
1.587402
1.586729
1.585950
1.587335
1.609987
1.600578
1.587211
1.590529
1.557927
1.553922
1.568383
1.585515
1.562367
1.556533
1.563684
1.553380
1.567052
1.564420
1.565922
1.561016
1.553893
1.574489
1.561839
1.541067
1.541350
1.555099
1.556754
1.594175
1.568687
1.572570
1.559430
1.581154
1.596634
1.599102
1.582730
1.571651
1.564017
1.561944
1.564182
1.562657
1.553774
1.578139
1.579038
1.579468
1.576292
1.550346
1.569304
1.556670
1.586251
1.555434
1.576707
1.560423
1.564551
1.538735
1.581855
1.563868
1.542089
1.561469
1.536168
1.540265
1.546313
1.560904
1.554491
1.555875
1.538658
1.537374
1.545337
1.554165
1.555518
1.559528
1.568117
1.554551
1.554168
1.555269
1.529665
1.531572
1.563110
1.569460
1.551292
1.557660
1.558034
1.543731
1.562215
1.556990
1.546550
1.550695
1.569565
1.523763
1.524241
1.530958
1.525758
1.540117
1.546965
1.549168
1.541246
1.544023
1.535881
1.546076
1.523650
1.545768
1.526175
1.551985
1.558439
1.537767
1.542307
1.546631
1.564459
1.577303
1.546636
1.538975
1.522061
1.552638
1.553844
1.538617
1.524819
1.537389
1.536131
1.558262
1.558920
1.526869
1.539878
1.532812
1.566413
1.538085
1.555863
1.547808
1.594344
1.555836
1.536832
1.536690
1.554823
1.586341
1.539093
1.535730
1.556938
1.578763
1.605346
1.580420
1.547443
1.550395
1.560832
1.570427
1.585506
1.564327
1.564913
1.550544
1.550608
1.561438
1.559106
1.579779
1.573698
1.559799
1.553279
1.547645
1.581235
1.563029
1.543510
1.543656
1.566048
1.576097
1.552609
1.556526
1.565117
1.568032
1.566518
1.571786
1.562252
1.567116
1.561184
1.548730
1.535552
1.556536
1.577240
1.570996
1.565247
1.571400
1.572255
1.592489
1.573872
1.586143
1.567956
1.607722
1.593668
1.576563
1.570471
1.577262
1.584802
1.580253
1.593825
1.604149
1.623243
1.598989
1.598445
1.586281
1.569102
1.578870
1.625102
1.601875
1.552668
1.562356
1.614219
1.640539
1.620770
1.599508
1.619161
1.607750
1.581722
1.580278
1.599889
1.590344
1.569876
1.545484
1.549878
1.569965
1.584405
1.573223
1.602952
1.608534
1.544038
1.551608
1.598537
1.550295
1.545517
1.565061
1.570555
1.543233
1.536466
1.530140
1.567586
1.537189
1.572019
1.542793
1.569457
1.522029
1.526748
1.530829
1.554034
1.512195
1.542273
1.511689
1.525114
1.536559
1.525635
1.538140
1.530107
1.533319
1.525834
1.497154
1.513121
1.505944
1.520701
1.524516
1.553556
1.546495
1.547536
1.551597
1.536341
1.568015
1.528601
1.533276
1.553826
1.581905
1.550411
1.577395
1.556233
1.536069
1.560899
1.570525
1.543341
1.543822
1.540888
1.547786
1.566239
1.547271
1.542685
1.546432
1.545622
1.564475
