2.311134
2.303798
2.302182
2.301945
2.301846
2.289461
2.287571
2.278794
2.280768
2.279655
2.268375
2.238972
2.256788
2.230633
2.212821
2.219441
2.122998
2.068496
2.083552
2.007916
1.914746
1.870974
1.931635
1.934533
1.850961
1.867558
1.972126
1.945944
1.947417
1.848859
1.845261
1.831254
1.770995
1.737134
1.696281
1.667097
1.761612
1.722732
1.726396
1.684358
1.714892
1.692847
1.678045
1.652273
1.654881
1.654891
1.599853
1.647006
1.634106
1.661428
1.634256
1.635086
1.613257
1.637724
1.673251
1.590260
1.576390
1.598191
1.591658
1.592294
1.596307
1.605393
1.603403
1.584159
1.579110
1.601854
1.622863
1.546709
1.591382
1.597512
1.567551
1.594740
1.591822
1.604563
1.594338
1.556304
1.557330
1.603673
1.574363
1.554700
1.558235
1.575151
1.595918
1.556095
1.574740
1.546548
1.563319
1.570565
1.555017
1.551161
1.564889
1.545475
1.537760
1.563821
1.557876
1.507614
1.557746
1.543398
1.542079
1.557655
1.576820
1.532356
1.559328
1.550919
1.535815
1.590354
1.517484
1.531788
1.543930
1.573848
1.546824
1.565921
1.538275
1.547034
1.539303
1.536877
1.549915
1.521656
1.538271
1.551560
1.517460
1.531061
1.527356
1.521011
1.546816
1.524739
1.535470
1.547033
1.526171
1.543841
1.518439
1.546130
1.526334
1.559062
1.577266
1.537317
1.544168
1.543095
1.539309
1.538590
1.527883
1.539373
1.532472
1.560958
1.524924
1.521699
1.533432
1.537836
1.549789
1.511870
1.541095
1.539871
1.518994
1.534569
1.524659
1.523543
1.502704
1.511657
1.553061
1.521601
1.552644
1.533102
1.525034
1.526687
1.531176
1.518215
1.500961
1.530470
1.519357
1.521239
1.519667
1.530928
1.524969
1.559777
1.500828
1.551981
1.534484
1.526351
1.508746
1.524211
1.508344
1.509819
1.502893
1.534087
1.516621
1.521104
1.511141
1.506715
1.521221
1.515858
1.499599
1.501685
1.519756
1.518788
1.529308
1.542089
1.514328
1.514182
1.535639
1.518736
1.521378
1.539904
1.504578
1.503571
1.497704
1.510020
1.506358
1.535501
1.515732
1.524039
1.510597
1.527538
1.498182
1.509477
1.508976
1.507371
1.520472
1.537482
1.507424
1.498619
1.523182
1.518669
1.513630
1.516790
1.520396
1.504372
1.493958
1.511729
1.504778
1.511390
1.525842
1.515879
1.532274
1.508059
1.510305
1.501891
1.513153
1.505130
1.491672
1.490661
1.511400
1.521484
1.540820
1.500224
1.503693
1.501038
1.496242
1.500603
1.511317
1.520685
1.515966
1.512578
1.511343
1.512404
1.515581
1.507669
1.496532
1.515597
1.501289
1.509778
1.505370
1.494719
1.509746
1.483844
1.496030
1.514647
1.512762
1.516517
1.497808
1.509805
1.507532
1.500863
1.506327
1.542256
1.515097
1.509254
1.500190
1.503560
1.497342
1.504675
1.502227
1.506664
1.502963
1.492760
1.496199
1.505482
1.506662
1.488956
1.516250
1.504454
1.494808
1.516960
1.492513
1.493629
1.503577
1.497106
1.496659
1.497032
1.489975
1.538268
1.489340
1.495634
1.513703
1.512459
1.502050
1.513004
1.488541
1.501826
1.525482
1.484949
1.498199
1.506114
1.519036
1.519108
1.507164
1.508431
1.501179
1.493873
1.482545
1.515434
1.517777
1.489012
1.511920
1.516321
1.501713
1.497144
1.494839
1.496664
1.501712
1.488806
1.487829
1.511658
1.492114
1.498370
1.501754
1.493460
1.500380
1.490025
1.494756
1.509203
1.500939
1.504351
1.487762
1.507705
1.496944
1.506686
1.503767
1.499391
1.497097
1.500160
1.506218
1.484036
1.517934
1.511955
1.494623
1.505191
1.500338
1.491734
1.494576
1.484307
1.503807
1.500738
1.508178
1.485748
1.490271
1.496542
1.491321
1.508084
1.492276
1.496953
1.502641
1.493469
1.507731
1.492495
1.497801
1.503796
1.488186
1.505271
1.488945
1.493754
1.490969
1.508827
1.505462
1.499436
1.496019
1.493827
1.506571
1.487088
1.495750
1.489602
1.508724
1.501412
1.492209
1.503522
1.487921
1.486763
1.492116
1.495760
1.512887
1.506718
1.492364
1.503860
1.489028
1.485086
1.496589
1.489994
1.502099
1.489699
1.479268
1.485182
1.480571
1.491824
1.501024
1.504683
1.486161
1.501040
1.506377
1.493196
1.502921
1.485865
1.489594
1.481395
1.501113
1.492711
1.502623
1.503784
1.512601
1.495161
1.491162
1.509973
1.483507
1.501843
1.490316
1.491601
1.490723
1.491807
1.490576
1.496502
1.505181
1.482473
1.485541
1.490490
1.495667
1.488021
1.488141
1.483739
1.492357
1.490924
1.490287
1.506252
1.499251
1.495210
1.496357
1.494184
1.511736
1.501001
1.486056
1.489753
1.485790
1.488219
1.496055
1.503491
1.491811
1.489604
1.486607
1.509723
1.490596
1.502219
1.486669
1.497795
1.488288
1.485983
1.502640
1.489807
1.501006
1.485508
1.482388
1.486672
1.483312
1.505473
1.483998
1.497758
1.489875
1.492766
1.498803
1.488031
1.490272
1.504272
1.501678
1.487218
1.504292
1.490752
1.485880
1.489923
1.487672
1.485644
1.476459
1.488888
1.484935
1.483191
