2.331561
2.331136
2.325341
2.313396
2.306706
2.281669
2.284286
2.269254
2.241797
2.288579
2.263143
2.302134
2.289450
2.307888
2.346079
2.306404
2.294046
2.233754
2.233428
2.366025
2.305944
2.528141
2.322865
2.508334
2.404118
2.494488
2.655051
2.406028
2.341059
2.173165
2.269096
2.240259
2.175000
2.390127
2.270176
2.381242
2.344214
2.107342
2.324487
2.129869
2.340126
2.347017
2.427473
2.419478
2.216989
2.135055
2.200785
2.129170
2.281964
2.187730
2.282135
2.137422
2.226439
2.152140
2.149275
1.980877
2.140062
2.200473
2.196795
2.089597
2.162821
2.094098
2.131849
2.017132
2.129598
1.978296
2.050686
1.970540
1.937304
1.903790
1.858245
1.995212
2.025427
2.045003
1.925246
1.867705
1.837075
1.845319
1.753739
2.065103
1.746602
1.854736
1.743009
1.738480
1.649480
1.817904
1.559582
1.739400
1.678966
1.698803
1.473040
1.683540
1.696590
1.634545
1.631680
1.617849
1.544138
1.685458
1.574650
1.516484
1.525831
1.665400
1.630229
1.531712
1.516414
1.401602
1.551116
1.401739
1.384426
1.478318
1.270632
1.471327
1.365774
1.183649
1.261454
1.302961
1.133683
1.392292
1.262610
1.337288
1.446335
1.310328
1.263723
1.423834
1.279451
1.234100
1.322008
1.285171
1.371339
1.187751
1.220936
1.090052
1.133198
1.226812
1.175581
1.233329
1.154900
1.224782
1.165721
1.003026
1.112308
1.108911
1.136925
1.081507
1.161667
1.044554
1.052037
1.061384
1.087552
1.004927
1.065993
0.998613
0.970268
0.950418
0.846463
0.794741
0.859412
0.855214
0.879083
0.979482
0.850010
1.192840
0.803120
0.934772
0.907614
0.861409
1.097275
0.812635
0.812379
0.767602
0.842965
0.771922
0.725774
0.842122
0.672418
0.900713
0.876993
0.725022
0.886697
0.830594
0.842071
0.822847
0.725204
0.849159
0.765088
0.701896
0.753426
0.651039
0.725538
0.959741
0.812878
0.769460
0.784889
0.719102
0.647155
0.791685
0.784069
0.580589
0.673696
0.664788
0.824022
0.759609
0.692456
0.859062
0.745416
0.635763
0.675715
0.678611
0.696310
0.730033
0.721688
0.648470
0.692540
0.530193
0.724636
0.612183
0.539409
0.623387
0.709227
0.531482
0.701213
0.640116
0.620138
0.630718
0.588768
0.767511
0.575712
0.584564
0.677927
0.679576
0.642401
0.571583
0.766979
0.804578
0.719454
0.614358
0.601811
0.664483
0.593357
0.653208
0.687878
0.688024
0.707725
0.511524
0.676577
0.586222
0.492716
0.666269
0.646718
0.778093
0.734705
0.655595
0.565428
0.778849
0.635640
0.716746
0.738160
0.822124
0.663868
0.717990
0.811377
0.626045
0.655178
0.739231
0.903291
0.692102
0.805955
0.719234
0.649316
0.662605
0.660312
0.638398
0.780083
0.662225
0.754962
0.573810
0.717715
0.600807
0.678559
0.612123
0.710560
0.592374
0.600622
0.635666
0.542086
0.664363
0.612765
0.711298
0.485262
0.651792
0.670663
0.682506
0.578874
0.687718
0.643156
0.679000
0.597118
0.626164
0.746502
0.507471
0.726517
0.543488
0.739800
0.560921
0.655873
0.722543
0.703484
0.684125
0.686887
0.619418
0.614289
0.567335
0.563911
0.443587
0.567942
0.501087
0.687897
0.561376
0.580181
0.450889
0.538118
0.474362
0.563190
0.621218
0.649991
0.596564
0.638218
0.440981
0.750374
0.729632
0.610933
0.552083
0.625124
0.562235
0.613407
0.338770
0.673602
0.496961
0.705730
0.607154
0.785695
0.577063
0.520548
0.674668
0.536892
0.645005
0.594303
0.590645
0.495314
0.612807
0.637826
0.582424
0.598331
0.523542
0.525296
0.527996
0.599045
0.442201
0.573110
0.579935
0.512205
0.737745
0.520751
0.594362
0.478611
0.485965
0.527330
0.528355
0.548651
0.418154
0.482233
0.640974
0.569741
0.594908
0.514674
0.615833
0.568574
0.499099
0.582945
0.816197
0.487288
0.627421
0.511078
0.493926
0.507162
0.651576
0.524302
0.606929
0.608371
0.548674
0.552789
0.537448
0.569516
0.560068
0.449836
0.601180
0.570855
0.436144
0.640102
0.540939
0.401739
0.546796
0.511867
0.517589
0.609250
0.434269
0.424785
0.643363
0.676373
0.532756
0.651224
0.399649
0.611648
0.544660
0.476191
0.507254
0.466559
0.492230
0.471433
0.437223
0.474634
0.480058
0.375267
0.554631
0.601205
0.533077
0.740569
0.388094
0.421130
0.515933
0.386849
0.402397
0.439370
0.594905
0.521128
0.448936
0.430468
0.539433
0.854254
0.516573
0.418008
0.471537
0.490990
0.475190
0.387350
0.395423
0.644815
0.561133
0.496750
0.516489
0.385988
0.524149
0.556146
0.535435
0.529661
0.689624
0.640739
0.462967
0.537134
0.341234
0.284388
0.449937
0.529029
0.474182
0.433300
0.412324
0.521848
0.412065
0.514962
0.569627
0.422404
0.672268
0.416306
0.296782
0.617744
0.585774
0.625445
0.416093
0.504469
0.605596
0.474797
0.487636
0.529305
0.390064
0.462694
0.375933
0.350832
0.478990
0.464131
0.496141
0.424107
0.406039
0.464954
0.558223
0.341714
0.492745
0.475017
0.474466
0.416805
0.566805
