2.303207
2.305851
2.298666
2.306188
2.304145
2.323831
2.320027
2.352193
2.303405
2.283782
2.238613
2.235269
2.255538
2.243255
2.217440
2.203272
2.193805
2.189281
2.165358
2.139006
2.119405
2.115258
2.109706
2.093859
2.098903
2.089016
2.082818
2.090099
2.093735
2.065886
2.063843
2.065241
2.096134
2.116453
2.101602
2.080647
2.071100
2.084576
2.024570
1.993244
1.997279
1.973938
1.928287
1.954620
1.917096
1.912878
1.879814
1.853585
1.881375
1.897035
1.880055
1.801996
1.764909
1.761623
1.760198
1.789719
1.809344
1.775518
1.794688
1.720575
1.707984
1.735289
1.703198
1.744588
1.726892
1.824934
1.722903
1.678627
1.697680
1.677390
1.674662
1.686108
1.685998
1.788683
1.763879
1.762367
1.683408
1.685924
1.670108
1.690435
1.651229
1.673742
1.667054
1.650500
1.645322
1.670505
1.643988
1.655275
1.665617
1.648245
1.663544
1.649121
1.624890
1.634342
1.673217
1.679129
1.643711
1.638914
1.643879
1.634354
1.648129
1.639412
1.630843
1.624306
1.621955
1.650105
1.649147
1.637449
1.628873
1.631495
1.628426
1.646541
1.649524
1.615464
1.624115
1.609749
1.630916
1.633157
1.626252
1.619679
1.617837
1.617574
1.616899
1.636237
1.651913
1.605385
1.614924
1.615707
1.626690
1.661407
1.633640
1.647476
1.607731
1.614302
1.626391
1.631681
1.610148
1.612722
1.626073
1.621477
1.600880
1.609426
1.606770
1.611555
1.595545
1.599897
1.606335
1.602137
1.604005
1.591361
1.594118
1.599224
1.587190
1.615277
1.603780
1.620779
1.609904
1.615248
1.580180
1.584597
1.593844
1.599611
1.608556
1.593254
1.592071
1.594882
1.592017
1.599108
1.608618
1.577388
1.587737
1.578917
1.589267
1.579148
1.590690
1.613251
1.596121
1.587247
1.598940
1.591489
1.589544
1.589145
1.612570
1.598330
1.616026
1.624806
1.614118
1.583058
1.572059
1.592765
1.583744
1.599771
1.585797
1.560497
1.584679
1.587167
1.573245
1.567985
1.567843
1.574267
1.559060
1.580883
1.567036
1.574562
1.585526
1.562986
1.577163
1.564813
1.567051
1.586392
1.571131
1.572036
1.580043
1.553254
1.563999
1.549383
1.547976
1.573692
1.558987
1.564053
1.565499
1.594860
1.566847
1.574619
1.593560
1.557989
1.550465
1.572491
1.558598
1.564722
1.561120
1.600474
1.581163
1.569699
1.578842
1.575239
1.571067
1.570279
1.585621
1.566104
1.568334
1.564695
1.570087
1.555898
1.562970
1.571085
1.580417
1.551340
1.587801
1.559826
1.563187
1.574161
1.544158
1.557693
1.576754
1.568706
1.556434
1.568945
1.567868
1.565957
1.555936
1.559974
1.557513
1.560967
1.560434
1.578351
1.557979
1.570439
1.576063
1.554830
1.554739
1.556179
1.535050
1.552620
1.563933
1.567687
1.560729
1.570948
1.579412
1.564829
1.565812
1.548923
1.552178
1.558457
1.545472
1.560542
1.567145
1.541225
1.571353
1.538139
1.563889
1.563565
1.573906
1.549712
1.561275
1.542978
1.552825
1.552333
1.559983
1.549114
1.568771
1.554207
1.563763
1.538883
1.579731
1.568767
1.557829
1.546948
1.542494
1.561202
1.538306
1.579558
1.558151
1.541687
1.540356
1.540711
1.570819
1.534117
1.566188
1.553542
1.566520
1.547807
1.529250
1.529451
1.540461
1.540652
1.552125
1.564974
1.534929
1.536560
1.528884
1.550309
1.555060
1.540409
1.550089
1.553801
1.551728
1.547534
1.541099
1.535996
1.558342
1.557728
1.545305
1.559329
1.546159
1.558562
1.548886
1.541184
1.561081
1.533438
1.553261
1.535305
1.561500
1.556418
1.563884
1.554771
1.542290
1.519624
1.547561
1.540691
1.547220
1.542151
1.515633
1.543907
1.540210
1.541270
1.538405
1.547961
1.521744
1.553058
1.512701
1.553435
1.535517
1.546215
1.529117
1.538240
1.554227
1.549506
1.527660
1.536879
1.522920
1.560534
1.525552
1.530640
1.536263
1.546292
1.540169
1.537941
1.538363
1.522199
1.523469
1.535070
1.539886
1.527225
1.521315
1.536231
1.525755
1.519647
1.535072
1.542156
1.526102
1.525321
1.516638
1.557405
1.551708
1.528518
1.559331
1.520662
1.523790
1.535715
1.542260
1.531280
1.570241
1.550642
1.564145
1.564054
1.609218
1.590373
1.591645
1.560277
1.556685
1.525360
1.554956
1.569888
1.579201
1.572164
1.560620
1.527754
1.540216
1.546070
1.563455
1.559088
1.550262
1.548453
1.543396
1.554165
1.542806
1.537580
1.540355
1.562955
1.548387
1.532557
1.538121
1.544084
1.537811
1.524983
1.540367
1.521928
1.524617
1.528165
1.520239
1.553344
1.536954
1.536547
1.525656
1.542034
1.519432
1.533658
1.541151
1.536663
1.542870
1.533472
1.533468
1.524930
1.535795
1.535146
1.528888
1.519871
1.559087
1.520599
1.550689
1.554164
1.553994
1.562535
1.534340
1.534367
1.524859
1.531005
1.541430
1.548013
1.549848
1.525842
1.539245
1.522466
1.530665
1.514056
1.537736
1.559014
1.550946
1.532762
1.540892
1.535969
1.555342
1.532549
1.550361
1.554921
1.546750
1.564560
1.554349
1.546103
