2.305483
2.301528
2.298974
2.288085
2.303452
2.304319
2.299917
2.306759
2.312778
2.301428
2.272641
2.236797
2.176073
2.143316
2.128598
2.132550
2.143378
2.169017
2.199614
2.231761
2.229524
2.306747
2.266387
2.212684
2.227296
2.318883
2.224856
2.135487
2.143773
2.388760
2.482687
2.433671
2.511193
2.346309
2.165367
2.020643
2.120903
2.378682
2.406072
2.372618
2.242578
2.336148
2.403846
2.432692
2.254700
2.235764
2.419382
2.529781
2.598489
2.584033
2.445914
2.431982
2.508624
2.505584
2.500068
2.506932
2.473633
2.472686
2.447211
2.386632
2.317219
2.354967
2.396898
2.369257
2.418168
2.290510
2.157096
2.190691
2.277131
2.248274
2.295983
2.376992
2.419704
2.440477
2.503354
2.552840
2.481606
2.516076
2.509091
2.573875
2.515383
2.530753
2.490871
2.448481
2.484903
2.495227
2.415957
2.373131
2.340408
2.285644
2.399703
2.396735
2.333079
2.361427
2.324368
2.337583
2.343093
2.372788
2.339170
2.319216
2.321672
2.338415
2.368617
2.374766
2.409386
2.380054
2.424485
2.388189
2.437789
2.387147
2.330206
2.391935
2.374040
2.404043
2.376028
2.350654
2.327419
2.353148
2.332409
2.252060
2.267084
2.277792
2.286811
2.315986
2.356869
2.379445
2.387673
2.384884
2.309943
2.395010
2.445722
2.388761
2.443387
2.351218
2.372608
2.384599
2.353814
2.366091
2.395061
2.370732
2.421195
2.399035
2.421139
2.365193
2.355649
2.291837
2.292547
2.336067
2.288162
2.251711
2.141966
2.195971
2.210072
2.217668
2.278013
2.346529
2.160417
2.148538
2.187312
2.263549
2.310800
2.322819
2.403662
2.365330
2.345683
2.358188
2.384689
2.368780
2.395809
2.398370
2.404133
2.355524
2.416158
2.412570
2.446748
2.408594
2.348969
2.393408
2.360577
2.390799
2.363316
2.374587
2.302688
2.336972
2.280464
2.272387
2.275915
2.154321
2.137954
2.176419
2.276564
2.273936
2.252967
2.234899
2.329963
2.352554
2.310505
2.351137
2.315458
2.332015
2.344722
2.298313
2.386827
2.370482
2.400849
2.412318
2.367845
2.380283
2.361580
2.402882
2.404557
2.378754
2.355830
2.391140
2.442554
2.412875
2.377037
2.412671
2.388736
2.436609
2.420155
2.368580
2.390533
2.377180
2.369606
2.351542
2.417646
2.342401
2.365542
2.371915
2.326041
2.328564
2.296537
2.395966
2.295048
2.321401
2.336703
2.322604
2.312862
2.277420
2.322417
2.320417
2.254572
2.265489
2.255356
2.252374
2.221480
2.164463
2.189427
2.244839
2.262726
2.090378
1.912279
1.862997
1.950494
2.108372
2.218443
2.289090
2.284137
2.238284
2.094264
2.003576
2.097260
2.201218
2.308750
2.393142
2.325420
2.341653
2.320446
2.160977
2.272254
2.299874
2.336771
2.363619
2.388720
2.351901
2.235425
2.335994
2.304060
2.326996
2.299697
2.300846
2.309789
2.245882
2.291138
2.267012
2.257437
2.330191
2.346935
2.297957
2.287909
2.270592
2.292843
2.299519
2.332556
2.323965
2.282740
2.284639
2.289937
2.307414
2.307141
2.321543
2.298748
2.339688
2.317641
2.276340
2.285178
2.248862
2.278968
2.276741
2.294391
2.356338
2.292473
2.310889
2.313243
2.327253
2.312569
2.317702
2.298357
2.298549
2.227091
2.323769
2.320048
2.321460
2.305662
2.252017
2.245180
2.335913
2.322824
2.342098
2.303559
2.345246
2.253400
2.334003
2.304287
2.302912
2.290097
2.349963
2.250612
2.283907
2.282858
2.370814
2.300229
2.324506
2.221842
2.288213
2.300866
2.342550
2.280924
2.307310
2.281205
2.267607
2.265552
2.337232
2.330343
2.338744
2.256949
2.322550
2.303973
2.284473
2.294471
2.290971
2.334617
2.281016
2.286842
2.335268
2.292970
2.276342
2.305085
2.297023
2.309922
2.232569
2.289906
2.254236
2.313642
2.307930
2.289974
2.284000
2.280731
2.288279
2.301096
2.307110
2.264599
2.267305
2.294165
2.324672
2.274905
2.308403
2.280226
2.276235
2.249770
2.352180
2.281635
2.279924
2.318816
2.290576
2.310788
2.355096
2.290455
2.286309
2.240559
2.300069
2.316013
2.291447
2.295810
2.304847
2.262363
2.281743
2.324276
2.292330
2.285599
2.288199
2.316769
2.325002
2.357366
2.282713
2.309845
2.264776
2.324737
2.326034
2.194538
2.241315
2.299523
2.301517
2.297326
2.258802
2.266357
2.277762
2.275738
2.323349
2.298400
2.334546
2.294029
2.226453
2.258524
2.329473
2.365807
2.331502
2.332822
2.324894
2.297116
2.307992
2.283513
2.306890
2.314925
2.321077
2.328059
2.280206
2.325701
2.288607
2.264974
2.300490
2.313793
2.306900
2.254859
2.250151
2.279341
2.277416
2.268289
2.270559
2.266811
2.274345
2.337270
2.324675
2.280878
2.293766
2.307310
2.293840
2.322656
2.331864
2.319036
2.292516
2.312177
2.273225
2.289880
2.297570
2.304006
2.324765
2.320642
2.311051
2.237673
2.338979
2.301010
2.286056
2.338533
2.333445
2.269032
2.302376
2.287077
2.313939
2.321130
2.338923
2.260098
2.288999
2.342974
2.295890
2.309133
2.296802
2.271348
2.322343
