2.306811
2.303290
2.303576
2.303204
2.304319
2.302833
2.303081
2.304567
2.300327
2.301642
2.303824
2.305073
2.304319
2.302833
2.302709
2.302709
2.302709
2.302957
2.302585
2.302585
2.299955
2.302585
2.302709
2.302299
2.303042
2.304615
2.298727
2.299384
2.295261
2.295395
2.311715
2.303782
2.296566
2.285557
2.365074
2.369760
2.310142
2.295844
2.295224
2.302583
2.348419
2.446254
2.451409
2.392576
2.346234
2.365225
2.407835
2.498101
2.486941
2.425985
2.452203
2.489412
2.389556
2.384407
2.444808
2.435746
2.377336
2.283187
2.229914
2.285591
2.355453
2.389426
2.523165
2.438200
2.435737
2.526736
2.556873
2.526049
2.487562
2.309690
2.412977
2.458896
2.541028
2.485317
2.504380
2.422363
2.320562
2.404495
2.443766
2.456507
2.470258
2.308936
2.205963
2.168176
2.242922
2.394819
2.460512
2.483802
2.532499
2.599653
2.579063
2.584980
2.607889
2.547935
2.580462
2.600355
2.578742
2.599897
2.557725
2.633519
2.577673
2.557808
2.562267
2.614161
2.582888
2.563408
2.565217
2.592422
2.589400
2.536900
2.607939
2.605512
2.612021
2.571146
2.569930
2.592419
2.547720
2.559042
2.628457
2.572249
2.502493
2.530694
2.512106
2.561625
2.549358
2.472680
2.511947
2.499917
2.415289
2.318165
2.394848
2.401139
2.414068
2.422681
2.333571
2.302370
2.329885
2.375067
2.423768
2.453476
2.453225
2.473703
2.413174
2.344745
2.268725
2.272027
2.303198
2.359200
2.393049
2.403391
2.330189
2.323685
2.283638
2.283968
2.302706
2.347366
2.341112
2.290429
2.267211
2.179973
2.227212
2.308552
2.306102
2.410885
2.333791
2.301140
2.343768
2.273692
2.301728
2.330528
2.321935
2.332237
2.214405
2.144759
2.225279
2.238594
2.273931
2.273492
2.315245
2.316478
2.239785
2.174765
2.243042
2.308296
2.306422
2.314589
2.363699
2.325986
2.253064
2.246810
2.163316
2.104570
2.053597
2.135284
2.238929
2.317988
2.317116
2.335306
2.263439
2.286339
2.200114
2.286186
2.345829
2.337268
2.301883
2.158051
2.222455
2.322984
2.320007
2.250901
2.131627
2.172231
2.304258
2.307897
2.297760
2.260622
2.167144
2.206718
2.265921
2.282740
2.247878
2.244695
2.207095
2.254927
2.263899
2.297812
2.316429
2.268913
2.277465
2.231357
2.314190
2.287300
2.103507
2.175855
2.201740
2.280331
2.308109
2.276105
2.238860
2.027933
2.073564
2.188959
2.263657
2.329195
2.257411
2.272292
2.101367
2.200099
2.235950
2.292101
2.348440
2.267494
2.188008
2.254477
2.262983
2.283062
2.320738
2.227211
2.203595
2.278468
2.259755
2.266784
2.161690
2.233391
2.264781
2.274603
2.172853
2.247847
2.297662
2.285744
2.222999
2.066619
2.175740
2.241105
2.305633
2.299743
2.219656
2.224863
2.088547
2.177615
2.229285
2.244125
2.278685
2.135414
2.098642
2.218863
2.244469
2.285607
2.154873
2.193450
2.236911
2.263052
2.159742
2.230350
2.138081
2.219775
2.211558
2.272696
2.152546
2.230379
2.269826
2.269644
2.136075
2.197170
2.236305
2.277782
2.113253
2.199558
2.235729
2.279858
2.175100
2.222034
2.214211
2.248580
2.270315
1.993724
2.151928
2.167195
2.281018
2.261629
2.357421
2.272725
2.209498
2.239638
2.226350
2.089100
2.162720
2.194187
2.251076
2.289413
2.199574
2.179052
2.191673
2.242727
2.256625
2.321631
2.250550
2.159454
2.038657
2.136592
2.198730
2.278526
2.281528
2.266101
2.204826
2.145669
2.056423
2.057615
2.144097
2.193414
2.259024
2.372978
2.370431
2.352008
2.330022
2.370795
2.328142
2.311941
2.342780
2.340528
2.361900
2.307365
2.332932
2.297707
2.325067
2.243518
2.262403
2.202069
2.230192
2.199954
2.202511
2.165868
2.241353
2.161888
2.193281
2.243337
2.226164
2.192711
2.215647
2.217090
2.173299
2.177919
2.213174
2.266467
2.282928
2.288093
2.250442
2.276006
2.218467
2.251265
2.286573
2.282265
2.284986
2.279347
2.318750
2.310295
2.272968
2.249911
2.210803
2.255110
2.243350
2.276767
2.200437
2.211233
2.284893
2.255628
2.252485
2.309049
2.285489
2.310301
2.283333
2.328223
2.272228
2.266470
2.239552
2.268924
2.239766
2.269919
2.327734
2.338291
2.304884
2.250222
2.262116
2.275294
2.307319
2.293087
2.295841
2.268496
2.236151
2.263116
2.265387
2.308264
2.270288
2.283503
2.274315
2.260597
2.285517
2.310547
2.262110
2.304523
2.262190
2.284106
2.298902
2.285593
2.246629
2.273911
2.310216
2.286844
2.231090
2.202664
2.264607
2.288255
2.270357
2.260837
2.300709
2.297582
2.240440
2.290926
2.248164
2.232886
2.276784
2.258770
2.233773
2.243090
2.248506
2.271250
2.162771
2.229056
2.242180
2.315573
2.274901
2.258099
2.328343
2.288041
2.295514
2.297257
2.264504
2.291268
2.307876
2.299058
2.324585
2.258541
2.322297
2.285804
2.273471
2.261132
2.245648
2.312441
2.290482
2.280445
2.267927
2.280085
2.232096
2.321532
2.206378
2.249218
2.315574
2.313410
2.255429
2.262128
