2.295697
2.300651
2.298451
2.296035
2.290953
2.294382
2.295699
2.291813
2.291386
2.267618
2.249545
2.229448
2.223611
2.222330
2.223670
2.229639
2.220177
2.222569
2.200442
2.188728
2.160281
2.140379
2.120854
2.081527
2.042217
2.023825
2.027243
1.970480
1.941406
1.935367
1.914750
1.877224
1.902631
1.878931
1.890305
1.854284
1.753320
1.833378
1.789295
1.837445
1.758928
1.786946
1.738462
1.727972
1.709761
1.775560
1.749615
1.705971
1.711686
1.696246
1.703127
1.729452
1.706734
1.700804
1.667425
1.693968
1.665164
1.683581
1.681218
1.668151
1.673216
1.679691
1.636367
1.652516
1.666088
1.649058
1.622079
1.682674
1.649419
1.631391
1.622805
1.657202
1.630443
1.624245
1.605911
1.614639
1.624133
1.615806
1.623442
1.629898
1.624928
1.602515
1.644385
1.608797
1.627911
1.604707
1.595222
1.621841
1.610183
1.584846
1.591753
1.598620
1.630348
1.605016
1.584887
1.593021
1.634660
1.593038
1.618439
1.589621
1.607268
1.599925
1.588186
1.595838
1.604189
1.614518
1.562185
1.610494
1.574054
1.603269
1.569895
1.598553
1.574225
1.610002
1.606154
1.588019
1.585213
1.596801
1.613061
1.585855
1.583553
1.578839
1.559982
1.565701
1.606254
1.604640
1.594386
1.557282
1.567338
1.581022
1.556241
1.591174
1.568451
1.585472
1.557018
1.547153
1.573425
1.572612
1.570484
1.578202
1.591098
1.549923
1.546004
1.548170
1.558283
1.556764
1.543684
1.566435
1.569083
1.544191
1.551073
1.567431
1.576949
1.573882
1.566111
1.574691
1.555319
1.558381
1.565401
1.594643
1.544436
1.570769
1.569799
1.554539
1.559376
1.539252
1.574799
1.534787
1.540442
1.574339
1.536193
1.546469
1.529509
1.555682
1.520702
1.554649
1.561657
1.547326
1.570040
1.539998
1.567340
1.530688
1.547286
1.546769
1.553661
1.559520
1.570796
1.534186
1.516084
1.531189
1.548598
1.539031
1.549167
1.544939
1.528349
1.538706
1.554664
1.528398
1.540697
1.547581
1.533470
1.553621
1.547909
1.534610
1.530621
1.554572
1.533875
1.518617
1.538253
1.526175
1.527805
1.539341
1.581651
1.548825
1.541420
1.536454
1.526238
1.553728
1.533620
1.542603
1.559206
1.538372
1.531463
1.545457
1.523818
1.533656
1.545823
1.537329
1.536305
1.527626
1.567061
1.533977
1.539554
1.561144
1.533861
1.515338
1.526941
1.547023
1.509752
1.523415
1.546419
1.540046
1.534899
1.528648
1.533280
1.548112
1.543639
1.535831
1.523630
1.527215
1.522536
1.514271
1.534239
1.538005
1.519122
1.522052
1.521182
1.511857
1.520191
1.512510
1.519211
1.519011
1.529164
1.540981
1.540550
1.561227
1.534637
1.536160
1.516927
1.522943
1.530846
1.509880
1.554197
1.535912
1.519809
1.498654
1.508761
1.539263
1.546344
1.513000
1.521479
1.524116
1.520094
1.527316
1.527894
1.518123
1.519516
1.510131
1.535627
1.514267
1.536056
1.509737
1.516667
1.540587
1.527607
1.502867
1.516826
1.526839
1.530243
1.539358
1.528776
1.520089
1.510061
1.514398
1.532446
1.511125
1.527377
1.517840
1.526024
1.549905
1.506402
1.500525
1.511478
1.511347
1.533225
1.509710
1.507209
1.542310
1.514755
1.557793
1.504019
1.519332
1.510726
1.533819
1.521848
1.521660
1.526504
1.507142
1.527224
1.517412
1.504395
1.525442
1.516442
1.504829
1.512412
1.513740
1.506336
1.493383
1.519263
1.493588
1.514462
1.524722
1.505163
1.512112
1.535445
1.509315
1.545893
1.530302
1.513094
1.521448
1.510432
1.505286
1.487502
1.510024
1.522321
1.512139
1.525581
1.526213
1.516975
1.505915
1.488306
1.501482
1.505154
1.513314
1.497173
1.509346
1.521269
1.504190
1.514572
1.511588
1.517114
1.511417
1.492649
1.529823
1.511287
1.524022
1.520072
1.502397
1.506750
1.514407
1.510722
1.506104
1.499437
1.501908
1.525855
1.509071
1.515578
1.509879
1.517270
1.500705
1.517902
1.492510
1.524196
1.526205
1.506557
1.497847
1.506259
1.523100
1.496526
1.512027
1.497760
1.483826
1.526649
1.514711
1.498540
1.492302
1.505771
1.515641
1.510718
1.512024
1.502435
1.510344
1.494304
1.499775
1.532102
1.514207
1.491964
1.503023
1.514241
1.509579
1.506305
1.513979
1.523638
1.501201
1.504496
1.499299
1.500307
1.489891
1.486381
1.534482
1.509696
1.525324
1.478813
1.497778
1.495871
1.501041
1.500241
1.497348
1.533992
1.507185
1.512041
1.498641
1.515106
1.494992
1.501601
1.504753
1.501744
1.507321
1.491625
1.505065
1.507511
1.489565
1.497910
1.515544
1.501207
1.487377
1.495300
1.487564
1.491488
1.525862
1.503687
1.521702
1.519657
1.480266
1.524092
1.501447
1.507804
1.509510
1.500463
1.494591
1.500681
1.491556
1.510008
1.491313
1.487374
1.508278
1.509488
1.482671
1.510219
1.505160
1.491400
1.509183
1.488661
1.501546
1.485818
1.504671
1.497153
1.492039
1.496022
1.513789
1.509858
1.501369
1.492941
1.485636
1.498173
1.496283
1.480847
1.511288
1.515972
1.502244
