2.305430
2.304111
2.302923
2.292522
2.292418
2.294533
2.274356
2.255460
2.256147
2.227595
2.154929
2.101531
2.036430
1.959678
1.963068
1.971703
1.992342
1.936996
1.916191
1.871824
1.909424
1.816090
1.839022
1.789640
1.789915
1.759631
1.778757
1.736122
1.719680
1.685047
1.710434
1.725047
1.714253
1.689911
1.676823
1.676423
1.671950
1.696923
1.682973
1.690553
1.693144
1.660745
1.666953
1.593093
1.637915
1.703023
1.646585
1.712594
1.659328
1.663141
1.681455
1.618384
1.634179
1.658187
1.630705
1.628691
1.608369
1.634683
1.645728
1.612093
1.639319
1.635642
1.650341
1.594986
1.617832
1.588090
1.573371
1.605543
1.607776
1.567571
1.539542
1.562873
1.581706
1.545752
1.560067
1.553094
1.554916
1.545673
1.569278
1.547423
1.540529
1.524686
1.585752
1.543095
1.563646
1.544291
1.560196
1.550387
1.530025
1.543385
1.563108
1.531889
1.536697
1.565296
1.535777
1.525197
1.539701
1.528599
1.572011
1.523591
1.531508
1.515038
1.534038
1.526135
1.521457
1.537616
1.528037
1.514185
1.504590
1.537007
1.545754
1.517506
1.532791
1.550668
1.526162
1.532677
1.524987
1.532104
1.531147
1.506415
1.541793
1.518904
1.506304
1.507814
1.533992
1.515000
1.510182
1.516301
1.512025
1.522423
1.502350
1.512986
1.541123
1.539427
1.506403
1.518480
1.521732
1.526003
1.515503
1.500900
1.512235
1.515211
1.519254
1.551517
1.516791
1.508380
1.521848
1.511028
1.511600
1.507077
1.494411
1.532173
1.535817
1.512287
1.512254
1.515550
1.520279
1.506001
1.511113
1.512550
1.513097
1.522446
1.515148
1.523839
1.518171
1.512951
1.514600
1.500398
1.499727
1.532903
1.533034
1.500183
1.504438
1.507742
1.529115
1.495074
1.508730
1.509383
1.491514
1.510406
1.512335
1.500293
1.510236
1.540874
1.498330
1.501119
1.515446
1.494311
1.494778
1.512543
1.494771
1.501259
1.498863
1.515765
1.504856
1.513276
1.498320
1.507653
1.503192
1.500973
1.509257
1.501836
1.517672
1.503645
1.499834
1.493027
1.489734
1.508426
1.503377
1.508445
1.509135
1.506612
1.517042
1.497281
1.505229
1.493956
1.500827
1.494706
1.488289
1.505095
1.507939
1.508224
1.499004
1.502955
1.495814
1.489909
1.496515
1.518929
1.506075
1.494914
1.495185
1.500415
1.488679
1.495273
1.507063
1.501276
1.502002
1.496941
1.492691
1.520108
1.489467
1.494688
1.513345
1.524314
1.503440
1.487651
1.492512
1.500522
1.486818
1.520664
1.499761
1.490528
1.493169
1.491993
1.496536
1.523575
1.494349
1.502617
1.500978
1.498244
1.498333
1.495705
1.493138
1.501203
1.504626
1.492830
1.502623
1.501216
1.496814
1.490718
1.496164
1.494236
1.502092
1.499199
1.503903
1.497920
1.514491
1.490263
1.489482
1.489910
1.500981
1.493569
1.501428
1.487918
1.501696
1.493951
1.492747
1.480360
1.485248
1.497340
1.488350
1.479757
1.497581
1.483553
1.513744
1.489381
1.494052
1.508203
1.488864
1.489924
1.492968
1.495948
1.491112
1.486898
1.495513
1.510730
1.495435
1.487364
1.488163
1.494223
1.490304
1.510537
1.501345
1.494562
1.493662
1.502495
1.491646
1.481561
1.504473
1.494334
1.481720
1.495232
1.494414
1.484705
1.496454
1.499656
1.483237
1.482276
1.482052
1.496062
1.489235
1.493979
1.486714
1.480610
1.496183
1.480796
1.484431
1.495150
1.488117
1.486671
1.493238
1.488033
1.490804
1.487031
1.497913
1.498690
1.496250
1.487892
1.485769
1.490019
1.485496
1.505736
1.499132
1.482432
1.487595
1.484258
1.495253
1.483672
1.486095
1.497669
1.485587
1.485492
1.484091
1.497999
1.487378
1.487096
1.490475
1.494915
1.488348
1.496498
1.490429
1.484003
1.492410
1.512190
1.485017
1.498314
1.486947
1.480595
1.493055
1.492582
1.481553
1.490898
1.486030
1.490419
1.494888
1.488542
1.497221
1.487442
1.480368
1.489040
1.491531
1.485365
1.482253
1.496153
1.489564
1.494661
1.492717
1.499396
1.490178
1.486236
1.508769
1.479386
1.493243
1.484826
1.485473
1.493699
1.487440
1.471032
1.485433
1.483905
1.481597
1.493758
1.495714
1.477406
1.494560
1.480715
1.479516
1.489939
1.492884
1.482852
1.490205
1.489281
1.487851
1.482127
1.494814
1.495693
1.480968
1.500648
1.481225
1.492719
1.482563
1.497413
1.489009
1.498085
1.481454
1.486666
1.480430
1.483507
1.487609
1.483612
1.477184
1.492460
1.491620
1.479886
1.476813
1.481024
1.484844
1.479934
1.492666
1.495256
1.487088
1.495037
1.478818
1.479815
1.486752
1.491757
1.484503
1.493634
1.491022
1.477448
1.489781
1.480012
1.480416
1.482212
1.476186
1.483082
1.482072
1.478698
1.485201
1.489066
1.487846
1.482286
1.486347
1.489061
1.489164
1.482194
1.486049
1.488515
1.495704
1.476984
1.484880
1.477286
1.489761
1.485694
1.490570
1.481208
1.492849
1.478062
1.478295
1.489467
1.484468
1.480561
1.490286
1.484434
1.489712
1.482195
1.474998
1.483474
1.478136
1.487862
