2.291348
2.300558
2.303576
2.303948
2.303414
2.304157
2.304319
2.300041
2.296755
2.302585
2.307575
2.305661
2.293583
2.297175
2.334131
2.350861
2.327054
2.276104
2.204082
2.168808
2.229746
2.462191
2.514823
2.259898
2.423808
2.470445
2.469432
2.449636
2.380524
2.165969
2.172014
2.150405
2.256726
2.362062
2.404699
2.416312
2.392038
2.283077
2.154684
2.139744
2.120816
2.184455
2.230922
2.309387
2.340281
2.402040
2.478349
2.397659
2.347383
2.257669
2.230492
2.201407
2.185556
2.114019
2.206567
2.223639
2.241255
2.274454
2.391044
2.279531
2.352963
2.377092
2.362068
2.336514
2.433912
2.384953
2.397752
2.301622
2.284109
2.317166
2.224316
2.130903
2.048047
1.921519
1.856472
1.821041
1.773826
1.766298
1.759766
1.768557
1.750726
1.767213
1.761615
1.786742
1.755465
1.748155
1.760609
1.785423
1.743724
1.761529
1.789026
1.791583
1.776785
1.714081
1.749444
1.711420
1.716426
1.702942
1.701096
1.680536
1.715231
1.691196
1.698305
1.697318
1.718403
1.660911
1.723299
1.679461
1.687322
1.672651
1.667722
1.669995
1.696368
1.637266
1.649126
1.661176
1.650063
1.636731
1.671196
1.669868
1.671056
1.668494
1.703650
1.681107
1.670840
1.653286
1.624240
1.683620
1.662175
1.656286
1.672165
1.674015
1.633920
1.616162
1.630804
1.645243
1.647189
1.641621
1.631976
1.609080
1.641987
1.614447
1.632495
1.686939
1.604465
1.631038
1.661844
1.622016
1.596081
1.614503
1.616549
1.668706
1.648184
1.611258
1.614258
1.627027
1.647384
1.608263
1.641756
1.611551
1.648575
1.640413
1.635870
1.624980
1.652475
1.604954
1.600712
1.620751
1.637191
1.650154
1.593792
1.607341
1.608132
1.630663
1.641379
1.635220
1.662053
1.589924
1.583258
1.609066
1.624470
1.623198
1.570738
1.534096
1.597742
1.610641
1.589476
1.593084
1.592054
1.627158
1.580785
1.589918
1.639733
1.598080
1.636460
1.642146
1.604776
1.632699
1.624658
1.636594
1.599843
1.581632
1.628453
1.608886
1.625763
1.651332
1.579453
1.579155
1.611587
1.598432
1.603204
1.595889
1.569014
1.603053
1.593073
1.597675
1.570478
1.564954
1.577671
1.620370
1.609725
1.603239
1.602181
1.631381
1.571397
1.602667
1.616548
1.585860
1.606124
1.618398
1.615014
1.573358
1.611262
1.561950
1.630546
1.596226
1.599592
1.617008
1.635255
1.604142
1.559866
1.613712
1.618687
1.607269
1.605918
1.621093
1.628450
1.651116
1.657872
1.664575
1.621659
1.626494
1.587862
1.635370
1.635199
1.616952
1.659478
1.624464
1.631852
1.619387
1.601143
1.606429
1.638397
1.651782
1.600018
1.651920
1.580361
1.590143
1.576683
1.556660
1.622060
1.613622
1.623834
1.581334
1.610580
1.618036
1.645213
1.649384
1.605870
1.663544
1.580361
1.617060
1.609379
1.600907
1.576004
1.605250
1.583491
1.610949
1.610422
1.590745
1.604815
1.611176
1.629311
1.569835
1.585931
1.611157
1.654878
1.654744
1.674305
1.671906
1.698056
1.663673
1.682280
1.710462
1.624387
1.637005
1.655213
1.624461
1.639231
1.587927
1.549589
1.591367
1.580421
1.571552
1.639405
1.603565
1.612386
1.572367
1.617152
1.575758
1.569728
1.558295
1.577332
1.623745
1.602192
1.581512
1.593265
1.588338
1.646428
1.582551
1.565525
1.606176
1.644400
1.596245
1.557743
1.589386
1.527077
1.553508
1.550262
1.574207
1.553012
1.610320
1.613782
1.606894
1.619822
1.572920
1.570878
1.617766
1.597924
1.603939
1.591578
1.563180
1.571715
1.620321
1.579501
1.574772
1.590778
1.566435
1.560822
1.592009
1.566956
1.574173
1.578022
1.574907
1.574319
1.558833
1.581188
1.572772
1.550245
1.589580
1.572400
1.571716
1.554034
1.569787
1.533552
1.564999
1.597596
1.594496
1.652051
1.493220
1.583221
1.594506
1.592049
1.539493
1.554031
1.581414
1.562268
1.567098
1.570544
1.565156
1.560498
1.560343
1.586457
1.585409
1.563384
1.585377
1.568259
1.555632
1.549720
1.583323
1.609597
1.566427
1.599709
1.607817
1.596380
1.602479
1.545605
1.583790
1.592715
1.585500
1.561102
1.572144
1.573419
1.525428
1.594197
1.552715
1.550643
1.527026
1.542017
1.559333
1.609999
1.622987
1.567029
1.575696
1.586244
1.573973
1.552685
1.573213
1.625351
1.538699
1.589245
1.545566
1.535092
1.557748
1.583418
1.565692
1.577019
1.549960
1.578493
1.559469
1.527283
1.537781
1.557252
1.561950
1.559160
1.602763
1.586355
1.555470
1.548052
1.544730
1.609128
1.553574
1.584455
1.559690
1.599715
1.560574
1.543464
1.544324
1.533214
1.572012
1.580268
1.556035
1.557379
1.569195
1.602680
1.544774
1.596616
1.572149
1.591978
1.560907
1.567858
1.583814
1.573127
1.533365
1.542399
1.545340
1.572704
1.602222
1.591329
1.549881
1.577263
1.608970
1.579542
1.575141
1.554678
1.536666
1.538535
1.545717
1.568100
1.571583
1.546355
1.591569
1.573099
1.528560
1.548039
1.543839
1.571056
1.592725
1.592128
1.596112
