2.299865
2.301411
2.298800
2.296702
2.291303
2.289762
2.283485
2.278826
2.262613
2.264740
2.239767
2.236456
2.211478
2.199394
2.181460
2.152292
2.107564
2.093970
2.079551
2.098469
2.030612
2.048911
1.977082
1.976462
1.951597
1.922831
1.944551
1.908459
1.876258
1.847582
1.820184
1.817073
1.830565
1.808355
1.749273
1.772710
1.767409
1.814812
1.766919
1.692978
1.725829
1.691617
1.763360
1.722513
1.734563
1.734078
1.689041
1.708417
1.671476
1.713663
1.684592
1.676233
1.679071
1.675621
1.685674
1.686700
1.618073
1.632801
1.650051
1.625866
1.642824
1.659780
1.639039
1.639601
1.628613
1.635654
1.627773
1.619095
1.698309
1.614182
1.649562
1.583853
1.636584
1.608055
1.613281
1.557358
1.601635
1.615196
1.616391
1.641399
1.626808
1.626189
1.611887
1.622187
1.600249
1.594428
1.603895
1.600485
1.599598
1.591326
1.599121
1.569393
1.604866
1.591355
1.597188
1.564911
1.586809
1.622169
1.579554
1.582098
1.583273
1.619955
1.622158
1.590923
1.597373
1.571540
1.618476
1.603896
1.598543
1.555259
1.610402
1.593473
1.562908
1.563868
1.586751
1.597183
1.548725
1.586986
1.576959
1.585002
1.602432
1.582312
1.577462
1.568104
1.560644
1.578038
1.546958
1.580343
1.601018
1.564035
1.587514
1.591439
1.570669
1.577307
1.575165
1.558697
1.572427
1.542658
1.542244
1.579344
1.579273
1.567469
1.570627
1.560894
1.575395
1.546362
1.574770
1.563389
1.561084
1.580122
1.587045
1.547877
1.542268
1.578917
1.550220
1.538285
1.586038
1.572994
1.547325
1.532029
1.542024
1.564967
1.555857
1.578293
1.554665
1.542797
1.543248
1.549162
1.542446
1.559918
1.553294
1.529723
1.550808
1.576015
1.558802
1.541178
1.542471
1.569147
1.534770
1.556080
1.526941
1.538848
1.580146
1.532554
1.539390
1.579109
1.539814
1.579716
1.555928
1.625139
1.556335
1.518631
1.539754
1.538714
1.564320
1.543624
1.566554
1.543490
1.541971
1.554112
1.546164
1.540000
1.531232
1.572001
1.547999
1.533265
1.528576
1.523413
1.531149
1.543416
1.576831
1.536830
1.550570
1.536708
1.555942
1.531917
1.542488
1.536971
1.536780
1.526416
1.540056
1.548031
1.552941
1.537456
1.538192
1.509482
1.523668
1.545317
1.530138
1.535265
1.542423
1.532960
1.562530
1.561399
1.523141
1.523003
1.525174
1.566818
1.518382
1.543413
1.542297
1.522251
1.539788
1.545379
1.513045
1.531348
1.536851
1.557101
1.540901
1.535898
1.540067
1.540701
1.532178
1.515302
1.531494
1.525267
1.537035
1.512643
1.493372
1.536035
1.502646
1.520142
1.513769
1.505045
1.529960
1.492730
1.545724
1.524272
1.553317
1.529631
1.516895
1.523443
1.511817
1.533958
1.527026
1.521406
1.525733
1.519442
1.504044
1.529749
1.542252
1.522737
1.528384
1.513583
1.540423
1.519596
1.535035
1.517896
1.517942
1.508265
1.503051
1.524958
1.525293
1.516943
1.503347
1.541250
1.542207
1.511922
1.543653
1.519156
1.507953
1.520374
1.521938
1.541243
1.522460
1.525531
1.548592
1.506266
1.532516
1.488193
1.512609
1.520393
1.493044
1.520140
1.516747
1.547379
1.518263
1.513377
1.522700
1.522930
1.539619
1.521431
1.540675
1.513718
1.518508
1.508774
1.502699
1.522405
1.531704
1.521295
1.519767
1.519073
1.495699
1.516116
1.508534
1.516914
1.492190
1.508459
1.520453
1.516874
1.518748
1.520553
1.520008
1.502222
1.537468
1.520151
1.502575
1.525249
1.500993
1.510217
1.519002
1.507480
1.508688
1.524653
1.505668
1.499920
1.506319
1.513987
1.523863
1.510422
1.517188
1.487190
1.528980
1.512772
1.510069
1.528538
1.520907
1.502608
1.517568
1.508505
1.495431
1.533341
1.520080
1.519909
1.521526
1.522547
1.504929
1.495061
1.519214
1.546938
1.505662
1.519572
1.507401
1.505104
1.505428
1.496906
1.481436
1.495155
1.496737
1.514229
1.517632
1.516924
1.521419
1.526598
1.510163
1.487135
1.510230
1.517410
1.511838
1.503073
1.514347
1.544716
1.510733
1.497582
1.507095
1.507553
1.497907
1.496697
1.514783
1.513794
1.528933
1.505297
1.508567
1.499809
1.520922
1.512692
1.531905
1.502918
1.493583
1.505073
1.532265
1.521428
1.521964
1.516164
1.499082
1.499514
1.482105
1.507581
1.527191
1.500477
1.521086
1.513334
1.502385
1.499675
1.490868
1.494101
1.487925
1.513115
1.510961
1.491875
1.498037
1.489542
1.524494
1.523373
1.498023
1.504776
1.524392
1.502350
1.495920
1.542095
1.497561
1.504359
1.490724
1.515639
1.485586
1.507132
1.499973
1.499599
1.497115
1.499828
1.499345
1.519666
1.487998
1.520645
1.506366
1.503561
1.524090
1.503594
1.494870
1.495865
1.493950
1.501272
1.515750
1.509287
1.524676
1.478309
1.493700
1.503913
1.512580
1.509125
1.509803
1.501063
1.499312
1.502214
1.506655
1.502277
1.507294
1.515431
1.492962
1.507930
1.502301
1.518815
1.487346
1.503244
1.512734
1.502961
1.492895
1.497553
1.504901
1.495591
