2.303348
2.305218
2.302130
2.301594
2.301580
2.297329
2.299408
2.302935
2.291530
2.300192
2.294677
2.298367
2.294424
2.288272
2.271345
2.271448
2.244980
2.237098
2.234022
2.229014
2.211964
2.190281
2.187649
2.171606
2.186089
2.148519
2.139843
2.152714
2.106247
2.102105
2.083612
2.085632
2.073602
2.043982
2.027591
2.028984
2.002675
1.995277
2.016514
2.016946
1.967049
1.944428
1.935455
1.898216
1.873919
1.888591
1.880588
1.869065
1.825594
1.841184
1.822541
1.809271
1.820850
1.792481
1.775519
1.770644
1.791476
1.769332
1.796051
1.775302
1.751826
1.747719
1.748965
1.732612
1.776631
1.759471
1.720352
1.743302
1.724149
1.711299
1.747964
1.690320
1.671242
1.730868
1.715468
1.743913
1.729858
1.712161
1.702578
1.671811
1.704123
1.715756
1.687592
1.734223
1.703035
1.684142
1.702489
1.711440
1.677148
1.711782
1.687085
1.702107
1.662750
1.676399
1.700402
1.687661
1.653674
1.695066
1.689331
1.657495
1.663244
1.688259
1.660882
1.675829
1.721785
1.671556
1.660724
1.676543
1.658407
1.670291
1.652967
1.659856
1.624390
1.618372
1.676751
1.665302
1.669179
1.653839
1.603679
1.637677
1.643138
1.640458
1.680889
1.657248
1.678447
1.652391
1.651518
1.622830
1.637933
1.617575
1.651834
1.650626
1.633387
1.645848
1.619516
1.638328
1.635407
1.618298
1.617032
1.640525
1.625665
1.627666
1.641617
1.649019
1.684809
1.617984
1.669609
1.640133
1.658484
1.661093
1.632865
1.610682
1.595556
1.609521
1.608269
1.642421
1.670301
1.607511
1.614792
1.630777
1.643552
1.621973
1.599100
1.609512
1.631812
1.633876
1.641223
1.623919
1.622327
1.615762
1.637529
1.610383
1.577751
1.599839
1.648617
1.652894
1.617100
1.591158
1.590570
1.633215
1.603325
1.625506
1.601682
1.619639
1.591123
1.615909
1.582217
1.604937
1.602019
1.602187
1.610770
1.583824
1.592639
1.603573
1.605492
1.610765
1.588684
1.605595
1.610369
1.585258
1.614159
1.603753
1.606930
1.604397
1.606884
1.601478
1.594585
1.558587
1.559766
1.631090
1.572900
1.591191
1.567313
1.590818
1.618396
1.579705
1.603215
1.598482
1.581344
1.621939
1.641122
1.602332
1.615955
1.581454
1.595181
1.580804
1.590853
1.596167
1.596763
1.570299
1.612636
1.576317
1.557307
1.596893
1.564452
1.565925
1.600592
1.597836
1.595959
1.608328
1.598962
1.612700
1.561339
1.581706
1.575519
1.567390
1.598979
1.609355
1.582722
1.593587
1.563298
1.566060
1.577703
1.601220
1.591743
1.599810
1.577932
1.582071
1.569106
1.544484
1.587218
1.580361
1.573087
1.581368
1.567630
1.569662
1.568737
1.569882
1.588460
1.558542
1.583682
1.557852
1.596939
1.591813
1.588815
1.560122
1.596460
1.591052
1.576216
1.577945
1.542682
1.562456
1.559216
1.584077
1.569368
1.576233
1.559695
1.551588
1.552517
1.575307
1.546532
1.599909
1.584560
1.586385
1.568997
1.568531
1.548531
1.549805
1.578638
1.575672
1.546711
1.555538
1.563571
1.557327
1.585934
1.578394
1.561325
1.545262
1.559267
1.550688
1.559299
1.549557
1.573934
1.556086
1.532427
1.557566
1.575493
1.583809
1.537917
1.550522
1.544151
1.560989
1.539011
1.592216
1.580058
1.547339
1.549064
1.574453
1.573577
1.562728
1.562238
1.572909
1.540676
1.568283
1.590344
1.569117
1.566580
1.575842
1.555267
1.553462
1.553606
1.524033
1.538129
1.519611
1.551811
1.540396
1.578329
1.580579
1.550267
1.556273
1.549768
1.546973
1.522476
1.574457
1.549744
1.547865
1.588075
1.560633
1.566303
1.558956
1.556209
1.546770
1.556219
1.571643
1.586851
1.536551
1.554758
1.551196
1.546440
1.541336
1.542509
1.574420
1.547299
1.582600
1.557429
1.564581
1.576311
1.548243
1.533365
1.522950
1.544680
1.569385
1.561578
1.544122
1.547191
1.562439
1.526971
1.564995
1.538216
1.544284
1.535705
1.550685
1.514237
1.535254
1.530513
1.533946
1.559196
1.562320
1.532703
1.555976
1.521653
1.586800
1.558640
1.538344
1.553894
1.547265
1.514081
1.571467
1.534480
1.538280
1.575316
1.559362
1.574528
1.550141
1.562558
1.562563
1.573606
1.528730
1.508617
1.528458
1.539039
1.547018
1.522578
1.557846
1.543299
1.549827
1.565168
1.559310
1.530515
1.512919
1.539179
1.530882
1.531069
1.511105
1.526288
1.568893
1.538084
1.537834
1.574180
1.578131
1.515862
1.532940
1.584207
1.548717
1.544197
1.547364
1.549245
1.537878
1.537846
1.525773
1.581227
1.511433
1.549704
1.521104
1.594262
1.549786
1.557961
1.554298
1.598077
1.520818
1.550778
1.527909
1.533527
1.540866
1.531874
1.521966
1.520609
1.531688
1.548562
1.517237
1.512013
1.552164
1.525605
1.509841
1.531155
1.539976
1.540290
1.541871
1.506986
1.587152
1.535046
1.551521
1.535871
1.572375
1.531051
1.550960
1.547958
1.516990
1.550892
1.543749
1.530994
1.526312
1.519403
1.542486
1.548129
1.548249
1.536392
1.505454
1.537990
1.539035
