2.307166
2.305558
2.303910
2.305063
2.303452
2.300699
2.299377
2.302833
2.302013
2.304198
2.308311
2.299859
2.259793
2.233241
2.225491
2.290050
2.375169
2.465030
2.405518
2.308022
2.136281
2.080460
2.070865
2.009144
1.953553
1.889517
1.870883
1.916678
2.030025
2.120876
2.104502
2.031404
2.040590
1.953143
1.949909
1.980924
1.874412
1.965348
1.854897
1.871160
1.872278
1.813114
1.859400
1.796630
1.856837
1.763865
1.744514
1.749706
1.741176
1.714970
1.714480
1.740540
1.791143
1.763732
1.808701
1.832794
1.948728
1.867009
1.834181
1.862115
1.830977
1.844849
1.798423
1.800432
1.814909
1.839424
1.819178
1.823987
1.874431
1.905957
1.832127
1.819968
1.843948
1.813181
1.769550
1.799513
1.774001
1.848951
1.825685
1.836496
1.894864
1.969650
1.994753
1.981656
1.924431
1.904658
1.863350
1.813948
1.817701
1.706326
1.754577
1.738901
1.735273
1.724287
1.692750
1.706979
1.693184
1.722416
1.683530
1.707854
1.685842
1.684076
1.721450
1.722347
1.681701
1.689943
1.735587
1.676750
1.712602
1.740969
1.694725
1.634513
1.660456
1.702210
1.676068
1.686156
1.648237
1.632916
1.668134
1.657030
1.668329
1.691584
1.658137
1.675816
1.691623
1.659618
1.710359
1.672995
1.659850
1.619163
1.638312
1.648502
1.667405
1.677802
1.678876
1.627276
1.624615
1.675406
1.682976
1.720446
1.718039
1.742618
1.760363
1.751532
1.779316
1.743809
1.667480
1.681473
1.665718
1.692215
1.631901
1.635334
1.666129
1.668482
1.662989
1.664056
1.665111
1.622725
1.700504
1.652339
1.652453
1.623740
1.672535
1.710715
1.671389
1.688842
1.681512
1.625284
1.645344
1.624236
1.668131
1.657620
1.643392
1.664771
1.607658
1.606080
1.611835
1.627694
1.628966
1.642389
1.635464
1.615637
1.619487
1.594977
1.593537
1.606917
1.619755
1.600229
1.639894
1.588062
1.694185
1.654319
1.686211
1.647856
1.646782
1.675259
1.634399
1.716506
1.662529
1.642503
1.641311
1.615779
1.691220
1.631116
1.612530
1.636554
1.611429
1.607679
1.624166
1.642115
1.550674
1.646577
1.574741
1.610849
1.611119
1.603463
1.629910
1.627508
1.579566
1.608866
1.615827
1.597699
1.618621
1.607439
1.603279
1.611647
1.647655
1.729518
1.644336
1.637967
1.680580
1.585080
1.613295
1.613812
1.620938
1.613815
1.625276
1.655794
1.667282
1.668501
1.685458
1.635201
1.624802
1.654528
1.638592
1.581410
1.647532
1.611129
1.609917
1.661490
1.607874
1.623969
1.652837
1.604305
1.610462
1.648893
1.624719
1.629685
1.588295
1.596930
1.581213
1.596287
1.574261
1.581492
1.589862
1.584117
1.579906
1.621906
1.619072
1.649158
1.624034
1.579047
1.584025
1.574471
1.575437
1.614397
1.658662
1.628750
1.551982
1.542516
1.552297
1.628798
1.626517
1.608850
1.622877
1.553141
1.590408
1.591918
1.621030
1.593741
1.557897
1.538067
1.566682
1.588445
1.622294
1.593861
1.540996
1.582435
1.593988
1.599917
1.619503
1.566469
1.541657
1.628285
1.596317
1.557428
1.559303
1.566538
1.559367
1.555888
1.621501
1.593434
1.618875
1.583734
1.613007
1.585816
1.632210
1.567967
1.586586
1.579975
1.565948
1.577347
1.589650
1.594685
1.572211
1.557838
1.576839
1.579479
1.550263
1.585713
1.595860
1.569669
1.581802
1.577574
1.575989
1.531229
1.591289
1.602627
1.619586
1.611087
1.572522
1.600267
1.566098
1.600743
1.589917
1.632439
1.604583
1.585577
1.574340
1.582405
1.597232
1.552335
1.543727
1.594842
1.582678
1.555042
1.609944
1.646616
1.543419
1.580069
1.592919
1.603727
1.579552
1.622769
1.618907
1.593638
1.611738
1.627047
1.610954
1.604347
1.585950
1.571458
1.633571
1.606733
1.609122
1.619023
1.579523
1.542974
1.569444
1.592735
1.581311
1.561983
1.560725
1.559606
1.580864
1.554667
1.593270
1.567924
1.555786
1.566485
1.535062
1.591642
1.567520
1.549151
1.566008
1.569675
1.552651
1.560226
1.613225
1.589898
1.560600
1.589724
1.549909
1.618300
1.573569
1.548318
1.565793
1.533138
1.604096
1.616649
1.574421
1.557230
1.558154
1.549011
1.604885
1.580945
1.581712
1.606326
1.598005
1.591086
1.577396
1.576953
1.567485
1.568367
1.521576
1.570382
1.566604
1.582314
1.555615
1.570025
1.546200
1.517524
1.595062
1.573336
1.588657
1.539340
1.538350
1.538750
1.618264
1.547011
1.531195
1.561676
1.613376
1.581323
1.577967
1.576365
1.599207
1.575119
1.551724
1.564228
1.572593
1.554556
1.583692
1.580891
1.561844
1.580823
1.562547
1.571017
1.556336
1.573652
1.549738
1.560717
1.566000
1.585679
1.549825
1.593334
1.583809
1.578514
1.529498
1.565610
1.551227
1.563019
1.558764
1.563733
1.556324
1.541153
1.511794
1.602234
1.584422
1.602043
1.623595
1.599576
1.571594
1.534776
1.581702
1.556753
1.524548
1.579231
1.554505
1.540818
1.580266
1.546037
1.554930
1.550469
1.577281
1.573930
1.545454
1.584372
1.563658
1.546183
