2.291881
2.290498
2.284915
2.291365
2.281753
2.274966
2.251762
2.238111
2.239147
2.225736
2.211100
2.210129
2.209694
2.195700
2.168540
2.112986
2.096306
2.068787
2.038632
2.072042
2.102995
2.078347
2.039612
1.913798
1.880962
1.843038
1.845024
1.917357
1.849324
1.860296
1.830616
1.792342
1.763159
1.753549
1.784452
1.785785
1.775350
1.799885
1.858356
1.785157
1.745231
1.736609
1.730962
1.710820
1.782899
1.701130
1.720561
1.705364
1.701399
1.671017
1.691790
1.711880
1.725498
1.764651
1.718696
1.741767
1.714607
1.760852
1.701616
1.696893
1.677182
1.624030
1.665648
1.679311
1.649294
1.637968
1.655429
1.652982
1.697562
1.692860
1.674492
1.673923
1.697168
1.644463
1.672335
1.734244
1.612954
1.650984
1.588861
1.626533
1.630886
1.605624
1.641890
1.615976
1.611060
1.640123
1.615692
1.629214
1.651291
1.662577
1.653873
1.666880
1.615900
1.636783
1.601789
1.589418
1.569534
1.602052
1.628187
1.647942
1.642181
1.614664
1.625490
1.612870
1.645160
1.626642
1.639964
1.631245
1.564727
1.594634
1.605933
1.567160
1.577852
1.570370
1.635899
1.625593
1.646863
1.599387
1.638730
1.596796
1.628730
1.620675
1.573876
1.590488
1.571951
1.547255
1.540822
1.634996
1.618664
1.585067
1.595924
1.595375
1.598414
1.589117
1.634861
1.560244
1.592184
1.564356
1.623154
1.590012
1.554483
1.565189
1.554910
1.586351
1.566946
1.602097
1.601917
1.581139
1.575104
1.543341
1.594943
1.577486
1.608080
1.594757
1.573358
1.634070
1.614011
1.537825
1.568521
1.548648
1.596848
1.583279
1.546962
1.559673
1.563566
1.566309
1.568167
1.580024
1.558075
1.609770
1.578509
1.586029
1.566973
1.582718
1.553350
1.586261
1.575354
1.552840
1.573724
1.573357
1.564278
1.580174
1.594267
1.567991
1.553057
1.604065
1.574966
1.561540
1.536433
1.575059
1.566678
1.589119
1.586115
1.581471
1.576092
1.552046
1.557006
1.555000
1.567890
1.551834
1.548197
1.591642
1.543552
1.561419
1.580553
1.562641
1.576683
1.540666
1.562006
1.553335
1.564610
1.533106
1.572766
1.579004
1.566686
1.576438
1.567955
1.556761
1.537279
1.549469
1.564850
1.533197
1.545382
1.550880
1.543040
1.567112
1.540902
1.547064
1.536101
1.579989
1.564375
1.557385
1.546304
1.576920
1.537558
1.550978
1.531298
1.557882
1.532175
1.542697
1.586230
1.521438
1.558001
1.542988
1.556969
1.567015
1.576727
1.554403
1.530265
1.517864
1.520264
1.563773
1.555656
1.533835
1.544949
1.543892
1.556741
1.551391
1.552568
1.574787
1.541091
1.546947
1.547262
1.536388
1.564960
1.591396
1.545612
1.551980
1.541752
1.536712
1.550835
1.504395
1.515319
1.528310
1.528457
1.588362
1.532355
1.545118
1.557014
1.531793
1.548654
1.556494
1.567089
1.573485
1.516803
1.529978
1.530293
1.529548
1.548927
1.544978
1.549759
1.559871
1.537085
1.544747
1.560488
1.548146
1.526282
1.536908
1.538309
1.556016
1.520337
1.511716
1.532544
1.544314
1.532005
1.556589
1.553319
1.535032
1.534120
1.519583
1.559031
1.547832
1.530124
1.526315
1.533475
1.547484
1.583147
1.535633
1.543912
1.519635
1.534255
1.522271
1.509109
1.521776
1.520327
1.543402
1.502669
1.565848
1.541151
1.539459
1.539499
1.523393
1.526482
1.516384
1.526921
1.548892
1.538804
1.523907
1.544214
1.532171
1.556672
1.528497
1.555815
1.528716
1.527600
1.502291
1.536800
1.520608
1.523826
1.562669
1.563782
1.532570
1.515893
1.525380
1.573695
1.505046
1.539327
1.527649
1.518825
1.553554
1.505617
1.532538
1.526923
1.496876
1.532669
1.518518
1.527636
1.539590
1.527132
1.534056
1.516207
1.523930
1.521999
1.546473
1.509141
1.514421
1.517651
1.527081
1.551704
1.558206
1.521517
1.530243
1.534815
1.529489
1.519085
1.518526
1.495854
1.523196
1.515941
1.494658
1.511048
1.515425
1.541537
1.539650
1.523052
1.547100
1.534257
1.535974
1.514768
1.535116
1.514272
1.517413
1.494992
1.526656
1.523747
1.526392
1.513974
1.539178
1.523863
1.545824
1.524991
1.515340
1.501572
1.540667
1.522385
1.527385
1.525563
1.536638
1.510355
1.517634
1.506579
1.527386
1.499745
1.512775
1.558280
1.502495
1.508517
1.496637
1.550180
1.514718
1.503274
1.493305
1.537093
1.529700
1.529662
1.528194
1.533971
1.519449
1.542734
1.533293
1.513589
1.509157
1.531994
1.510095
1.520497
1.507954
1.495465
1.539835
1.520310
1.528600
1.528922
1.502113
1.524767
1.520554
1.502291
1.507391
1.553643
1.532312
1.504263
1.521810
1.511446
1.513637
1.497907
1.505339
1.501624
1.520921
1.528341
1.539844
1.519965
1.532994
1.533276
1.506211
1.508797
1.506878
1.506603
1.526292
1.504589
1.538019
1.502612
1.508423
1.508074
1.511780
1.516720
1.518367
1.498710
1.498363
1.533064
1.509868
1.505417
1.512800
1.507543
1.520312
1.524242
1.488690
1.520588
1.502507
1.508328
1.523134
1.503716
1.507061
