2.299827
2.297114
2.307898
2.298658
2.281894
2.278488
2.279379
2.287459
2.266887
2.257810
2.258708
2.253915
2.237532
2.242577
2.227998
2.231113
2.217980
2.208593
2.198590
2.186472
2.169579
2.176530
2.160281
2.140053
2.140882
2.122922
2.105882
2.084012
2.078484
2.056594
2.035140
2.011013
1.979762
1.968330
1.909307
1.905141
1.892553
1.877769
1.827411
1.711259
1.723380
1.637876
1.629657
1.604275
1.485830
1.401116
1.413895
1.330410
1.277291
1.208583
1.184014
1.049846
1.048621
0.938894
0.800238
0.843097
0.717954
0.690179
0.709208
0.608323
0.648439
0.584338
0.520824
0.547468
0.685425
0.476985
0.402893
0.460414
0.512274
0.543454
0.457730
0.405592
0.463939
0.531106
0.358788
0.357607
0.398494
0.410995
0.334393
0.644071
0.307348
0.320797
0.470647
0.249993
0.299347
0.429161
0.275524
0.380553
0.366529
0.447434
0.335836
0.323906
0.420891
0.478137
0.349687
0.517606
0.320782
0.298286
0.417521
0.208370
0.456942
0.392227
0.356972
0.274107
0.439096
0.367429
0.233338
0.339793
0.447431
0.347967
0.489055
0.338807
0.289665
0.233066
0.251436
0.439533
0.394743
0.369942
0.313060
0.261945
0.406945
0.440493
0.286481
0.423770
0.253141
0.215851
0.389115
0.321115
0.229563
0.243379
0.300549
0.240590
0.290080
0.202848
0.397101
0.403601
0.211903
0.295552
0.314417
0.307564
0.365014
0.319335
0.287703
0.276595
0.289776
0.319092
0.273236
0.334908
0.319458
0.384160
0.341936
0.426474
0.435769
0.308175
0.292728
0.229827
0.264796
0.158113
0.357462
0.235076
0.285061
0.394097
0.486140
0.281884
0.381250
0.240448
0.404965
0.273408
0.300498
0.135265
0.223911
0.290813
0.291804
0.219256
0.292496
0.288386
0.232118
0.310639
0.304682
0.230260
0.251451
0.247471
0.347730
0.405139
0.248520
0.255636
0.212833
0.219481
0.345936
0.155980
0.208831
0.222149
0.306060
0.349661
0.242593
0.254925
0.233617
0.272290
0.297745
0.195061
0.208562
0.202603
0.302270
0.218940
0.329012
0.297340
0.203747
0.226176
0.335971
0.391275
0.173697
0.282735
0.286329
0.214202
0.289307
0.295063
0.257803
0.277709
0.231373
0.262327
0.227191
0.313505
0.384918
0.225155
0.195438
0.260591
0.160402
0.311440
0.150904
0.316586
0.315655
0.226561
0.130231
0.286905
0.276450
0.251736
0.265334
0.267933
0.184559
0.266596
0.281811
0.332854
0.254751
0.239480
0.266667
0.199596
0.168153
0.246029
0.205276
0.288723
0.155633
0.268191
0.356842
0.247413
0.191854
0.277970
0.194489
0.201383
0.235936
0.284862
0.251377
0.163555
0.213597
0.206702
0.353238
0.263516
0.288545
0.249453
0.231001
0.250271
0.138652
0.142304
0.260263
0.237466
0.229766
0.369999
0.339245
0.219565
0.152004
0.154987
0.291751
0.214326
0.218485
0.193886
0.250418
0.211036
0.179155
0.123740
0.196504
0.184478
0.310249
0.198434
0.210127
0.148073
0.287679
0.510969
0.198078
0.292167
0.180580
0.176247
0.198888
0.160788
0.235749
0.227017
0.278679
0.225247
0.143378
0.230797
0.146181
0.305788
0.194215
0.189178
0.185087
0.210892
0.196634
0.164975
0.170370
0.125123
0.115751
0.342221
0.273500
0.237618
0.271669
0.194202
0.222207
0.201135
0.238580
0.141957
0.246398
0.215399
0.279988
0.218941
0.337390
0.232304
0.364729
0.144833
0.201621
0.189995
0.238272
0.283527
0.105136
0.251638
0.159836
0.219154
0.294368
0.228309
0.161048
0.129608
0.338844
0.140222
0.280523
0.291155
0.171414
0.169801
0.137391
0.164928
0.137809
0.301075
0.167624
0.189393
0.190845
0.180265
0.232296
0.272958
0.255445
0.188382
0.279998
0.259655
0.376190
0.282012
0.247352
0.170825
0.204433
0.171221
0.101332
0.166375
0.218471
0.241965
0.130461
0.166558
0.132411
0.240476
0.288043
0.278532
0.199060
0.245088
0.170768
0.118421
0.118595
0.144525
0.127434
0.267113
0.095616
0.117986
0.172586
0.165874
0.115328
0.206175
0.202644
0.098801
0.257624
0.264261
0.177478
0.176662
0.182428
0.226180
0.245995
0.278247
0.311885
0.199169
0.158515
0.084688
0.208101
0.301341
0.312846
0.241420
0.119954
0.174814
0.198144
0.205539
0.138941
0.133908
0.225127
0.153502
0.131316
0.133171
0.153821
0.147036
0.155421
0.226507
0.189147
0.211235
0.159137
0.147393
0.322181
0.152486
0.136164
0.156460
0.134091
0.231615
0.119781
0.144008
0.270206
0.146526
0.219820
0.156673
0.153230
0.343242
0.195756
0.225538
0.153437
0.221075
0.182021
0.147212
0.182574
0.475227
0.176616
0.182629
0.195198
0.152615
0.128267
0.109390
0.179739
0.253645
0.132135
0.185963
0.151751
0.200006
0.277886
0.107301
0.175014
0.102397
0.187566
0.213233
0.297549
0.219766
0.219689
0.301514
0.155221
0.156682
0.112337
0.144629
0.177787
0.121749
0.137183
0.106999
0.104466
0.213909
0.154953
0.085998
0.170268
0.390011
0.163176
0.150716
0.226264
0.158158
0.144947
0.167330
0.182273
0.193000
