2.304591
2.300682
2.297909
2.290183
2.289683
2.290222
2.299440
2.289698
2.276978
2.259278
2.231823
2.245733
2.233622
2.229983
2.248088
2.247626
2.219259
2.173274
2.140069
2.125519
2.137555
2.100713
2.092369
2.010553
2.003170
1.976221
1.961717
1.887952
1.908855
1.854518
1.829082
1.831846
1.785666
1.784979
1.786036
1.767373
1.781504
1.811478
1.768669
1.745990
1.740927
1.751982
1.685444
1.730311
1.701096
1.736593
1.671375
1.709440
1.708487
1.665007
1.687311
1.683979
1.644082
1.639764
1.644771
1.663517
1.651919
1.649538
1.668435
1.660083
1.656817
1.637675
1.639129
1.661532
1.638065
1.616151
1.647706
1.665676
1.615315
1.627056
1.677776
1.665476
1.645157
1.647648
1.610444
1.637835
1.619377
1.642373
1.618385
1.633709
1.621857
1.605884
1.594449
1.637450
1.621295
1.626992
1.617730
1.605289
1.616494
1.583554
1.613696
1.599033
1.602776
1.613681
1.604556
1.582402
1.650995
1.572065
1.618158
1.591517
1.601961
1.590633
1.569952
1.592965
1.582957
1.597507
1.587547
1.603964
1.572818
1.597955
1.610393
1.573883
1.563707
1.573855
1.590620
1.599805
1.609710
1.581234
1.574745
1.556442
1.570803
1.605135
1.591314
1.563327
1.587221
1.615825
1.590756
1.604401
1.545683
1.553915
1.562000
1.565358
1.567096
1.543740
1.596436
1.575872
1.583425
1.555946
1.576949
1.561306
1.554932
1.566773
1.565649
1.544608
1.565822
1.584151
1.598042
1.571034
1.563738
1.572061
1.568323
1.550070
1.568930
1.551034
1.544110
1.559960
1.557945
1.537080
1.558518
1.541953
1.554827
1.560097
1.554213
1.537710
1.570297
1.532419
1.560810
1.541885
1.574012
1.554170
1.567085
1.592220
1.544822
1.594438
1.555754
1.533465
1.545985
1.574767
1.588206
1.543033
1.552814
1.559013
1.549224
1.571207
1.571586
1.569282
1.528563
1.557303
1.550393
1.542326
1.534657
1.541329
1.537578
1.560850
1.548813
1.558025
1.531947
1.561301
1.530817
1.568757
1.544915
1.530248
1.523776
1.552173
1.536288
1.548515
1.536031
1.553202
1.543622
1.544274
1.539847
1.581103
1.548684
1.560743
1.529150
1.539227
1.548146
1.530682
1.538999
1.543994
1.554349
1.528564
1.535431
1.523493
1.543858
1.539049
1.523400
1.582051
1.520302
1.538126
1.532234
1.523430
1.492642
1.537419
1.527167
1.538517
1.510302
1.542983
1.525511
1.515359
1.516596
1.563960
1.525332
1.554978
1.521280
1.562388
1.534120
1.536652
1.517338
1.536033
1.518469
1.555365
1.525698
1.518416
1.535423
1.553955
1.549081
1.545040
1.551405
1.551310
1.540883
1.500959
1.528878
1.542884
1.533061
1.531488
1.548283
1.546082
1.513474
1.508917
1.535422
1.538955
1.508978
1.543012
1.521629
1.537506
1.505531
1.520516
1.504642
1.525527
1.556160
1.500014
1.542134
1.532256
1.507885
1.509440
1.533812
1.537933
1.510749
1.525055
1.531465
1.534808
1.505339
1.523320
1.527655
1.531472
1.531206
1.524854
1.507006
1.532869
1.516382
1.513175
1.518224
1.539725
1.545469
1.533600
1.524516
1.507445
1.542031
1.512708
1.490113
1.501856
1.541164
1.513802
1.530406
1.530602
1.522803
1.523686
1.516366
1.516923
1.544992
1.509396
1.501758
1.498398
1.530334
1.515260
1.528294
1.496835
1.523188
1.517397
1.513002
1.495637
1.516078
1.542109
1.507586
1.525323
1.504223
1.499951
1.516408
1.511133
1.523002
1.544600
1.500744
1.522139
1.550462
1.518858
1.513185
1.521985
1.552859
1.511090
1.509722
1.503958
1.503121
1.519831
1.509050
1.497348
1.517525
1.501037
1.532465
1.501225
1.512349
1.495898
1.499089
1.506531
1.510221
1.508509
1.517426
1.541873
1.505267
1.504660
1.498952
1.534344
1.524878
1.509459
1.500417
1.513123
1.517806
1.509855
1.528969
1.518586
1.506401
1.512093
1.528557
1.506517
1.494777
1.514612
1.523340
1.513905
1.496721
1.489658
1.496931
1.501270
1.547731
1.498317
1.499878
1.511618
1.508391
1.514376
1.514477
1.508769
1.556086
1.507895
1.509929
1.489522
1.546033
1.507113
1.522938
1.532604
1.522010
1.519720
1.495106
1.510016
1.495753
1.478709
1.504284
1.507940
1.502126
1.507355
1.478977
1.529986
1.500607
1.514364
1.529413
1.509696
1.507697
1.533587
1.493002
1.513280
1.502678
1.489376
1.524469
1.507265
1.524926
1.503004
1.503447
1.505126
1.496527
1.517333
1.534416
1.505870
1.488100
1.498955
1.499327
1.488243
1.513792
1.497473
1.517903
1.518911
1.491773
1.498798
1.539541
1.481041
1.500718
1.489920
1.519157
1.484067
1.508901
1.504790
1.508647
1.491906
1.485962
1.495675
1.504148
1.500293
1.519966
1.510344
1.521279
1.495753
1.517185
1.492723
1.500491
1.505385
1.500212
1.496198
1.547774
1.495766
1.495134
1.480240
1.524615
1.497698
1.501230
1.507137
1.482670
1.488654
1.503457
1.486086
1.521408
1.520144
1.507892
1.503002
1.515085
1.483795
1.513207
1.527410
1.511422
1.524314
1.503614
1.493232
1.497220
1.497627
