2.390107
2.394974
2.347074
2.307799
2.300781
2.261473
2.227825
2.216578
2.202663
2.194705
2.182716
2.184560
2.181180
2.183056
2.178339
2.181352
2.180032
2.163055
2.163832
2.155306
2.144490
2.139988
2.122160
2.111633
2.102879
2.085892
2.072548
2.042604
2.025340
1.970865
1.952616
1.919066
1.890726
1.813154
1.770897
1.697377
1.675668
1.608933
1.621176
1.553458
1.495439
1.410805
1.275571
1.269552
1.134524
1.036906
1.075198
0.959423
0.791123
0.956334
0.832884
0.872111
0.784364
0.598935
0.620542
0.573166
0.520706
0.793406
0.683001
0.659488
0.640043
0.616767
0.482814
0.586779
0.585217
0.440000
0.394547
0.439162
0.454088
0.598320
0.683474
0.575102
0.696495
0.620068
0.341111
0.408228
0.484700
0.469311
0.527938
0.353698
0.364621
0.420357
0.304465
0.517198
0.636078
0.418776
0.516998
0.537568
0.495814
0.618912
0.574210
0.900928
0.858579
1.029532
0.804935
0.760258
0.872204
0.768473
0.770501
0.847970
0.932529
0.879468
1.328766
1.675469
1.676628
2.122244
2.135480
2.094640
2.186343
1.562863
1.521128
1.230988
1.121905
0.819574
0.804824
0.806692
0.821377
1.107385
1.619233
1.853662
1.664660
1.763760
1.995018
2.251589
1.962296
2.301795
2.314576
2.466616
2.068238
2.223531
2.496481
2.434138
2.516414
2.365174
2.373352
2.421007
2.316609
1.950088
2.054323
1.794156
1.758962
1.826243
1.492936
1.482086
1.406423
1.132931
0.950628
0.724378
0.717130
0.696690
0.590970
0.768519
0.507361
0.704590
0.944212
0.846627
1.016554
0.858455
1.068286
1.243938
1.236617
0.927290
0.798836
0.731585
0.435469
0.319360
0.331611
0.359125
0.340668
0.246787
0.289685
0.437442
0.479704
0.462241
0.565160
0.805165
0.677458
0.749191
0.813377
0.823124
0.735670
0.755999
1.212752
1.422191
1.471333
1.598368
1.885945
2.080211
2.295053
2.378798
2.458529
2.611036
2.641640
2.554217
2.400654
2.212788
2.056092
2.003759
1.866262
2.138553
1.819759
1.965656
2.036749
2.034718
1.764566
1.664342
1.174545
1.177526
0.856246
0.711227
0.790793
0.796250
1.011119
1.163156
1.427881
1.358645
1.670276
1.958390
1.749186
1.739209
1.970096
1.590942
1.406632
1.301898
1.058773
1.094950
1.102551
1.210421
1.243162
1.127539
1.503089
1.944117
1.703991
1.657254
2.112272
2.462681
2.383681
2.406690
2.152324
2.465286
2.535059
2.190330
2.447289
1.885942
2.242192
1.982828
1.939169
1.859113
1.927515
1.762213
1.684734
1.518515
1.490755
1.421290
0.944149
0.926416
0.963214
0.706962
0.486660
0.601507
0.549970
0.596917
0.787620
0.917401
1.348750
1.474945
1.605671
1.897640
1.795928
1.831976
1.602022
1.662406
1.606991
1.183594
1.312541
1.405426
1.615304
1.612945
1.949467
1.784216
1.976442
2.030836
2.108610
1.777969
1.587492
1.354766
1.171882
1.323173
1.013138
1.206113
1.162147
1.520070
1.700925
1.893086
1.808231
1.577389
1.818296
1.413873
1.722726
1.490784
1.620731
1.553160
1.776579
1.724180
1.780976
1.539900
1.594217
1.494641
1.659325
1.663264
1.541485
1.653238
1.562611
1.332183
1.587776
1.253802
1.637855
1.583039
1.610451
1.581553
1.590498
1.759506
1.700847
1.839080
1.944423
1.878887
2.091670
2.001483
1.989106
1.821339
1.824135
1.825581
1.698745
1.791216
1.760547
2.045490
2.080861
1.742573
2.047887
1.886251
1.888502
1.581187
1.702106
1.798113
1.575165
1.613173
1.513735
1.052074
0.913235
0.655220
0.704534
0.526335
0.272863
0.285237
0.393057
0.326007
0.402025
0.356315
0.438100
0.807692
1.306754
0.814139
0.971602
1.099619
1.077366
0.627108
0.735664
0.871105
1.041818
1.369388
1.504268
1.833489
1.614116
1.848005
1.761188
1.988445
1.987305
2.180330
1.927826
1.894714
1.747474
1.666692
2.029141
1.907934
1.785415
1.759515
2.050277
1.577620
1.527676
1.230270
1.598978
1.955754
1.629171
1.768935
1.404566
1.342534
1.377465
1.036149
1.336472
1.469437
1.658844
1.642135
1.879942
1.886469
1.980688
1.937513
1.836890
1.716509
1.627776
1.368113
1.340335
1.465648
1.558014
1.659729
1.646623
1.585783
1.481669
1.428170
1.183026
1.038216
0.813187
0.730144
0.551758
0.331828
0.362238
0.269820
0.157340
0.187613
0.189055
0.214563
0.171962
0.126471
0.193576
0.289107
0.289595
0.224205
0.127416
0.478525
0.545412
0.252278
0.516050
0.575345
0.710894
0.719678
0.404894
0.794428
0.368222
0.242236
0.377637
0.238656
0.346711
0.306403
0.439787
0.135353
0.512004
0.250217
0.100182
0.319237
0.186389
0.155069
0.187977
0.086323
0.210040
0.143123
0.199792
0.146605
0.227392
0.138264
0.122838
0.250885
0.168820
0.193721
0.105569
0.124708
0.191945
0.312840
0.200286
0.204230
0.136045
0.431231
0.215966
0.275631
0.160778
0.308375
0.306681
0.246039
0.233363
0.287910
0.577818
0.151777
0.238167
0.106956
0.297111
0.283601
0.305426
0.155690
0.179259
0.243316
0.228242
0.097508
0.417524
0.173835
0.213701
0.237390
0.330705
0.024825
0.173123
0.126225
0.145768
0.212582
0.231540
0.323531
0.221044
0.176771
0.281560
0.497124
0.168486
0.293187
0.312469
0.375945
0.273488
0.408481
0.162747
0.127031
0.388570
0.288409
0.345248
0.351299
0.281711
0.522809
0.177967
0.259996
0.348335
0.348822
0.275769
0.101873
0.111244
0.337645
0.181035
0.159819
0.160456
0.033761
0.051238
0.101263
0.290696
0.112876
0.081339
0.085273
0.141682
0.117258
0.116016
0.039840
0.165753
0.135942
0.208292
0.220988
0.185410
0.273679
0.465139
0.283790
0.467490
0.190893
0.317107
0.401468
0.496536
0.236486
0.252186
0.290629
0.308803
0.256456
0.224615
0.396529
0.357566
0.349992
0.647559
0.504508
0.810234
0.813489
0.856758
0.763307
1.108151
0.965336
1.293293
1.494079
1.660617
2.358347
2.583983
2.513653
2.696959
2.411601
2.541974
2.859613
2.257853
2.399643
2.626092
2.132333
2.924906
2.237499
2.358665
2.233839
1.956579
2.288510
2.057790
2.191125
1.802504
1.873984
1.759296
1.568953
1.395545
1.736358
1.511128
1.573174
1.721153
1.692854
1.670647
2.008657
1.557170
1.622222
1.471650
1.565327
1.446229
1.398593
1.498873
1.235259
1.474382
1.347899
1.634731
1.701117
1.784227
2.074587
1.820560
2.161513
2.199833
2.409715
2.488322
2.451519
2.630760
2.584104
2.556043
2.466833
2.610477
2.055944
2.412758
2.290627
2.150149
2.029242
2.041842
2.321669
2.044719
2.262514
2.010823
2.116974
1.743257
1.826771
1.825998
1.867677
1.929572
1.645861
1.662584
1.556629
1.458982
1.658916
1.505060
1.570427
1.652661
2.000923
1.881278
1.867808
1.940739
1.592182
1.870640
1.776071
1.685636
1.683960
1.667487
1.506304
1.525539
1.412865
1.520584
1.649023
1.642583
1.694346
1.653900
1.696375
1.574789
1.637063
1.305205
1.471952
1.721129
1.541360
1.754649
1.601026
1.791693
1.869147
1.799381
1.615832
1.669466
1.740952
1.627505
1.768618
1.469367
1.416355
1.221303
1.480312
1.419557
1.442823
1.453734
1.504369
1.929823
1.659073
1.724198
1.722403
1.552622
1.606059
1.573140
1.508676
1.474356
1.455383
1.691625
1.551806
1.515556
1.478139
1.263284
1.587420
1.918907
1.563347
1.501782
1.660322
1.569158
1.858322
1.853075
1.792745
1.534914
1.826380
1.948474
1.845991
1.771350
1.805895
1.675120
1.893227
1.610695
1.803385
1.604733
1.603548
1.624179
1.510574
1.382538
1.619960
1.591644
1.587901
1.745936
1.914380
1.781159
1.751298
1.645554
1.689298
1.847995
1.713427
1.534658
1.370163
1.581992
1.660344
1.345383
1.534685
1.771251
1.758179
1.651113
1.676125
1.572315
1.859947
1.708406
1.811980
1.748909
1.761230
1.882572
1.573743
1.527350
1.520262
1.669374
1.674506
1.622444
1.614637
1.762778
1.899401
1.769221
1.538369
1.590794
1.678681
1.454855
1.539269
1.410104
1.501130
1.566261
1.409060
1.656212
1.393326
1.649240
1.454536
1.650734
1.694686
