2.293567
2.302378
2.304443
2.302919
2.305465
2.306759
2.304247
2.308691
2.309601
2.310495
2.313846
2.333642
2.327774
2.320063
2.320377
2.319207
2.311817
2.313455
2.304101
2.294846
2.330924
2.341460
2.341949
2.360605
2.378514
2.379496
2.375714
2.360174
2.381386
2.366857
2.375025
2.401657
2.413574
2.402032
2.432702
2.424065
2.419886
2.486234
2.499058
2.474103
2.465703
2.509149
2.531355
2.509682
2.507390
2.471327
2.475863
2.471110
2.486406
2.488910
2.403321
2.425025
2.395519
2.383151
2.361726
2.410535
2.407817
2.405859
2.365136
2.360647
2.345154
2.433013
2.412843
2.410589
2.423599
2.423672
2.420418
2.371856
2.350977
2.367299
2.290558
2.320501
2.285822
2.291329
2.316146
2.284271
2.297589
2.308238
2.302807
2.328676
2.322037
2.314873
2.325680
2.305811
2.324028
2.348967
2.299925
2.340541
2.302535
2.279796
2.303736
2.274455
2.331772
2.315979
2.334054
2.359343
2.341878
2.301790
2.308493
2.239026
2.298869
2.352979
2.363400
2.308201
2.304135
2.341026
2.221864
2.213937
2.271366
2.272692
2.314217
2.340742
2.282407
2.163070
2.206364
2.213253
2.294249
2.346444
2.313136
2.300858
2.218632
2.243050
2.300053
2.295765
2.322549
2.343076
2.339163
2.300750
2.251323
2.234184
2.217229
2.252290
2.268453
2.313066
2.296167
2.187711
2.138674
2.214972
2.238107
2.329880
2.318420
2.252242
2.264842
2.258655
2.315312
2.263019
2.217912
2.257668
2.299021
2.280291
2.234414
2.254447
2.327298
2.267135
2.169359
2.084723
2.178539
2.226988
2.313907
2.342479
2.328943
2.147794
2.111404
2.212835
2.268006
2.317604
2.360939
2.325915
2.206946
2.216748
2.308276
2.308546
2.311201
2.266663
2.254169
2.115047
2.228884
2.302436
2.292343
2.300114
2.321676
2.275976
2.302876
2.345097
2.342239
2.244957
2.304781
2.204850
2.217009
2.251189
2.285290
2.241449
2.226253
2.070893
2.203873
2.214256
2.316216
2.270400
2.204836
2.071568
1.918842
2.022131
2.132369
2.254484
2.283015
2.317452
2.337874
2.316092
2.155313
1.932222
1.800243
1.779196
1.767914
1.783160
1.782261
1.735548
1.802093
1.762776
1.794399
1.799042
1.722889
1.760167
1.731995
1.728619
1.756377
1.722240
1.726960
1.743985
1.747940
1.752169
1.747003
1.712927
1.707573
1.734308
1.688887
1.783502
1.693145
1.774177
1.713214
1.722250
1.733335
1.746346
1.701805
1.731272
1.678596
1.662455
1.769341
1.720656
1.732699
1.732840
1.689189
1.702389
1.733548
1.709341
1.719035
1.699409
1.700994
1.721863
1.734193
1.735684
1.688357
1.726658
1.761923
1.703719
1.718099
1.692383
1.736012
1.706826
1.683624
1.760638
1.775358
1.712766
1.700504
1.672073
1.708746
1.667987
1.732544
1.704135
1.692127
1.728154
1.696027
1.736758
1.669097
1.728207
1.696284
1.693120
1.735860
1.718343
1.697333
1.735494
1.702888
1.746910
1.677400
1.670127
1.734118
1.715791
1.717228
1.700943
1.764679
1.718667
1.718493
1.675688
1.722413
1.687778
1.744180
1.730012
1.697933
1.701707
1.691922
1.738859
1.719934
1.689840
1.689394
1.698542
1.715260
1.749112
1.708637
1.687272
1.738598
1.696369
1.681353
1.689627
1.750074
1.651735
1.742546
1.743244
1.766015
1.698327
1.729898
1.638140
1.688167
1.728099
1.679834
1.723969
1.741474
1.657779
1.665471
1.693464
1.695533
1.703693
1.731311
1.710452
1.628729
1.727540
1.709527
1.782685
1.713037
1.745526
1.697213
1.731333
1.706439
1.663902
1.710562
1.667866
1.712086
1.662389
1.713037
1.671738
1.677174
1.731387
1.704156
1.703970
1.727735
1.717251
1.730017
1.650901
1.698572
1.720104
1.710498
1.704866
1.682098
1.683378
1.709730
1.721756
1.665753
1.721127
1.764297
1.765488
1.694475
1.678964
1.715680
1.721952
1.729570
1.718900
1.673131
1.703936
1.694354
1.706500
1.677173
1.729593
1.745658
1.695358
1.733216
1.682481
1.738424
1.680296
1.689885
1.800796
1.650253
1.696196
1.660813
1.732305
1.723045
1.685911
1.694574
1.697560
1.667036
1.643942
1.677245
1.711209
1.716728
1.692599
1.668240
1.676528
1.712834
1.695909
1.707316
1.754153
1.684817
1.699066
1.696236
1.684346
1.650066
1.683392
1.727567
1.687566
1.736560
1.682925
1.731768
1.728293
1.674857
1.698765
1.684380
1.708894
1.740911
1.680567
1.729402
1.697185
1.646600
1.666245
1.684568
1.724037
1.709473
1.739927
1.719925
1.738119
1.731556
1.685242
1.673672
1.720136
1.693217
1.720853
1.614438
1.756303
1.673733
1.694566
1.695224
1.668144
1.737342
1.664118
1.744861
1.694429
1.706139
1.723914
1.686659
1.722984
1.699020
1.700240
1.692741
1.690966
1.685970
1.661565
1.672585
1.672133
1.657661
1.735557
1.699801
1.683790
1.674115
1.716258
1.696286
1.678300
1.661184
1.723338
1.659355
1.713508
1.716246
1.663572
1.695773
1.672484
1.708382
1.676618
1.662239
1.721627
1.735475
1.654127
1.728104
1.691618
1.679335
1.691858
