2.303562
2.295675
2.295797
2.297406
2.292465
2.279059
2.257138
2.246603
2.235330
2.209942
2.188785
2.202625
2.144953
2.052214
2.094929
1.996930
1.936297
1.916715
1.803871
1.850774
1.833600
1.800195
1.774933
1.784914
1.761094
1.731393
1.701989
1.701795
1.732543
1.663628
1.665764
1.668085
1.681424
1.676192
1.670035
1.613029
1.650293
1.616323
1.635610
1.617905
1.608497
1.591783
1.636970
1.623883
1.582986
1.605665
1.588515
1.604952
1.583906
1.605418
1.597699
1.583758
1.583309
1.565177
1.553048
1.601911
1.601727
1.576845
1.586248
1.551592
1.567356
1.581681
1.559157
1.558915
1.583665
1.576881
1.568277
1.579176
1.554888
1.588846
1.543658
1.572135
1.562865
1.560993
1.536506
1.539067
1.534679
1.522471
1.547001
1.535178
1.534070
1.552654
1.545798
1.555284
1.542402
1.539874
1.548646
1.538510
1.552321
1.527431
1.528278
1.542805
1.535475
1.543171
1.568882
1.543225
1.555509
1.539502
1.525427
1.564678
1.536700
1.524575
1.524492
1.557144
1.522117
1.524302
1.539535
1.524441
1.503201
1.534110
1.531092
1.530659
1.516993
1.505913
1.531349
1.528109
1.519631
1.534474
1.524257
1.525147
1.516581
1.523251
1.510258
1.521139
1.516712
1.512392
1.514281
1.531106
1.514046
1.539495
1.531715
1.513606
1.516276
1.513935
1.516166
1.511317
1.506914
1.513846
1.546057
1.537734
1.510643
1.520041
1.508014
1.508322
1.513286
1.517179
1.519145
1.505737
1.527624
1.500185
1.520024
1.519830
1.508006
1.515786
1.505491
1.526800
1.515785
1.528650
1.525598
1.513213
1.514773
1.522003
1.514843
1.530162
1.519642
1.495225
1.516188
1.515499
1.509653
1.529838
1.515574
1.512769
1.508129
1.497709
1.497967
1.515030
1.505762
1.512104
1.499392
1.482936
1.508776
1.501763
1.507292
1.512236
1.514476
1.513759
1.499965
1.511287
1.499205
1.506003
1.496065
1.496719
1.504362
1.501341
1.493231
1.532709
1.506915
1.506067
1.525778
1.506152
1.500401
1.517996
1.513517
1.496001
1.504736
1.500568
1.516253
1.489338
1.514209
1.497785
1.494918
1.490207
1.502347
1.504995
1.509982
1.511942
1.507405
1.500539
1.509303
1.499446
1.514422
1.489466
1.502367
1.499259
1.506448
1.506474
1.528858
1.554902
1.493862
1.501421
1.500775
1.507906
1.498819
1.515661
1.514464
1.505988
1.492077
1.492858
1.491735
1.521541
1.509219
1.515802
1.504638
1.498654
1.510659
1.523126
1.505210
1.499099
1.505017
1.492413
1.517013
1.515434
1.517022
1.527933
1.530475
1.497353
1.496884
1.497841
1.514459
1.502457
1.483847
1.507091
1.493197
1.496408
1.489890
1.503668
1.498342
1.508754
1.508416
1.512799
1.494021
1.497786
1.515340
1.502871
1.503565
1.501918
1.511127
1.504016
1.493751
1.516049
1.491630
1.504485
1.494943
1.510338
1.494287
1.526555
1.498468
1.495524
1.490107
1.509779
1.490219
1.495979
1.500889
1.494195
1.495396
1.500787
1.499180
1.497098
1.499651
1.497416
1.519315
1.500477
1.483662
1.509850
1.505283
1.502910
1.484035
1.497514
1.521159
1.497105
1.494218
1.499778
1.493998
1.512252
1.499630
1.495627
1.521561
1.484542
1.507686
1.499531
1.495924
1.492317
1.516675
1.494088
1.501036
1.526450
1.489725
1.499330
1.506709
1.500442
1.492141
1.501493
1.503073
1.499728
1.504631
1.484653
1.501481
1.511081
1.505082
1.497736
1.489026
1.517632
1.487471
1.482992
1.500863
1.495657
1.509612
1.497888
1.485797
1.498387
1.494210
1.489565
1.491909
1.499117
1.493109
1.494975
1.515762
1.498133
1.503369
1.514162
1.508055
1.486565
1.496803
1.496322
1.484270
1.503024
1.500545
1.502079
1.506588
1.490205
1.502642
1.518271
1.511143
1.506587
1.524265
1.508850
1.499166
1.477761
1.483188
1.503289
1.496331
1.505283
1.500366
1.490951
1.502646
1.483058
1.510839
1.485638
1.475874
1.493901
1.502027
1.490088
1.493433
1.493434
1.497472
1.497013
1.491987
1.486498
1.499430
1.520658
1.501170
1.483436
1.490870
1.493206
1.497887
1.512473
1.517507
1.494213
1.488150
1.487916
1.489270
1.480680
1.520265
1.489284
1.482141
1.488541
1.495115
1.481503
1.499842
1.495943
1.499268
1.498936
1.491217
1.501953
1.495112
1.487500
1.513230
1.498575
1.500545
1.495833
1.501731
1.487790
1.494763
1.483608
1.486490
1.494280
1.484027
1.483503
1.522130
1.483523
1.485988
1.502564
1.495234
1.496345
1.510689
1.491680
1.506409
1.479745
1.482621
1.503386
1.483700
1.483795
1.481454
1.500169
1.513545
1.498385
1.509341
1.486221
1.495349
1.482090
1.484878
1.491476
1.477686
1.504863
1.501816
1.482296
1.502615
1.495076
1.491419
1.492874
1.505907
1.501094
1.491547
1.493323
1.503502
1.491671
1.484329
1.494239
1.485199
1.512717
1.509881
1.505014
1.501133
1.483090
1.488323
1.487118
1.489185
1.493546
1.503488
1.474007
1.489195
1.487826
1.486906
1.478926
1.496500
1.490456
1.487314
1.484313
1.475527
1.487803
