2.305193
2.301600
2.300537
2.283532
2.290839
2.280072
2.259669
2.253221
2.234657
2.224514
2.085888
2.113130
2.041027
2.022631
1.924044
1.967633
1.959310
1.921578
1.843614
1.911504
1.803738
1.812923
1.779530
1.864254
1.773534
1.749552
1.788956
1.833614
1.726677
1.675806
1.662392
1.695265
1.689311
1.689126
1.633161
1.656058
1.654727
1.694705
1.676905
1.661898
1.649912
1.645335
1.627496
1.604962
1.626686
1.631446
1.654760
1.696999
1.647185
1.652096
1.613170
1.613496
1.610160
1.618944
1.627507
1.629340
1.635134
1.641159
1.585506
1.618545
1.653513
1.684894
1.650198
1.629697
1.619531
1.617523
1.614288
1.581415
1.577790
1.598499
1.609695
1.577211
1.599333
1.629239
1.571630
1.558666
1.615912
1.580763
1.612359
1.601881
1.608162
1.615142
1.600459
1.598730
1.562510
1.573271
1.568545
1.544453
1.543679
1.537531
1.564518
1.561934
1.568294
1.554576
1.539713
1.528434
1.545922
1.549717
1.524336
1.524136
1.542087
1.557187
1.550708
1.525337
1.501280
1.517371
1.554606
1.538883
1.525807
1.532013
1.544990
1.551614
1.518259
1.512450
1.553238
1.527714
1.526239
1.501816
1.525968
1.501021
1.510277
1.522039
1.521467
1.535823
1.525846
1.532157
1.516183
1.524314
1.537215
1.503593
1.530955
1.516728
1.529759
1.496781
1.538036
1.526624
1.507002
1.518793
1.515060
1.519039
1.506235
1.510470
1.510996
1.529228
1.535881
1.526757
1.498258
1.524679
1.533779
1.496803
1.542537
1.521088
1.505368
1.518706
1.515686
1.508860
1.496983
1.513910
1.506068
1.510260
1.536169
1.506670
1.506303
1.507561
1.505576
1.496490
1.502742
1.495765
1.512837
1.497895
1.511761
1.505442
1.509726
1.503001
1.507010
1.500778
1.508788
1.505419
1.503589
1.528938
1.511880
1.507392
1.492299
1.510936
1.513719
1.520142
1.509310
1.504820
1.493204
1.513192
1.506637
1.498802
1.499511
1.491609
1.497059
1.504195
1.515866
1.509037
1.489575
1.493532
1.507810
1.510991
1.502424
1.518551
1.495209
1.499211
1.503479
1.517985
1.499493
1.486387
1.506576
1.491905
1.494648
1.515385
1.498276
1.529280
1.491459
1.499279
1.507916
1.507025
1.490163
1.496433
1.517908
1.501743
1.507589
1.487712
1.506480
1.502147
1.497871
1.490372
1.502503
1.484784
1.513574
1.517508
1.492287
1.498555
1.498527
1.519058
1.485390
1.475332
1.518681
1.504406
1.496140
1.491614
1.494809
1.520289
1.509554
1.487889
1.512498
1.492090
1.494817
1.486728
1.495113
1.494665
1.494608
1.480807
1.499457
1.479409
1.510908
1.498324
1.505268
1.504109
1.492437
1.485153
1.524607
1.497576
1.492337
1.495759
1.497623
1.501176
1.491111
1.489061
1.509670
1.487491
1.502586
1.485270
1.479799
1.522591
1.500139
1.496049
1.498487
1.497790
1.497044
1.486651
1.488923
1.482698
1.480796
1.482041
1.482231
1.492530
1.482533
1.479530
1.506664
1.482852
1.488081
1.499640
1.486677
1.482912
1.481904
1.478653
1.501114
1.489714
1.486905
1.522820
1.516425
1.490066
1.509045
1.488828
1.485092
1.504578
1.487853
1.486448
1.498708
1.505084
1.490168
1.500967
1.494433
1.475532
1.493009
1.500816
1.484860
1.478475
1.488074
1.490442
1.493359
1.490964
1.493887
1.473408
1.492757
1.495996
1.503832
1.484598
1.500248
1.485141
1.487333
1.480752
1.501586
1.499028
1.494157
1.492510
1.491456
1.478656
1.474196
1.501295
1.489316
1.493474
1.507427
1.476970
1.478159
1.487065
1.483481
1.501476
1.493608
1.489094
1.481632
1.503898
1.495754
1.482336
1.477927
1.469966
1.490779
1.487072
1.488032
1.497723
1.495995
1.483663
1.477735
1.495144
1.487093
1.490131
1.483865
1.495559
1.486926
1.497038
1.474378
1.491159
1.484576
1.491079
1.487525
1.473196
1.490151
1.481523
1.497044
1.470284
1.494668
1.482820
1.498838
1.484572
1.479587
1.485942
1.481623
1.496453
1.479990
1.487093
1.489894
1.491580
1.488320
1.475695
1.483714
1.480972
1.485146
1.481126
1.491639
1.483045
1.493884
1.487891
1.495416
1.473174
1.486286
1.499128
1.481122
1.479448
1.480803
1.479977
1.504694
1.483259
1.472161
1.475892
1.480389
1.484983
1.484478
1.476448
1.483340
1.490562
1.481144
1.487625
1.482175
1.500815
1.500153
1.482895
1.496868
1.479742
1.494999
1.479704
1.482345
1.500031
1.476427
1.476613
1.496971
1.466645
1.473176
1.476410
1.480000
1.494695
1.492157
1.489733
1.487374
1.484017
1.493969
1.474155
1.483189
1.494308
1.478863
1.484200
1.492590
1.475721
1.482832
1.478644
1.479515
1.475616
1.479739
1.491555
1.468227
1.497357
1.512309
1.476666
1.472234
1.489050
1.486211
1.489793
1.470433
1.475036
1.472651
1.500500
1.480511
1.478020
1.469881
1.495658
1.483861
1.503628
1.491609
1.486354
1.477398
1.484065
1.493945
1.485561
1.477547
1.479173
1.489722
1.489988
1.484199
1.487114
1.475646
1.479806
1.489497
1.474697
1.485361
1.479458
1.474221
1.483883
