2.294678
2.296134
2.283721
2.261852
2.231858
2.245664
2.199927
2.167120
2.155207
2.132974
2.115978
2.034262
1.914959
1.865886
1.836114
1.811512
1.784022
1.858119
1.842605
1.780632
1.754443
1.766986
1.671568
1.675830
1.690964
1.655174
1.710294
1.673176
1.716776
1.654233
1.669247
1.664253
1.613356
1.623605
1.630689
1.581704
1.614158
1.606165
1.619713
1.576792
1.600755
1.608395
1.588840
1.580511
1.570792
1.631249
1.565891
1.596878
1.538932
1.585927
1.593121
1.574279
1.560843
1.582187
1.560532
1.607511
1.560620
1.551630
1.580877
1.564429
1.560133
1.567838
1.577564
1.568371
1.553854
1.561142
1.567024
1.526717
1.556896
1.549870
1.575076
1.560224
1.545223
1.560507
1.583996
1.552057
1.568257
1.577877
1.575962
1.553042
1.547615
1.557128
1.549922
1.574896
1.527060
1.540106
1.537839
1.538231
1.544235
1.552954
1.554543
1.539503
1.554332
1.557062
1.548076
1.529282
1.568792
1.542637
1.538445
1.534681
1.547240
1.526884
1.533872
1.514184
1.536144
1.551485
1.539040
1.540148
1.547462
1.521203
1.527071
1.524590
1.526502
1.529910
1.518391
1.529343
1.531358
1.521440
1.535860
1.521243
1.538316
1.558386
1.544188
1.517861
1.531184
1.558228
1.511774
1.509504
1.557095
1.511295
1.516972
1.536169
1.517823
1.523908
1.514845
1.529736
1.537265
1.524365
1.527697
1.507647
1.527734
1.517669
1.511028
1.538530
1.521025
1.540030
1.521744
1.508569
1.527678
1.522120
1.524772
1.526619
1.520012
1.522680
1.519893
1.535392
1.550501
1.533548
1.522930
1.516519
1.512137
1.499426
1.503393
1.512141
1.521553
1.519488
1.507491
1.509488
1.510244
1.519108
1.508665
1.506281
1.518163
1.522143
1.534370
1.500640
1.519248
1.504520
1.512526
1.548226
1.519748
1.521627
1.513964
1.525324
1.523330
1.537606
1.510088
1.510006
1.503904
1.523708
1.495485
1.513721
1.512654
1.505239
1.508521
1.513457
1.504264
1.499124
1.484095
1.515038
1.510754
1.509714
1.524591
1.508699
1.501243
1.517013
1.505513
1.514810
1.530452
1.524339
1.518121
1.506775
1.525822
1.501878
1.504245
1.506128
1.504081
1.515482
1.489521
1.494215
1.517008
1.536872
1.543238
1.515470
1.529750
1.504304
1.501670
1.522684
1.497967
1.498488
1.512832
1.503542
1.508714
1.498592
1.523847
1.511438
1.510303
1.526026
1.502576
1.513098
1.504701
1.500263
1.517010
1.507529
1.499762
1.491706
1.508782
1.510334
1.498470
1.511581
1.508034
1.521385
1.517214
1.509306
1.515759
1.493973
1.495617
1.511052
1.510343
1.511684
1.504687
1.509943
1.509672
1.504336
1.498252
1.514598
1.508634
1.502977
1.494438
1.497274
1.525179
1.505051
1.494195
1.500387
1.522889
1.521037
1.501613
1.505917
1.507475
1.498789
1.506963
1.501423
1.500265
1.493168
1.506987
1.496014
1.511394
1.496764
1.509848
1.500971
1.490354
1.505276
1.488923
1.517400
1.497021
1.496868
1.510227
1.513191
1.496496
1.517481
1.519687
1.495291
1.503436
1.482255
1.513955
1.495076
1.512462
1.490817
1.524948
1.500694
1.526942
1.503873
1.486504
1.498395
1.494867
1.516954
1.500805
1.501886
1.493196
1.488861
1.487196
1.498625
1.501261
1.514714
1.503887
1.489490
1.503712
1.495757
1.509607
1.505441
1.494067
1.499448
1.491903
1.502255
1.494656
1.490793
1.500667
1.502039
1.498424
1.492171
1.495606
1.491710
1.497522
1.483557
1.502672
1.505811
1.492333
1.491241
1.504956
1.497916
1.498138
1.515934
1.498379
1.523440
1.488910
1.500435
1.498723
1.504466
1.495322
1.498376
1.505381
1.488273
1.494310
1.491282
1.488778
1.497902
1.516618
1.504300
1.491210
1.489964
1.504707
1.485080
1.507409
1.498605
1.508155
1.513693
1.505050
1.483462
1.493914
1.484114
1.487866
1.495580
1.506037
1.497885
1.495564
1.518644
1.500835
1.505180
1.487510
1.485408
1.485539
1.483749
1.501255
1.490677
1.496155
1.495285
1.502556
1.512355
1.492417
1.501249
1.495333
1.495477
1.496249
1.499943
1.483800
1.489213
1.490431
1.485983
1.492336
1.485699
1.502061
1.517656
1.517869
1.498309
1.486990
1.490406
1.500716
1.491915
1.486029
1.483047
1.485652
1.490574
1.498915
1.490844
1.515344
1.503196
1.485990
1.498765
1.502954
1.494194
1.489864
1.518532
1.493581
1.485603
1.491549
1.501625
1.478190
1.495128
1.500359
1.488399
1.484463
1.493180
1.487849
1.491403
1.498824
1.480913
1.498082
1.490923
1.485651
1.495113
1.492779
1.498784
1.494703
1.491207
1.481882
1.494145
1.487999
1.479310
1.492159
1.483254
1.512247
1.508965
1.499782
1.496458
1.491258
1.485946
1.492801
1.500433
1.487848
1.482038
1.493450
1.488887
1.487199
1.496293
1.508816
1.487998
1.483652
1.505723
1.483416
1.499388
1.491955
1.478591
1.493492
1.494192
1.490291
1.486914
1.483861
1.483831
1.487212
1.490641
1.488193
1.487594
1.498051
1.482587
1.485934
1.483500
1.492074
1.482759
1.501537
1.488065
