2.308777
2.309767
2.307516
2.306577
2.308896
2.310635
2.307461
2.307878
2.307040
2.309275
2.308166
2.310546
2.312144
2.308434
2.313261
2.314739
2.317978
2.320216
2.310905
2.308591
2.319353
2.303205
2.293630
2.278191
2.254958
2.232393
2.215177
2.205941
2.179852
2.151870
2.107709
2.062584
2.043802
2.036839
1.995878
1.947869
1.932512
1.919504
1.917505
1.902659
1.872326
1.841120
1.824892
1.827250
1.811312
1.824224
1.815472
1.786888
1.802939
1.800765
1.777979
1.797023
1.745157
1.766099
1.757689
1.777465
1.751801
1.738283
1.760115
1.739974
1.748043
1.782082
1.739332
1.749393
1.737722
1.731999
1.740071
1.758973
1.725333
1.733019
1.735838
1.697797
1.753102
1.715253
1.736351
1.708705
1.713673
1.722997
1.724586
1.751146
1.728050
1.724300
1.735432
1.721496
1.706636
1.740157
1.722644
1.706130
1.705299
1.699771
1.729391
1.732513
1.713735
1.713921
1.718008
1.718147
1.733375
1.704149
1.700735
1.700152
1.762150
1.698201
1.736017
1.699752
1.691868
1.721371
1.711439
1.696362
1.680637
1.717967
1.722378
1.705289
1.676542
1.679917
1.716753
1.691763
1.671108
1.699931
1.674398
1.684286
1.683856
1.693657
1.715944
1.690678
1.717620
1.699032
1.667655
1.681638
1.689820
1.663404
1.663637
1.669140
1.683144
1.693523
1.670051
1.667508
1.660039
1.658358
1.660612
1.677629
1.664999
1.694960
1.680200
1.670520
1.685696
1.665643
1.653191
1.661790
1.632910
1.609221
1.640700
1.646532
1.670991
1.623418
1.628809
1.666264
1.644357
1.665598
1.663459
1.668982
1.660902
1.654150
1.655270
1.639979
1.617024
1.649759
1.621382
1.604098
1.650802
1.599271
1.648641
1.631719
1.617649
1.631433
1.682259
1.639976
1.670192
1.600616
1.631040
1.602536
1.611217
1.621028
1.606064
1.608382
1.641720
1.635476
1.632144
1.615271
1.666641
1.604968
1.590953
1.604086
1.622445
1.632472
1.608487
1.590600
1.645330
1.649112
1.597022
1.585751
1.628058
1.586298
1.606116
1.610811
1.627004
1.620949
1.624197
1.635139
1.572267
1.598659
1.570733
1.584340
1.605950
1.594675
1.585976
1.599078
1.632036
1.599775
1.628858
1.609201
1.616649
1.570135
1.568759
1.571456
1.597469
1.586033
1.579346
1.580346
1.595602
1.554560
1.616426
1.603685
1.596309
1.559965
1.579874
1.589350
1.580399
1.601358
1.577856
1.587473
1.604024
1.559383
1.575306
1.565150
1.572041
1.569808
1.612864
1.553891
1.632343
1.573474
1.569729
1.619872
1.593336
1.620455
1.566988
1.606267
1.583113
1.563848
1.564617
1.572914
1.570817
1.561565
1.585700
1.588494
1.576664
1.594324
1.618171
1.595634
1.553494
1.583469
1.581490
1.575136
1.571688
1.556254
1.577615
1.552425
1.573959
1.568964
1.588380
1.578325
1.548404
1.569445
1.601772
1.581682
1.564336
1.556229
1.570264
1.562268
1.544274
1.555849
1.543851
1.583667
1.580307
1.571386
1.589201
1.571163
1.555467
1.573857
1.574459
1.575344
1.538438
1.556606
1.539361
1.565733
1.570350
1.555583
1.547879
1.565390
1.570656
1.540347
1.569882
1.557656
1.587936
1.560715
1.573724
1.585140
1.547228
1.575405
1.543539
1.526096
1.551131
1.562095
1.573754
1.558169
1.544044
1.584500
1.579043
1.562953
1.551829
1.558567
1.554451
1.538258
1.524146
1.569585
1.542502
1.553841
1.549757
1.551772
1.579771
1.543518
1.537404
1.527371
1.557949
1.550494
1.527787
1.555811
1.575100
1.544154
1.539939
1.587335
1.560188
1.532441
1.545683
1.575566
1.549368
1.561632
1.538657
1.545707
1.539845
1.556220
1.571306
1.549976
1.543318
1.562272
1.553474
1.549849
1.521875
1.534891
1.539848
1.526580
1.577242
1.543673
1.570507
1.536241
1.554942
1.555947
1.542594
1.559296
1.542320
1.502731
1.524349
1.537695
1.529603
1.525431
1.530921
1.560141
1.569197
1.558998
1.549984
1.539075
1.554142
1.543115
1.549101
1.548044
1.538019
1.529701
1.514013
1.546342
1.543751
1.537376
1.570575
1.539230
1.541732
1.528266
1.523023
1.565590
1.515582
1.527075
1.551167
1.542389
1.528459
1.559548
1.565644
1.545384
1.566601
1.548706
1.530932
1.505863
1.539775
1.527017
1.522345
1.545215
1.539283
1.521321
1.544684
1.544658
1.516562
1.501678
1.546324
1.532197
1.532517
1.549328
1.535450
1.554456
1.528000
1.517780
1.538867
1.524832
1.562980
1.548239
1.555863
1.551587
1.552685
1.521471
1.540311
1.525008
1.527248
1.530661
1.537366
1.522824
1.558558
1.512635
1.521657
1.521860
1.521004
1.567175
1.532584
1.525587
1.523453
1.514896
1.530616
1.532797
1.589086
1.523921
1.556934
1.523728
1.535322
1.537302
1.530806
1.508025
1.511499
1.529915
1.519279
1.542496
1.540715
1.537158
1.530354
1.554432
1.509458
1.512775
1.525998
1.513258
1.548219
1.507331
1.532387
1.515574
1.516223
1.526105
1.563320
1.533018
1.536467
1.535236
1.544327
1.515906
1.521959
1.553711
1.530657
1.517156
1.509267
1.525226
