2.303349
2.283583
2.245599
2.151991
2.155511
2.158692
2.152478
2.186441
2.257778
2.249094
2.243508
2.262632
2.203280
2.220340
2.274017
2.290947
2.262377
2.294427
2.257197
2.313051
2.265803
2.250640
2.267689
2.252573
2.259804
2.260756
2.260823
2.275480
2.260122
2.268192
2.260371
2.260371
2.252912
2.276118
2.236751
2.260724
2.292333
2.330457
2.237287
2.260670
2.268482
2.299787
2.283985
2.268183
2.252626
2.291798
2.283994
2.260670
2.283935
2.276350
2.276295
2.244854
2.276349
2.252735
2.291975
2.268305
2.268537
2.252912
2.277236
2.284162
2.260371
2.252803
2.284107
2.276294
2.260725
2.284107
2.276294
2.268482
2.276240
2.275941
2.244923
2.276349
2.275941
2.268537
2.276173
2.284053
2.276350
2.283699
2.268482
2.268306
2.268360
2.276172
2.268306
2.260670
2.252912
2.268537
2.307600
2.268537
2.260725
2.276350
2.284162
2.252857
2.291861
2.291743
2.291567
2.299565
2.291975
2.284162
2.252912
2.284766
2.268360
2.260670
2.244686
2.237608
2.284162
2.260611
2.276173
2.260725
2.260725
2.260670
2.245100
2.252681
2.276009
2.284053
2.268537
2.252681
2.252912
2.276349
2.323170
2.276236
2.276186
2.276172
2.260670
2.275946
2.269141
2.268482
2.260725
2.260371
2.268537
2.268537
2.268360
2.260670
2.260670
2.260615
2.291974
2.268482
2.284161
2.284107
2.260725
2.253288
2.291861
2.291798
2.276186
2.268114
2.260670
2.276064
2.268537
2.268536
2.284053
2.244746
2.252799
2.299433
2.260725
2.237287
2.252912
2.268306
2.291920
2.284107
2.260557
2.252857
2.245100
2.276350
2.275996
2.276295
2.284107
2.260611
2.268424
2.276435
2.252681
2.299732
2.276104
2.268537
2.307600
2.252857
2.268537
2.276350
2.252912
2.268537
2.268428
2.260615
2.268537
2.307368
2.260493
2.268360
2.260670
2.299610
2.260493
2.283931
2.299678
2.253305
2.252799
2.268060
2.260724
2.276118
2.260725
2.276350
2.252735
2.244986
2.268482
2.268251
2.252912
2.260371
2.260311
2.284766
2.244923
2.276350
2.268537
2.260670
2.268482
2.307600
2.276294
2.284538
2.260439
2.260725
2.276005
2.252803
2.284162
2.276295
2.299787
2.283767
2.260725
2.268536
2.284162
2.299678
2.268360
2.299610
2.284049
2.252912
2.260725
2.276236
2.284107
2.260670
2.276294
2.260479
2.260725
2.268482
2.268537
2.284107
2.252912
2.291975
2.276953
2.276068
2.307545
2.276349
2.252558
2.276295
2.260424
2.260611
2.245045
2.291798
2.275887
2.276127
2.291920
2.291975
2.252681
2.276294
2.268537
2.276435
2.260493
2.299379
2.268360
2.268537
2.252912
2.260493
2.245100
2.252912
2.291975
2.299787
2.291798
2.260725
2.245100
2.268428
2.283985
2.260380
2.275996
2.268482
2.268360
2.260725
2.260371
2.284162
2.268537
2.291975
2.244744
2.252803
2.268306
2.276294
2.252857
2.291807
2.284049
2.299674
2.253516
2.276295
2.260311
2.245045
2.252735
2.268360
2.260615
2.276725
2.260725
2.291807
2.299556
2.252857
2.284053
2.252912
2.268360
2.252558
2.237064
2.284162
2.315357
2.268482
2.268482
2.276350
2.284162
2.244854
2.276350
2.276240
2.284162
2.276240
2.283985
2.284107
2.284049
2.260725
2.260370
2.268360
2.261100
2.315299
2.267807
2.252803
2.260439
2.292289
2.276295
2.291920
2.237287
2.268482
2.252912
2.244868
2.260670
2.260670
2.268536
2.268360
2.291861
2.268310
2.268482
2.276294
2.252799
2.315412
2.260247
2.268482
2.276350
2.276294
2.260725
2.260611
2.323170
2.260557
2.291975
2.268913
2.276173
2.276295
2.268306
2.284107
2.260557
2.244923
2.260725
2.268482
2.291975
2.276172
2.283876
2.252612
2.245359
2.276350
2.283876
2.252912
2.260725
2.252803
2.284161
2.244923
2.260348
2.267894
2.284107
2.284053
2.260724
2.276349
2.276295
2.276236
2.268537
2.291743
2.245100
2.284107
2.323225
2.268360
2.245100
2.244868
2.276182
2.260725
2.260670
2.260615
2.283754
2.268537
2.283817
2.260725
2.268482
2.268127
2.275941
2.292415
2.268428
2.268482
2.291975
2.252269
2.268537
2.276294
2.252799
2.252857
2.283594
2.268764
2.283871
2.299787
2.252912
2.237287
2.252622
2.291621
2.260670
2.291920
2.268537
2.276349
2.268178
2.276240
2.276063
2.260548
2.276295
2.244799
2.307600
2.252735
2.253139
2.268537
2.252622
2.252735
2.307600
2.244809
2.268537
2.268482
2.276182
2.268215
2.268537
2.261274
2.284162
2.252449
2.291920
2.260725
2.276131
2.276064
2.268537
2.268537
2.291920
2.268360
2.276295
2.299787
2.253179
2.276059
2.284162
2.252681
2.276295
2.276240
2.299610
2.252681
2.268373
2.252912
2.276173
2.260548
2.276350
2.268536
2.299732
2.268482
2.268482
2.268482
2.315235
2.237056
2.276173
2.276182
2.283916
2.291920
2.252477
2.276349
2.244622
2.252912
2.284107
2.292402
2.268482
2.276350
2.268319
2.260371
2.252912
2.276349
2.260548
2.268537
2.260403
2.283786
2.276295
2.252799
2.268537
2.244923
