2.309076
2.301230
2.276603
2.262523
2.256427
2.283056
2.330180
2.337509
2.437471
2.481377
2.371286
2.182427
2.140568
2.047886
2.001754
2.012443
2.063294
2.048523
1.983050
1.968987
1.988618
1.999301
2.031730
2.044788
2.043013
2.000652
2.002743
2.002161
2.053618
2.131163
2.167508
2.127462
2.066586
1.984165
1.927717
1.931077
1.933594
1.902816
1.909192
1.898020
1.900658
1.908155
1.903281
1.888287
1.975642
2.172526
2.174919
2.240241
2.138319
2.125850
1.996970
1.949019
1.971697
1.863942
1.881658
1.912709
1.902283
1.857146
1.823906
1.858466
1.830959
1.821756
1.814776
1.823266
1.840915
1.840418
1.884149
1.905321
1.925280
1.934351
1.969393
1.995533
1.942237
1.953202
1.994903
1.946293
1.915228
1.939993
1.917529
1.898692
1.917139
1.894370
1.853221
1.858484
1.893687
1.851011
1.884066
1.826705
1.821290
1.822102
1.832281
1.864547
1.849392
1.841393
1.830834
1.861044
1.873606
1.837377
1.873320
1.821356
1.821682
1.793511
1.817598
1.787050
1.815343
1.808821
1.817122
1.818596
1.834006
1.818993
1.847885
1.813784
1.789027
1.817673
1.792962
1.793151
1.813285
1.805006
1.811932
1.801456
1.793949
1.785420
1.777964
1.809270
1.795807
1.805670
1.824443
1.817400
1.830779
1.778326
1.790737
1.759337
1.784664
1.785875
1.806847
1.799461
1.841590
1.813466
1.776704
1.770938
1.783792
1.776792
1.806480
1.776428
1.802131
1.802423
1.776467
1.763485
1.786152
1.793455
1.754377
1.744784
1.781162
1.805742
1.775165
1.761868
1.758149
1.766120
1.753304
1.793418
1.770291
1.764120
1.762334
1.760633
1.765909
1.773421
1.753204
1.773437
1.752815
1.796079
1.851671
1.800394
1.772830
1.780693
1.753306
1.729272
1.763720
1.850032
1.911558
1.868387
1.853757
1.802402
1.839935
1.752105
1.758549
1.770274
1.766509
1.753107
1.776311
1.757198
1.779667
1.782795
1.802485
1.750850
1.761650
1.762226
1.717059
1.754532
1.761994
1.741852
1.799628
1.758234
1.745691
1.752200
1.713927
1.709498
1.780136
1.791899
1.813785
1.779724
1.749400
1.728891
1.774228
1.737325
1.736316
1.725491
1.714037
1.739766
1.724601
1.723072
1.724626
1.771506
1.738171
1.724249
1.758480
1.713912
1.709235
1.689065
1.723345
1.722582
1.687714
1.683162
1.699350
1.700743
1.701046
1.728228
1.728961
1.739937
1.731574
1.707137
1.776939
1.722160
1.663867
1.645492
1.645563
1.640709
1.631531
1.658015
1.654255
1.696659
1.668935
1.654390
1.642787
1.585400
1.665300
1.685670
1.701117
1.725136
1.707120
1.693468
1.694681
1.705789
1.734736
1.685655
1.637684
1.577351
1.587694
1.589619
1.571990
1.596267
1.600436
1.604633
1.610259
1.605443
1.590136
1.618299
1.563748
1.573238
1.571113
1.572995
1.554541
1.574965
1.562039
1.562850
1.580670
1.574501
1.568882
1.568381
1.570193
1.563436
1.560751
1.593565
1.564212
1.554461
1.578552
1.599896
1.536919
1.563234
1.566096
1.581658
1.605775
1.615380
1.588254
1.576751
1.564474
1.543119
1.563745
1.568208
1.600326
1.590998
1.594205
1.597947
1.588957
1.566974
1.564831
1.579195
1.554060
1.568362
1.538000
1.536281
1.559034
1.577199
1.548842
1.610028
1.600856
1.601252
1.574783
1.535874
1.532944
1.569050
1.520076
1.521988
1.568931
1.560998
1.586761
1.575562
1.596336
1.580881
1.589448
1.588263
1.552408
1.544206
1.567991
1.528850
1.546135
1.530436
1.549320
1.558098
1.552577
1.577087
1.583645
1.575775
1.549057
1.556728
1.542488
1.534944
1.523886
1.540584
1.546427
1.542351
1.552905
1.563296
1.583764
1.573968
1.556691
1.520462
1.534580
1.527493
1.552795
1.546591
1.563280
1.567702
1.544208
1.566687
1.543067
1.552057
1.541796
1.526259
1.533711
1.540573
1.561425
1.591895
1.571159
1.550268
1.539588
1.548738
1.525960
1.557755
1.537735
1.563904
1.557885
1.552388
1.539651
1.566270
1.565327
1.559059
1.552124
1.546078
1.547904
1.562785
1.556472
1.591103
1.555391
1.545372
1.531074
1.536414
1.555935
1.552888
1.540475
1.528813
1.551471
1.523560
1.548884
1.522623
1.547697
1.596186
1.566525
1.550059
1.544291
1.542046
1.546267
1.539613
1.554440
1.570375
1.562348
1.523111
1.561315
1.558507
1.521657
1.552394
1.571573
1.562954
1.554559
1.580852
1.554999
1.574717
1.534699
1.542203
1.547052
1.573737
1.556279
1.556261
1.551886
1.556925
1.579403
1.543348
1.569019
1.586997
1.557721
1.553879
1.558638
1.590819
1.576652
1.582107
1.565630
1.557787
1.563197
1.584397
1.547515
1.563314
1.554455
1.594373
1.590089
1.585551
1.524629
1.532277
1.574594
1.574458
1.573765
1.587995
1.585754
1.541972
1.536120
1.548620
1.552614
1.542486
1.547735
1.521184
1.602467
1.571945
1.586058
1.558826
1.524724
1.537765
1.588296
1.567265
1.538545
1.530231
1.542058
1.575088
1.556445
1.523857
1.539110
1.543785
1.554277
1.543775
1.539063
1.550132
1.552540
1.574061
