2.308388
2.307702
2.314463
2.327146
2.325844
2.345583
2.345374
2.312350
2.304208
2.272153
2.212239
2.177610
2.186154
2.152563
2.131120
2.131255
2.112440
2.198151
2.211561
2.219717
2.257551
2.247929
2.749251
2.932285
2.950401
2.899769
2.801121
2.230046
2.660285
2.964329
2.988973
2.935116
2.720630
2.911687
2.279887
2.857471
2.932757
2.919644
2.884874
2.860295
2.872403
2.857945
2.852526
2.829123
2.816659
2.771643
2.700489
2.655030
2.664976
2.689037
2.723542
2.721820
2.710458
2.710392
2.665445
2.647189
2.585283
2.552148
2.464059
2.446915
2.394061
2.396891
2.356780
2.379417
2.393492
2.370255
2.438952
2.446438
2.474166
2.483336
2.480382
2.516987
2.483585
2.478953
2.412477
2.355152
2.337029
2.304575
2.240572
2.355725
2.280657
2.322903
2.301380
2.279187
2.283248
2.316783
2.315820
2.367301
2.297219
2.297061
2.272761
2.318028
2.248527
2.277811
2.303054
2.264016
2.276182
2.310876
2.258140
2.292122
2.271492
2.226807
2.209729
2.288197
2.288285
2.293655
2.236863
2.250207
2.284181
2.212306
2.212897
2.208348
2.240403
2.231272
2.248001
2.180021
2.261425
2.228590
2.204439
2.259338
2.224790
2.183345
2.210194
2.148954
2.164060
2.188644
2.141570
2.207341
2.152145
2.139682
2.170436
2.174528
2.198913
2.222417
2.190216
2.228128
2.212358
2.183916
2.193829
2.158984
2.122280
2.130530
2.053192
2.056443
2.052400
1.993896
2.002419
1.990676
1.978950
1.995083
2.011600
2.036597
2.039872
2.062566
2.128663
2.140566
2.137279
2.108470
2.081748
2.031956
1.926628
1.890566
1.859634
1.790830
1.803376
1.795427
1.802130
1.788530
1.796383
1.796276
1.797763
1.802814
1.830387
1.856876
1.894226
1.929111
1.906150
1.902851
1.845595
1.847943
1.821620
1.793601
1.781643
1.791740
1.801980
1.804387
1.856049
1.932649
1.969984
1.893054
1.846491
1.832960
1.812407
1.838040
1.823878
1.862545
1.860734
1.862820
1.843037
1.797702
1.746284
1.758973
1.761111
1.765191
1.791466
1.788910
1.788213
1.752682
1.750570
1.720029
1.748517
1.759124
1.741775
1.766837
1.784569
1.750866
1.739544
1.716833
1.718371
1.691543
1.689357
1.691915
1.663885
1.661712
1.671830
1.660371
1.675569
1.659746
1.702713
1.711011
1.772372
1.771062
1.768360
1.723690
1.720959
1.708354
1.695563
1.698893
1.678829
1.681844
1.684976
1.695582
1.695603
1.695727
1.690837
1.694369
1.692217
1.705513
1.731475
1.711008
1.761735
1.753124
1.712826
1.739012
1.732045
1.764582
1.728301
1.734284
1.689230
1.718220
1.708568
1.718034
1.681749
1.692779
1.673986
1.688269
1.685598
1.700882
1.690194
1.688470
1.678612
1.692155
1.698681
1.685414
1.704670
1.678758
1.694934
1.704763
1.686691
1.689871
1.691955
1.683463
1.677421
1.693336
1.683147
1.678945
1.676653
1.672326
1.681639
1.704297
1.692035
1.686070
1.692213
1.680629
1.683504
1.708213
1.703622
1.681081
1.669250
1.675217
1.664537
1.676155
1.658553
1.653278
1.685608
1.676662
1.668601
1.663462
1.665592
1.672927
1.681591
1.670993
1.688381
1.668380
1.689193
1.671283
1.685541
1.667148
1.670444
1.661579
1.660041
1.672321
1.666622
1.669022
1.676318
1.657809
1.674417
1.676930
1.662433
1.667359
1.660980
1.664351
1.682341
1.657020
1.650846
1.658558
1.648440
1.648262
1.656488
1.658587
1.642754
1.661842
1.671885
1.653891
1.649754
1.656067
1.637633
1.654106
1.671046
1.647053
1.640651
1.662081
1.656208
1.644318
1.662269
1.670047
1.666002
1.653813
1.643202
1.658273
1.641670
1.671145
1.654040
1.668483
1.660904
1.649573
1.663424
1.651469
1.660369
1.650827
1.636682
1.644821
1.651703
1.653009
1.637195
1.648303
1.646842
1.643822
1.665738
1.666005
1.627861
1.650240
1.658078
1.647504
1.635176
1.652636
1.640468
1.648135
1.635526
1.655457
1.648745
1.638080
1.643768
1.640410
1.647789
1.650250
1.658965
1.632659
1.626098
1.639455
1.645881
1.660101
1.648456
1.657903
1.637010
1.650236
1.641625
1.638229
1.664808
1.639705
1.652404
1.646055
1.632164
1.643706
1.669358
1.647784
1.650283
1.679505
1.644126
1.638273
1.638134
1.651622
1.641276
1.651200
1.618867
1.607773
1.587726
1.581377
1.569854
1.562354
1.573239
1.563597
1.552834
1.582380
1.554201
1.562455
1.566861
1.536435
1.535906
1.535993
1.543851
1.524801
1.519858
1.490890
1.497609
1.493189
1.497772
1.483660
1.528704
1.513071
1.527915
1.556799
1.559627
1.555318
1.567856
1.595819
1.624497
1.620582
1.616442
1.626968
1.620590
1.586667
1.541609
1.511552
1.548338
1.558975
1.593229
1.588556
1.577602
1.616884
1.649405
1.654041
1.633930
1.637749
1.646462
1.652413
1.634579
1.631420
1.626166
1.627780
1.635942
1.666830
1.693085
1.683026
1.768731
1.786610
1.776702
1.765423
1.766580
1.748825
1.739773
1.752379
1.736614
1.727741
1.735325
1.738159
1.754758
1.745199
1.780064
1.814718
