2.317847
2.289280
2.274174
2.276008
2.221595
2.175881
2.102928
2.212739
1.957994
1.935578
1.886291
1.807424
1.799469
1.768938
1.732907
1.646459
1.703863
1.665022
1.671704
1.701679
1.663080
1.651812
1.663615
1.664376
1.648105
1.672570
1.646243
1.647579
1.624980
1.630891
1.580285
1.624419
1.667804
1.634188
1.629360
1.628012
1.621458
1.588522
1.670657
1.569124
1.649189
1.573398
1.643820
1.579289
1.604997
1.610988
1.612883
1.637123
1.660602
1.609839
1.643002
1.583538
1.605810
1.578188
1.577942
1.582052
1.611750
1.569104
1.571380
1.542536
1.558602
1.515189
1.524914
1.583058
1.505658
1.532745
1.536594
1.498668
1.527852
1.528094
1.511055
1.532144
1.514462
1.511438
1.511826
1.563378
1.507233
1.514346
1.512316
1.508779
1.519126
1.521036
1.497798
1.511305
1.509501
1.494324
1.506903
1.508920
1.520808
1.496757
1.503057
1.500959
1.502925
1.505999
1.535055
1.498570
1.494296
1.500504
1.498856
1.501076
1.487436
1.488334
1.514531
1.498200
1.502420
1.513037
1.495408
1.506303
1.490134
1.491899
1.502727
1.495455
1.512503
1.506778
1.492360
1.505790
1.485402
1.491873
1.509306
1.486583
1.497303
1.470778
1.502485
1.499629
1.497307
1.525050
1.510046
1.495772
1.492729
1.489241
1.487827
1.480495
1.495468
1.488426
1.489624
1.497371
1.489361
1.487921
1.483707
1.489380
1.491519
1.495277
1.503144
1.510003
1.489814
1.480400
1.482964
1.493909
1.470767
1.481781
1.512270
1.511186
1.487063
1.489535
1.480352
1.495142
1.497783
1.488270
1.485263
1.491109
1.493541
1.484640
1.483235
1.501255
1.483495
1.496763
1.487878
1.503477
1.500922
1.480688
1.484868
1.488875
1.477610
1.487391
1.482667
1.474638
1.480785
1.489939
1.480833
1.494303
1.487475
1.495250
1.479862
1.496540
1.469131
1.471847
1.489007
1.474290
1.489503
1.524164
1.494636
1.495651
1.480844
1.498938
1.491805
1.484100
1.475657
1.489991
1.475370
1.474200
1.491620
1.499104
1.480242
1.473952
1.475401
1.478045
1.484696
1.482513
1.487191
1.486189
1.490382
1.474728
1.484874
1.479809
1.478385
1.477805
1.496627
1.489545
1.478274
1.493479
1.487527
1.469158
1.489769
1.476091
1.478152
1.488284
1.485671
1.481699
1.492183
1.485650
1.479403
1.487243
1.479942
1.474558
1.494487
1.489574
1.468557
1.493401
1.479708
1.477877
1.479815
1.475229
1.492067
1.470298
1.487230
1.472082
1.476638
1.473367
1.480104
1.483036
1.490193
1.482372
1.472055
1.475819
1.483388
1.473478
1.487090
1.490060
1.472427
1.485079
1.492639
1.477780
1.480959
1.472810
1.477409
1.486490
1.477794
1.475929
1.475763
1.481167
1.482840
1.480987
1.480169
1.471545
1.482589
1.492335
1.477276
1.494963
1.476656
1.481464
1.471861
1.476416
1.474547
1.486197
1.481044
1.473322
1.468613
1.468103
1.489974
1.471688
1.477643
1.481599
1.496206
1.485211
1.478030
1.486188
1.472378
1.480964
1.471219
1.481130
1.489268
1.477738
1.479034
1.481861
1.484591
1.471285
1.472802
1.487562
1.477665
1.474770
1.471506
1.466059
1.476496
1.482366
1.482503
1.474430
1.484937
1.478122
1.471617
1.479054
1.494187
1.475727
1.477623
1.480061
1.476805
1.476951
1.477011
1.491544
1.480301
1.488423
1.472858
1.470602
1.477097
1.492251
1.478179
1.477058
1.476977
1.470826
1.471830
1.471561
1.475454
1.492385
1.475588
1.467919
1.470521
1.469171
1.482706
1.466437
1.486076
1.468209
1.489771
1.481701
1.477749
1.469845
1.504740
1.477394
1.480166
1.465724
1.475263
1.474540
1.472874
1.468057
1.478947
1.473092
1.469585
1.480829
1.469549
1.473513
1.486668
1.483552
1.482429
1.468155
1.483189
1.465397
1.485232
1.482198
1.468538
1.473050
1.480487
1.474186
1.480897
1.477463
1.480533
1.469053
1.474038
1.475003
1.477144
1.471218
1.469420
1.465226
1.464242
1.475072
1.469247
1.488389
1.483760
1.464933
1.471622
1.487778
1.468111
1.472240
1.466153
1.490028
1.472819
1.474578
1.475233
1.477651
1.474522
1.486432
1.482382
1.490187
1.472347
1.476475
1.470021
1.476907
1.471600
1.466511
1.468268
1.473508
1.475600
1.487108
1.478686
1.465212
1.471857
1.482465
1.465551
1.468989
1.469620
1.474982
1.469393
1.486240
1.477234
1.473245
1.471196
1.472840
1.464419
1.466633
1.469048
1.473402
1.463798
1.467091
1.493056
1.485860
1.469482
1.467770
1.477677
1.477792
1.467513
1.474642
1.473977
1.467034
1.479225
1.477892
1.475314
1.463986
1.472396
1.468142
1.465464
1.472592
1.482563
1.470034
1.475084
1.476199
1.480614
1.474232
1.482642
1.478996
1.481310
1.467747
1.470565
1.473946
1.468041
1.471872
1.466824
1.481079
1.469806
1.470612
1.467481
1.479165
1.473587
1.475527
1.476416
1.472914
1.466219
1.481969
1.466146
1.470628
1.469989
1.478800
1.473473
1.468214
1.465623
1.466230
1.467625
1.478914
1.466926
1.476385
1.475103
1.467942
1.471867
1.474789
