2.302495
2.301149
2.302533
2.303345
2.301590
2.302492
2.295563
2.294980
2.282327
2.289728
2.285711
2.293995
2.284519
2.283391
2.278408
2.263849
2.258739
2.268748
2.258991
2.243092
2.233365
2.245252
2.226367
2.218446
2.219054
2.217778
2.191835
2.182046
2.192345
2.222985
2.181357
2.143025
2.131373
2.128918
2.131151
2.120532
2.131915
2.074735
2.092671
2.073651
2.043046
2.059712
2.029743
2.009179
1.998735
1.990553
1.990505
1.976270
1.963061
1.932518
1.934039
1.970298
1.877149
1.868654
1.882071
1.876628
1.842012
1.823862
1.831985
1.825896
1.887909
1.800716
1.799519
1.816896
1.795049
1.802651
1.811217
1.769512
1.799170
1.785300
1.741763
1.758855
1.745169
1.760356
1.763046
1.724792
1.796443
1.755989
1.750740
1.711826
1.707577
1.717310
1.731710
1.706523
1.720633
1.728524
1.745308
1.745195
1.741953
1.734300
1.699810
1.693123
1.704463
1.695984
1.686714
1.663662
1.716456
1.680544
1.712233
1.689344
1.696387
1.705889
1.657579
1.727846
1.737317
1.699944
1.655546
1.682357
1.667937
1.703543
1.675610
1.664974
1.709344
1.672491
1.684898
1.670617
1.657840
1.660378
1.682066
1.675493
1.651909
1.653223
1.663157
1.683604
1.685404
1.666074
1.674080
1.653096
1.661407
1.650470
1.676252
1.676512
1.661808
1.630310
1.666224
1.626645
1.637700
1.667914
1.676885
1.657879
1.652058
1.636327
1.640661
1.636072
1.665184
1.641092
1.647776
1.626562
1.612734
1.659297
1.650797
1.642097
1.645201
1.637077
1.654857
1.643837
1.639446
1.635175
1.622944
1.621756
1.612568
1.623901
1.635704
1.601935
1.612615
1.634625
1.625863
1.628065
1.619557
1.640745
1.633001
1.609034
1.656797
1.635467
1.582111
1.618254
1.625139
1.582186
1.656580
1.618502
1.659196
1.595151
1.642860
1.648118
1.626068
1.620244
1.608049
1.625493
1.612527
1.601093
1.611440
1.625997
1.677348
1.613559
1.586631
1.624090
1.607357
1.620729
1.586555
1.613203
1.583787
1.602993
1.596610
1.621657
1.619518
1.589323
1.625528
1.571903
1.617833
1.598355
1.604111
1.594897
1.591080
1.602442
1.594998
1.619683
1.595191
1.616313
1.587215
1.610985
1.603817
1.594245
1.635219
1.603748
1.589235
1.617192
1.614086
1.601822
1.564498
1.605701
1.563268
1.596779
1.609956
1.584354
1.609290
1.601149
1.612133
1.599580
1.614050
1.585283
1.609096
1.612978
1.596302
1.564866
1.590958
1.592516
1.614737
1.614108
1.601296
1.599707
1.603531
1.613334
1.598055
1.602645
1.563388
1.589424
1.598481
1.583344
1.572205
1.592759
1.567926
1.587400
1.602217
1.568306
1.563184
1.575532
1.568818
1.567770
1.591171
1.562449
1.588352
1.597809
1.614378
1.615470
1.593102
1.591090
1.568609
1.610117
1.597345
1.548709
1.606113
1.563626
1.589989
1.590477
1.589766
1.572091
1.585530
1.562075
1.589545
1.582285
1.565926
1.569964
1.571339
1.567806
1.558807
1.609573
1.573712
1.559809
1.588331
1.563343
1.573821
1.594544
1.552664
1.556232
1.542040
1.581166
1.595182
1.568132
1.570141
1.596217
1.536701
1.589253
1.604148
1.574443
1.555953
1.570386
1.539828
1.599339
1.573982
1.570029
1.554821
1.563040
1.552704
1.569494
1.563483
1.575720
1.589820
1.542625
1.552301
1.586401
1.567964
1.604825
1.567386
1.584592
1.578580
1.550294
1.568009
1.578696
1.563589
1.580568
1.564264
1.566358
1.556297
1.536903
1.552997
1.561402
1.572806
1.546189
1.573504
1.559062
1.534878
1.568437
1.577932
1.577763
1.587159
1.565290
1.545764
1.559772
1.566091
1.622455
1.578057
1.567549
1.559114
1.569701
1.573625
1.563454
1.549404
1.548841
1.551371
1.549578
1.556795
1.584225
1.558556
1.549599
1.560907
1.540089
1.585366
1.571586
1.594359
1.540480
1.546105
1.554064
1.555987
1.585765
1.545269
1.561671
1.544001
1.584161
1.573432
1.569662
1.541185
1.541191
1.554279
1.555896
1.541642
1.587317
1.571818
1.561343
1.561220
1.589170
1.530776
1.550228
1.579051
1.552830
1.531316
1.565900
1.563839
1.570994
1.560614
1.557153
1.546407
1.528479
1.596002
1.567512
1.526327
1.543167
1.561477
1.545634
1.543462
1.534586
1.542327
1.552849
1.547222
1.566639
1.555576
1.574511
1.550269
1.549021
1.546536
1.541615
1.576831
1.559092
1.553303
1.571564
1.553732
1.548208
1.559608
1.564034
1.537486
1.580922
1.521375
1.579053
1.546810
1.523285
1.562380
1.568432
1.541989
1.554608
1.568496
1.573152
1.530520
1.535989
1.562589
1.569385
1.542795
1.538293
1.573831
1.551315
1.545565
1.556503
1.562274
1.541469
1.533836
1.549172
1.554707
1.532051
1.549456
1.559138
1.545219
1.554906
1.519706
1.557068
1.522523
1.568412
1.573269
1.553670
1.588015
1.551488
1.528193
1.556639
1.528132
1.556147
1.547504
1.542048
1.553922
1.522420
1.557365
1.548306
1.547113
1.543759
1.540365
1.528703
1.545157
1.538711
1.537778
1.532399
1.542912
1.558651
1.530839
1.549605
