2.303562
2.302712
2.300647
2.300452
2.294733
2.291311
2.286634
2.286748
2.283634
2.286902
2.286405
2.286487
2.264883
2.242763
2.269120
2.245867
2.232284
2.236987
2.201334
2.209929
2.220764
2.206365
2.181392
2.185647
2.169327
2.136588
2.101057
2.117355
2.129749
2.080767
2.051586
2.076794
2.022807
1.998232
1.978555
1.943822
1.989144
1.856273
1.897408
1.870670
1.832595
1.837600
1.868346
1.847783
1.781665
1.785915
1.776755
1.796073
1.749695
1.773150
1.774187
1.772644
1.736876
1.704611
1.733136
1.742668
1.733139
1.725475
1.740510
1.704632
1.686073
1.717559
1.730135
1.696662
1.721164
1.719199
1.721574
1.707116
1.689989
1.730999
1.661317
1.671928
1.681191
1.690210
1.677518
1.681677
1.636195
1.656605
1.663464
1.653808
1.657898
1.672953
1.656925
1.673450
1.647725
1.653017
1.669348
1.663556
1.699038
1.642909
1.646413
1.630973
1.640817
1.655889
1.667329
1.666178
1.658867
1.654664
1.640289
1.670409
1.646631
1.641234
1.642707
1.652624
1.618241
1.637417
1.637482
1.617611
1.619184
1.630783
1.646598
1.618456
1.611095
1.588427
1.628022
1.635746
1.620937
1.617515
1.612013
1.625865
1.618122
1.621683
1.597298
1.606372
1.596804
1.580811
1.607696
1.606701
1.599809
1.629431
1.615841
1.599480
1.597542
1.590071
1.598639
1.588915
1.599818
1.606419
1.638918
1.654881
1.614164
1.625273
1.578298
1.596814
1.592911
1.633837
1.600321
1.606492
1.629222
1.578796
1.603828
1.610560
1.573849
1.595208
1.587378
1.618516
1.581614
1.634781
1.573791
1.626671
1.612498
1.591288
1.586691
1.621927
1.600863
1.556894
1.608608
1.619190
1.562958
1.599941
1.608320
1.583351
1.592245
1.573001
1.569846
1.601694
1.584742
1.590331
1.575536
1.547714
1.566292
1.580922
1.582826
1.589092
1.596560
1.572577
1.567214
1.589384
1.558982
1.565260
1.555621
1.598735
1.565559
1.545620
1.552674
1.599974
1.573819
1.579814
1.583688
1.582831
1.583863
1.602951
1.587877
1.556377
1.570510
1.574292
1.576445
1.551862
1.601670
1.571657
1.567571
1.550429
1.587642
1.568361
1.570029
1.599660
1.566059
1.568764
1.569528
1.575940
1.583137
1.556642
1.581012
1.532498
1.569595
1.568254
1.600377
1.607387
1.540525
1.557334
1.556841
1.591830
1.561668
1.583279
1.579980
1.571408
1.539621
1.537440
1.546778
1.581641
1.561996
1.560003
1.568010
1.559897
1.550859
1.593094
1.572601
1.550535
1.554469
1.544057
1.582661
1.569718
1.584688
1.596720
1.589594
1.553175
1.572765
1.544891
1.572549
1.562774
1.542924
1.571214
1.547626
1.560741
1.554471
1.555748
1.537096
1.544883
1.583305
1.564212
1.565354
1.578912
1.573001
1.564601
1.555448
1.585277
1.578187
1.560283
1.541144
1.558362
1.570853
1.558671
1.546654
1.559828
1.555320
1.565634
1.540785
1.551138
1.538032
1.564189
1.544581
1.541215
1.553766
1.561180
1.574885
1.572477
1.541104
1.541313
1.547878
1.537922
1.585202
1.554561
1.523556
1.579073
1.551331
1.562598
1.513119
1.541683
1.564692
1.559292
1.554626
1.554622
1.548915
1.582999
1.531257
1.557667
1.579350
1.541683
1.552422
1.563715
1.540870
1.529389
1.557973
1.534478
1.562499
1.596302
1.542609
1.534663
1.540965
1.542080
1.532382
1.539288
1.554999
1.540644
1.580253
1.527203
1.553880
1.570954
1.557113
1.555984
1.539540
1.597141
1.519947
1.522300
1.534341
1.529193
1.573914
1.519144
1.529734
1.558386
1.550829
1.533568
1.542280
1.548250
1.554012
1.553859
1.586636
1.547253
1.545433
1.570106
1.552408
1.526839
1.551626
1.554923
1.537785
1.533469
1.536772
1.561038
1.537288
1.532834
1.570400
1.600372
1.544651
1.559691
1.570472
1.557718
1.540577
1.542040
1.541659
1.553042
1.545336
1.538462
1.541371
1.559427
1.547457
1.519406
1.557576
1.525418
1.508674
1.562798
1.544851
1.557479
1.535833
1.535021
1.549685
1.540850
1.546749
1.531576
1.541756
1.561982
1.550552
1.514782
1.520758
1.529287
1.547293
1.561494
1.558008
1.527576
1.546231
1.543564
1.555427
1.542604
1.591938
1.532221
1.527006
1.528645
1.550035
1.563066
1.570505
1.532255
1.533968
1.550796
1.528276
1.555251
1.550872
1.519477
1.537796
1.525883
1.533407
1.548898
1.543940
1.531123
1.540140
1.531452
1.534927
1.550745
1.531597
1.523759
1.567500
1.522577
1.507864
1.559338
1.550975
1.531199
1.556194
1.515710
1.532356
1.533073
1.541581
1.564500
1.516195
1.538404
1.524835
1.540381
1.550123
1.541733
1.584238
1.528898
1.532899
1.515319
1.521127
1.542428
1.523626
1.559943
1.550633
1.527102
1.556809
1.530648
1.524886
1.526536
1.533191
1.545340
1.537169
1.555460
1.551061
1.533659
1.535075
1.538918
1.536359
1.560808
1.570410
1.540219
1.523372
1.516727
1.516828
1.521883
1.526839
1.514784
1.556214
1.508583
1.525615
1.543136
1.504708
1.513448
1.548567
1.532543
1.530071
1.531149
1.526491
1.535103
