2.311923
2.300422
2.278285
2.268226
2.279278
2.261282
2.152251
2.148271
2.093908
2.016533
1.867524
1.889145
1.842944
1.806509
1.749420
1.715843
1.702710
1.688872
1.675667
1.669706
1.651688
1.639392
1.617604
1.619866
1.616133
1.634685
1.578050
1.599684
1.578078
1.600358
1.620353
1.557571
1.561202
1.562812
1.562807
1.572149
1.574663
1.550203
1.580193
1.549912
1.550658
1.563177
1.564761
1.557956
1.544407
1.556228
1.555194
1.549588
1.541547
1.552283
1.531616
1.551786
1.532356
1.525347
1.543880
1.519328
1.530509
1.523443
1.529119
1.504622
1.550919
1.515767
1.532120
1.549383
1.539007
1.534670
1.541710
1.542499
1.539570
1.520753
1.511059
1.536623
1.513518
1.528033
1.524749
1.511305
1.544104
1.537477
1.515277
1.485240
1.508421
1.509240
1.515509
1.487789
1.511585
1.495487
1.536691
1.525048
1.526523
1.516563
1.501198
1.496958
1.512406
1.515836
1.500908
1.482750
1.515542
1.487170
1.520665
1.507396
1.507382
1.501837
1.503583
1.513207
1.553130
1.516566
1.485250
1.488719
1.495776
1.504875
1.487835
1.491330
1.517185
1.496566
1.494152
1.493172
1.494496
1.503876
1.496969
1.488180
1.489505
1.504522
1.508792
1.517819
1.510867
1.504211
1.514180
1.491746
1.486023
1.497018
1.516074
1.506099
1.500606
1.491760
1.486819
1.487606
1.497257
1.529240
1.509859
1.497973
1.486407
1.494208
1.485337
1.504126
1.503184
1.487941
1.489708
1.508608
1.477064
1.501529
1.498741
1.501020
1.508430
1.500666
1.524652
1.492497
1.510586
1.497270
1.490786
1.501193
1.482002
1.477320
1.491035
1.482420
1.495329
1.502506
1.491887
1.513965
1.478860
1.493705
1.483547
1.486616
1.500838
1.494566
1.475839
1.484364
1.489636
1.473776
1.508018
1.491774
1.498606
1.478175
1.499103
1.502166
1.496873
1.483851
1.509776
1.490442
1.481395
1.497978
1.484958
1.485413
1.489780
1.491583
1.491778
1.493020
1.501119
1.493692
1.490396
1.482561
1.473301
1.487026
1.493376
1.492787
1.483970
1.480555
1.495496
1.479633
1.495222
1.495940
1.491625
1.496852
1.479296
1.479069
1.478223
1.503820
1.486834
1.489347
1.484994
1.492795
1.478928
1.490899
1.500300
1.489027
1.489595
1.494529
1.497852
1.480305
1.476241
1.489232
1.470454
1.495274
1.494183
1.489023
1.492188
1.491718
1.488577
1.482201
1.494199
1.477804
1.498674
1.505334
1.478221
1.484319
1.474555
1.483367
1.493049
1.487025
1.481944
1.498063
1.494183
1.485947
1.486806
1.487262
1.475847
1.489641
1.484893
1.478930
1.485192
1.483058
1.474404
1.475592
1.485935
1.471353
1.477409
1.479427
1.489878
1.490056
1.476756
1.473613
1.496236
1.479130
1.485509
1.493754
1.486016
1.471956
1.471194
1.488531
1.486860
1.480749
1.504092
1.476863
1.482786
1.485776
1.476441
1.498566
1.478620
1.485988
1.481854
1.488005
1.479782
1.484139
1.483489
1.483806
1.473711
1.478202
1.474998
1.477706
1.478601
1.479731
1.491720
1.487144
1.469542
1.484386
1.475280
1.483731
1.476895
1.480130
1.481615
1.491523
1.475848
1.486620
1.473813
1.479768
1.479289
1.470231
1.477746
1.486154
1.486343
1.494107
1.473740
1.485613
1.466834
1.479705
1.476355
1.477404
1.480369
1.478834
1.479930
1.497705
1.473257
1.502346
1.489031
1.477841
1.483572
1.473912
1.476248
1.476415
1.481798
1.470013
1.481341
1.480761
1.486401
1.472340
1.478426
1.485036
1.501887
1.475367
1.485710
1.480213
1.471980
1.469277
1.484144
1.488316
1.476638
1.489293
1.475787
1.472661
1.482273
1.481580
1.481138
1.473812
1.481401
1.491009
1.473973
1.482355
1.468370
1.473320
1.475140
1.478661
1.480059
1.474220
1.472145
1.482052
1.483836
1.471972
1.484269
1.473696
1.485213
1.466834
1.468967
1.475975
1.476635
1.482017
1.480780
1.479750
1.468425
1.485393
1.481157
1.484901
1.470300
1.483929
1.484442
1.472342
1.477231
1.485580
1.474374
1.483280
1.472722
1.507031
1.469547
1.474365
1.472472
1.474342
1.470966
1.476371
1.486700
1.475148
1.483542
1.479273
1.480155
1.475000
1.486951
1.480533
1.470909
1.481766
1.472503
1.474137
1.466079
1.469624
1.468312
1.478706
1.478823
1.479450
1.471988
1.477932
1.476817
1.474165
1.468752
1.475019
1.488114
1.483000
1.489290
1.482601
1.476758
1.474997
1.494782
1.483305
1.471235
1.479797
1.474194
1.482238
1.473362
1.476073
1.473526
1.484403
1.468034
1.471926
1.485047
1.475201
1.482106
1.480446
1.469101
1.486555
1.485861
1.477073
1.483345
1.478492
1.469072
1.476860
1.481013
1.478297
1.481942
1.476795
1.471515
1.474639
1.466020
1.477522
1.475293
1.473381
1.465069
1.472255
1.470508
1.477259
1.483601
1.485979
1.490119
1.481346
1.473697
1.467613
1.475795
1.479058
1.475506
1.477394
1.484437
1.472823
1.473332
1.481505
1.472170
1.470555
1.469367
1.466433
1.478931
1.486079
1.479478
1.476816
1.470812
1.474967
1.478144
1.469540
