2.256276
2.260398
2.249712
2.235775
2.237952
2.215987
2.210782
2.195631
2.190516
2.197899
2.168820
2.137388
2.119788
2.107447
2.106040
2.097075
1.980425
1.968167
1.965798
1.811475
1.755581
1.666419
1.524413
1.532487
1.323247
1.197474
1.267659
1.146970
0.981436
0.950268
0.967515
0.693798
0.512147
0.494320
0.477808
0.443217
0.268000
0.443015
0.532700
0.377032
0.356304
0.246180
0.332493
0.487791
0.378897
0.384290
0.290925
0.287001
0.335569
0.359502
0.242221
0.385301
0.231552
0.186460
0.240660
0.176898
0.256029
0.055293
0.326776
0.124713
0.164310
0.334329
0.182409
0.219080
0.290961
0.189093
0.242865
0.295724
0.183857
0.169577
0.368149
0.260247
0.136893
0.266809
0.179264
0.164064
0.208802
0.195394
0.170144
0.256365
0.095579
0.252765
0.175846
0.147772
0.266986
0.282835
0.123842
0.168173
0.163945
0.121682
0.318088
0.116141
0.067228
0.088806
0.176663
0.166939
0.257219
0.306219
0.143538
0.248527
0.097991
0.220133
0.141170
0.166028
0.104474
0.160419
0.124407
0.157147
0.162233
0.273701
0.197154
0.219315
0.037852
0.037530
0.120219
0.115790
0.092734
0.112397
0.176361
0.075834
0.185815
0.177407
0.182108
0.152330
0.205555
0.183958
0.066080
0.165422
0.071966
0.097318
0.140796
0.153635
0.254969
0.070382
0.089576
0.069860
0.115535
0.143732
0.128775
0.093671
0.273322
0.073390
0.120698
0.222401
0.101894
0.040109
0.065383
0.191206
0.161231
0.109494
0.115678
0.082177
0.172447
0.150116
0.094338
0.075495
0.087949
0.208647
0.075479
0.173013
0.128444
0.093541
0.046809
0.144240
0.088145
0.159705
0.120732
0.044907
0.239144
0.079697
0.127509
0.101975
0.034558
0.038575
0.077081
0.107751
0.163164
0.161965
0.053338
0.114394
0.064385
0.048681
0.138362
0.108805
0.084118
0.069226
0.107833
0.045114
0.174509
0.139335
0.073924
0.078859
0.109813
0.114485
0.100987
0.187920
0.045343
0.063718
0.108876
0.052992
0.119984
0.068673
0.087779
0.030543
0.151414
0.109458
0.099778
0.110300
0.101280
0.117784
0.096536
0.055623
0.130973
0.090430
0.108382
0.159319
0.124058
0.040915
0.038532
0.033860
0.044346
0.138808
0.108365
0.104491
0.105454
0.056248
0.134506
0.058964
0.060702
0.057729
0.050395
0.062455
0.089494
0.090240
0.054395
0.091469
0.140919
0.152502
0.051632
0.041969
0.127875
0.063744
0.154597
0.121638
0.089064
0.048181
0.054697
0.053895
0.059390
0.144390
0.057232
0.104361
0.057253
0.056406
0.137624
0.039344
0.135792
0.044714
0.088034
0.071050
0.057336
0.057266
0.176045
0.073439
0.071062
0.051062
0.092489
0.127930
0.059999
0.060681
0.043522
0.068551
0.174422
0.085375
0.106116
0.035926
0.054795
0.106032
0.137534
0.019010
0.072088
0.049991
0.124311
0.040917
0.026090
0.045383
0.034390
0.025623
0.039789
0.023008
0.063540
0.019262
0.081184
0.236544
0.107256
0.102079
0.128116
0.072094
0.063147
0.044586
0.116867
0.031215
0.061868
0.039079
0.103415
0.026693
0.028902
0.086585
0.080993
0.052115
0.049403
0.070970
0.197580
0.060000
0.088478
0.099064
0.041380
0.076919
0.108190
0.038554
0.077958
0.068644
0.089088
0.033106
0.039504
0.048509
0.033068
0.112177
0.167229
0.027918
0.117948
0.063631
0.066879
0.086003
0.054000
0.083488
0.071024
0.058735
0.011875
0.032916
0.011873
0.011229
0.028772
0.057712
0.042215
0.026304
0.060664
0.055093
0.015647
0.075053
0.060858
0.100155
0.079766
0.018636
0.032390
0.021074
0.024591
0.049238
0.024096
0.075058
0.092222
0.070024
0.063848
0.026363
0.064009
0.052496
0.065014
0.070674
0.033315
0.130254
0.037428
0.048231
0.056533
0.173710
0.050223
0.069311
0.123309
0.028750
0.100320
0.015203
0.055388
0.096144
0.075869
0.055786
0.062344
0.057800
0.012920
0.052115
0.020140
0.074131
0.053786
0.098119
0.037853
0.043677
0.035384
0.055221
0.026432
0.040959
0.039703
0.034682
0.063501
0.059667
0.058297
0.039656
0.039331
0.024059
0.036251
0.146610
0.068642
0.166257
0.014569
0.054395
0.021885
0.123980
0.046288
0.042871
0.071268
0.014723
0.057058
0.013960
0.046994
0.060274
0.026762
0.063301
0.032511
0.069837
0.043169
0.100680
0.038695
0.047356
0.020767
0.029110
0.082802
0.051434
0.046043
0.033497
0.079548
0.082678
0.074225
0.052869
0.056287
0.065160
0.038339
0.026543
0.088458
0.051897
0.066046
0.017797
0.075876
0.012342
0.073504
0.029599
0.024979
0.125235
0.044855
0.020221
0.038815
0.028670
0.020837
0.030869
0.029218
0.066793
0.120382
0.034121
0.063836
0.037406
0.045807
0.017286
0.054744
0.027676
0.129564
0.055741
0.024870
0.019899
0.049128
0.058514
0.013332
0.089177
0.022945
0.017143
0.064393
0.017665
0.092021
0.066971
0.038747
0.083697
0.082173
0.111530
0.053618
0.017477
0.042468
0.023026
0.006922
0.018970
0.015167
0.105198
0.052234
0.022826
0.036386
0.023953
