2.303827
2.304451
2.302289
2.303012
2.297341
2.300461
2.303944
2.271415
2.284733
2.206832
2.226274
2.184325
2.117184
2.044036
1.960017
1.886420
1.867743
1.864097
1.801434
1.767991
1.735378
1.745458
1.714213
1.709674
1.679267
1.683802
1.653919
1.610592
1.679216
1.653170
1.620045
1.661112
1.674755
1.650567
1.630110
1.613872
1.593948
1.661648
1.603248
1.606742
1.585298
1.568186
1.597222
1.579546
1.634331
1.593762
1.650733
1.618979
1.588855
1.591973
1.564059
1.557031
1.603340
1.595996
1.632206
1.599542
1.569483
1.611544
1.559765
1.541352
1.561359
1.571876
1.587936
1.595868
1.573377
1.614824
1.586900
1.553439
1.583202
1.534494
1.576241
1.537432
1.607986
1.604374
1.619118
1.579749
1.552858
1.575529
1.576480
1.546932
1.547274
1.575413
1.573890
1.554361
1.536700
1.586818
1.568440
1.573491
1.578514
1.569736
1.559925
1.582390
1.549093
1.565057
1.584760
1.534315
1.588156
1.558475
1.560238
1.554418
1.524794
1.522958
1.580984
1.553953
1.525004
1.576895
1.582887
1.539739
1.544875
1.555433
1.558032
1.590006
1.546252
1.615685
1.548451
1.572620
1.543655
1.540898
1.532568
1.555914
1.577280
1.559677
1.551261
1.521404
1.560907
1.528993
1.553987
1.516289
1.548674
1.551214
1.572092
1.537230
1.573099
1.595392
1.544531
1.533740
1.529834
1.553571
1.523248
1.538338
1.542507
1.595957
1.577480
1.556475
1.578489
1.582355
1.543687
1.565185
1.579635
1.547254
1.537787
1.505095
1.541943
1.532820
1.554475
1.522607
1.499877
1.522890
1.544466
1.586144
1.544374
1.580274
1.583340
1.550084
1.565289
1.548330
1.530161
1.529758
1.536538
1.564668
1.560897
1.575939
1.558638
1.544829
1.532076
1.551541
1.551651
1.542108
1.561609
1.558406
1.530894
1.542735
1.564143
1.545625
1.548091
1.530862
1.528967
1.541079
1.522777
1.526035
1.572337
1.569856
1.542169
1.549439
1.519920
1.550793
1.563231
1.509615
1.554566
1.527007
1.538144
1.508456
1.532110
1.561233
1.570935
1.550586
1.510184
1.578156
1.520293
1.561389
1.525476
1.534688
1.531445
1.533519
1.577502
1.550059
1.524823
1.538303
1.528476
1.557297
1.515554
1.537900
1.506827
1.544046
1.556308
1.550780
1.548580
1.552309
1.535413
1.556486
1.550142
1.543870
1.543749
1.500211
1.537588
1.533335
1.510384
1.512604
1.531496
1.582321
1.540779
1.530995
1.552382
1.555192
1.540685
1.520025
1.551084
1.558040
1.530809
1.535426
1.533771
1.547562
1.552663
1.592917
1.547387
1.527254
1.509659
1.538018
1.518930
1.541460
1.553493
1.544254
1.532494
1.539328
1.544516
1.547231
1.526967
1.530636
1.517196
1.525177
1.563263
1.535181
1.538028
1.539723
1.516336
1.541398
1.516607
1.550913
1.531429
1.533785
1.546058
1.534204
1.561486
1.528798
1.543357
1.551207
1.537524
1.530303
1.516829
1.550177
1.549484
1.543783
1.523286
1.567905
1.541632
1.531963
1.549625
1.572545
1.544419
1.542279
1.549829
1.502999
1.511475
1.519315
1.581944
1.514121
1.571368
1.541376
1.533225
1.539091
1.522741
1.548381
1.516656
1.547290
1.533932
1.528442
1.527608
1.542691
1.534428
1.539865
1.529258
1.522699
1.534998
1.543663
1.555158
1.540865
1.546917
1.538924
1.526267
1.557974
1.542987
1.526431
1.546350
1.543250
1.526954
1.505279
1.521143
1.510641
1.537474
1.510345
1.539721
1.530870
1.555146
1.554990
1.496841
1.550735
1.532959
1.575776
1.549393
1.536007
1.496421
1.516034
1.529488
1.510576
1.550586
1.545930
1.543831
1.516551
1.549982
1.571644
1.523508
1.517005
1.529942
1.521503
1.529545
1.523428
1.521095
1.531434
1.532697
1.532443
1.590477
1.512258
1.546778
1.513490
1.516536
1.552977
1.508789
1.547243
1.540543
1.559223
1.525279
1.537841
1.500745
1.519508
1.516222
1.525540
1.573080
1.517396
1.506027
1.524438
1.550238
1.552031
1.556856
1.523147
1.514327
1.551931
1.561201
1.543128
1.553346
1.523900
1.539211
1.535141
1.527768
1.503710
1.534021
1.556154
1.540360
1.548638
1.508987
1.501388
1.540139
1.525860
1.550277
1.531313
1.534813
1.535681
1.522246
1.575731
1.564859
1.541822
1.549852
1.509878
1.547041
1.520627
1.544655
1.520635
1.500018
1.524156
1.499076
1.533716
1.535066
1.511119
1.538858
1.510966
1.515963
1.553428
1.534340
1.540189
1.554337
1.542920
1.539275
1.567885
1.556755
1.502045
1.528507
1.524940
1.527482
1.544513
1.520804
1.533969
1.521959
1.559619
1.513832
1.530072
1.527176
1.520614
1.542332
1.514273
1.528158
1.561007
1.512720
1.521558
1.543555
1.542745
1.525812
1.528118
1.558445
1.539930
1.511622
1.530022
1.517632
1.527558
1.555785
1.529984
1.562233
1.524588
1.533811
1.532025
1.534021
1.541391
1.515806
1.503114
1.518730
1.543170
1.539126
1.547433
1.498039
1.528130
1.529914
1.525546
1.512241
1.554331
1.524215
1.531807
1.524825
1.540222
1.538948
1.480899
1.523764
1.487482
