2.219969
2.245118
2.224958
2.233366
2.230330
2.235300
2.248888
2.266152
2.257399
2.268100
2.248666
2.223497
2.227694
2.222983
2.216610
2.157882
2.169488
2.138364
2.122372
2.093167
2.019349
2.012561
1.970263
1.946062
1.912804
1.847266
1.849278
1.902300
1.817828
1.831518
1.709711
1.677698
1.736649
1.725429
1.724820
1.689596
1.579306
1.617426
1.649315
1.609615
1.597349
1.523131
1.461220
1.462925
1.424818
1.266154
1.234556
1.185502
1.059112
1.123954
1.046483
0.969629
0.946744
0.890392
0.951973
1.032257
0.854551
0.939290
0.868126
0.773295
0.762539
0.723835
0.761797
0.625229
0.627681
0.630591
0.775452
0.742805
0.694626
0.652809
0.832431
0.566689
0.721441
0.827936
0.751069
1.321357
0.820888
1.187982
1.052409
0.890324
0.684492
0.562169
0.798975
0.663806
0.682253
0.850140
0.677454
0.823094
0.777643
0.826165
0.977273
0.720239
0.477498
0.973194
0.598626
0.444515
0.583821
0.768026
0.664449
0.877326
0.697709
0.857684
0.436272
0.722751
0.908221
0.643286
0.815241
0.520503
0.758314
0.555009
0.744155
0.487719
0.619336
0.700887
0.681555
0.454551
0.585074
0.826920
0.657849
1.360157
0.472286
0.881051
0.609746
0.328608
0.631682
0.685065
0.577181
0.730434
0.819662
0.647606
0.742387
0.794198
0.503262
0.625054
0.611896
0.603035
0.707663
0.658295
0.668780
0.818984
0.617606
0.871739
0.391536
0.672802
0.474785
0.627399
0.711203
0.763383
0.878538
0.425111
0.755299
0.782847
0.837611
0.427712
0.731627
0.699961
0.403398
0.985982
0.571287
0.601173
0.476565
0.339500
0.510179
0.315675
0.389661
0.522200
0.374582
0.345174
0.593550
0.531648
0.556891
0.424079
0.394102
0.501264
0.621225
0.527349
0.397956
0.452430
0.454170
0.306941
0.354088
0.439190
0.408295
0.377412
0.293833
0.359908
0.389668
0.534642
0.562051
0.567967
0.440817
0.779535
0.610689
0.315594
0.436706
0.460977
0.463341
0.655882
0.438511
0.481033
0.340279
0.420763
0.316796
0.356127
0.422379
0.320289
0.286644
0.391992
0.248466
0.368109
0.402859
0.398495
0.437549
0.269541
0.292862
0.294929
0.413451
0.588917
0.340938
0.493331
0.381652
0.439841
0.481070
0.430590
0.467795
0.353935
0.250539
0.468611
0.208921
0.287040
0.290471
0.274017
0.242656
0.352848
0.310159
0.479774
0.377712
0.327273
0.205338
0.293792
0.387473
0.242436
0.432016
0.433192
0.243039
0.304533
0.326244
0.258882
0.218012
0.415259
0.442111
0.258120
0.408666
0.301018
0.281365
0.330200
0.276489
0.229607
0.249943
0.378175
0.314750
0.363206
0.283609
0.306774
0.232805
0.414124
0.286792
0.313296
0.283472
0.232809
0.280893
0.206065
0.315423
0.219663
0.346986
0.192163
0.328339
0.164092
0.373940
0.228759
0.322079
0.373419
0.226583
0.320353
0.183593
0.240237
0.228561
0.125146
0.232484
0.192204
0.112150
0.202837
0.256030
0.327030
0.287325
0.247931
0.238937
0.318679
0.320718
0.253428
0.269206
0.234018
0.154489
0.309262
0.246894
0.270745
0.249139
0.254061
0.254670
0.141732
0.226087
0.174515
0.273110
0.254971
0.184873
0.208106
0.333983
0.210863
0.287243
0.220524
0.244561
0.256244
0.145682
0.164238
0.222930
0.188182
0.202952
0.161248
0.213314
0.128255
0.239384
0.269431
0.300685
0.291221
0.213894
0.157116
0.179984
0.218827
0.161448
0.228665
0.254493
0.092523
0.371632
0.242987
0.220305
0.259919
0.190562
0.209388
0.154345
0.319753
0.135492
0.166733
0.220739
0.221084
0.201242
0.076744
0.148565
0.259118
0.230996
0.174411
0.180751
0.159743
0.109104
0.151116
0.152435
0.158731
0.284571
0.197971
0.189364
0.189958
0.312207
0.200082
0.219157
0.338378
0.179641
0.136287
0.172992
0.107290
0.138413
0.234757
0.282029
0.236948
0.183816
0.090065
0.139843
0.186205
0.268558
0.174128
0.134113
0.235741
0.197839
0.256442
0.206292
0.171585
0.135383
0.213332
0.185572
0.144874
0.140494
0.099091
0.295462
0.109409
0.250406
0.166951
0.247212
0.168776
0.127348
0.128269
0.136091
0.119779
0.186521
0.197074
0.193125
0.152079
0.277240
0.124921
0.141592
0.147874
0.101616
0.133276
0.214292
0.294774
0.192761
0.202955
0.208925
0.094240
0.220597
0.237119
0.175986
0.126575
0.219612
0.331749
0.228011
0.205802
0.266984
0.162837
0.107532
0.258462
0.174834
0.126892
0.181312
0.084806
0.181385
0.196659
0.160389
0.122982
0.152395
0.104392
0.089931
0.125933
0.171400
0.330285
0.293616
0.132363
0.149334
0.133080
0.123652
0.233704
0.167981
0.154244
0.132485
0.162002
0.214005
0.091379
0.107003
0.103261
0.183021
0.111642
0.080712
0.172666
0.135663
0.138693
0.179002
0.270390
0.216780
0.091638
0.205282
0.184215
0.150952
0.208036
0.180043
0.136376
0.111970
0.193611
0.121793
0.193913
0.268952
0.263789
0.086159
0.089421
0.210028
0.154957
0.232198
0.286972
0.176131
0.190740
0.216668
0.120910
0.136863
0.205429
