2.301376
2.301001
2.304698
2.301769
2.300433
2.302616
2.286770
2.286361
2.290712
2.279872
2.285427
2.285874
2.280140
2.273137
2.280130
2.275609
2.266968
2.267228
2.256139
2.247486
2.254754
2.234245
2.239499
2.221031
2.228417
2.244528
2.210536
2.204583
2.197030
2.175325
2.184002
2.186465
2.153017
2.151082
2.141311
2.132613
2.109164
2.155750
2.121992
2.078919
2.094034
2.059593
2.028472
2.033269
2.030192
2.061115
2.017533
2.000966
2.025203
1.986295
1.953359
1.934315
1.938025
1.927672
1.920399
1.905293
1.901973
1.916205
1.913887
1.853019
1.852202
1.826540
1.816388
1.842572
1.867341
1.839629
1.805641
1.825608
1.804418
1.759318
1.768766
1.780411
1.784898
1.765557
1.798979
1.786963
1.761140
1.785494
1.758365
1.786050
1.745547
1.752367
1.742919
1.731225
1.761132
1.736226
1.739765
1.736739
1.732900
1.719969
1.708257
1.744724
1.716639
1.722657
1.729404
1.699716
1.709668
1.734318
1.691819
1.740216
1.733080
1.690251
1.708932
1.727672
1.709201
1.731055
1.687630
1.685023
1.676083
1.685053
1.692992
1.715325
1.732880
1.744901
1.690911
1.713169
1.707851
1.703512
1.724097
1.652830
1.675856
1.652902
1.684961
1.669841
1.683559
1.708602
1.703750
1.698394
1.679907
1.661815
1.661463
1.688537
1.687216
1.679471
1.678340
1.676948
1.677893
1.664105
1.658856
1.656596
1.704712
1.636347
1.659768
1.656245
1.632064
1.649932
1.642896
1.626113
1.685708
1.609987
1.677136
1.610937
1.656401
1.634712
1.654527
1.634478
1.643972
1.633936
1.666342
1.665635
1.641693
1.650051
1.642816
1.638188
1.652736
1.629611
1.627093
1.657531
1.608789
1.632429
1.643740
1.638804
1.659543
1.680902
1.632092
1.615987
1.619590
1.627308
1.629993
1.659459
1.639031
1.661429
1.639329
1.625755
1.620338
1.597127
1.632771
1.653418
1.637636
1.624647
1.626989
1.599720
1.619980
1.647531
1.607405
1.584330
1.647973
1.635468
1.608530
1.586420
1.628000
1.620361
1.593324
1.617294
1.621028
1.599568
1.647235
1.633245
1.635154
1.611789
1.619989
1.638182
1.602420
1.611340
1.608479
1.623896
1.608667
1.624393
1.600417
1.614820
1.603467
1.627122
1.605643
1.657485
1.615381
1.608158
1.625058
1.649211
1.591513
1.621254
1.611156
1.608443
1.612570
1.600297
1.601928
1.576886
1.598022
1.631875
1.650782
1.601174
1.627409
1.606609
1.588257
1.595469
1.609603
1.594710
1.601745
1.629439
1.603566
1.649440
1.595223
1.565327
1.596791
1.596857
1.624448
1.571241
1.601773
1.614874
1.609718
1.598599
1.599426
1.584136
1.586987
1.618743
1.593163
1.596062
1.597622
1.587369
1.610632
1.612307
1.634836
1.560075
1.592030
1.590003
1.580293
1.559970
1.632619
1.590380
1.589396
1.589921
1.598384
1.604599
1.587723
1.582529
1.547512
1.586885
1.607940
1.599008
1.596193
1.593431
1.625357
1.562949
1.595409
1.605374
1.601037
1.603389
1.599554
1.592547
1.588440
1.580653
1.549444
1.595405
1.583400
1.633653
1.593529
1.562391
1.584008
1.604763
1.599081
1.580947
1.569221
1.611788
1.580354
1.591616
1.589344
1.576429
1.595796
1.583295
1.581862
1.589985
1.579082
1.585962
1.568472
1.557136
1.566439
1.604396
1.576650
1.615077
1.565197
1.600980
1.594752
1.574281
1.599911
1.574956
1.586672
1.550841
1.580539
1.596205
1.544408
1.582584
1.585194
1.596931
1.596707
1.566449
1.555193
1.562652
1.565368
1.580911
1.581287
1.579733
1.559210
1.609182
1.586548
1.603776
1.586192
1.562950
1.605677
1.586371
1.601161
1.585949
1.575400
1.586460
1.551811
1.572458
1.593045
1.548476
1.557835
1.577000
1.551163
1.566453
1.577136
1.583769
1.559162
1.580294
1.562989
1.584744
1.597805
1.561210
1.580284
1.553669
1.555456
1.603593
1.572631
1.554469
1.577682
1.603320
1.545922
1.576901
1.567387
1.592527
1.569971
1.581960
1.542954
1.570833
1.550941
1.569102
1.537907
1.574857
1.562949
1.578450
1.552202
1.574560
1.590796
1.563649
1.628785
1.567510
1.584272
1.537671
1.549828
1.561460
1.541678
1.548173
1.600840
1.579574
1.584320
1.548018
1.585002
1.628218
1.580962
1.550408
1.550178
1.557095
1.544606
1.578443
1.548319
1.586061
1.573138
1.585630
1.586697
1.558670
1.559815
1.547049
1.563660
1.553432
1.579835
1.571772
1.579544
1.557554
1.559260
1.577748
1.555183
1.563591
1.574502
1.562214
1.560624
1.567771
1.563447
1.573180
1.556283
1.575295
1.572026
1.561341
1.558077
1.555271
1.587165
1.564083
1.554170
1.558619
1.558365
1.568937
1.563933
1.558223
1.554567
1.588861
1.553247
1.579514
1.535262
1.563112
1.554101
1.586043
1.550330
1.560648
1.581296
1.576842
1.565454
1.579608
1.584756
1.532700
1.543847
1.531390
1.572379
1.591464
1.555579
1.558642
1.540695
1.530470
1.572289
1.565487
1.576134
1.562452
1.561912
1.538659
1.559629
1.556720
1.541458
1.555682
1.558988
1.558446
1.568901
1.585950
