2.399968
2.389895
2.392862
2.382804
2.364988
2.364192
2.354186
2.332074
2.332539
2.325010
2.307488
2.306115
2.309542
2.295943
2.286458
2.287767
2.263989
2.205788
2.183495
2.137789
2.106155
2.095119
2.048652
2.023649
1.985075
1.959452
1.927383
1.924799
1.919633
1.917519
1.921242
1.899438
1.686013
1.459791
1.594609
3.601259
1.469083
307.310425
566.149292
2.265605
2.359144
2.461982
2.253324
2.283755
2.233094
2.236180
2.247192
2.248513
2.227752
2.242792
2.244901
2.244647
2.249765
2.252287
2.251364
2.248321
2.252649
2.251594
2.250346
2.251493
2.253709
2.252857
2.252118
2.251706
2.253505
2.252527
2.252285
2.252130
2.253575
2.253074
2.253237
2.253423
2.252991
2.252468
2.252424
2.252030
2.252117
2.252464
2.252536
2.251878
2.250938
2.250392
2.250067
2.248303
2.251405
2.248592
2.247382
2.245238
2.237890
2.239780
2.234196
2.228586
2.225179
2.222063
2.220600
2.219054
2.215293
2.214223
2.213019
2.210610
2.212451
2.211042
2.208583
2.214577
2.207711
2.221148
2.211263
2.209374
2.212538
2.214180
2.215605
2.217402
2.217080
2.217154
2.219507
2.222159
2.220261
2.225834
2.227305
2.231391
2.230163
2.225575
2.223183
2.226970
2.227229
2.224614
2.229165
2.226533
2.236843
2.259542
2.228871
2.228041
2.229699
2.228919
2.225789
2.231126
2.227995
2.232923
2.227757
2.232079
2.232338
2.231344
2.232005
2.230252
2.232029
2.235548
2.231769
2.234693
2.232548
2.236032
2.234515
2.234617
2.231333
2.232566
2.233172
2.234514
2.237358
2.236860
2.240923
2.241669
2.245725
2.244032
2.247925
2.246915
2.247947
2.249281
2.245045
2.249371
2.245844
2.250880
2.246394
2.248695
2.248136
2.248663
2.251844
2.248097
2.246775
2.244102
2.245248
2.247702
2.245153
2.244948
2.245783
2.243988
2.242851
2.244927
2.242996
2.245185
2.243877
2.242511
2.243220
2.243538
2.240933
2.243391
2.242515
2.241725
2.242268
2.239909
2.237883
2.238890
2.237940
2.238264
2.244913
2.243017
2.245304
2.244758
2.245026
2.247249
2.242157
2.247075
2.249398
2.249112
2.251235
2.251755
2.251147
2.252789
2.248954
2.249241
2.249297
2.249462
2.249195
2.248454
2.251770
2.249617
2.260790
2.250775
2.252980
2.247082
2.254770
2.250638
2.250074
2.252445
2.252404
2.250587
2.246019
2.245997
2.242940
2.243283
2.245516
2.246676
2.245359
2.246917
2.245564
2.247148
2.249593
2.251336
2.251425
2.247055
2.245895
2.254622
2.254948
2.249174
2.249872
2.252512
2.251514
2.250932
2.250605
2.261140
2.250378
2.249896
2.249448
2.253083
2.248590
2.247873
2.252649
2.250819
2.252922
2.251217
2.251916
2.252015
2.250862
2.251780
2.249829
2.252321
2.252748
2.252356
2.248175
2.250058
2.250864
2.247285
2.249949
2.248160
2.248288
2.244733
2.252660
2.245339
2.247337
2.248119
2.243917
2.246057
2.258889
2.244764
2.236795
2.236808
2.239531
2.241614
2.232458
2.233838
2.232891
2.227730
2.298935
2.233882
2.233649
2.231157
2.233983
2.234060
2.231438
2.233613
2.230840
2.232856
2.231087
2.224425
2.796438
2.240026
2.233740
2.230314
2.233129
2.234092
2.230638
2.229658
2.229071
2.226165
2.226585
2.227668
2.226083
2.227748
2.226470
2.225994
2.228070
2.225258
2.223161
2.226221
2.226110
2.229574
2.226895
2.231938
2.229894
2.234267
2.239608
2.241426
2.306376
2.492547
2.397078
2.276093
2.292667
2.442981
2.590276
3.083080
3.096054
5.029737
7.715173
5.251416
29.768599
3.827651
294.343933
1394.562500
3535.082520
10760.268555
357503.062500
112651.679688
27400.445312
5286.683594
51.748215
39.938580
87.782295
382.867676
44473.996094
260767.687500
275116.406250
3578.792480
14.841997
16.535065
19.557695
23.609596
27.543379
31.204643
34.117401
39.043106
41.941444
46.599598
92.338219
73.831009
54.169872
244.295212
44.800198
510.230591
3293.381348
30.207808
13.438044
6.198841
6.383999
6.875624
7.382569
7.589137
7.798711
7.406150
6.631917
6.075308
5.415153
4.804349
4.652674
3.897888
3.504502
3.153594
2.748750
2.231478
1.841632
1.486839
1.246744
1.236275
1.262089
1.339021
1.488836
1.667553
1.905698
2.131241
2.302022
2.216525
1.873912
1.343940
1.258255
1.411866
1.739248
1.955088
2.136023
2.315146
2.475446
2.547690
2.602239
2.576925
2.543916
2.519317
2.510123
2.525534
2.564902
2.600834
2.602884
2.592418
2.445039
2.282297
2.222811
2.205592
2.194025
2.193001
2.165182
2.137523
2.128807
2.121942
2.119436
2.103965
2.103572
2.101131
2.096636
2.090508
2.091583
2.089309
2.093142
2.098401
2.099194
2.096859
2.107186
2.116676
2.112572
2.118401
2.120559
2.130641
2.135329
2.136566
2.133734
2.146764
2.160638
2.164097
2.184740
2.189258
2.193575
2.193252
2.189091
2.227525
2.208946
2.229434
2.217296
2.228914
2.207450
2.219569
2.222030
2.231322
2.247626
2.241450
2.216740
2.218225
2.211846
2.199138
2.178667
2.181323
2.160895
2.156383
2.157205
2.153947
2.161458
2.180316
