2.312444
2.302099
2.290823
2.277256
2.264086
2.270895
2.231992
2.247950
2.226773
2.200342
2.162886
2.115852
2.072165
2.063458
2.023376
1.931541
1.927652
1.901448
1.873193
1.863062
1.825103
1.744235
1.834197
1.684379
1.755983
1.767928
1.724554
1.716100
1.698605
1.717375
1.680727
1.687876
1.709323
1.655482
1.640680
1.692596
1.701048
1.627949
1.658135
1.627122
1.670083
1.662655
1.710731
1.650682
1.651747
1.622036
1.621415
1.601244
1.597525
1.605058
1.608825
1.592726
1.619017
1.608348
1.601389
1.576951
1.573971
1.581384
1.588481
1.611458
1.581395
1.563538
1.569011
1.572774
1.576205
1.580261
1.583825
1.571921
1.566948
1.578339
1.571993
1.538685
1.570766
1.548688
1.557330
1.570880
1.538497
1.524243
1.532392
1.549782
1.556867
1.543362
1.557429
1.549364
1.518648
1.552531
1.528903
1.519402
1.559540
1.550080
1.554358
1.556741
1.535874
1.527084
1.540243
1.561112
1.534667
1.525986
1.561529
1.540074
1.543144
1.536767
1.537975
1.524118
1.554911
1.549834
1.533585
1.524984
1.519170
1.550039
1.528207
1.533985
1.500281
1.507649
1.527069
1.535194
1.514906
1.512324
1.549485
1.510289
1.528873
1.539452
1.554827
1.564596
1.529501
1.522629
1.522096
1.514015
1.512719
1.530990
1.527577
1.531299
1.522515
1.515994
1.542736
1.519050
1.501810
1.515068
1.520217
1.514530
1.498712
1.508404
1.512089
1.513370
1.528099
1.529744
1.530049
1.521934
1.499426
1.525488
1.521314
1.504730
1.524030
1.540925
1.526249
1.521112
1.525094
1.533950
1.521331
1.541679
1.510748
1.513640
1.533887
1.509722
1.501667
1.518739
1.515221
1.492535
1.512416
1.520749
1.509435
1.509323
1.498710
1.514499
1.512019
1.535814
1.497031
1.506265
1.497303
1.524661
1.487410
1.499993
1.508013
1.517130
1.513307
1.487494
1.521663
1.509533
1.513589
1.496347
1.510413
1.512772
1.497401
1.516783
1.538576
1.518762
1.507675
1.524229
1.517652
1.497547
1.507721
1.510685
1.515492
1.519398
1.497554
1.495280
1.519989
1.524265
1.509130
1.504504
1.505381
1.499043
1.492375
1.504719
1.494074
1.504903
1.508476
1.519880
1.511329
1.513298
1.497313
1.504615
1.496411
1.499787
1.500916
1.493295
1.509757
1.521978
1.504065
1.492333
1.495136
1.494112
1.506322
1.505405
1.511714
1.516512
1.507974
1.497467
1.484785
1.509364
1.491966
1.520355
1.518072
1.502378
1.487360
1.514462
1.498396
1.502033
1.514109
1.512069
1.501154
1.491087
1.500562
1.505200
1.504724
1.484659
1.502262
1.498950
1.492460
1.512646
1.499828
1.511133
1.515046
1.514735
1.499781
1.494477
1.505148
1.501933
1.507033
1.485663
1.482078
1.500357
1.495400
1.498872
1.514618
1.493547
1.507086
1.494473
1.512247
1.518881
1.511032
1.510256
1.505270
1.491487
1.496059
1.512035
1.496827
1.505785
1.497273
1.510294
1.505568
1.495643
1.507613
1.492468
1.490332
1.486907
1.505863
1.493319
1.491784
1.489820
1.522342
1.494125
1.503683
1.502490
1.509422
1.502395
1.489036
1.508148
1.517715
1.500148
1.491595
1.500932
1.506667
1.497642
1.487348
1.496955
1.488220
1.506168
1.485785
1.494654
1.502095
1.512960
1.490137
1.498736
1.494658
1.506774
1.488313
1.505790
1.488648
1.486403
1.493972
1.503645
1.489378
1.493723
1.491787
1.505864
1.499283
1.496414
1.508491
1.509521
1.494880
1.502096
1.509293
1.487837
1.508568
1.484304
1.486982
1.486400
1.498857
1.492589
1.501398
1.485337
1.487265
1.494891
1.493871
1.494056
1.503253
1.523063
1.497562
1.494951
1.483372
1.487609
1.490799
1.500699
1.506592
1.498660
1.487011
1.498240
1.481855
1.497151
1.492764
1.506043
1.512383
1.496292
1.485663
1.493431
1.479886
1.495447
1.518160
1.489653
1.483529
1.489451
1.489104
1.488809
1.491013
1.516421
1.489464
1.495862
1.489600
1.486341
1.497432
1.492531
1.489048
1.489217
1.489936
1.497221
1.506832
1.499094
1.494388
1.530016
1.498469
1.487481
1.491532
1.484458
1.489074
1.517506
1.489305
1.487815
1.500326
1.490434
1.481916
1.489595
1.495088
1.492389
1.486661
1.509451
1.484028
1.492457
1.492909
1.505300
1.501773
1.486290
1.489784
1.488723
1.490087
1.483538
1.495575
1.487233
1.496519
1.496746
1.491706
1.493949
1.491097
1.505036
1.492775
1.481937
1.486501
1.501132
1.502541
1.483054
1.503010
1.513397
1.479818
1.478472
1.503164
1.480664
1.480356
1.490570
1.488916
1.497338
1.491478
1.496491
1.485147
1.480952
1.498610
1.500715
1.486174
1.490218
1.502676
1.485129
1.496709
1.489430
1.484959
1.491668
1.487600
1.502735
1.492115
1.491950
1.479907
1.501261
1.478374
1.482606
1.493886
1.486667
1.500503
1.483051
1.479401
1.487844
1.495062
1.489657
1.496392
1.488737
1.498448
1.491413
1.496371
1.484121
1.481767
1.492659
1.480748
1.497398
1.492605
1.493756
1.476188
1.512383
1.501222
1.482999
1.509405
1.489425
1.480973
1.491127
