2.301807
2.299222
2.287507
2.298672
2.287788
2.290916
2.251238
2.238551
2.247839
2.192742
2.184259
2.189747
2.154396
2.127585
2.039548
2.004004
1.951949
1.917189
1.875122
1.845030
1.861568
1.797555
1.788839
1.748168
1.797611
1.757748
1.741903
1.742037
1.722997
1.709413
1.704067
1.706026
1.666495
1.695991
1.690463
1.673130
1.701628
1.641423
1.665264
1.701848
1.639214
1.664528
1.615467
1.653411
1.656695
1.612887
1.656336
1.622502
1.636448
1.621978
1.639198
1.600243
1.589042
1.626719
1.616676
1.607287
1.608631
1.626153
1.594867
1.589963
1.599534
1.617616
1.618204
1.590216
1.577755
1.565998
1.592108
1.568833
1.556259
1.574595
1.574513
1.587137
1.571187
1.563752
1.555449
1.580961
1.563795
1.569170
1.566687
1.569285
1.589343
1.573637
1.569347
1.567784
1.551139
1.550577
1.575724
1.579694
1.536449
1.532350
1.565527
1.546520
1.542864
1.533923
1.540394
1.535459
1.565531
1.550350
1.568990
1.546970
1.565650
1.533952
1.544305
1.561167
1.548827
1.542037
1.554834
1.554227
1.532722
1.529022
1.537845
1.533526
1.552648
1.569978
1.544718
1.546195
1.529706
1.524364
1.556492
1.556665
1.528052
1.532678
1.533082
1.546485
1.537714
1.532629
1.526473
1.518651
1.521558
1.521819
1.533669
1.540670
1.543925
1.531582
1.517673
1.531751
1.535860
1.517298
1.533822
1.546410
1.523127
1.541970
1.545982
1.538695
1.527162
1.517868
1.522978
1.535876
1.513547
1.533867
1.539504
1.518580
1.541685
1.521682
1.516749
1.504454
1.526085
1.521016
1.531916
1.523665
1.536491
1.521285
1.542642
1.512175
1.523532
1.518220
1.535304
1.517498
1.532485
1.535782
1.531025
1.552197
1.530102
1.525044
1.499752
1.509350
1.519853
1.522892
1.510509
1.512767
1.523783
1.522934
1.529297
1.513249
1.520243
1.526370
1.521026
1.531505
1.518464
1.490255
1.511821
1.519283
1.536351
1.512206
1.516107
1.511773
1.512426
1.507101
1.520502
1.528232
1.516516
1.507667
1.520875
1.518145
1.534426
1.525203
1.517079
1.510540
1.522101
1.554474
1.513884
1.524497
1.524625
1.508471
1.515020
1.511640
1.506317
1.519396
1.512367
1.515644
1.512847
1.505679
1.508351
1.513770
1.523695
1.528678
1.502152
1.525833
1.528058
1.516612
1.523611
1.497142
1.499777
1.517644
1.498044
1.528355
1.527167
1.508726
1.506851
1.520391
1.516739
1.507342
1.532312
1.497581
1.518401
1.510985
1.512830
1.508684
1.518562
1.522872
1.508804
1.506599
1.519871
1.504012
1.506593
1.496829
1.513290
1.514740
1.526904
1.530234
1.521409
1.498673
1.498102
1.512320
1.528286
1.521084
1.507659
1.512617
1.512553
1.509967
1.506132
1.523018
1.502735
1.515872
1.495631
1.505226
1.527820
1.526110
1.510986
1.521057
1.512334
1.526204
1.511784
1.504509
1.495552
1.516393
1.521901
1.515669
1.516186
1.510969
1.511902
1.508394
1.495532
1.523158
1.527586
1.499515
1.503168
1.515381
1.519253
1.510468
1.507840
1.511117
1.516623
1.526151
1.511943
1.502129
1.514272
1.508949
1.492443
1.503599
1.511309
1.501967
1.523993
1.509182
1.527507
1.509453
1.532239
1.504913
1.502031
1.500062
1.503457
1.512731
1.499275
1.504969
1.509417
1.504210
1.495017
1.508184
1.505197
1.502521
1.508229
1.509960
1.504011
1.509594
1.519102
1.505198
1.507265
1.497501
1.516876
1.514022
1.507933
1.507072
1.492256
1.500540
1.499760
1.504861
1.502182
1.506493
1.495738
1.516038
1.496107
1.516196
1.498010
1.499469
1.522482
1.510329
1.525264
1.512695
1.514377
1.504131
1.494453
1.511696
1.485576
1.505870
1.501653
1.487077
1.505009
1.505022
1.495628
1.504509
1.484924
1.496154
1.494166
1.510538
1.495844
1.506229
1.503815
1.499449
1.503393
1.524905
1.509722
1.497429
1.493913
1.492893
1.491672
1.503628
1.502088
1.502731
1.516847
1.500201
1.511682
1.504949
1.487986
1.515597
1.486961
1.492092
1.501581
1.496086
1.489415
1.503596
1.489357
1.495649
1.509461
1.519350
1.517225
1.494760
1.510370
1.502844
1.492716
1.510419
1.499394
1.503383
1.497868
1.515746
1.501833
1.502802
1.490495
1.494156
1.499040
1.503514
1.505530
1.503865
1.495410
1.496490
1.490245
1.505948
1.492133
1.502884
1.497492
1.499998
1.493465
1.496688
1.485245
1.495396
1.484106
1.490211
1.489482
1.506941
1.511510
1.499731
1.503231
1.496423
1.494346
1.502361
1.491101
1.490932
1.490316
1.485485
1.516957
1.495046
1.495677
1.497893
1.492925
1.508201
1.509836
1.493864
1.521304
1.487993
1.486305
1.510269
1.492366
1.487436
1.482401
1.500987
1.492231
1.498652
1.520667
1.493716
1.488169
1.499734
1.498736
1.500988
1.489805
1.494285
1.502801
1.489051
1.483913
1.507184
1.540425
1.499300
1.500634
1.507106
1.492931
1.503574
1.499820
1.488653
1.490301
1.490072
1.506839
1.495911
1.486644
1.504743
1.500628
1.496937
1.486035
1.505119
1.506884
1.497656
1.502041
1.500202
