2.306635
2.307028
2.305476
2.305489
2.310770
2.310860
2.317530
2.315787
2.311923
2.291300
2.276526
2.261872
2.243040
2.228708
2.199764
2.199504
2.182394
2.156014
2.162214
2.162537
2.131283
2.077463
2.052235
2.000338
1.944938
1.901905
1.883458
1.847104
1.844013
1.822206
1.794268
1.778089
1.752269
1.780657
1.745968
1.708836
1.709082
1.715250
1.719507
1.691412
1.701307
1.688196
1.670712
1.681937
1.681311
1.649416
1.673705
1.659225
1.629844
1.640723
1.618660
1.626547
1.623231
1.642343
1.638451
1.644720
1.582637
1.598746
1.618744
1.620335
1.586074
1.617774
1.584673
1.580967
1.604495
1.586157
1.567548
1.602712
1.574155
1.577672
1.587299
1.594362
1.589458
1.589318
1.588935
1.585628
1.560992
1.574072
1.602167
1.568674
1.578759
1.591369
1.555397
1.568085
1.602638
1.555179
1.576216
1.571591
1.609563
1.543144
1.558641
1.566084
1.545122
1.570778
1.547092
1.542294
1.538835
1.577526
1.545945
1.547008
1.548041
1.550704
1.551592
1.536736
1.556963
1.559048
1.538543
1.545850
1.581282
1.569010
1.543554
1.554862
1.545223
1.526888
1.545106
1.569211
1.516606
1.569635
1.542169
1.527695
1.541136
1.565574
1.522641
1.546975
1.531269
1.531756
1.538576
1.549654
1.526014
1.545834
1.564954
1.550264
1.522278
1.552627
1.538735
1.534071
1.525013
1.547148
1.539872
1.542824
1.541674
1.516877
1.542361
1.546560
1.522193
1.513700
1.519790
1.530195
1.540213
1.558657
1.550176
1.533573
1.529583
1.539677
1.530182
1.554980
1.531844
1.506317
1.529178
1.553383
1.543015
1.514519
1.518629
1.553728
1.528448
1.556468
1.523037
1.519418
1.535938
1.512933
1.519327
1.514338
1.509574
1.514058
1.539898
1.523316
1.525624
1.526302
1.543297
1.524047
1.519283
1.519005
1.507469
1.525627
1.522699
1.511603
1.520917
1.542438
1.515680
1.514052
1.502932
1.506072
1.499032
1.524382
1.534716
1.503041
1.528017
1.515010
1.507423
1.520538
1.542498
1.503242
1.551527
1.520413
1.502921
1.509693
1.499164
1.542952
1.505975
1.527469
1.506540
1.514663
1.516208
1.529918
1.509607
1.530615
1.509989
1.525213
1.511973
1.511313
1.496321
1.513216
1.520243
1.513123
1.536159
1.509006
1.518713
1.523948
1.526420
1.501867
1.508443
1.514996
1.502904
1.517580
1.515275
1.537479
1.518980
1.490551
1.538432
1.538869
1.515039
1.509563
1.503203
1.503604
1.492164
1.504439
1.493229
1.489004
1.511429
1.516621
1.497127
1.510056
1.512572
1.503182
1.496730
1.510638
1.511231
1.512320
1.524701
1.518695
1.505394
1.511295
1.509156
1.499071
1.495521
1.516568
1.502915
1.490683
1.514559
1.506454
1.496365
1.492859
1.503617
1.509882
1.498429
1.493180
1.503628
1.502045
1.496948
1.500347
1.516538
1.503388
1.520116
1.511161
1.505620
1.523332
1.499710
1.516683
1.527790
1.505935
1.494952
1.502272
1.504076
1.499720
1.488049
1.490483
1.528632
1.504247
1.512920
1.526318
1.494554
1.489696
1.488606
1.486934
1.500451
1.504204
1.518274
1.525135
1.496239
1.487875
1.485134
1.501587
1.503431
1.492895
1.494767
1.485341
1.505067
1.494529
1.505759
1.486124
1.504249
1.512723
1.513841
1.493265
1.507885
1.493624
1.493522
1.491214
1.499235
1.501674
1.483409
1.515463
1.486418
1.499114
1.506115
1.495681
1.526466
1.501494
1.506818
1.492606
1.510535
1.510521
1.494734
1.496166
1.508452
1.504589
1.492463
1.501022
1.509982
1.494084
1.496463
1.505115
1.501805
1.491341
1.479456
1.512257
1.489612
1.495558
1.495222
1.500314
1.499658
1.532746
1.482203
1.500207
1.477334
1.502851
1.478372
1.492907
1.499155
1.486302
1.492502
1.496172
1.477117
1.490587
1.500904
1.492574
1.500273
1.504156
1.492913
1.501944
1.502241
1.500224
1.498462
1.490879
1.476003
1.501533
1.488903
1.524724
1.490866
1.490653
1.502652
1.490107
1.477931
1.505197
1.504304
1.479420
1.490240
1.493012
1.505238
1.487983
1.510536
1.486398
1.487064
1.499106
1.505452
1.519287
1.491503
1.484367
1.481700
1.497448
1.499756
1.477982
1.491524
1.485749
1.495047
1.511002
1.491052
1.474258
1.499709
1.489453
1.512736
1.503102
1.483342
1.481626
1.502414
1.498869
1.481678
1.493496
1.503333
1.492653
1.486434
1.498087
1.488225
1.489117
1.489425
1.502017
1.488463
1.488728
1.484273
1.505922
1.485567
1.486586
1.493182
1.493549
1.496995
1.504656
1.487452
1.498228
1.485618
1.486235
1.479493
1.477147
1.480441
1.496215
1.491255
1.498167
1.487634
1.487447
1.474137
1.501788
1.480872
1.498126
1.491145
1.496255
1.492083
1.488614
1.488734
1.477755
1.493607
1.501577
1.501762
1.490039
1.481781
1.493855
1.477620
1.497847
1.488008
1.484706
1.490440
1.497035
1.489319
1.497968
1.494751
1.503153
1.482545
1.476305
1.491952
1.502692
1.473375
1.498105
1.487667
1.484705
1.489925
1.470966
1.483062
1.487541
1.487390
1.496389
1.494695
1.489006
