2.340843
2.327821
2.317983
2.325273
2.299899
2.303381
2.316344
2.280811
2.231665
2.219688
2.285113
2.444477
2.464415
2.249731
2.585872
2.555207
2.308709
2.098161
1.983101
2.100943
2.554865
2.627412
2.420765
2.204995
2.437480
2.330349
2.006921
2.139237
2.289093
2.514860
2.395558
2.444211
2.297414
2.071748
2.165330
2.093975
2.120980
2.082906
2.161015
2.329315
2.462160
2.430998
2.315324
1.990807
1.743799
1.646443
1.634920
1.625260
1.626205
1.607938
1.664250
1.703908
1.860561
2.058323
2.255380
2.273026
2.310953
2.266488
2.264974
2.273341
2.250291
2.179709
2.074464
2.021747
1.917283
1.782970
1.705435
1.701347
1.666609
1.675294
1.662538
1.679264
1.677445
1.681954
1.707008
1.666262
1.656090
1.639917
1.624777
1.602820
1.598787
1.617539
1.601892
1.579289
1.609685
1.602551
1.641911
1.645559
1.659213
1.644137
1.649697
1.641125
1.630869
1.653625
1.608222
1.611667
1.579005
1.575339
1.590176
1.565520
1.583851
1.602567
1.599030
1.582659
1.626260
1.592997
1.606612
1.611494
1.588679
1.575719
1.599467
1.586881
1.571553
1.596165
1.596959
1.604126
1.597934
1.631072
1.604098
1.608207
1.611162
1.574224
1.569352
1.623047
1.574730
1.579617
1.606916
1.576844
1.582543
1.545196
1.541523
1.561091
1.545621
1.540456
1.547198
1.553001
1.532597
1.518400
1.540995
1.546334
1.526076
1.515234
1.511268
1.526798
1.547358
1.525587
1.531966
1.512148
1.519251
1.525764
1.557393
1.563672
1.562722
1.546398
1.565472
1.595343
1.628283
1.602986
1.629187
1.621056
1.609269
1.630836
1.611449
1.654278
1.624659
1.601830
1.633096
1.650471
1.642313
1.643335
1.620379
1.672705
1.649578
1.681550
1.599316
1.655459
1.639921
1.618209
1.654969
1.583809
1.702371
1.688732
1.814188
1.766244
1.855853
1.965736
2.033379
2.097971
2.238181
2.231328
2.292558
2.305201
2.327531
2.381499
2.377727
2.376583
2.439533
2.480703
2.476519
2.474312
2.456321
2.418429
2.401614
2.390279
2.378816
2.267969
2.241957
2.083717
2.141154
2.189749
2.233221
2.259390
2.304515
2.290122
2.385167
2.349605
2.394272
2.357008
2.372456
2.350324
2.357064
2.366682
2.410451
2.384995
2.380450
2.398969
2.371250
2.338853
2.361545
2.391283
2.332635
2.236416
2.320678
2.260015
2.240034
2.227395
2.261190
2.227123
2.273839
2.243343
2.290228
2.274238
2.282307
2.206014
2.184600
2.147123
2.217144
2.231598
2.286076
2.285137
2.240682
2.088581
2.098775
2.039870
2.169866
2.180680
2.201421
2.252029
2.348316
2.402608
2.407927
2.343925
2.374740
2.364758
2.354228
2.387419
2.367405
2.358664
2.281303
2.246826
2.166517
2.045358
2.109094
2.105026
2.149504
2.049365
2.094506
2.203372
2.241724
2.313139
2.300824
2.381887
2.369076
2.397280
2.402329
2.389212
2.360435
2.397942
2.434305
2.393749
2.363924
2.341131
2.368316
2.414583
2.384511
2.350246
2.336940
2.327188
2.351243
2.322646
2.309760
2.312245
2.283503
2.258711
2.294495
2.270288
2.240011
2.269988
2.226012
2.167930
2.166289
2.229996
2.186088
2.176481
2.210876
2.246279
2.271318
2.348969
2.383619
2.393208
2.383620
2.324911
2.380342
2.377363
2.366826
2.311183
2.291773
2.275231
2.194557
2.247374
2.302582
2.308431
2.298445
2.353391
2.304961
2.255084
2.248342
2.057326
1.946947
1.858930
1.785277
1.745108
1.592561
1.560808
1.525288
1.503828
1.495863
1.495766
1.481417
1.488703
1.497659
1.496739
1.487127
1.478748
1.487520
1.501122
1.493572
1.497854
1.497219
1.523559
1.505572
1.520100
1.499225
1.525534
1.511836
1.487609
1.495565
1.522231
1.512123
1.512019
1.514485
1.513428
1.495372
1.501702
1.507213
1.497646
1.532773
1.500032
1.501455
1.517590
1.493540
1.488861
1.504686
1.491261
1.488261
1.494599
1.495817
1.482832
1.491103
1.502809
1.491647
1.480977
1.491432
1.504133
1.485400
1.494769
1.502295
1.504654
1.510057
1.505554
1.508887
1.495056
1.484808
1.483167
1.499404
1.502823
1.491528
1.497518
1.509924
1.485900
1.504914
1.497215
1.483936
1.484060
1.495150
1.487890
1.496876
1.478215
1.492196
1.501329
1.490789
1.489552
1.516682
1.490305
1.501799
1.488850
1.485757
1.491933
1.512258
1.505547
1.478004
1.488211
1.475593
1.499144
1.495924
1.488716
1.487664
1.492033
1.511584
1.510316
1.478018
1.475563
1.485011
1.484674
1.481798
1.478699
1.478595
1.483133
1.487770
1.497869
1.494533
1.513706
1.497441
1.486000
1.494567
1.482187
1.486623
1.506084
1.491254
1.489930
1.481254
1.485093
1.493747
1.475739
1.488954
1.491360
1.497347
1.479802
1.494036
1.479998
1.507333
1.486736
1.493812
1.504109
1.479570
1.480677
1.481424
1.477559
1.489451
1.496971
1.491296
1.499239
1.477802
1.493269
1.498556
1.508587
1.484646
1.479012
1.491665
1.495161
1.495595
1.493300
1.495337
1.475516
1.487194
1.475576
1.494044
1.482004
1.490899
1.495856
