2.285044
2.287820
2.287419
2.293439
2.284185
2.267644
2.260136
2.261615
2.248627
2.247389
2.239684
2.242286
2.241418
2.223625
2.230597
2.231322
2.208528
2.223958
2.205226
2.218310
2.198665
2.198516
2.198763
2.193263
2.186884
2.178280
2.179991
2.174742
2.172153
2.165392
2.161518
2.158744
2.135654
2.139539
2.128978
2.120597
2.114279
2.109541
2.073074
2.075181
2.051899
2.054684
2.026029
2.011189
1.985009
1.945244
1.944880
1.898471
1.878414
1.828842
1.827326
1.774782
1.749778
1.718436
1.677199
1.648299
1.572002
1.588471
1.490728
1.439362
1.491966
1.353999
1.271505
1.200453
1.093461
1.009546
1.009623
1.014601
1.018202
0.872463
0.734633
0.748266
0.652597
0.650658
0.516727
0.484290
0.580601
0.694445
0.621931
0.442584
0.522101
0.538780
0.532614
0.557899
0.632530
0.488576
0.590924
0.551653
0.652079
0.745937
0.505617
0.581452
0.468990
0.484833
0.435999
0.326453
0.390551
0.409665
0.531603
0.376793
0.509667
0.302046
0.385613
0.436468
0.310461
0.484041
0.532720
0.385503
0.356335
0.313107
0.369804
0.386989
0.317887
0.255224
0.351334
0.391423
0.422419
0.516217
0.382186
0.403112
0.232151
0.335015
0.363987
0.367059
0.294573
0.376367
0.359475
0.359628
0.233268
0.311306
0.347588
0.394873
0.251912
0.321488
0.336745
0.266725
0.255509
0.337280
0.268503
0.300205
0.311684
0.284514
0.354768
0.283570
0.321735
0.289659
0.332940
0.294113
0.183584
0.253479
0.188369
0.308394
0.344936
0.261705
0.255996
0.273759
0.362140
0.237731
0.266432
0.294469
0.280710
0.229860
0.371657
0.260263
0.305411
0.187420
0.234697
0.234326
0.239284
0.401420
0.209987
0.177100
0.235033
0.249739
0.226149
0.253756
0.182715
0.213325
0.256191
0.295049
0.170407
0.228183
0.156770
0.241590
0.153687
0.147789
0.222176
0.217971
0.314062
0.291580
0.265656
0.189117
0.235051
0.218595
0.182577
0.167388
0.216076
0.227481
0.237168
0.107175
0.265538
0.236020
0.237306
0.257096
0.272052
0.193974
0.263434
0.158669
0.174118
0.294570
0.186773
0.202136
0.206284
0.162732
0.158251
0.138690
0.197649
0.203221
0.166289
0.156039
0.198957
0.241294
0.148464
0.251222
0.209185
0.263042
0.242452
0.141262
0.186150
0.150456
0.221346
0.155309
0.164176
0.129246
0.144750
0.219840
0.128316
0.170659
0.206606
0.249085
0.188494
0.200282
0.183037
0.210844
0.270788
0.290151
0.214699
0.191814
0.185464
0.166879
0.183967
0.205790
0.141984
0.151874
0.238407
0.187773
0.226417
0.191319
0.103727
0.151991
0.164373
0.141168
0.129244
0.106985
0.214716
0.272879
0.164934
0.164645
0.168377
0.172612
0.187967
0.169966
0.166639
0.131557
0.248734
0.176473
0.134114
0.137570
0.163477
0.133703
0.208093
0.159471
0.196943
0.207057
0.167338
0.121162
0.130654
0.128128
0.188404
0.111319
0.252889
0.200005
0.169013
0.131353
0.138928
0.238170
0.111977
0.168400
0.231010
0.165085
0.158208
0.109936
0.129510
0.141199
0.170881
0.143088
0.163208
0.132829
0.143964
0.219137
0.211704
0.154613
0.127330
0.174001
0.161227
0.133990
0.150564
0.109440
0.164377
0.154231
0.157761
0.106468
0.093057
0.128240
0.094657
0.134122
0.098561
0.200055
0.183248
0.117730
0.129341
0.119188
0.140012
0.212917
0.108705
0.201207
0.148009
0.115882
0.133478
0.163247
0.164516
0.213069
0.140640
0.124500
0.106877
0.136362
0.206325
0.150766
0.144727
0.158573
0.141098
0.151149
0.140508
0.265199
0.180644
0.173095
0.124241
0.140827
0.136445
0.151058
0.203232
0.103757
0.132782
0.130746
0.106827
0.168958
0.153806
0.151084
0.120375
0.140398
0.156498
0.223506
0.133186
0.134947
0.117887
0.162470
0.151765
0.125991
0.134047
0.152940
0.188241
0.120619
0.152642
0.133958
0.132509
0.179120
0.190027
0.119432
0.172905
0.130097
0.117099
0.075536
0.192858
0.150362
0.117291
0.072610
0.126416
0.095895
0.153311
0.144379
0.118027
0.098626
0.132897
0.177550
0.092303
0.146803
0.077756
0.157210
0.104890
0.126578
0.109128
0.101534
0.108374
0.063972
0.132041
0.113846
0.072568
0.115757
0.077555
0.096490
0.134578
0.070321
0.177888
0.152733
0.093244
0.102646
0.060712
0.082413
0.072035
0.142799
0.134554
0.104185
0.134367
0.118464
0.143970
0.089351
0.112650
0.182877
0.147441
0.133238
0.139416
0.096407
0.105990
0.120879
0.151670
0.058901
0.106171
0.096541
0.143676
0.165173
0.155928
0.178633
0.112594
0.153181
0.137174
0.094800
0.077896
0.203500
0.068231
0.100789
0.173224
0.052723
0.164739
0.119162
0.091450
0.160845
0.145537
0.116505
0.066760
0.067134
0.093947
0.095948
0.109010
0.125236
0.060003
0.091670
0.069611
0.100391
0.121043
0.082232
0.068786
0.113111
0.116564
0.091085
0.137056
0.117511
0.184894
0.085341
0.144543
0.173808
0.151209
0.155373
0.088694
0.106403
0.126801
0.084318
0.068582
0.073355
0.119904
0.123630
