2.304024
2.296180
2.288305
2.287565
2.276749
2.278686
2.242484
2.261850
2.230644
2.206926
2.239289
2.185746
2.145901
2.055625
2.019385
1.967099
1.936357
1.886458
1.855811
1.820037
1.852238
1.811875
1.776307
1.740275
1.750389
1.710993
1.750943
1.685860
1.689907
1.672520
1.658656
1.645273
1.648144
1.671366
1.633243
1.625791
1.632642
1.645575
1.614728
1.592268
1.648048
1.598293
1.619515
1.586622
1.607704
1.638540
1.579843
1.626433
1.575951
1.606226
1.606626
1.575884
1.578504
1.579960
1.599744
1.602963
1.574498
1.553735
1.578410
1.568912
1.573840
1.577682
1.592650
1.533958
1.528195
1.578498
1.578693
1.555066
1.582968
1.539937
1.565899
1.543347
1.563497
1.561400
1.540804
1.567031
1.542200
1.545963
1.550103
1.555592
1.552638
1.539603
1.539976
1.558790
1.544824
1.525676
1.545361
1.546459
1.556581
1.544621
1.519732
1.522037
1.552161
1.541020
1.556501
1.538984
1.533556
1.528475
1.524322
1.524536
1.525231
1.529740
1.530629
1.546470
1.518543
1.551981
1.538019
1.527990
1.535809
1.538044
1.530745
1.524221
1.520052
1.542639
1.502757
1.527069
1.521472
1.516697
1.531868
1.536132
1.550067
1.530411
1.520355
1.511535
1.518407
1.528021
1.528141
1.500952
1.517606
1.515881
1.501939
1.513471
1.513223
1.519017
1.550814
1.527772
1.520080
1.508658
1.520240
1.537728
1.525552
1.511481
1.509052
1.530712
1.515377
1.510839
1.504439
1.549184
1.511185
1.507737
1.516415
1.524746
1.532887
1.506478
1.510447
1.497454
1.531922
1.522223
1.518808
1.552386
1.539295
1.498147
1.512705
1.530210
1.503716
1.529552
1.506873
1.511212
1.506821
1.512491
1.511573
1.524168
1.513644
1.515447
1.497509
1.496800
1.512671
1.526813
1.507033
1.508797
1.500039
1.500845
1.497754
1.502617
1.497813
1.530730
1.499646
1.493315
1.485991
1.499372
1.520705
1.505696
1.481628
1.500709
1.498312
1.508030
1.486086
1.514383
1.506933
1.498231
1.493591
1.504521
1.519264
1.509779
1.516350
1.514324
1.507111
1.514878
1.503835
1.510860
1.489495
1.531610
1.494964
1.497498
1.498351
1.510881
1.525682
1.503851
1.493549
1.502576
1.519183
1.495801
1.489563
1.505599
1.504503
1.492179
1.492171
1.539466
1.508173
1.495507
1.484375
1.493031
1.486927
1.496826
1.514653
1.500943
1.513876
1.503102
1.514640
1.494026
1.509328
1.485420
1.487305
1.504415
1.491606
1.515763
1.507035
1.487235
1.496911
1.520259
1.492338
1.497077
1.509629
1.493827
1.483519
1.504986
1.498703
1.502541
1.522941
1.493676
1.497167
1.487659
1.497094
1.522699
1.490479
1.510274
1.498092
1.493776
1.487126
1.506512
1.493103
1.517422
1.488409
1.495818
1.501212
1.502447
1.504694
1.492464
1.505545
1.489788
1.500813
1.515167
1.492857
1.491549
1.517280
1.502723
1.489417
1.492727
1.495024
1.499758
1.498675
1.488840
1.496176
1.479041
1.513988
1.499621
1.494238
1.481338
1.498001
1.511258
1.488577
1.494595
1.495313
1.476550
1.492629
1.489769
1.496517
1.502747
1.485965
1.518576
1.499704
1.489873
1.482113
1.504129
1.484389
1.495655
1.495994
1.500338
1.486240
1.488688
1.487656
1.482438
1.488369
1.486642
1.486806
1.504723
1.513101
1.480065
1.503888
1.502154
1.494938
1.502250
1.494915
1.493737
1.493065
1.488763
1.504860
1.491796
1.476249
1.491967
1.497077
1.503141
1.487500
1.491660
1.497442
1.489023
1.485709
1.484173
1.502967
1.483086
1.492131
1.492406
1.497677
1.480464
1.481823
1.489175
1.499718
1.487926
1.485661
1.498923
1.513217
1.486161
1.507713
1.491320
1.495922
1.497143
1.488191
1.494077
1.491235
1.481813
1.488187
1.495172
1.488592
1.494035
1.479359
1.518288
1.483545
1.505437
1.480656
1.501187
1.480307
1.492733
1.487055
1.485306
1.499390
1.493266
1.473200
1.479096
1.489736
1.516691
1.488335
1.475102
1.493151
1.493418
1.480985
1.492681
1.493622
1.492146
1.512411
1.487191
1.481267
1.491816
1.487505
1.502193
1.489060
1.488524
1.485322
1.493584
1.496234
1.487083
1.494946
1.480315
1.511475
1.483847
1.483476
1.497086
1.488051
1.481133
1.476304
1.481303
1.497605
1.485228
1.490440
1.486745
1.497738
1.483152
1.502512
1.485804
1.505391
1.494733
1.496298
1.487479
1.490155
1.497043
1.491216
1.491942
1.476654
1.500908
1.478762
1.494437
1.480820
1.513066
1.476758
1.494421
1.490939
1.480132
1.489425
1.471134
1.498647
1.500540
1.476993
1.487085
1.486824
1.479576
1.477944
1.484704
1.478251
1.481567
1.501558
1.490421
1.478137
1.483194
1.484129
1.477621
1.478662
1.496554
1.486989
1.483892
1.494699
1.491014
1.474309
1.486287
1.479021
1.475716
1.482653
1.502918
1.497309
1.490272
1.478710
1.485429
1.506036
1.490923
1.498829
1.496276
1.496069
1.490170
1.490814
1.495533
1.477720
1.471435
1.489461
1.486633
1.477016
1.505017
1.481233
1.491545
1.482172
1.487364
1.489224
1.489486
