2.300826
2.302836
2.302337
2.299139
2.296885
2.296947
2.295818
2.291902
2.290216
2.282307
2.288463
2.287441
2.289549
2.282351
2.295126
2.284017
2.272657
2.267014
2.256510
2.247154
2.257263
2.253348
2.243061
2.239990
2.211049
2.227528
2.218103
2.210208
2.179457
2.175264
2.199284
2.171683
2.155204
2.143052
2.132757
2.132733
2.128098
2.087622
2.070450
2.109263
2.087294
2.121848
2.091466
2.048699
2.041222
2.042126
2.019304
2.018192
1.980172
2.001703
1.982610
1.960498
1.932581
1.911146
1.924705
1.912428
1.870380
1.903816
1.889941
1.897559
1.841586
1.870284
1.839739
1.844216
1.822535
1.832940
1.810515
1.811783
1.802386
1.815546
1.783188
1.783910
1.764916
1.754722
1.764520
1.771279
1.753439
1.733725
1.761836
1.760491
1.759525
1.761469
1.737206
1.721681
1.763802
1.725462
1.744445
1.698920
1.716910
1.802804
1.711716
1.704265
1.731346
1.740914
1.697898
1.734717
1.732780
1.700778
1.696131
1.733721
1.713204
1.699291
1.711279
1.735596
1.729006
1.705621
1.711360
1.716246
1.719119
1.748824
1.685484
1.696580
1.685270
1.726368
1.697603
1.749940
1.702944
1.673518
1.685462
1.681739
1.681704
1.688231
1.683998
1.662785
1.698202
1.672722
1.676266
1.690946
1.705639
1.686425
1.703390
1.680807
1.673241
1.676872
1.652893
1.643915
1.648558
1.668407
1.645570
1.631179
1.675017
1.679267
1.649819
1.654839
1.662784
1.690048
1.660822
1.662088
1.659957
1.648314
1.643886
1.609244
1.681335
1.636357
1.674192
1.627577
1.663413
1.644899
1.641418
1.635563
1.652918
1.668612
1.627464
1.629476
1.651085
1.626164
1.639321
1.624110
1.644130
1.637880
1.632393
1.631250
1.630607
1.637428
1.629488
1.633950
1.642012
1.651251
1.654020
1.620374
1.640623
1.630029
1.638348
1.630710
1.602322
1.640107
1.647122
1.652255
1.634788
1.621760
1.648174
1.625552
1.640299
1.602836
1.632311
1.599938
1.647659
1.624773
1.676521
1.618494
1.607635
1.616542
1.617263
1.619644
1.609357
1.629050
1.602995
1.623917
1.636635
1.618655
1.603853
1.608974
1.570853
1.625761
1.587252
1.608622
1.647103
1.592522
1.592947
1.617783
1.645625
1.612746
1.607203
1.613549
1.606691
1.611492
1.620181
1.613046
1.628669
1.604652
1.598444
1.607263
1.601856
1.615759
1.608783
1.594331
1.623981
1.597438
1.569948
1.612709
1.595370
1.608096
1.603088
1.625498
1.579051
1.596123
1.589414
1.619973
1.627035
1.630436
1.605521
1.595494
1.573671
1.611840
1.586620
1.590215
1.598338
1.596465
1.586651
1.592374
1.612458
1.587583
1.605722
1.596080
1.602092
1.583267
1.589625
1.595241
1.623839
1.618855
1.607210
1.584827
1.571395
1.569533
1.609101
1.589946
1.581627
1.586186
1.571981
1.588960
1.577580
1.612108
1.584771
1.623723
1.583962
1.548741
1.569829
1.553863
1.597607
1.592211
1.584987
1.635866
1.560755
1.571304
1.579094
1.599040
1.626575
1.590372
1.605228
1.575079
1.584004
1.580103
1.580328
1.579031
1.624982
1.571178
1.574482
1.587167
1.579900
1.558389
1.570693
1.578644
1.581619
1.623353
1.556637
1.577602
1.537912
1.574359
1.596093
1.575952
1.563110
1.614383
1.580973
1.555210
1.568823
1.606425
1.596146
1.573007
1.576741
1.595288
1.598589
1.577962
1.588398
1.580302
1.574110
1.564579
1.569479
1.615538
1.585169
1.570546
1.561755
1.597676
1.561201
1.592401
1.619567
1.599688
1.576279
1.541564
1.582348
1.548221
1.571084
1.568279
1.607230
1.583113
1.566636
1.589795
1.541390
1.569359
1.581116
1.535563
1.552271
1.579382
1.588487
1.578650
1.589175
1.570381
1.605009
1.574590
1.571532
1.568891
1.584138
1.568985
1.534744
1.594391
1.590259
1.530419
1.555420
1.570195
1.550133
1.637037
1.578251
1.601484
1.586970
1.567604
1.570276
1.583671
1.537650
1.555842
1.597190
1.593357
1.561584
1.573974
1.567321
1.556142
1.547806
1.565522
1.570434
1.575376
1.584563
1.554219
1.572580
1.573821
1.576967
1.609392
1.549621
1.594619
1.582716
1.550093
1.513471
1.565422
1.560742
1.535428
1.569912
1.547981
1.532161
1.567932
1.598535
1.547890
1.565510
1.570670
1.582183
1.550709
1.525772
1.619841
1.561054
1.547486
1.564425
1.573526
1.559405
1.579583
1.559286
1.565147
1.569339
1.577356
1.558481
1.565521
1.543398
1.547426
1.550801
1.573410
1.558868
1.580435
1.550384
1.565086
1.577325
1.558131
1.573348
1.588890
1.546268
1.575675
1.536083
1.553388
1.580909
1.535702
1.571859
1.522371
1.599182
1.548395
1.548868
1.544186
1.570603
1.539263
1.566208
1.537542
1.560534
1.575823
1.590731
1.582923
1.550938
1.557465
1.568813
1.557273
1.572780
1.558367
1.558814
1.580892
1.542271
1.566280
1.538108
1.556491
1.567347
1.568662
1.542406
1.552097
1.543003
1.543452
1.561370
1.538988
1.592932
1.553788
1.556982
1.576304
1.548822
1.537999
1.543833
1.528541
1.549675
1.538218
1.534609
1.537310
