2.303579
2.305945
2.302350
2.302983
2.302752
2.299792
2.294756
2.309258
2.299992
2.314509
2.277268
2.285503
2.291674
2.302460
2.289637
2.279553
2.259807
2.213323
2.175477
2.149491
2.143103
2.121914
2.038875
2.066570
1.996709
1.913204
1.928079
1.912338
1.869615
1.891923
1.809247
1.792017
1.777706
1.757139
1.779029
1.766224
1.744376
1.766881
1.713044
1.704583
1.706700
1.724728
1.692219
1.746197
1.745375
1.735139
1.704212
1.665076
1.724544
1.691163
1.680722
1.667879
1.649202
1.653042
1.628379
1.663488
1.665219
1.638382
1.667093
1.648655
1.637354
1.659842
1.616788
1.655381
1.616197
1.640875
1.619450
1.592080
1.624435
1.606229
1.636195
1.627152
1.603854
1.637837
1.617447
1.648897
1.588953
1.604215
1.611632
1.600711
1.581602
1.596966
1.604376
1.597097
1.594992
1.615174
1.584297
1.584125
1.607163
1.580278
1.590761
1.569869
1.563806
1.588675
1.612224
1.639953
1.596107
1.583652
1.589038
1.570139
1.594950
1.584040
1.581110
1.578452
1.566346
1.599255
1.597272
1.591391
1.585876
1.569332
1.552219
1.594751
1.612280
1.551035
1.579293
1.549169
1.610353
1.574890
1.569113
1.593203
1.560284
1.564076
1.551283
1.557402
1.611930
1.541009
1.551099
1.549182
1.574861
1.602284
1.578535
1.572179
1.543914
1.573265
1.566763
1.560768
1.540738
1.551506
1.559019
1.538110
1.547283
1.567813
1.556822
1.556485
1.546425
1.546600
1.549084
1.557622
1.542560
1.544248
1.546371
1.536613
1.543531
1.567023
1.555803
1.558972
1.549635
1.556959
1.526016
1.526417
1.523826
1.559512
1.557185
1.539387
1.565700
1.560698
1.541024
1.538357
1.545738
1.520531
1.550924
1.532698
1.524969
1.533494
1.538599
1.553272
1.524177
1.529488
1.551576
1.549359
1.547460
1.533005
1.573794
1.528819
1.537688
1.554789
1.546299
1.518172
1.535751
1.549587
1.554736
1.571948
1.531152
1.506345
1.533965
1.531367
1.549470
1.546110
1.527697
1.545539
1.509762
1.531741
1.532375
1.529459
1.546805
1.529719
1.543395
1.525194
1.525525
1.533017
1.522378
1.529039
1.536841
1.528548
1.531047
1.512992
1.497386
1.537629
1.523296
1.539206
1.526770
1.537740
1.516510
1.505281
1.545193
1.521395
1.529103
1.524674
1.526710
1.536394
1.524758
1.546495
1.519815
1.519709
1.526824
1.530127
1.528594
1.507793
1.523326
1.511834
1.512831
1.509631
1.521162
1.514053
1.510904
1.519794
1.534699
1.507854
1.536456
1.505155
1.521325
1.519605
1.502090
1.511200
1.538571
1.511418
1.502023
1.501704
1.516739
1.514783
1.529212
1.517407
1.530009
1.521031
1.527835
1.532586
1.514924
1.530381
1.520608
1.511763
1.525849
1.500043
1.500711
1.505359
1.508691
1.503395
1.500067
1.524873
1.540330
1.520608
1.528430
1.493261
1.517451
1.513164
1.499873
1.515696
1.513307
1.495574
1.538444
1.507758
1.531925
1.524528
1.527035
1.494082
1.518819
1.502739
1.499947
1.506500
1.502631
1.511445
1.522903
1.495235
1.524221
1.487528
1.520666
1.534577
1.505185
1.501155
1.506327
1.495040
1.491804
1.522106
1.510259
1.502637
1.503014
1.502072
1.516944
1.492972
1.519747
1.517128
1.524597
1.514846
1.482599
1.497244
1.510275
1.498790
1.490527
1.522433
1.505097
1.508285
1.488169
1.506665
1.516783
1.497672
1.503605
1.502572
1.524625
1.500556
1.512684
1.508326
1.526462
1.494911
1.503711
1.502250
1.507463
1.505583
1.497069
1.505981
1.508630
1.491051
1.518238
1.493740
1.502988
1.499002
1.506087
1.520747
1.500191
1.492273
1.509688
1.497319
1.503415
1.521773
1.489428
1.517048
1.500941
1.490608
1.503905
1.504435
1.487934
1.518291
1.479754
1.536741
1.491669
1.510675
1.489100
1.493387
1.513701
1.517259
1.491918
1.500234
1.488222
1.521214
1.485079
1.495428
1.493138
1.509368
1.493518
1.499879
1.520781
1.494098
1.515212
1.501160
1.508324
1.487785
1.487065
1.495701
1.500462
1.490280
1.506667
1.502832
1.504945
1.500882
1.500993
1.510998
1.514882
1.488024
1.513821
1.482610
1.475290
1.488968
1.498831
1.502271
1.514364
1.496390
1.498416
1.492317
1.513386
1.517677
1.506410
1.501958
1.509042
1.491205
1.523003
1.500002
1.500720
1.515349
1.515839
1.500642
1.518454
1.486284
1.504862
1.484298
1.479354
1.487188
1.507345
1.525406
1.491582
1.481876
1.494671
1.507958
1.503178
1.487145
1.493162
1.489848
1.480144
1.491172
1.500953
1.492043
1.512846
1.477845
1.495335
1.500335
1.491147
1.495424
1.480185
1.490581
1.474362
1.487067
1.488933
1.493803
1.486295
1.495458
1.493282
1.489971
1.489419
1.502305
1.485265
1.479535
1.533674
1.477582
1.501670
1.513672
1.512534
1.508534
1.497539
1.505026
1.490512
1.496936
1.498822
1.492108
1.499228
1.477398
1.501598
1.488263
1.488253
1.474320
1.510149
1.520662
1.509697
1.482875
1.505384
1.478704
1.491400
1.486519
1.497611
1.512053
1.487014
1.505301
1.481150
1.497623
