1.500000
1.500000
1.500000
1.466927
1.220677
0.717552
0.813281
0.580260
0.674740
0.584063
0.495729
0.565208
0.547865
0.480938
0.464063
0.490833
0.508802
0.496354
0.473906
0.476146
0.485781
0.472188
0.452604
0.437381
0.426667
0.443281
0.459531
0.461458
0.456615
0.428281
0.443229
0.424115
0.405833
0.384531
0.370885
0.400729
0.396354
0.393854
0.407135
0.386563
0.415938
0.364427
0.343750
0.398229
0.434844
0.418646
0.376875
0.308929
0.341979
0.367448
0.342448
0.344688
0.310677
0.279948
0.303958
0.297188
0.296771
0.347448
0.319948
0.316771
0.315573
0.297813
0.295469
0.277500
0.284844
0.267656
0.295625
0.287917
0.284271
0.289948
0.279167
0.281310
0.298438
0.260156
0.261615
0.305469
0.257552
0.254115
0.244063
0.308698
0.267396
0.233594
0.265521
0.268542
0.241771
0.259375
0.230052
0.230313
0.267969
0.249010
0.273490
0.229479
0.263802
0.251719
0.244948
0.234405
0.225052
0.233333
0.249740
0.235677
0.220521
0.205833
0.212865
0.221302
0.274844
0.224427
0.226302
0.237760
0.230365
0.214583
0.227292
0.214583
0.222813
0.221615
0.214271
0.236042
0.218802
0.213854
0.217240
0.224881
0.183333
0.219427
0.183229
0.197708
0.220000
0.197760
0.232708
0.217708
0.227917
0.189427
0.207917
0.210833
0.184948
0.207135
0.198385
0.192083
0.185573
0.214896
0.188125
0.199635
0.175208
0.192552
0.195677
0.160000
0.184219
0.171615
0.191042
0.167292
0.195521
0.202448
0.164427
0.194115
0.194792
0.165521
0.195104
0.171823
0.203906
0.167604
0.194427
0.171302
0.175677
0.172240
0.175156
0.178906
0.172031
0.164740
0.188594
0.168690
0.187240
0.194844
0.176719
0.165312
0.184635
0.174635
0.155365
0.182292
0.178021
0.199740
0.179740
0.162135
0.178594
0.189219
0.153958
0.166667
0.152031
0.153958
0.142917
0.188646
0.153021
0.150885
0.153594
0.166190
0.173125
0.156406
0.161458
0.151458
0.149115
0.135052
0.158385
0.161042
0.140469
0.147865
0.167969
0.177604
0.153438
0.157917
0.165573
0.158906
0.172396
0.142760
0.158854
0.125208
0.148698
0.159948
0.141354
0.148690
0.152240
0.169063
0.137760
0.141198
0.136510
0.131302
0.144479
0.138594
0.146042
0.166042
0.152240
0.146510
0.147188
0.136198
0.150573
0.136354
0.157292
0.155521
0.156094
0.127135
0.132812
0.128073
0.138906
0.132857
0.128698
0.165365
0.121719
0.130417
0.100781
0.134219
0.146875
0.143490
0.132969
0.126406
0.138854
0.132500
0.132917
0.119167
0.155365
0.120781
0.137760
0.126823
0.169896
0.126875
0.131302
0.166667
0.148594
0.140119
0.099375
0.112917
0.125677
0.151510
0.135885
0.127396
0.106354
0.124167
0.143958
0.135260
0.137708
0.129167
0.128229
0.138177
0.122240
0.147813
0.129531
0.140156
0.127344
0.120833
0.139167
0.128385
0.105365
0.116190
0.107969
0.117969
0.128438
0.129010
0.141406
0.111719
0.122188
0.133177
0.154583
0.126094
0.127917
0.127813
0.117552
0.139948
0.128958
0.110781
0.114688
0.124479
0.125208
0.122708
0.121979
0.108646
0.130417
0.138810
0.111875
0.141094
0.114323
0.150729
0.133333
0.118073
0.109792
0.111563
0.105260
0.110156
0.121354
0.123385
0.130521
0.098854
0.124010
0.109427
0.097448
0.140938
0.116146
0.115260
0.111510
0.137448
0.109635
0.116786
0.102240
0.089948
0.111146
0.105156
0.146094
0.107917
0.109844
0.128438
0.128542
0.124219
0.101615
0.119896
0.097448
0.099635
0.111615
0.127656
0.090156
0.123125
0.118958
0.119531
0.105573
0.111406
0.089844
0.121071
0.101250
0.093802
0.121823
0.095417
0.121771
0.114219
0.094010
0.109896
0.098698
0.120365
0.094115
0.110938
0.103125
0.134115
0.101771
0.100417
0.118177
0.086042
0.112969
0.116979
0.114896
0.094531
0.106198
0.099762
0.110208
0.100104
0.105260
0.110260
0.098958
0.098646
0.099948
0.096771
0.099271
0.107708
0.109115
0.089896
0.103281
0.097188
0.109271
0.104427
0.107656
0.090365
0.105938
0.124323
0.120260
0.095781
0.104063
0.123452
0.085885
0.098229
0.097656
0.092292
0.101979
0.105938
0.106875
0.100052
0.086615
0.105000
0.116979
0.118229
0.100469
0.112656
0.097500
0.092448
0.104635
0.084271
0.094479
0.106146
0.108698
0.081406
0.113646
0.138571
0.127813
0.101563
0.101198
0.087552
0.096719
0.097240
0.086771
0.102135
0.106406
0.093281
0.099740
0.087865
0.097292
0.108646
0.079427
0.089844
0.071198
0.105573
0.097708
0.089792
0.116042
0.099688
0.101042
0.082976
0.096250
0.086042
0.110885
0.087396
0.087292
0.081615
0.091146
0.110260
0.108073
0.094427
0.086354
0.089427
0.096875
0.087240
0.093802
0.081563
0.099792
0.102552
0.087865
0.108750
0.090729
0.103438
0.091771
0.087857
0.082604
0.108073
0.074479
0.103385
0.114740
0.078646
0.120573
0.101667
0.079323
0.083958
0.090000
0.100573
0.105885
0.100729
0.093021
0.090781
0.097344
0.090990
0.079167
0.081510
