2.285044
2.287373
2.286097
2.292749
2.283855
2.267033
2.260312
2.263059
2.250737
2.248735
2.240144
2.238715
2.237536
2.214726
2.220957
2.215499
2.193040
2.203372
2.182117
2.199008
2.167346
2.170457
2.164599
2.152082
2.141173
2.129609
2.122270
2.109274
2.093747
2.083629
2.068918
2.059861
2.023227
2.020742
1.996591
1.960503
1.935646
1.932460
1.836107
1.832742
1.783606
1.790136
1.715047
1.685348
1.642313
1.543308
1.512552
1.387494
1.381982
1.261961
1.243757
1.180790
1.142179
1.088853
1.080871
0.979129
0.815584
0.906102
0.689448
0.625449
0.803437
0.673770
0.616292
0.672505
0.563156
0.629640
0.552733
0.578886
0.629476
0.572380
0.467022
0.556588
0.518523
0.529108
0.404974
0.404235
0.472556
0.571098
0.532589
0.396764
0.469643
0.474071
0.496187
0.468151
0.528764
0.397961
0.479474
0.448407
0.502161
0.582331
0.341741
0.440234
0.381144
0.364192
0.374947
0.274120
0.330398
0.334844
0.478361
0.312639
0.457836
0.259278
0.345078
0.394501
0.259899
0.400404
0.475713
0.387469
0.383712
0.322651
0.370540
0.383106
0.321839
0.256456
0.315372
0.339150
0.364868
0.438785
0.354558
0.386650
0.213335
0.322803
0.352994
0.351926
0.280060
0.365746
0.343919
0.321630
0.208298
0.290199
0.320567
0.377698
0.253290
0.311359
0.338110
0.279103
0.260702
0.317010
0.262978
0.282112
0.295885
0.276602
0.340724
0.267919
0.318904
0.293039
0.321287
0.283470
0.191376
0.244436
0.186630
0.302066
0.343116
0.262577
0.246409
0.262556
0.341989
0.233560
0.263128
0.293695
0.267612
0.218500
0.376168
0.259835
0.285629
0.196728
0.234141
0.231016
0.238356
0.385015
0.205274
0.185645
0.230611
0.251918
0.235714
0.247700
0.191883
0.224890
0.251314
0.293499
0.180657
0.225879
0.160015
0.239544
0.162983
0.152596
0.216257
0.223681
0.316299
0.263813
0.282328
0.201708
0.257610
0.224330
0.197761
0.194946
0.241765
0.242021
0.270643
0.120779
0.256036
0.244692
0.239741
0.262359
0.262832
0.194244
0.258870
0.152810
0.172049
0.297859
0.191892
0.197165
0.207216
0.155532
0.156940
0.150484
0.217568
0.209916
0.190627
0.177655
0.213022
0.260006
0.176817
0.275673
0.234836
0.284936
0.241118
0.157125
0.202369
0.173227
0.246618
0.175680
0.179389
0.144477
0.154913
0.231677
0.151399
0.177205
0.218416
0.257243
0.194874
0.204000
0.180220
0.216514
0.245364
0.244984
0.195945
0.190043
0.197367
0.166797
0.192045
0.222353
0.122534
0.162625
0.247037
0.192449
0.216866
0.196116
0.126928
0.168240
0.184796
0.152681
0.133696
0.111289
0.198060
0.251857
0.153965
0.146831
0.135929
0.147910
0.178641
0.150456
0.155862
0.133566
0.245974
0.168300
0.141701
0.130922
0.158365
0.142787
0.200936
0.156376
0.201362
0.199772
0.156532
0.115323
0.129094
0.139834
0.193239
0.116788
0.261717
0.220415
0.179375
0.140604
0.138368
0.220743
0.129956
0.179818
0.252308
0.180086
0.169949
0.122424
0.156484
0.147901
0.184883
0.142895
0.163403
0.115457
0.144291
0.209066
0.192760
0.156035
0.132013
0.168114
0.156008
0.143287
0.159175
0.118640
0.145027
0.157117
0.181428
0.108000
0.110787
0.138982
0.104007
0.137458
0.112873
0.195806
0.165930
0.116062
0.125736
0.132435
0.126077
0.191496
0.113380
0.200893
0.156238
0.130899
0.152060
0.169412
0.169017
0.229257
0.155642
0.127743
0.106570
0.140166
0.211498
0.149518
0.134133
0.152269
0.122437
0.128750
0.111614
0.270030
0.169803
0.151470
0.114253
0.130942
0.120142
0.147513
0.179109
0.091897
0.114043
0.125179
0.103794
0.171127
0.165822
0.149863
0.120339
0.144406
0.161300
0.207217
0.111200
0.127396
0.102289
0.157427
0.151430
0.121010
0.115720
0.146781
0.159651
0.110275
0.145353
0.122689
0.126236
0.164138
0.182820
0.113136
0.166758
0.121931
0.107963
0.077580
0.185106
0.151993
0.127013
0.077919
0.120808
0.108350
0.166672
0.149614
0.120491
0.097062
0.132829
0.170845
0.105956
0.156747
0.089578
0.169420
0.132990
0.135880
0.132657
0.114693
0.113820
0.071535
0.132679
0.123782
0.076300
0.134476
0.086744
0.099584
0.144859
0.070546
0.164425
0.151633
0.100219
0.095264
0.069252
0.077881
0.072781
0.151834
0.139012
0.108668
0.136482
0.120483
0.140325
0.087440
0.106484
0.166143
0.130957
0.128264
0.140793
0.100348
0.098970
0.115639
0.163918
0.064135
0.115343
0.096810
0.143955
0.161990
0.166492
0.170780
0.118260
0.166300
0.145303
0.108444
0.091204
0.203457
0.086194
0.113268
0.161571
0.056437
0.169347
0.122488
0.094894
0.157707
0.145480
0.111717
0.069065
0.064285
0.096974
0.092110
0.110643
0.128880
0.062743
0.094074
0.077243
0.107187
0.128720
0.086148
0.074411
0.106303
0.117231
0.090825
0.121728
0.113613
0.180986
0.083424
0.136438
0.160935
0.146817
0.153273
0.082691
0.101450
0.138348
0.081136
0.063136
0.066054
0.113769
0.123118
