2.295532
2.304081
2.293398
2.294304
2.277764
2.256564
2.228903
2.213203
2.196975
2.173427
2.157992
2.144355
2.137335
2.106298
2.047650
2.021859
1.987576
1.894311
1.854523
1.800428
1.823295
1.630919
1.603121
1.468099
1.585666
1.511930
1.429699
1.404193
1.251388
1.262117
1.249781
1.160747
0.951142
1.053644
1.085523
0.898568
1.009779
0.824511
0.850181
0.979082
0.787193
0.794067
0.694298
0.771802
0.799456
0.658513
0.769636
0.605228
0.683762
0.620683
0.727495
0.513705
0.528072
0.672964
0.626825
0.545861
0.614771
0.733014
0.553572
0.488045
0.643849
0.663466
0.603686
0.589995
0.466993
0.394071
0.550625
0.433514
0.426626
0.506319
0.466649
0.531329
0.413737
0.411553
0.324113
0.422149
0.475358
0.367948
0.431255
0.424929
0.516543
0.503621
0.488167
0.503566
0.393707
0.377908
0.534158
0.574056
0.283306
0.340322
0.495857
0.426960
0.382537
0.392300
0.406157
0.368112
0.496084
0.501166
0.452238
0.341790
0.464805
0.337623
0.316146
0.440409
0.492611
0.366810
0.431634
0.386743
0.332431
0.325520
0.361094
0.355579
0.356940
0.449712
0.413733
0.463810
0.308312
0.336792
0.398007
0.521437
0.259043
0.319740
0.405286
0.373638
0.427008
0.285670
0.354229
0.321585
0.305275
0.330946
0.313123
0.341928
0.367054
0.428984
0.301966
0.361737
0.326005
0.294771
0.360259
0.464910
0.297127
0.377932
0.371425
0.279309
0.283693
0.297223
0.308581
0.364310
0.223150
0.328967
0.473832
0.183422
0.359602
0.282396
0.290002
0.262965
0.303729
0.281831
0.275667
0.364193
0.395573
0.294044
0.363297
0.269111
0.258246
0.353318
0.343022
0.280409
0.323261
0.336058
0.269362
0.454120
0.338109
0.335599
0.205542
0.256543
0.323944
0.239141
0.249465
0.253889
0.392658
0.331068
0.369669
0.269599
0.225024
0.310187
0.350937
0.285009
0.269772
0.172982
0.286570
0.262353
0.415601
0.256990
0.298124
0.262018
0.236896
0.273617
0.280796
0.367332
0.292567
0.251213
0.270454
0.265422
0.405490
0.276194
0.314501
0.235736
0.265711
0.451042
0.274215
0.264027
0.334930
0.230324
0.273303
0.164367
0.239767
0.227932
0.183073
0.230766
0.238392
0.201365
0.167816
0.263042
0.257390
0.286372
0.193381
0.275568
0.265524
0.253297
0.289597
0.144042
0.195080
0.195578
0.154915
0.298169
0.336086
0.189257
0.241335
0.200457
0.307590
0.249771
0.337080
0.178086
0.284480
0.253525
0.256968
0.232809
0.263965
0.271149
0.179117
0.162586
0.255852
0.175322
0.209634
0.180044
0.293919
0.219851
0.407864
0.284447
0.229247
0.187295
0.202605
0.288595
0.230529
0.290061
0.228877
0.194694
0.180167
0.234451
0.228700
0.287195
0.228906
0.232566
0.203853
0.222114
0.362550
0.304899
0.186044
0.270006
0.165893
0.228415
0.176144
0.170425
0.124495
0.233015
0.259693
0.276274
0.212120
0.208001
0.203855
0.188911
0.149313
0.266632
0.245419
0.156741
0.128307
0.225124
0.230130
0.224949
0.182856
0.226328
0.266497
0.249001
0.293943
0.240012
0.263411
0.241839
0.130138
0.195853
0.261401
0.164506
0.265086
0.226193
0.173964
0.204444
0.298118
0.170515
0.145776
0.207838
0.269816
0.239777
0.163361
0.202732
0.231441
0.151472
0.124734
0.222418
0.143447
0.211640
0.225038
0.165669
0.192576
0.179867
0.272870
0.266444
0.144199
0.209402
0.313362
0.305558
0.123394
0.255335
0.144304
0.176249
0.190085
0.204565
0.144833
0.210406
0.172073
0.182438
0.145698
0.241505
0.106369
0.181500
0.234046
0.232439
0.274704
0.210518
0.162928
0.205393
0.119929
0.208916
0.065370
0.114185
0.209617
0.090041
0.181723
0.219973
0.188639
0.201344
0.090009
0.203078
0.219530
0.237394
0.164035
0.273417
0.210047
0.195183
0.174190
0.339591
0.257291
0.148276
0.158247
0.163490
0.169100
0.193457
0.222400
0.100724
0.168225
0.139703
0.228485
0.191619
0.119977
0.219049
0.103524
0.205357
0.269529
0.149421
0.145318
0.170350
0.093053
0.121274
0.194769
0.252861
0.289999
0.174587
0.231249
0.179073
0.161725
0.268928
0.147520
0.151918
0.125420
0.176357
0.187214
0.130628
0.106492
0.248731
0.252068
0.146303
0.191615
0.198172
0.232166
0.219539
0.181414
0.245126
0.088862
0.120506
0.175757
0.114230
0.129175
0.156160
0.097560
0.153954
0.100377
0.134892
0.116360
0.236863
0.282417
0.166982
0.181658
0.153262
0.092289
0.137975
0.110748
0.142373
0.170027
0.118314
0.320022
0.160429
0.164090
0.214008
0.135313
0.245848
0.173304
0.067218
0.295552
0.095505
0.110131
0.183508
0.115334
0.136289
0.110912
0.131777
0.209705
0.144865
0.209927
0.106790
0.083586
0.181567
0.230122
0.190422
0.109833
0.178831
0.225264
0.140206
0.096348
0.200776
0.318925
0.107634
0.204573
0.143784
0.088615
0.127558
0.131880
0.103792
0.189559
0.167462
0.200684
0.115713
0.080477
0.182140
0.130797
0.127251
0.121657
0.118904
0.221662
0.193999
0.128796
0.149213
