2.296452
2.296072
2.297405
2.287930
2.294679
2.290816
2.263723
2.278078
2.274285
2.253994
2.244414
2.236157
2.224804
2.227641
2.226863
2.186614
2.195446
2.173095
2.154932
2.137773
2.135365
2.117302
2.104404
2.072610
2.064953
2.044659
2.032453
1.968609
1.952164
1.949572
1.869714
1.848984
1.801236
1.749305
1.724915
1.603115
1.595714
1.576648
1.466760
1.313646
1.302885
1.240739
1.081142
1.008455
0.970328
0.871826
0.798603
0.867663
0.640856
0.690937
0.780973
0.560927
0.563185
0.534990
0.508341
0.512081
0.516805
0.420353
0.450779
0.479385
0.571607
0.415346
0.534892
0.467942
0.522996
0.445765
0.351209
0.303518
0.439827
0.410461
0.279351
0.421440
0.322705
0.468418
0.343482
0.321146
0.341094
0.482216
0.379330
0.328089
0.485420
0.486347
0.461892
0.380063
0.237118
0.380878
0.311768
0.334094
0.308477
0.281379
0.341057
0.467904
0.246215
0.305233
0.304463
0.415374
0.544378
0.399358
0.352161
0.408541
0.409140
0.318368
0.308554
0.298860
0.245857
0.203774
0.330935
0.279061
0.337911
0.383939
0.319546
0.409084
0.335471
0.465447
0.237495
0.262725
0.267731
0.338126
0.415128
0.445850
0.212627
0.329810
0.221321
0.375808
0.477396
0.269528
0.355730
0.321085
0.379211
0.374465
0.213937
0.293263
0.338496
0.337852
0.365543
0.270905
0.305386
0.267595
0.256932
0.396049
0.241989
0.292236
0.360655
0.327950
0.322191
0.298320
0.318788
0.277950
0.242894
0.253566
0.281712
0.172575
0.244575
0.293442
0.339611
0.233023
0.305656
0.380695
0.252399
0.403975
0.238945
0.268148
0.383772
0.190744
0.164386
0.350511
0.332443
0.353993
0.234185
0.275587
0.284638
0.302887
0.381780
0.252153
0.283899
0.266447
0.313945
0.351761
0.250120
0.193794
0.176027
0.207082
0.429424
0.277487
0.227628
0.259885
0.162689
0.199480
0.332349
0.258867
0.217934
0.253967
0.207427
0.222363
0.309606
0.369425
0.274807
0.216317
0.234683
0.234199
0.229094
0.266609
0.270282
0.180500
0.322956
0.227647
0.260605
0.283847
0.342427
0.190450
0.330645
0.224694
0.216210
0.299807
0.239381
0.168957
0.189347
0.232892
0.339415
0.380977
0.344698
0.350451
0.277325
0.253209
0.299598
0.246504
0.193057
0.152830
0.196617
0.280798
0.233164
0.486866
0.204688
0.183574
0.225539
0.215553
0.235990
0.237041
0.226135
0.280862
0.215966
0.350353
0.237845
0.153554
0.150546
0.380745
0.258130
0.155663
0.188157
0.135016
0.177488
0.239744
0.184544
0.209221
0.442917
0.334134
0.131243
0.286877
0.232875
0.128841
0.144816
0.286497
0.229289
0.417681
0.151134
0.183783
0.281996
0.224293
0.350795
0.227708
0.283469
0.174564
0.309066
0.187020
0.220607
0.213103
0.300273
0.169758
0.182458
0.231281
0.213577
0.293584
0.178303
0.193203
0.245522
0.153032
0.387615
0.232165
0.204431
0.274482
0.182551
0.149751
0.165639
0.295567
0.226456
0.203716
0.214937
0.201518
0.250413
0.215829
0.127212
0.139466
0.213523
0.208020
0.212950
0.164125
0.210588
0.236167
0.158984
0.142249
0.256308
0.210808
0.210694
0.194220
0.126239
0.206506
0.268146
0.277839
0.201931
0.185268
0.225505
0.301968
0.133359
0.154478
0.170106
0.154405
0.199993
0.235089
0.164634
0.184947
0.253405
0.206881
0.227409
0.148424
0.236507
0.253624
0.201120
0.227327
0.125193
0.213699
0.320066
0.173001
0.254671
0.189284
0.205488
0.191671
0.167355
0.182088
0.198917
0.227649
0.071074
0.356078
0.181912
0.181476
0.209237
0.164983
0.222823
0.206463
0.215498
0.099206
0.225742
0.159941
0.162657
0.177258
0.259440
0.177552
0.215616
0.229817
0.066152
0.233280
0.200050
0.145444
0.199184
0.121471
0.193357
0.230660
0.165806
0.237412
0.321571
0.178025
0.168995
0.165649
0.218839
0.120810
0.224394
0.209960
0.174973
0.222348
0.167978
0.159249
0.174317
0.272208
0.209112
0.219223
0.199012
0.128086
0.191099
0.203328
0.141968
0.146287
0.080587
0.145228
0.140612
0.148671
0.176142
0.157179
0.146662
0.117169
0.225423
0.164362
0.136836
0.192559
0.251141
0.265103
0.248577
0.187147
0.232917
0.123327
0.123472
0.201782
0.245939
0.146688
0.212842
0.275919
0.190536
0.178666
0.130419
0.088832
0.195893
0.084245
0.159057
0.199639
0.255936
0.118513
0.211610
0.093128
0.177845
0.155384
0.090956
0.271672
0.169885
0.149054
0.247443
0.109953
0.111942
0.114020
0.259229
0.132243
0.058093
0.163481
0.230446
0.224844
0.220437
0.260565
0.143526
0.148759
0.122165
0.159485
0.155092
0.164879
0.160928
0.141955
0.206714
0.143277
0.148726
0.195432
0.172800
0.240887
0.094066
0.200843
0.130177
0.198052
0.094482
0.231279
0.110681
0.175643
0.241816
0.096760
0.115746
0.233112
0.161482
0.156870
0.173665
0.221436
0.193098
0.135556
0.174166
0.245281
0.217773
0.123072
0.157469
0.164115
0.156925
0.133404
0.121333
0.182848
0.170667
0.297626
0.138617
0.097869
