2.295859
2.301852
2.303576
2.302709
2.302833
2.302585
2.302957
2.302709
2.302585
2.302585
2.302585
2.302585
2.302585
2.302585
2.302585
2.302585
2.302585
2.302585
2.302585
2.302585
2.302585
2.302585
2.302585
2.302585
2.302585
2.302585
2.302585
2.302585
2.302585
2.302585
2.302585
2.302585
2.302585
2.302585
2.302585
2.302585
2.302585
2.302585
2.302585
2.302585
2.302585
2.302585
2.302585
2.302585
2.302585
2.302585
2.302585
2.302585
2.302585
2.302585
2.302585
2.302585
2.302585
2.302585
2.302585
2.302585
2.302585
2.302585
2.302585
2.302585
2.302585
2.302585
2.302585
2.302585
2.302585
2.302585
2.302585
2.302585
2.302585
2.302585
2.302585
2.302585
2.302585
2.302585
2.302585
2.302585
2.302585
2.302585
2.302585
2.302585
2.302585
2.302585
2.302585
2.302585
2.302585
2.302585
2.302585
2.302585
2.302585
2.302585
2.302585
2.302585
2.302585
2.302585
2.302585
2.302585
2.302585
2.302585
2.302585
2.302585
2.302585
2.302585
2.302585
2.302585
2.302585
2.302585
2.302585
2.302585
2.302585
2.299955
2.302299
2.299956
2.299422
2.298889
2.300699
2.297023
2.298231
2.297698
2.297929
2.297460
2.306391
2.299270
2.305361
2.296507
2.304687
2.300613
2.300575
2.302719
2.300165
2.297698
2.299422
2.299298
2.302585
2.301928
2.301394
2.301270
2.297450
2.284426
2.259136
2.217055
2.218776
2.296280
2.269378
2.188707
2.293747
2.299726
2.261319
2.110137
2.202364
2.284957
2.307594
2.175107
1.904429
1.855826
1.856647
1.902788
1.915419
2.014754
1.992661
1.985193
2.028783
1.885000
1.861827
1.832597
1.898806
1.852533
1.855097
1.897720
1.868398
1.855756
1.838870
1.923201
1.858734
1.877112
1.826307
1.787445
1.806612
1.786858
1.796766
1.809285
1.736579
1.760882
1.824163
1.787441
1.739828
1.776235
1.756895
1.914714
1.783610
1.836973
1.799254
1.684470
1.678869
1.688303
1.649500
1.656166
1.704427
1.788059
1.761021
1.819733
1.791451
1.748803
1.781799
1.773213
1.762791
1.743277
1.688571
1.696512
1.720150
1.763673
1.721315
1.715032
1.706077
1.700145
1.671737
1.625217
1.740929
1.647042
1.699640
1.668566
1.689134
1.709015
1.636653
1.762819
1.664671
1.651085
1.624115
1.702566
1.658503
1.627830
1.649302
1.636700
1.623613
1.666531
1.646432
1.613565
1.597021
1.645081
1.679669
1.727868
1.758101
1.729098
1.664824
1.749257
1.720089
1.693789
1.687537
1.683522
1.686841
1.666340
1.709938
1.646867
1.661954
1.656327
1.627241
1.639825
1.681976
1.664433
1.669997
1.688970
1.676783
1.658115
1.657956
1.689508
1.689623
1.702418
1.682876
1.648478
1.637801
1.676451
1.618086
1.622517
1.634653
1.633143
1.651147
1.691056
1.638308
1.676283
1.709581
1.672896
1.723891
1.712898
1.672817
1.714920
1.696871
1.683148
1.663797
1.635288
1.640588
1.602772
1.621507
1.623767
1.629724
1.624496
1.587326
1.608126
1.622892
1.651328
1.647188
1.652524
1.682546
1.619205
1.643320
1.636887
1.611848
1.644652
1.599254
1.613804
1.636220
1.620083
1.659487
1.628765
1.614994
1.643933
1.627134
1.585246
1.607712
1.598947
1.587175
1.629791
1.609222
1.635065
1.543020
1.624382
1.600752
1.560466
1.589029
1.573585
1.580579
1.598863
1.673582
1.605477
1.583804
1.615849
1.650740
1.569153
1.611647
1.585375
1.595049
1.638245
1.594934
1.570910
1.550666
1.633538
1.604765
1.621035
1.600031
1.610423
1.574533
1.578653
1.582660
1.621582
1.597725
1.608853
1.588016
1.607541
1.585431
1.571063
1.601967
1.631061
1.591722
1.592558
1.622823
1.583408
1.595253
1.540230
1.589903
1.573929
1.536020
1.589613
1.600559
1.586911
1.583322
1.621421
1.577772
1.609943
1.594239
1.532122
1.602763
1.560863
1.547531
1.559420
1.599428
1.603701
1.634607
1.573231
1.601091
1.598934
1.558805
1.619142
1.581677
1.583220
1.559943
1.574097
1.566866
1.593861
1.580253
1.572316
1.619986
1.590031
1.565371
1.585520
1.602484
1.587141
1.535432
1.672604
1.540412
1.547036
1.563917
1.598336
1.575837
1.581309
1.563627
1.616506
1.550114
1.570741
1.554015
1.539234
1.570308
1.559046
1.614490
1.593198
1.552685
1.589103
1.574024
1.610570
1.583537
1.552486
1.535554
1.586569
1.543907
1.577425
1.636660
1.598315
1.576270
1.586492
1.608387
1.604186
1.591969
1.535469
1.550250
1.609255
1.580936
1.578571
1.552745
1.582243
1.609053
1.557724
1.584292
1.564914
1.582634
1.581601
1.550165
1.598957
1.596731
1.551296
1.585701
1.603039
1.549776
1.562886
1.588958
1.576285
1.568539
1.598082
1.536664
1.573968
1.565910
1.583968
1.582525
1.591495
1.574235
1.602248
1.593800
1.582632
1.548954
1.596755
1.596360
1.555668
1.541139
1.570395
1.565007
1.540095
1.535914
1.566674
1.637876
1.565494
1.582186
1.623744
1.588712
1.572980
1.540655
1.599981
1.547614
1.560327
1.569993
1.567860
1.596504
1.547664
1.563354
1.559479
