2.299958
2.297737
2.290274
2.291933
2.278062
2.266118
2.277245
2.262503
2.246420
2.217195
2.234044
2.187250
2.109342
2.085418
2.016304
1.977779
1.927711
1.888889
1.822640
1.795311
1.776868
1.817758
1.733752
1.759275
1.713220
1.712943
1.734299
1.659473
1.687789
1.671385
1.688757
1.614681
1.686032
1.645499
1.609100
1.647359
1.623616
1.629511
1.621483
1.612138
1.638539
1.602158
1.572807
1.631391
1.632237
1.584393
1.601128
1.586002
1.561665
1.559201
1.596846
1.604446
1.586500
1.592297
1.587342
1.569363
1.559070
1.572577
1.562012
1.596960
1.602488
1.568049
1.555868
1.563747
1.589913
1.562655
1.564020
1.579375
1.564738
1.569207
1.581410
1.535374
1.535004
1.544677
1.561013
1.522225
1.576919
1.540325
1.543704
1.566550
1.563867
1.546127
1.524505
1.523023
1.565045
1.530557
1.532876
1.556311
1.536157
1.550692
1.550876
1.556385
1.524715
1.551421
1.548604
1.547396
1.510738
1.546183
1.570086
1.516597
1.531561
1.523441
1.517025
1.535826
1.532810
1.516355
1.516316
1.505172
1.531041
1.533957
1.504331
1.519050
1.512151
1.523819
1.531321
1.519451
1.534778
1.526660
1.510019
1.519434
1.528621
1.501411
1.508841
1.522462
1.527591
1.518304
1.519445
1.511218
1.529228
1.520041
1.535627
1.542222
1.523060
1.522428
1.510273
1.500749
1.507107
1.505628
1.517290
1.508338
1.508830
1.510469
1.510016
1.507521
1.506649
1.509638
1.517061
1.506067
1.502704
1.507051
1.522991
1.530428
1.526190
1.526638
1.507455
1.503309
1.519781
1.514605
1.492385
1.496572
1.524820
1.509667
1.520624
1.498106
1.515543
1.485712
1.521491
1.504183
1.523486
1.539524
1.499905
1.520157
1.515606
1.509747
1.496943
1.504585
1.488747
1.488611
1.506527
1.496034
1.512263
1.482074
1.522013
1.487532
1.507679
1.490397
1.490618
1.499498
1.495788
1.512535
1.510088
1.494729
1.528410
1.485909
1.496535
1.510273
1.491277
1.491683
1.493071
1.503616
1.507716
1.515799
1.495288
1.521077
1.488966
1.495516
1.500805
1.490992
1.482679
1.501722
1.502795
1.497872
1.498720
1.499590
1.497412
1.496616
1.511880
1.499352
1.508801
1.492578
1.496972
1.502204
1.500748
1.502040
1.506687
1.481359
1.488018
1.516792
1.503184
1.488415
1.483926
1.499282
1.501688
1.491149
1.491690
1.517502
1.488556
1.487681
1.495140
1.492138
1.489989
1.492817
1.501441
1.486426
1.491654
1.516460
1.492641
1.499338
1.492206
1.487660
1.483441
1.515009
1.492169
1.493338
1.488382
1.488337
1.491568
1.484775
1.496924
1.504018
1.485495
1.516592
1.503541
1.500028
1.494568
1.491316
1.491161
1.480510
1.487016
1.496062
1.493672
1.504439
1.486110
1.480824
1.493873
1.486633
1.492975
1.494145
1.482288
1.496137
1.494979
1.487499
1.485806
1.494768
1.496601
1.501803
1.488557
1.479027
1.518510
1.477214
1.503647
1.490572
1.493071
1.507289
1.515038
1.492507
1.495369
1.479659
1.488398
1.488497
1.482140
1.484688
1.501493
1.497127
1.482812
1.479315
1.490325
1.495696
1.488537
1.497119
1.487451
1.490683
1.493779
1.482224
1.494425
1.483555
1.488287
1.479090
1.511741
1.479226
1.493812
1.482052
1.502871
1.495922
1.489238
1.485527
1.487056
1.489131
1.489065
1.497775
1.482368
1.486718
1.491432
1.487444
1.495713
1.491847
1.478505
1.489283
1.487059
1.475966
1.492279
1.527756
1.508281
1.493357
1.480538
1.486617
1.475729
1.483106
1.481204
1.477198
1.478185
1.505946
1.493121
1.487681
1.475709
1.494418
1.486393
1.482449
1.488010
1.480371
1.477122
1.498429
1.481704
1.492164
1.479890
1.488003
1.473727
1.492187
1.478613
1.505620
1.483963
1.506691
1.493602
1.501831
1.493239
1.495437
1.477588
1.479935
1.479687
1.485340
1.486043
1.475949
1.499913
1.482089
1.479900
1.504793
1.492508
1.491631
1.475977
1.485769
1.490593
1.479405
1.487665
1.478779
1.482090
1.485353
1.492603
1.476357
1.491157
1.490624
1.483162
1.483830
1.487695
1.483556
1.483048
1.492877
1.485819
1.490362
1.503016
1.476972
1.471928
1.481213
1.482379
1.480656
1.487259
1.496787
1.493450
1.487132
1.476377
1.478722
1.483453
1.498003
1.490115
1.484498
1.471559
1.488023
1.484867
1.495269
1.478658
1.485283
1.488791
1.477589
1.489857
1.472728
1.481523
1.479054
1.492284
1.483936
1.497308
1.482085
1.479295
1.495341
1.494131
1.486193
1.475950
1.469080
1.482247
1.487075
1.489406
1.485834
1.479945
1.488052
1.496520
1.492451
1.489798
1.470991
1.475645
1.483932
1.499673
1.476442
1.491239
1.477705
1.476578
1.504655
1.480946
1.472463
1.484149
1.481051
1.486404
1.495101
1.498612
1.482427
1.483426
1.481441
1.478135
1.476229
1.477829
1.488616
1.485354
1.492489
1.484345
1.489990
1.475341
1.489738
1.490782
1.490989
1.474507
1.488387
1.471197
1.474991
1.488977
1.478402
1.475901
1.474214
1.471492
1.477884
1.482184
1.479400
1.487513
1.470141
