2.305799
2.305441
2.304436
2.305321
2.303214
2.303786
2.303414
2.301890
2.303204
2.303452
2.303700
2.303204
2.302616
2.303414
2.303910
2.304884
2.303266
2.301328
2.305256
2.304291
2.306549
2.298365
2.299346
2.302557
2.293930
2.294597
2.290419
2.299788
2.293746
2.285084
2.284447
2.292375
2.290833
2.307421
2.317862
2.314367
2.315635
2.335558
2.300808
2.313068
2.304629
2.289132
2.286315
2.279655
2.274563
2.275548
2.253203
2.254588
2.240218
2.252208
2.250597
2.271666
2.280870
2.290404
2.305441
2.305756
2.321189
2.300326
2.326764
2.322518
2.346620
2.313654
2.340470
2.277083
2.295292
2.300527
2.280533
2.286101
2.298487
2.255054
2.253030
2.279051
2.264001
2.272786
2.317985
2.381752
2.313180
2.330309
2.324862
2.303656
2.321032
2.289624
2.281893
2.244013
2.202746
2.219056
2.173519
2.191995
2.119664
2.181818
2.108151
2.153954
2.127474
2.107338
2.100071
2.083160
2.051468
2.054603
1.975267
2.019119
1.997681
2.019216
1.979707
2.009979
2.023355
2.005574
2.007642
2.038535
2.001291
2.014651
2.038556
2.027117
2.046445
2.039706
2.141548
2.130525
2.168509
2.270175
2.226983
2.209944
2.181865
2.207301
2.122642
2.146784
2.126435
2.127575
2.087795
2.058377
2.085001
2.010610
2.041475
2.032737
2.058418
2.019022
2.029337
2.059739
2.085740
2.165974
2.103525
2.106310
2.144966
2.157223
2.094144
2.109601
2.103015
2.045265
2.058420
2.042657
2.056895
2.050637
2.003530
1.942835
2.006910
2.048607
2.048366
2.039757
2.118596
2.093374
2.096195
2.081817
2.046657
2.003094
1.949672
1.898189
1.970734
2.029414
1.969370
2.046713
2.016010
2.071576
2.127289
2.084528
2.103360
2.048430
2.066797
2.015191
2.088127
2.056364
2.105397
2.041123
2.068960
2.116920
2.128301
2.030817
2.044272
2.021738
2.104172
2.039839
2.087763
2.093467
2.096434
2.062071
2.002584
2.039055
2.107675
2.063577
2.019103
1.970016
2.125556
1.985283
1.988110
2.040526
2.044303
2.016394
2.067027
1.982060
2.051464
2.052226
2.089235
2.063486
2.007935
2.009973
2.063471
2.014989
2.077456
2.009676
2.087349
2.019943
1.990107
1.974483
1.973431
2.034620
2.013291
2.077834
2.059641
2.052806
2.052006
2.024498
2.027609
2.052695
2.045439
2.006044
1.955473
1.978357
2.016356
1.999284
1.991302
2.008419
2.045011
1.980885
1.999533
2.035324
2.136870
2.048813
2.026615
2.021179
1.988178
1.990711
1.998344
2.021381
2.009377
2.051574
2.044804
2.079318
1.989947
2.055507
2.065227
2.065135
2.077835
2.063930
2.045317
2.028781
2.019396
2.009647
2.029981
2.049661
1.991703
1.959296
2.002465
2.033408
2.054043
2.056824
1.994769
1.994285
2.034093
2.066293
2.036097
2.065727
2.062275
2.019159
2.042533
2.085300
2.061429
1.984802
2.003741
2.076333
2.080799
2.044098
2.029118
2.010612
2.043555
2.016201
1.997706
2.101569
2.060866
2.032918
1.991413
1.996917
1.984583
2.006169
1.974084
2.089131
2.009007
2.058196
2.102158
2.069766
2.071155
2.022585
2.042705
2.033747
2.030486
1.997582
1.999533
1.948607
2.026498
1.988424
1.983719
1.976664
2.072636
2.038976
2.076554
1.989139
1.971597
2.009008
1.988931
1.949794
2.050589
2.035669
2.034805
2.026788
2.025505
2.094857
2.013665
2.067908
1.974290
2.023750
2.059181
2.079403
2.025085
2.027664
2.046162
1.974586
1.997386
2.019487
2.077739
1.977548
1.921480
1.923104
1.943795
1.963072
1.946803
1.930067
1.939435
2.000830
1.919809
1.963915
1.981075
1.973055
1.979783
1.997770
1.987882
1.983103
1.889342
1.877209
1.914456
1.866287
1.854432
1.821535
1.829384
1.802420
1.837236
1.812546
1.834572
1.780440
1.810464
1.820282
1.804004
1.823867
1.804103
1.784431
1.763268
1.792267
1.763822
1.765453
1.763863
1.782114
1.783342
1.791511
1.813753
1.812194
1.802797
1.799560
1.833384
1.849088
1.850503
1.856513
1.894009
1.822495
1.830936
1.832421
1.817572
1.807360
1.806814
1.856911
1.830147
1.814133
1.833171
1.780416
1.792263
1.777987
1.772375
1.739568
1.805305
1.746628
1.796001
1.768792
1.746753
1.768212
1.758924
1.746813
1.752054
1.773797
1.752002
1.791248
1.780556
1.761567
1.799852
1.773205
1.764220
1.759559
1.749598
1.759215
1.775818
1.769229
1.726578
1.761422
1.787239
1.732182
1.740091
1.785541
1.744613
1.764645
1.763491
1.767179
1.745298
1.770853
1.805285
1.752772
1.779326
1.757222
1.760750
1.770646
1.743870
1.728483
1.745089
1.758603
1.769692
1.721067
1.725741
1.700200
1.748214
1.753987
1.766282
1.742750
1.708532
1.739261
1.730676
1.742382
1.740333
1.738856
1.794078
1.718892
1.767978
1.815964
1.811419
1.725145
1.775670
1.778827
1.733876
1.744041
1.748432
1.741977
1.738652
1.711889
1.768228
1.754012
1.729034
1.754605
1.751946
1.712665
1.728943
1.728004
1.749770
1.735482
1.720443
1.714783
1.728093
1.694098
1.771940
1.717903
