2.240821
2.235580
2.233526
2.229846
2.221746
2.216262
2.208530
2.199798
2.189592
2.176929
2.175302
2.161408
2.156669
2.143668
2.133712
2.110138
2.103620
2.085478
2.079955
2.064050
2.037951
2.015398
2.007032
1.965793
1.933642
1.928949
1.885785
1.827000
1.752987
1.721591
1.633925
1.541152
1.495447
1.383632
1.285147
1.206375
1.082980
1.047591
0.991041
0.836345
0.836825
0.813305
0.702254
0.612337
0.490677
0.401286
0.401288
0.329012
0.342227
0.230279
0.264848
0.449009
0.314637
0.221609
0.140728
0.181277
0.163310
0.302414
0.257219
0.197363
0.273522
0.259289
0.367561
0.214834
0.073218
0.199687
0.757733
0.782640
3.696845
0.095127
1.697566
0.288438
0.130328
0.215792
0.721693
1.220247
1.526589
1.775135
1.934375
2.035462
2.094354
2.120368
2.139424
2.153668
2.166196
2.172866
2.180113
2.180837
2.181324
2.182846
2.179856
2.178561
2.177710
2.174542
2.170294
2.163842
2.157381
2.150066
2.140931
2.133454
2.125459
2.114686
2.107489
2.099019
2.088893
2.077080
2.069040
2.064450
2.056010
2.046363
2.034501
2.013446
1.986091
1.957098
1.931423
1.901481
1.881082
1.860795
1.836166
1.819989
1.805897
1.786083
1.782082
1.763818
1.760782
1.744581
1.732567
1.705863
1.686673
1.655792
1.622671
1.597724
1.553698
1.498538
1.472131
1.409673
1.395944
1.362806
1.314974
1.281957
1.229460
1.213984
1.199903
1.135772
1.110898
1.046925
0.988152
0.928486
0.900411
0.887105
0.816413
0.779185
0.745111
0.759953
0.712240
0.605632
0.612879
0.587843
0.511454
0.484791
0.497346
0.475296
0.377788
0.420102
0.391801
0.353872
0.249580
0.384216
0.364792
0.296651
0.400031
0.260537
0.275231
0.171258
0.220294
0.354688
0.325865
0.230300
0.197203
0.251225
0.320520
0.230155
0.263455
0.326441
0.276789
0.373908
0.268796
0.262899
0.171858
0.119661
0.066042
0.217591
0.343337
0.250121
0.192482
0.410512
0.129025
0.750229
0.069676
0.423798
0.231123
1.093695
0.025941
11.725857
3.821605
0.000000
111.892189
142.370758
90.581818
27.022381
2.786655
2.531080
2.494197
2.478580
2.469505
2.465148
2.483447
2.501212
2.523340
2.536629
2.551151
2.577253
2.590208
2.596726
2.587245
2.583251
2.569895
2.561669
2.541550
2.521182
2.507764
2.493305
2.490433
2.467907
2.444483
2.420749
2.423074
2.377689
2.367525
2.321853
2.277630
2.233229
2.173501
2.120115
2.032470
1.960251
1.894928
1.820111
1.675184
1.546015
1.410493
1.276352
1.128432
0.968061
0.906846
0.848869
0.761223
0.836569
0.735064
0.695070
0.645077
0.542286
0.482451
0.468671
0.499999
0.324878
0.498501
0.426284
0.331427
0.310125
0.537509
0.178674
0.331582
0.793234
1.716215
0.350003
0.038234
1.435911
14.261236
26.574858
15.249470
8.748800
0.218929
0.109326
0.680372
1.401322
1.643633
1.763769
1.850821
1.922434
1.919927
1.934885
1.878153
1.781846
1.715807
1.552968
1.408369
1.279862
1.042748
0.861247
0.785195
0.673448
0.620327
0.558856
0.519891
0.513765
0.533592
0.552902
0.664178
0.666341
0.593195
0.554847
0.511988
0.512299
0.528461
0.445758
0.319043
0.384659
0.268541
0.305419
0.122673
0.344914
0.308959
0.363631
0.202551
0.349352
0.506544
0.354015
0.359281
0.458671
0.297840
0.268199
0.361369
0.299948
0.194757
0.193427
0.315096
0.152993
0.268644
0.206138
0.462041
0.275702
0.528870
0.579375
0.201409
0.425773
0.257809
0.152661
0.237433
0.389808
0.331780
0.198710
3.580362
0.032895
0.209200
20.624622
9.014284
0.106679
0.227481
1.342366
1.345607
1.334045
1.385012
1.449053
1.510149
1.551269
1.599581
1.655596
1.672141
1.671432
1.602872
1.508494
1.352433
1.148752
0.949636
0.796581
0.615392
0.545369
0.551521
0.446032
0.414779
0.421429
0.400449
0.423550
0.446567
0.425522
0.507889
0.464587
0.397844
0.504682
0.391336
0.300927
0.325321
0.243981
0.283763
0.268555
0.253959
0.266684
0.248860
0.305053
0.305443
0.207556
0.300218
0.228615
0.243020
0.266194
0.249494
0.197662
0.264475
0.252236
0.244875
0.204702
0.244350
0.143400
0.221864
0.158644
0.136612
0.096478
0.114847
0.278896
0.146203
0.187933
0.224112
0.222070
0.230288
0.366202
0.259548
0.132744
0.487425
0.175558
0.185505
0.393364
0.243112
0.289933
0.090641
0.242596
0.527152
0.328027
0.476128
0.210217
0.042712
0.073101
0.431149
0.244464
0.268882
0.500278
0.620881
0.908565
1.828356
6.751235
0.699043
0.000027
0.890873
1.527878
2.329969
1.144254
0.152588
0.478352
2.558630
1.531606
1.057280
0.265119
0.150796
0.657147
0.816811
0.905858
1.218892
2.155039
1.995121
2.540986
2.639616
2.097331
1.105227
4.528294
4.205799
2.832745
2.615991
12.930070
43.848782
36.378120
2.506421
0.000000
0.571604
1.458353
0.941363
1.638141
1.971874
2.764507
3.442454
3.513912
2.550275
1.536827
2.031559
1.516829
1.090849
2.837720
1.800083
0.829621
1.589854
2.066995
