2.300667
2.300567
2.307237
2.287079
2.295520
2.286534
2.280885
2.277912
2.267684
2.272896
2.257478
2.259927
2.241237
2.241820
2.232544
2.232591
2.219896
2.219552
2.230777
2.195107
2.196967
2.192992
2.189825
2.168128
2.158633
2.135021
2.145691
2.124544
2.118922
2.098126
2.081051
2.070159
2.100186
2.044660
2.039846
2.047547
2.017453
2.035357
1.996492
1.986924
1.919107
1.880340
1.899634
1.879640
1.813508
1.792135
1.805872
1.749228
1.699070
1.675682
1.722684
1.662243
1.673159
1.574202
1.495278
1.518595
1.430098
1.426538
1.473273
1.401839
1.411057
1.251359
1.256426
1.234557
1.161581
1.176282
1.145095
1.104650
1.026856
1.033499
1.044030
1.009056
0.912290
0.904808
0.929070
0.935699
0.955867
0.791818
0.714546
0.723481
0.711649
0.735553
0.792647
0.695249
0.688920
0.687761
0.590043
0.703666
0.538942
0.508534
0.576227
0.663460
0.580676
0.550732
0.515286
0.421174
0.505324
0.447975
0.448470
0.402518
0.593268
0.406551
0.491025
0.372933
0.408038
0.298081
0.307760
0.435582
0.366404
0.462927
0.323430
0.429755
0.368277
0.403592
0.396742
0.400617
0.519034
0.462503
0.392678
0.348034
0.367899
0.346495
0.327052
0.433842
0.357165
0.261961
0.274023
0.415163
0.289044
0.397135
0.242086
0.310467
0.385723
0.369495
0.443574
0.490292
0.326608
0.308154
0.297606
0.387326
0.391983
0.243483
0.411609
0.323844
0.324339
0.341385
0.365115
0.372773
0.328323
0.304353
0.301381
0.366311
0.532872
0.352634
0.316375
0.389650
0.280662
0.252553
0.283190
0.360528
0.308757
0.409198
0.254400
0.420393
0.348998
0.287888
0.278552
0.402111
0.252065
0.248897
0.392329
0.281850
0.409602
0.290368
0.225068
0.314069
0.252598
0.289138
0.233770
0.351423
0.321657
0.308240
0.308209
0.319284
0.399150
0.384230
0.321871
0.261043
0.305773
0.268462
0.216240
0.359598
0.255505
0.227971
0.359173
0.364198
0.404048
0.355680
0.304941
0.299597
0.246859
0.399354
0.227612
0.296261
0.220558
0.262175
0.385912
0.337131
0.290777
0.248957
0.323121
0.212488
0.276195
0.325008
0.324424
0.242507
0.393728
0.288133
0.206552
0.207332
0.392360
0.429340
0.338040
0.233275
0.197187
0.210802
0.327607
0.526510
0.376569
0.268037
0.391810
0.359960
0.244581
0.194366
0.226781
0.369151
0.250789
0.300562
0.347203
0.262585
0.188677
0.274011
0.266094
0.264511
0.312185
0.231653
0.330615
0.276230
0.310954
0.334312
0.208818
0.321788
0.228944
0.379551
0.327614
0.219524
0.342515
0.341544
0.170037
0.319843
0.256350
0.314938
0.208754
0.220808
0.244824
0.245803
0.295602
0.221054
0.295065
0.460290
0.337799
0.389971
0.176167
0.264846
0.233224
0.239073
0.175639
0.285310
0.246511
0.312602
0.249614
0.342666
0.397362
0.201430
0.182733
0.209321
0.274354
0.148737
0.265719
0.329826
0.263799
0.249612
0.322379
0.252269
0.174290
0.282977
0.266216
0.177225
0.303083
0.217276
0.177653
0.368818
0.180205
0.300757
0.260284
0.264730
0.213507
0.185520
0.291313
0.313489
0.400683
0.300958
0.207387
0.226968
0.140704
0.278177
0.277477
0.179607
0.228164
0.180322
0.339413
0.266474
0.189847
0.278220
0.202730
0.205826
0.169854
0.180500
0.259193
0.191584
0.366115
0.241695
0.337235
0.172162
0.204560
0.269571
0.414196
0.359625
0.175819
0.160818
0.304513
0.125710
0.239723
0.249531
0.132796
0.186569
0.311706
0.284297
0.237363
0.206814
0.222035
0.276078
0.319011
0.422095
0.145722
0.287977
0.168594
0.227659
0.237374
0.242252
0.187620
0.189702
0.206286
0.277196
0.223941
0.214410
0.198284
0.294884
0.234401
0.168464
0.125116
0.184151
0.250260
0.276966
0.282369
0.165807
0.200281
0.277582
0.182628
0.263165
0.173679
0.223339
0.186099
0.187372
0.214303
0.294448
0.127348
0.240568
0.218161
0.237986
0.289517
0.188245
0.197125
0.210279
0.297621
0.339352
0.148888
0.210739
0.300391
0.131856
0.212930
0.207953
0.253069
0.188245
0.303042
0.228974
0.208484
0.217108
0.139298
0.186558
0.220937
0.218222
0.143867
0.190692
0.232843
0.242861
0.189661
0.340656
0.326239
0.147101
0.252205
0.217014
0.225990
0.196969
0.233419
0.222154
0.168033
0.148072
0.232629
0.199199
0.174147
0.275087
0.247294
0.226354
0.195713
0.253488
0.209547
0.255791
0.274713
0.175220
0.291741
0.180430
0.169509
0.145670
0.268398
0.152144
0.272038
0.184998
0.146119
0.195117
0.243133
0.229401
0.099363
0.199181
0.203439
0.119647
0.263027
0.203063
0.113159
0.147711
0.240052
0.119816
0.143312
0.118672
0.141677
0.182376
0.192658
0.186601
0.234047
0.198789
0.211488
0.190407
0.245607
0.170927
0.110706
0.255077
0.402854
0.158022
0.218479
0.133023
0.190815
0.215478
0.316046
0.242058
0.298447
0.329625
0.246049
0.214137
0.188605
0.142446
0.104651
0.136834
0.203503
0.126070
0.129810
0.180023
0.082121
0.128930
0.196385
0.235640
