2.287770
2.280852
2.284083
2.275780
2.270989
2.273787
2.259185
2.253717
2.245262
2.241861
2.225965
2.232239
2.210144
2.194788
2.196076
2.183750
2.194995
2.161142
2.155901
2.134717
2.122400
2.103059
2.087260
2.066310
2.059013
2.026709
1.998512
1.980252
1.924338
1.865536
1.888822
1.830033
1.796854
1.739511
1.700955
1.601049
1.645959
1.587410
1.351944
1.359236
1.228861
1.179747
1.169982
1.090481
0.955566
0.847688
0.928508
0.851239
0.750746
0.585748
0.584354
0.531275
0.679629
0.499899
0.604175
0.539329
0.468994
0.440477
0.346813
0.434454
0.499581
0.445808
0.410364
0.821162
0.367083
0.354386
0.351006
0.608926
0.519663
0.661672
0.433378
0.341990
0.491710
0.456537
0.402052
0.323716
0.305509
0.436241
0.314073
0.431762
0.325199
0.336309
0.354365
0.284678
0.365175
0.306548
0.297382
0.272756
0.354195
0.307020
0.316845
0.277089
0.369074
0.287114
0.276786
0.272694
0.317527
0.345268
0.465726
0.486610
0.344088
0.267814
0.389346
0.283119
0.310053
0.570814
0.241864
0.249929
0.290233
0.330919
0.507236
0.319059
0.227502
0.436002
0.241256
0.350106
0.231373
0.244189
0.245705
0.172245
0.474081
0.257506
0.278446
0.308036
0.301625
0.322412
0.457483
0.216495
0.297484
0.149865
0.451006
0.296430
0.242586
0.183141
0.236787
0.420737
0.389433
0.253318
0.259772
0.233219
0.159153
0.368834
0.208544
0.265568
0.184260
0.332915
0.147314
0.245354
0.303199
0.265090
0.204295
0.166425
0.233270
0.293519
0.172111
0.355682
0.274283
0.181172
0.189274
0.255723
0.315283
0.381135
0.261894
0.290798
0.127951
0.311070
0.168485
0.255077
0.133328
0.214365
0.225598
0.365815
0.097320
0.325551
0.230575
0.120816
0.159776
0.207043
0.243211
0.244643
0.420915
0.163635
0.216692
0.125243
0.160672
0.191484
0.274869
0.188768
0.207893
0.304109
0.198679
0.216252
0.273802
0.258755
0.139949
0.166758
0.316663
0.108518
0.165195
0.268769
0.118228
0.400254
0.227302
0.203075
0.173964
0.087776
0.268399
0.176368
0.164441
0.180772
0.197297
0.150128
0.174696
0.160702
0.245353
0.221607
0.201103
0.224137
0.128154
0.187759
0.225225
0.226377
0.108097
0.199699
0.100147
0.235723
0.226238
0.224682
0.150346
0.201386
0.304035
0.164858
0.155933
0.131492
0.172227
0.190335
0.286628
0.289649
0.329105
0.127782
0.192477
0.135677
0.139524
0.206712
0.157368
0.133591
0.225358
0.132868
0.152051
0.113054
0.165818
0.241540
0.278240
0.165861
0.146125
0.288772
0.106620
0.158265
0.114140
0.143820
0.128655
0.112124
0.106901
0.173745
0.122340
0.144841
0.255756
0.130303
0.127078
0.163132
0.153012
0.136810
0.119616
0.195396
0.153157
0.095715
0.124674
0.138941
0.373605
0.128427
0.184106
0.224041
0.214185
0.211181
0.061098
0.237788
0.081911
0.096976
0.158594
0.159396
0.178576
0.064688
0.142726
0.122928
0.122191
0.162831
0.087158
0.190610
0.246216
0.177398
0.185362
0.092217
0.089695
0.085600
0.181641
0.265060
0.220026
0.082457
0.125344
0.113277
0.258818
0.077217
0.135704
0.193315
0.084837
0.168793
0.080856
0.145154
0.124318
0.227338
0.175024
0.179063
0.178904
0.388667
0.084871
0.089128
0.101239
0.238628
0.129674
0.093198
0.110849
0.087039
0.116058
0.143337
0.097634
0.068408
0.076513
0.115786
0.128551
0.121602
0.069675
0.034478
0.252061
0.111401
0.090327
0.048526
0.085458
0.151575
0.188628
0.109705
0.078326
0.081108
0.107493
0.111327
0.100080
0.177973
0.219461
0.108485
0.128085
0.091300
0.087606
0.077192
0.161950
0.112499
0.190792
0.149081
0.176192
0.094836
0.040028
0.133898
0.159036
0.112287
0.102769
0.083166
0.162892
0.153693
0.102964
0.167911
0.092971
0.235844
0.091209
0.109715
0.108084
0.082901
0.159955
0.201871
0.108680
0.089345
0.102806
0.130941
0.082916
0.233890
0.086602
0.225549
0.077638
0.143601
0.088326
0.148405
0.065486
0.094327
0.062295
0.167016
0.195610
0.074097
0.206865
0.049435
0.055955
0.068971
0.142349
0.080174
0.130024
0.096144
0.108128
0.190856
0.113739
0.089851
0.098270
0.031378
0.058829
0.081746
0.095074
0.090790
0.142594
0.078252
0.105064
0.040744
0.033575
0.079031
0.114328
0.187910
0.100969
0.232962
0.073218
0.094299
0.147451
0.136757
0.151042
0.058688
0.119527
0.076973
0.125158
0.100203
0.148814
0.102990
0.117709
0.123244
0.066415
0.053480
0.174085
0.196083
0.105749
0.074345
0.098113
0.149671
0.075842
0.043250
0.086147
0.098458
0.099006
0.099728
0.130795
0.110096
0.098308
0.230683
0.043860
0.063162
0.198950
0.176438
0.087514
0.081544
0.148317
0.076558
0.070739
0.060804
0.036054
0.071417
0.235090
0.072057
0.085623
0.085010
0.091917
0.047974
0.023760
0.095042
0.043219
0.057713
0.138448
0.106048
0.096141
0.097510
0.104265
0.136163
0.176909
0.083047
0.087921
0.122535
0.070991
0.080141
0.125093
0.058433
