2.293567
2.304529
2.304815
2.306036
2.310586
2.308514
2.317433
2.312991
2.319434
2.317366
2.314973
2.316425
2.327435
2.323397
2.319467
2.334544
2.316140
2.311342
2.315785
2.323649
2.326896
2.325362
2.323086
2.304815
2.305806
2.304195
2.309505
2.311983
2.316268
2.308160
2.312974
2.308531
2.312619
2.307399
2.304195
2.307045
2.310513
2.305063
2.309522
2.311735
2.312371
2.313858
2.312124
2.314106
2.315097
2.302585
2.302585
2.302585
2.302709
2.302585
2.303204
2.303948
2.307168
2.307416
2.305930
2.308531
2.302709
2.303452
2.304071
2.307292
2.310389
2.307168
2.304195
2.304815
2.302585
2.302585
2.302957
2.305310
2.307912
2.306425
2.305063
2.304691
2.302957
2.303204
2.304567
2.305806
2.309770
2.313858
2.314230
2.315345
2.314477
2.309894
2.304072
2.303328
2.302585
2.302585
2.302585
2.302585
2.302585
2.302585
2.302585
2.302585
2.302585
2.303700
2.306673
2.303576
2.302957
2.302833
2.303080
2.302709
2.304939
2.302957
2.302585
2.304815
2.303823
2.306673
2.310018
2.312124
2.309398
2.305682
2.304567
2.305434
2.304939
2.306053
2.307292
2.306549
2.308160
2.308160
2.308903
2.309027
2.307788
2.302709
2.302709
2.303081
2.302709
2.303204
2.304691
2.303576
2.303452
2.302585
2.302585
2.302585
2.302585
2.302833
2.303452
2.304815
2.308283
2.310018
2.307540
2.306549
2.305063
2.303824
2.304071
2.303452
2.303080
2.303948
2.305682
2.306921
2.309522
2.308655
2.306054
2.304071
2.302833
2.302585
2.302585
2.302585
2.302585
2.303328
2.304071
2.305434
2.306797
2.310018
2.311752
2.312371
2.313362
2.312248
2.306921
2.305682
2.304691
2.304567
2.305063
2.304195
2.302709
2.302585
2.302585
2.302585
2.302585
2.302585
2.303452
2.304071
2.303948
2.302833
2.302833
2.303081
2.303452
2.303081
2.304691
2.303576
2.303081
2.303824
2.305187
2.305187
2.306549
2.308903
2.308655
2.305310
2.304195
2.304691
2.305310
2.305930
2.307416
2.307045
2.306797
2.309274
2.304319
2.303824
2.303204
2.303328
2.303576
2.303824
2.304071
2.303948
2.304939
2.305682
2.304319
2.303824
2.304319
2.304319
2.305310
2.306177
2.306673
2.307292
2.307788
2.303452
2.302957
2.302833
2.302585
2.302833
2.302585
2.302585
2.302585
2.302585
2.302709
2.303576
2.304567
2.307045
2.306178
2.308779
2.308036
2.304567
2.305310
2.303948
2.305310
2.304071
2.304071
2.303204
2.303204
2.303948
2.304071
2.305682
2.307045
2.303948
2.302585
2.303204
2.303204
2.303081
2.302585
2.302585
2.302709
2.302957
2.303328
2.303576
2.304815
2.306177
2.304815
2.307045
2.305187
2.304319
2.303824
2.303204
2.302833
2.302833
2.302585
2.302709
2.303204
2.304071
2.305434
2.307416
2.303452
2.303452
2.303948
2.304443
2.305930
2.306797
2.307292
2.307168
2.308779
2.308531
2.307292
2.306673
2.303824
2.303576
2.302585
2.302709
2.302585
2.302585
2.303204
2.303204
2.302833
2.303328
2.303700
2.302957
2.303576
2.302585
2.302585
2.302585
2.302585
2.302585
2.302957
2.303080
2.303824
2.304815
2.305806
2.304815
2.303080
2.302957
2.302833
2.303204
2.303080
2.304072
2.304691
2.305682
2.304319
2.304567
2.303576
2.303947
2.304939
2.306301
2.306673
2.307045
2.307416
2.304567
2.303452
2.302585
2.302585
2.302585
2.302585
2.302585
2.303081
2.303824
2.304691
2.306797
2.303700
2.302585
2.302833
2.302957
2.303700
2.303576
2.303700
2.303576
2.302585
2.302585
2.302585
2.302585
2.302585
2.303204
2.303452
2.304319
2.305682
2.306673
2.309274
2.310761
2.307664
2.306177
2.303824
2.303452
2.302957
2.302709
2.302585
2.302709
2.302833
2.303204
2.302709
2.302585
2.303081
2.303328
2.304195
2.305930
2.303204
2.303081
2.303080
2.303824
2.302957
2.302585
2.302709
2.302957
2.303576
2.303576
2.303948
2.302833
2.303080
2.302957
2.302833
2.302833
2.303576
2.303824
2.305063
2.306054
2.308903
2.309646
2.310389
2.304567
2.302585
2.302585
2.302585
2.302585
2.302585
2.302709
2.302585
2.302585
2.302585
2.302957
2.303081
2.302709
2.302585
2.302833
2.302709
2.302585
2.304195
2.305187
2.305682
2.303081
2.304567
2.303948
2.304072
2.304072
2.304567
2.304195
2.304691
2.304443
2.305187
2.304815
2.303081
2.302585
2.302585
2.302585
2.302585
2.302585
2.302585
2.302709
2.302957
2.303948
2.304443
2.305930
2.306673
2.308531
2.308407
2.309150
2.306673
2.305806
2.303824
2.303824
2.303452
2.303948
2.303947
2.303328
2.303204
2.303824
2.303081
2.304319
2.304071
2.304443
2.303700
2.303081
2.302709
2.302833
2.302585
2.302709
2.302709
2.303452
2.303452
2.303576
2.303700
2.304567
2.302709
2.303824
2.303204
2.303204
2.303700
2.302709
2.302585
2.302585
2.302709
2.302833
2.303452
2.303947
2.302833
2.303081
2.303328
2.303452
2.303328
2.303700
2.302957
2.302833
2.302709
2.302833
2.302957
2.303452
2.304195
2.303328
