2.308225
2.309227
2.305285
2.330873
2.295812
2.297387
2.363480
2.383212
2.514067
2.625293
2.705724
2.695001
2.626675
2.623106
2.567110
2.682263
2.717166
2.745939
2.709282
2.696901
2.723955
2.726112
2.649913
2.687665
2.650819
2.670881
2.692018
2.723413
2.681620
2.695634
2.720511
2.668878
2.632605
2.682493
2.681560
2.651973
2.591704
2.625939
2.632203
2.622470
2.572755
2.605602
2.577982
2.606185
2.589517
2.614465
2.592177
2.614623
2.542591
2.520319
2.520561
2.642989
2.595710
2.534900
2.530601
2.547562
2.551584
2.495348
2.542741
2.631046
2.562354
2.549621
2.537069
2.543821
2.573508
2.584271
2.580781
2.622365
2.536341
2.528119
2.637594
2.582397
2.707741
2.644766
2.738903
2.685628
2.761640
2.781160
2.716371
2.739023
2.744072
2.727442
2.735745
2.694155
2.763799
2.701781
2.739284
2.674512
2.722331
2.729486
2.703439
2.705660
2.710364
2.711414
2.680676
2.703670
2.671870
2.719455
2.727909
2.720072
2.736676
2.718246
2.740199
2.711118
2.739096
2.719223
2.696549
2.719187
2.736597
2.706425
2.670063
2.726939
2.695194
2.728790
2.673394
2.710395
2.670427
2.746016
2.752923
2.723236
2.701237
2.621635
2.717216
2.759954
2.634421
2.759566
2.671247
2.692072
2.711338
2.718300
2.753457
2.716787
2.711096
2.761783
2.709542
2.687548
2.731246
2.715225
2.718705
2.770222
2.690991
2.726519
2.725225
2.645814
2.769866
2.725138
2.695690
2.700677
2.709299
2.724083
2.691642
2.757053
2.738799
2.701833
2.713981
2.671243
2.736890
2.753347
2.686407
2.738217
2.723126
2.744381
2.642264
2.758483
2.685502
2.744825
2.716752
2.699509
2.676815
2.677421
2.715710
2.722716
2.719813
2.685609
2.707190
2.729056
2.714909
2.706836
2.721209
2.714921
2.737752
2.708626
2.670862
2.669841
2.745234
2.705743
2.757838
2.671517
2.685874
2.696721
2.692892
2.715616
2.748573
2.688413
2.763299
2.684844
2.719629
2.766859
2.743708
2.742576
2.698937
2.670975
2.738093
2.737884
2.677093
2.705353
2.700346
2.727366
2.674925
2.705794
2.747166
2.692151
2.660233
2.726251
2.682763
2.715693
2.689291
2.692598
2.730881
2.707349
2.698411
2.695885
2.691535
2.682456
2.713142
2.717959
2.712476
2.669184
2.681495
2.723678
2.666034
2.673805
2.649253
2.681097
2.646509
2.688124
2.681557
2.691765
2.682520
2.608200
2.699323
2.660061
2.646101
2.679888
2.635922
2.666613
2.646728
2.646757
2.592924
2.695821
2.603010
2.620727
2.664664
2.647078
2.673444
2.679369
2.643235
2.681661
2.681183
2.680154
2.687309
2.631430
2.622551
2.710623
2.678429
2.703423
2.694216
2.643065
2.630240
2.656836
2.650053
2.687591
2.650992
2.644188
2.656071
2.636430
2.630591
2.662975
2.644349
2.686767
2.706108
2.650436
2.695781
2.655535
2.686836
2.643719
2.650558
2.652072
2.598490
2.610486
2.554285
2.462428
2.487967
2.432783
2.394755
2.351014
2.300327
2.302585
2.302585
2.302585
2.302585
2.302585
2.302585
2.302585
2.302585
2.302585
2.302585
2.302585
2.302585
2.302585
2.302585
2.302585
2.302585
2.302585
2.302585
2.302585
2.302585
2.302585
2.302585
2.302585
2.302585
2.302585
2.302585
2.302585
2.302585
2.302585
2.302585
2.302585
2.302585
2.302585
2.302585
2.302585
2.302585
2.302585
2.302585
2.302585
2.302585
2.302585
2.302585
2.302585
2.302585
2.302585
2.302585
2.302585
2.302585
2.302585
2.302585
2.302585
2.302585
2.302585
2.302585
2.302585
2.302585
2.302585
2.302585
2.302585
2.302585
2.302585
2.302585
2.302585
2.302585
2.302585
2.302585
2.302585
2.302585
2.302585
2.302585
2.302585
2.302585
2.302585
2.302585
2.302585
2.302585
2.302585
2.302585
2.302585
2.302585
2.302585
2.302585
2.302585
2.302585
2.302585
2.302585
2.302585
2.302585
2.302585
2.302585
2.302585
2.302585
2.302585
2.302585
2.302585
2.302585
2.302585
2.302585
2.302585
2.302585
2.302585
2.302585
2.302585
2.302585
2.302585
2.302585
2.302585
2.302585
2.302585
2.302585
2.302585
2.302585
2.302585
2.302585
2.302585
2.302585
2.302585
2.302585
2.302585
2.302585
2.302585
2.302585
2.302585
2.302585
2.302585
2.302585
2.302585
2.302585
2.302585
2.302585
2.302585
2.302585
2.302585
2.302585
2.302585
2.302585
2.302585
2.302585
2.302585
2.302585
2.302585
2.302585
2.302585
2.302585
2.302585
2.302585
2.302585
2.302585
2.302585
2.302585
2.302585
2.302585
2.302585
2.302585
2.302585
2.302585
2.302585
2.302585
2.302585
2.302585
2.302585
2.302585
2.302585
2.302585
2.302585
2.302585
2.302585
2.302585
2.302585
2.302585
2.302585
2.302585
2.302585
2.302585
2.302585
2.302585
2.302585
2.302585
2.302585
2.302585
2.302585
2.302585
2.302585
2.302585
2.302585
2.302585
2.302585
2.302585
2.302585
2.302585
2.302585
2.302585
2.302585
2.302585
2.302585
2.302585
2.302585
2.302585
2.302585
2.302585
2.302585
2.302585
2.302585
