2.301590
2.295933
2.288976
2.292202
2.283146
2.243040
2.242536
2.229833
2.170963
2.177799
2.170203
2.108773
2.073052
2.004492
1.939187
1.871117
1.897818
1.825166
1.825941
1.790692
1.695353
1.754670
1.705269
1.742632
1.734293
1.676564
1.739903
1.668285
1.730417
1.675425
1.745287
1.677819
1.698923
1.650880
1.677588
1.667350
1.646020
1.634405
1.643568
1.645170
1.661017
1.615652
1.612394
1.642954
1.648143
1.630887
1.647776
1.685452
1.597472
1.625584
1.635626
1.602095
1.585049
1.634148
1.634030
1.575273
1.648081
1.619270
1.583756
1.597571
1.570626
1.648631
1.663520
1.635354
1.590117
1.583821
1.612698
1.598221
1.576520
1.602640
1.603411
1.616180
1.596074
1.590503
1.614807
1.641184
1.578149
1.582038
1.566357
1.562342
1.585195
1.604292
1.621175
1.609128
1.565855
1.604092
1.592993
1.609546
1.579759
1.558704
1.614281
1.548662
1.612286
1.595148
1.590718
1.592751
1.595988
1.579071
1.567186
1.569301
1.564515
1.555535
1.603038
1.627293
1.562808
1.625409
1.588654
1.605586
1.585113
1.618772
1.585775
1.610931
1.554269
1.636617
1.597174
1.627245
1.609454
1.566325
1.579933
1.593222
1.571447
1.570464
1.566540
1.575319
1.570629
1.568396
1.578516
1.585505
1.566741
1.584378
1.577083
1.517658
1.508030
1.583815
1.569405
1.619582
1.611798
1.579749
1.568208
1.582281
1.581434
1.578395
1.583368
1.557757
1.603382
1.534010
1.557906
1.592839
1.558094
1.569443
1.586028
1.676197
1.556225
1.564545
1.546058
1.631698
1.568171
1.590370
1.560521
1.565887
1.591957
1.533814
1.577490
1.546876
1.580248
1.573035
1.547074
1.561371
1.598085
1.580130
1.549535
1.558216
1.631947
1.584141
1.554245
1.579170
1.571464
1.576561
1.559786
1.579935
1.581137
1.573513
1.563282
1.609701
1.562155
1.564890
1.590858
1.551497
1.555325
1.574435
1.578787
1.564371
1.583793
1.619715
1.595805
1.541609
1.564836
1.585202
1.562989
1.547630
1.590639
1.537753
1.598292
1.551977
1.564524
1.570525
1.575486
1.546677
1.571930
1.533705
1.552333
1.557400
1.535339
1.581483
1.555053
1.583889
1.550467
1.567891
1.537036
1.596728
1.568302
1.587597
1.586840
1.593597
1.547651
1.549842
1.537183
1.547674
1.573717
1.569172
1.571650
1.541962
1.585093
1.564595
1.564026
1.549380
1.573892
1.591221
1.542935
1.558839
1.620302
1.517721
1.584165
1.594052
1.525354
1.554967
1.551602
1.565498
1.560341
1.554319
1.605750
1.534544
1.524706
1.555033
1.561839
1.541981
1.594432
1.550319
1.552386
1.566527
1.603360
1.541854
1.526559
1.592739
1.509290
1.598273
1.594222
1.518205
1.584702
1.633972
1.530273
1.579773
1.560792
1.578798
1.528982
1.529494
1.558431
1.581463
1.530367
1.587908
1.570443
1.607060
1.496786
1.582060
1.516645
1.558151
1.561656
1.547873
1.537165
1.536353
1.539390
1.528737
1.572652
1.544038
1.580660
1.608898
1.554374
1.562056
1.557695
1.561751
1.571034
1.567173
1.582101
1.588669
1.584099
1.547606
1.538987
1.548961
1.551752
1.547415
1.539694
1.574872
1.555039
1.551728
1.573863
1.555210
1.530459
1.566448
1.555854
1.548032
1.552570
1.583874
1.529312
1.557493
1.541188
1.592695
1.553042
1.543577
1.563485
1.565486
1.567039
1.576654
1.575213
1.551130
1.508324
1.549736
1.552521
1.586410
1.572590
1.556497
1.572103
1.587640
1.531831
1.576468
1.546206
1.544031
1.565720
1.531870
1.567904
1.578104
1.526650
1.554536
1.539981
1.555479
1.581111
1.568042
1.574182
1.583464
1.566035
1.541815
1.570766
1.521456
1.530858
1.545232
1.558971
1.551876
1.549935
1.599660
1.538374
1.536427
1.563981
1.579571
1.548184
1.606517
1.586142
1.542679
1.558678
1.572032
1.533317
1.533192
1.557513
1.569806
1.561474
1.542942
1.560596
1.585188
1.520486
1.578422
1.555650
1.545581
1.529907
1.535561
1.564836
1.551653
1.562207
1.613414
1.543619
1.572265
1.601369
1.572194
1.547215
1.518695
1.547872
1.574170
1.523544
1.553116
1.546721
1.548494
1.510029
1.545462
1.548145
1.547473
1.545913
1.525905
1.566624
1.581935
1.555783
1.564878
1.566746
1.527027
1.575839
1.577503
1.558288
1.519920
1.526423
1.537887
1.539840
1.593175
1.552237
1.520524
1.590447
1.551198
1.543173
1.540191
1.555350
1.578158
1.555891
1.507697
1.550539
1.559259
1.560860
1.565500
1.604292
1.546080
1.532056
1.572701
1.552158
1.587806
1.548313
1.549746
1.522310
1.528777
1.578203
1.540258
1.564311
1.558472
1.569683
1.543680
1.573213
1.567028
1.585919
1.569725
1.529140
1.550308
1.581609
1.555457
1.521315
1.562433
1.528289
1.528985
1.562218
1.517952
1.577492
1.556647
1.555555
1.582400
1.532141
1.572823
1.534936
1.553268
1.547548
1.566375
1.592450
1.585391
1.570435
1.526997
1.560052
1.520822
1.533230
1.520439
1.545112
1.503171
1.557949
1.533292
1.573384
1.552852
1.562147
1.529304
1.597315
1.532064
