2.302585
2.302585
2.302585
2.302585
2.302585
2.302585
2.302585
2.302585
2.302585
2.302585
2.302585
2.302585
2.302585
2.302585
2.302585
2.302585
2.302585
2.302585
2.302585
2.302585
2.302585
2.302585
2.302585
2.302585
2.302585
2.302585
2.302585
2.302585
2.302585
2.302585
2.302585
2.302585
2.302585
2.302585
2.302585
2.302585
2.302585
2.302585
2.302585
2.302585
2.302585
2.302585
2.302585
2.302585
2.302585
2.302585
2.302585
2.302585
2.302585
2.302585
2.302585
2.302585
2.302585
2.302585
2.302585
2.302585
2.302585
2.302585
2.302585
2.302585
2.302585
2.302585
2.302585
2.302585
2.302585
2.302585
2.302585
2.302585
2.302585
2.302585
2.302585
2.302585
2.302585
2.302585
2.302585
2.302585
2.302585
2.302585
2.302585
2.302585
2.302585
2.302585
2.302585
2.302585
2.302585
2.302585
2.302585
2.302585
2.302585
2.302585
2.302585
2.302585
2.302585
2.302585
2.302585
2.302585
2.302585
2.302585
2.302585
2.302585
2.302585
2.302585
2.302585
2.302585
2.302585
2.302585
2.302585
2.302585
2.302585
2.302585
2.302585
2.302585
2.302585
2.302585
2.302585
2.302585
2.302585
2.302585
2.302585
2.302585
2.302585
2.302585
2.302585
2.302585
2.302585
2.302585
2.302585
2.302585
2.302585
2.302585
2.302585
2.302585
2.302585
2.302585
2.302585
2.302585
2.302585
2.302585
2.302585
2.302585
2.302585
2.302585
2.302585
2.302585
2.302585
2.302585
2.302585
2.302585
2.302585
2.302585
2.302585
2.302585
2.302585
2.302585
2.302585
2.302585
2.302585
2.302585
2.302585
2.302585
2.302585
2.302585
2.302585
2.302585
2.302585
2.302585
2.302585
2.302585
2.302585
2.302585
2.302585
2.302585
2.302585
2.302585
2.302585
2.302585
2.302585
2.302585
2.302585
2.302585
2.302585
2.302585
2.302585
2.302585
2.302585
2.302585
2.302585
2.302585
2.302585
2.302585
2.302585
2.302585
2.302585
2.302585
2.302585
2.302585
2.302585
2.302585
2.302585
2.302585
2.302585
2.302585
2.302585
2.302585
2.302585
2.302585
2.302585
2.302585
2.302585
2.302585
2.302585
2.302585
2.302585
2.302585
2.302585
2.302585
2.302585
2.302585
2.302585
2.302585
2.302585
2.302585
2.302585
2.302585
2.302585
2.302585
2.302585
2.302585
2.302585
2.302585
2.302585
2.302585
2.302585
2.302585
2.302585
2.302585
2.302585
2.302585
2.302585
2.302585
2.302585
2.302585
2.302585
2.302585
2.302585
2.302585
2.302585
2.302585
2.302585
2.302585
2.302585
2.302585
2.302585
2.302585
2.302585
2.302585
2.302585
2.302585
2.302585
2.302585
2.302585
2.302585
2.302585
2.302585
2.302585
2.302585
2.302585
2.302585
2.302585
2.302585
2.302585
2.302585
2.302585
2.302585
2.302585
2.302585
2.302585
2.302585
2.302585
2.302585
2.302585
2.302585
2.302585
2.302585
2.302585
2.302585
2.302585
2.302585
2.302585
2.302585
2.302585
2.302585
2.302585
2.302585
2.302585
2.302585
2.302585
2.302585
2.302585
2.302585
2.302585
2.302585
2.302585
2.302585
2.302585
2.302585
2.302585
2.302585
2.302585
2.302585
2.302585
2.302585
2.302585
2.302585
2.302585
2.302585
2.302585
2.302585
2.302585
2.302585
2.302322
2.300608
2.297364
2.287859
2.292691
2.290964
2.291709
2.302574
2.297825
2.303035
2.284728
2.286058
2.281269
2.285939
2.292049
2.289239
2.266129
2.264871
2.252110
2.267085
2.267891
2.268973
2.261724
2.252161
2.232568
2.265805
2.246484
2.249547
2.234185
2.236028
2.248392
2.209717
2.230156
2.216837
2.217748
2.198704
2.169643
2.187839
2.129004
2.151099
2.144205
2.106869
2.093161
2.122393
2.129846
2.108707
2.098001
2.115639
2.077090
2.122652
2.024697
2.053261
2.057849
2.027279
2.030902
2.017841
1.990931
1.979757
1.981521
1.965187
1.965255
1.894998
1.953074
1.888463
1.867501
1.890782
1.870096
1.848468
1.852911
1.838505
1.824813
1.867864
1.853176
1.806187
1.757187
1.820579
1.805729
1.815059
1.799351
1.812090
1.749123
1.803484
1.782471
1.758578
1.767279
1.769025
1.794968
1.768133
1.744528
1.737358
1.738836
1.729841
1.749337
1.706598
1.731869
1.686087
1.690314
1.702926
1.714965
1.700723
1.743377
1.721601
1.733276
1.702145
1.706435
1.704702
1.662851
1.694342
1.648733
1.657131
1.680787
1.672665
1.665698
1.687724
1.694073
1.662135
1.670673
1.681946
1.682729
1.642220
1.651859
1.675146
1.695665
1.636384
1.653445
1.657956
1.688637
1.628006
1.648976
1.676769
1.646418
1.668397
1.675027
1.666904
1.636655
1.602870
1.656441
1.642544
1.655759
1.626039
1.619043
1.637743
1.630835
1.645923
1.671234
1.671016
1.666352
1.639940
1.611353
1.621233
1.640866
1.639719
1.636292
1.623326
1.637353
1.660873
1.650469
1.603718
1.622344
1.647166
1.621541
1.621822
1.631379
1.601168
1.632170
1.600930
1.625655
1.606293
1.616468
1.604443
1.673210
1.602705
1.603386
1.601095
1.607399
1.593230
1.621371
1.648974
1.624699
1.601525
1.622643
1.606791
1.615351
1.613409
1.624361
1.620209
1.611704
1.587275
1.612360
1.574587
1.602280
1.595481
1.614993
1.630524
1.644731
1.606854
1.631039
1.606330
1.598355
1.620484
1.578259
1.602055
1.587781
1.615917
1.606257
1.591612
1.661756
1.568950
1.597552
1.578966
1.593864
1.585186
1.623580
1.595318
1.608438
1.596837
1.553134
1.611300
1.633749
1.590196
1.589588
1.619815
1.579144
1.540234
1.564891
1.605623
1.569975
1.586663
1.587764
1.582657
1.570554
1.602460
1.590809
1.569882
1.595212
1.599270
1.560289
1.618541
1.590542
1.568738
1.581306
1.601647
1.585052
1.592590
1.606470
1.554835
1.587016
1.596119
1.604171
1.640624
1.578978
1.567776
1.629414
1.588037
1.596488
1.596384
1.578838
1.573435
1.627562
1.545686
1.564076
1.595822
1.583403
1.601559
1.597847
1.584112
1.549645
1.597819
1.581876
1.581865
1.560053
1.570804
1.568265
1.577737
1.552977
1.565196
1.548503
1.545702
1.551981
1.584687
1.547376
1.580717
1.557183
1.560506
1.577673
1.586639
1.594182
1.553406
1.560901
1.592385
1.555743
1.582980
1.584127
1.540056
1.567798
1.549237
1.563224
1.568850
1.571804
1.558815
1.628742
1.551900
1.575568
1.554892
1.574134
1.566318
1.570552
1.558451
1.566817
1.556187
1.580919
1.564655
1.556051
1.553580
1.544645
1.548936
1.566708
1.544838
1.563784
1.560874
1.578113
1.583852
1.565710
1.543526
1.564109
1.530401
1.549560
1.571595
1.557096
1.580556
1.559929
1.578629
1.571071
1.576186
1.554915
1.563775
1.567153
1.547216
1.544200
1.546980
1.555610
1.533835
1.559483
1.552285
1.554907
1.554959
1.555502
1.545741
1.573672
1.541524
1.541914
1.529407
1.571292
1.564123
1.552422
1.533410
1.541706
1.564281
1.540016
1.586411
1.538720
1.524751
1.553443
1.543918
1.558795
1.545902
1.548339
1.572193
1.557172
1.551575
1.547715
1.577049
1.529154
1.548717
1.554283
1.561096
1.541228
1.578595
1.536180
1.549297
1.557512
1.574565
1.524885
1.562455
1.543426
1.518597
1.518103
1.547404
1.551791
1.566544
1.534965
1.536975
1.557601
1.543022
1.549673
1.554337
1.534471
1.524535
1.543646
1.551901
1.535978
1.509098
1.535784
1.544332
1.566902
1.524987
1.525708
1.571484
1.539498
1.536839
1.525224
1.510069
1.537278
1.558698
1.575184
1.534857
1.552405
1.551750
1.551604
1.550113
1.540927
1.548389
1.515087
1.536441
1.545992
1.542732
1.531149
1.533350
1.552354
1.531972
1.562406
1.506388
1.508518
1.550160
1.535420
1.535152
1.574572
1.544309
1.544626
1.516918
1.530694
1.524569
1.514497
1.568864
1.524731
1.539425
1.566501
1.525603
1.523443
1.515307
1.539671
1.539232
1.522071
1.542073
1.507855
1.545972
1.518713
1.528603
1.538847
1.532635
1.537433
1.564028
1.541324
1.526253
1.532560
1.534372
1.514697
1.567180
1.512757
1.543973
1.546826
1.548871
1.549110
1.531057
1.537597
1.549823
1.519438
1.516411
1.537983
1.558191
1.531185
1.569298
1.523913
1.537478
1.535278
1.519107
1.510423
1.526728
1.532526
1.518350
1.531222
1.526150
1.491409
1.519875
1.559379
1.515449
1.533615
1.542799
1.504085
1.505379
1.538500
1.539647
1.525375
1.531169
1.562815
1.528288
1.567355
1.502401
1.530394
1.553727
1.523621
1.517956
1.548719
1.500121
1.542787
1.562867
1.547130
1.509175
1.530377
1.514732
1.529111
1.547164
1.513735
1.540516
1.553931
1.528636
1.501330
1.515974
1.514667
1.503830
1.522107
1.527774
1.540399
1.529152
1.530819
1.536767
1.556233
1.511716
1.531012
1.522748
1.495515
1.522051
1.549707
1.545734
1.538133
1.541157
1.512315
1.519184
1.517133
1.513514
1.520243
1.520451
1.525372
1.544298
1.534890
1.548458
1.534608
1.541926
1.540744
1.521891
1.541651
1.533960
1.517865
1.542329
1.529075
1.537095
1.514362
1.521180
1.520169
1.503369
1.514421
1.527353
1.507001
1.540835
1.524219
1.533187
1.511821
1.501118
1.509080
1.510435
1.527620
1.519871
1.511496
1.538886
1.545046
1.489807
1.496825
1.509356
1.512842
1.518464
1.539957
1.485841
1.531930
1.525015
1.524484
1.520164
1.550529
1.508810
1.501805
1.499713
1.508857
1.531040
1.537133
1.498777
1.510003
1.515901
1.518699
1.510514
1.538402
1.497908
1.540683
1.527239
1.512432
1.505133
1.533295
1.514021
1.518393
1.507891
1.528547
1.502573
1.545753
1.540958
1.516937
1.513952
1.541631
1.519395
1.517099
1.529526
1.514039
1.503250
1.527612
1.517100
1.495333
1.512602
1.507002
1.533897
1.489792
1.522238
1.539826
1.524638
1.545280
1.523811
1.554130
1.516141
1.505023
1.507643
1.512847
1.522981
1.511068
1.503661
1.522684
1.507819
1.519365
1.535714
1.507512
1.503362
1.517514
1.499913
1.521754
1.514273
1.501105
1.521153
1.515381
1.505227
1.504455
1.519377
1.531323
1.534179
1.501213
1.522922
1.493729
1.544713
1.535361
1.529061
1.517535
1.538242
1.520153
1.513391
1.505642
1.522884
