2.291744
2.302299
2.282437
2.302833
2.304939
2.304939
2.281673
2.301394
2.301928
2.298231
2.248942
2.310690
2.179911
2.247452
2.314781
2.226295
2.030930
2.263937
2.331425
2.205151
2.289710
2.146526
1.942959
2.270267
2.449130
2.214115
1.946329
2.104128
2.415853
2.382374
2.311208
2.341562
2.333532
2.423297
2.196225
2.322241
2.383531
2.421837
2.416116
2.434177
2.365246
2.426547
2.429707
2.463559
2.487502
2.274919
1.836131
1.644149
1.588080
1.578701
1.563401
1.569909
1.569770
1.592951
1.586140
1.612429
1.622933
1.601568
1.648453
1.692239
1.683701
1.679970
1.701407
1.627170
1.630946
1.611281
1.630148
1.594970
1.593430
1.552528
1.609787
1.534306
1.561935
1.559490
1.543005
1.602697
1.596219
1.532667
1.598384
1.523196
1.572654
1.585849
1.529556
1.510780
1.494355
1.488312
1.511220
1.548076
1.481265
1.481801
1.484766
1.492586
1.517252
1.591670
1.530853
1.537150
1.558878
1.562660
1.582638
1.587293
1.570683
1.592639
1.556454
1.536918
1.560994
1.573911
1.563743
1.579646
1.570777
1.572214
1.544208
1.572719
1.584983
1.592765
1.577512
1.574915
1.580955
1.555238
1.520058
1.528837
1.518367
1.541349
1.554868
1.525338
1.500554
1.500841
1.500239
1.500149
1.496963
1.506014
1.495992
1.484695
1.486649
1.494183
1.486483
1.507097
1.480915
1.481271
1.495698
1.499871
1.508700
1.507214
1.514779
1.537811
1.507520
1.511883
1.555255
1.576220
1.592349
1.573627
1.545643
1.589945
1.523227
1.514905
1.520204
1.510923
1.505149
1.505871
1.517072
1.503585
1.501370
1.516669
1.500564
1.518467
1.512993
1.509201
1.500438
1.504920
1.498111
1.495148
1.514509
1.506626
1.541488
1.512293
1.548864
1.508417
1.528629
1.517441
1.512139
1.528320
1.516037
1.503152
1.510320
1.513166
1.491500
1.507472
1.511410
1.501213
1.487829
1.518194
1.501104
1.482036
1.509818
1.506205
1.495573
1.502067
1.509153
1.489558
1.503594
1.475475
1.480824
1.480199
1.474036
1.494680
1.490398
1.509137
1.525575
1.483612
1.510392
1.496528
1.492769
1.484128
1.503681
1.496388
1.491185
1.495788
1.484677
1.501579
1.489710
1.481910
1.490033
1.481371
1.484376
1.479010
1.499171
1.491039
1.517596
1.514526
1.510295
1.503713
1.509365
1.490503
1.492186
1.476348
1.473898
1.482198
1.485265
1.485265
1.495057
1.486778
1.477470
1.483312
1.484060
1.493100
1.486146
1.484457
1.478997
1.481793
1.491692
1.490535
1.490872
1.482094
1.488239
1.483314
1.502842
1.503794
1.494038
1.502890
1.489327
1.489398
1.510448
1.520495
1.539104
1.528965
1.531977
1.519727
1.527058
1.529467
1.501493
1.544988
1.519643
1.519784
1.505544
1.501261
1.502974
1.513062
1.498304
1.495390
1.495662
1.506829
1.476560
1.494772
1.498334
1.486860
1.497970
1.488372
1.472796
1.485203
1.503247
1.493221
1.481362
1.484264
1.485709
1.491294
1.494517
1.504673
1.494337
1.476734
1.495840
1.485209
1.507522
1.487992
1.508506
1.501828
1.510042
1.499862
1.490693
1.494879
1.495344
1.486345
1.509001
1.509725
1.495656
1.486164
1.502985
1.480868
1.479606
1.479668
1.490348
1.478432
1.486782
1.502650
1.498931
1.484132
1.526770
1.482760
1.510960
1.490162
1.492334
1.502525
1.504849
1.487372
1.476421
1.494939
1.492824
1.515241
1.501401
1.492179
1.483805
1.499241
1.481052
1.489237
1.506878
1.486866
1.479038
1.500005
1.475951
1.488689
1.498956
1.490714
1.489783
1.484374
1.493341
1.484150
1.475930
1.471924
1.487459
1.485023
1.479576
1.482687
1.479475
1.488695
1.485847
1.485626
1.484257
1.473044
1.477756
1.484149
1.490587
1.481874
1.484909
1.484137
1.482534
1.477625
1.475211
1.472650
1.472975
1.490946
1.503454
1.469864
1.486204
1.486344
1.476708
1.490335
1.480889
1.485321
1.476765
1.481608
1.468622
1.476979
1.472888
1.474244
1.482843
1.483338
1.477613
1.475245
1.475934
1.495152
1.476125
1.489572
1.472312
1.479903
1.473030
1.483195
1.492800
1.479917
1.472642
1.487749
1.470524
1.472484
1.492384
1.480170
1.489535
1.476132
1.490110
1.478807
1.476069
1.481409
1.477851
1.482194
1.474162
1.483117
1.475981
1.476647
1.477890
1.477030
1.482464
1.478649
1.486670
1.489855
1.477755
1.470213
1.468072
1.481532
1.471794
1.471533
1.475295
1.475297
1.490158
1.480587
1.481863
1.471113
1.476089
1.474480
1.481040
1.502003
1.478500
1.470365
1.483633
1.470045
1.489020
1.478293
1.475157
1.486578
1.487385
1.466560
1.473294
1.473076
1.469321
1.476784
1.471484
1.480028
1.490794
1.469449
1.471063
1.491003
1.472813
1.470719
1.474867
1.469396
1.478389
1.483050
1.464940
1.480173
1.481494
1.476916
1.473246
1.476089
1.472676
1.476476
1.483898
1.472216
1.471802
1.483308
1.474046
1.472095
1.485354
1.485386
1.473798
1.472962
1.483848
1.470961
1.475472
1.470478
1.469650
1.478958
1.466576
1.477501
1.474078
1.473812
