2.305552
2.302956
2.300148
2.298900
2.311054
2.323875
2.335836
2.345413
2.325726
2.307439
2.231009
2.246369
2.252368
2.248728
2.226423
2.198179
2.190965
2.205022
2.200479
2.166365
2.138633
2.161866
2.129715
2.133299
2.146121
2.132563
2.095412
2.102783
2.072221
2.073968
2.054755
2.032032
2.032356
2.052871
2.027592
2.050254
2.065983
2.098140
2.064466
2.105612
2.046281
1.990454
2.000610
2.004144
2.049872
1.983257
1.907168
1.879135
1.857425
1.881116
1.909365
1.946113
1.858716
1.819168
1.815471
1.826447
1.819024
1.808227
1.814720
1.794410
1.782414
1.757820
1.757839
1.758182
1.748412
1.731799
1.786428
1.783552
1.762371
1.722666
1.721063
1.729351
1.702812
1.712596
1.689209
1.713239
1.766601
1.713668
1.688582
1.716047
1.693390
1.687405
1.710522
1.698613
1.715899
1.689382
1.702149
1.661871
1.671175
1.677273
1.695125
1.664795
1.703316
1.625708
1.660656
1.663362
1.673639
1.660007
1.665705
1.678853
1.664905
1.662766
1.676456
1.649440
1.625985
1.649414
1.656965
1.631355
1.633608
1.630894
1.661359
1.647594
1.674634
1.605138
1.662721
1.637236
1.647933
1.643290
1.648760
1.637924
1.636305
1.621990
1.621663
1.626129
1.644607
1.630328
1.628198
1.610687
1.631552
1.641316
1.638890
1.616635
1.646994
1.634105
1.621931
1.635374
1.647660
1.632837
1.632762
1.646698
1.619593
1.625320
1.634705
1.624288
1.602776
1.598919
1.622668
1.609480
1.650750
1.648254
1.626857
1.602973
1.601318
1.618791
1.626410
1.611730
1.630851
1.623186
1.641962
1.606529
1.606954
1.636782
1.618428
1.615484
1.615120
1.618234
1.627479
1.624544
1.616424
1.605084
1.611544
1.601526
1.603557
1.594760
1.604946
1.606412
1.625167
1.617982
1.592754
1.611892
1.601440
1.610082
1.610306
1.599271
1.593603
1.611925
1.605280
1.607811
1.583736
1.588856
1.606923
1.588388
1.605023
1.593865
1.585008
1.606235
1.582444
1.600076
1.620736
1.593677
1.590496
1.590164
1.613890
1.600319
1.610045
1.609543
1.609935
1.601443
1.589164
1.593134
1.585338
1.586007
1.605370
1.585942
1.590278
1.594926
1.594687
1.608868
1.573138
1.593691
1.571614
1.604824
1.574785
1.586898
1.607720
1.568910
1.594158
1.596417
1.578077
1.595508
1.588681
1.581307
1.579575
1.558719
1.591969
1.601058
1.591307
1.601677
1.585086
1.565850
1.590022
1.580866
1.593147
1.606225
1.561775
1.578655
1.582659
1.597265
1.576719
1.567347
1.583900
1.589088
1.589306
1.565563
1.571085
1.574833
1.580423
1.588133
1.566556
1.598312
1.581752
1.564749
1.580019
1.577330
1.561939
1.572367
1.554261
1.560383
1.572490
1.574141
1.571485
1.560009
1.570731
1.572748
1.552830
1.556930
1.574650
1.556122
1.555107
1.575744
1.571840
1.548128
1.555900
1.574604
1.575641
1.570581
1.560053
1.565127
1.551636
1.576624
1.577221
1.537874
1.541528
1.574165
1.578841
1.570886
1.543229
1.580437
1.559674
1.538778
1.568695
1.544582
1.570990
1.573071
1.554824
1.565867
1.562333
1.554816
1.560316
1.555154
1.579647
1.543164
1.547449
1.561506
1.562446
1.551741
1.565888
1.561008
1.545542
1.560850
1.569512
1.558535
1.559436
1.548869
1.554733
1.561998
1.543056
1.542613
1.570421
1.565067
1.550822
1.541364
1.549777
1.569539
1.566312
1.540548
1.540064
1.557265
1.538003
1.577040
1.542698
1.557007
1.536877
1.543845
1.528962
1.545043
1.570384
1.553533
1.547315
1.543905
1.548460
1.540867
1.532245
1.556961
1.543553
1.540804
1.535019
1.538203
1.550756
1.557216
1.545325
1.544955
1.556928
1.567875
1.553676
1.565761
1.539649
1.543198
1.562896
1.560923
1.539683
1.551029
1.549194
1.560913
1.549203
1.554528
1.547344
1.536891
1.557560
1.547586
1.538888
1.532591
1.547737
1.559707
1.552175
1.539169
1.540103
1.550150
1.544014
1.554565
1.519737
1.564402
1.530099
1.546531
1.535225
1.529059
1.543777
1.532584
1.537338
1.521077
1.555290
1.533737
1.518171
1.569468
1.530615
1.541205
1.544334
1.528186
1.539603
1.538445
1.561809
1.539528
1.544144
1.537438
1.533072
1.547641
1.546028
1.520409
1.538845
1.522501
1.535532
1.545197
1.523218
1.529554
1.548639
1.528118
1.540909
1.528301
1.550465
1.554322
1.543898
1.535006
1.524392
1.540847
1.565174
1.515499
1.532681
1.550983
1.535508
1.519721
1.526827
1.530845
1.541257
1.532377
1.524469
1.526279
1.538018
1.527301
1.523246
1.546940
1.558407
1.552095
1.555906
1.545917
1.549777
1.546684
1.544225
1.564911
1.565400
1.544604
1.552498
1.549192
1.533750
1.556013
1.548544
1.554449
1.541435
1.560318
1.574627
1.524368
1.525826
1.503128
1.524290
1.526566
1.516532
1.513327
1.525412
1.519825
1.520476
1.524929
1.500555
1.520639
1.535536
1.513273
1.519742
1.507109
1.516353
1.512294
1.549956
1.542590
1.555759
1.533297
1.503129
1.526207
1.532774
1.557256
1.534202
1.539034
1.548089
1.558667
