1.500000
1.500000
1.500000
1.444323
1.178646
0.636719
0.790313
0.603854
0.702760
0.643385
0.529531
0.530677
0.520833
0.456615
0.497604
0.547865
0.536667
0.535885
0.523333
0.504948
0.469479
0.425938
0.463021
0.457976
0.499896
0.496302
0.492188
0.442396
0.439479
0.400677
0.428594
0.413542
0.427500
0.433177
0.395313
0.393385
0.377552
0.396042
0.386458
0.408802
0.378854
0.365313
0.384271
0.373177
0.336146
0.360885
0.370938
0.382738
0.359219
0.317448
0.343021
0.331875
0.333802
0.359167
0.349271
0.307656
0.322500
0.328698
0.317240
0.321771
0.311927
0.321771
0.314531
0.291250
0.321927
0.337396
0.314948
0.343698
0.312240
0.309219
0.277083
0.257500
0.287031
0.315417
0.291927
0.310000
0.253906
0.287552
0.282604
0.320052
0.266823
0.255365
0.255260
0.277760
0.252813
0.270625
0.235833
0.255938
0.270677
0.285052
0.264740
0.272448
0.270104
0.267917
0.260365
0.277143
0.231875
0.268438
0.244375
0.250990
0.250573
0.230313
0.238646
0.247500
0.240208
0.210833
0.225521
0.232396
0.245104
0.216875
0.217813
0.244219
0.207917
0.185729
0.191823
0.211458
0.253385
0.221458
0.183802
0.232738
0.203906
0.198646
0.189167
0.192552
0.175521
0.167604
0.183698
0.214219
0.197552
0.181875
0.190365
0.157917
0.210365
0.186719
0.188594
0.188646
0.145573
0.203698
0.190469
0.187083
0.180937
0.172292
0.191979
0.184048
0.191719
0.168333
0.151198
0.170208
0.175729
0.166354
0.169844
0.169167
0.171458
0.161042
0.152031
0.189115
0.137396
0.146563
0.169115
0.149063
0.150625
0.170781
0.152969
0.160156
0.148750
0.166823
0.144531
0.150000
0.194271
0.131927
0.148542
0.143750
0.157813
0.154323
0.154115
0.129635
0.150000
0.156979
0.154583
0.135781
0.158385
0.138073
0.137865
0.160156
0.117031
0.123229
0.143490
0.127760
0.124271
0.153333
0.131302
0.147738
0.166198
0.127813
0.155938
0.137135
0.114635
0.130000
0.131250
0.133438
0.156458
0.135573
0.108333
0.134948
0.143177
0.159688
0.105625
0.129844
0.130833
0.124375
0.142917
0.128281
0.128594
0.125990
0.130729
0.183690
0.124375
0.127865
0.133802
0.108125
0.124323
0.127500
0.134531
0.138906
0.122865
0.141250
0.133646
0.129635
0.130625
0.119896
0.121198
0.132240
0.104219
0.127656
0.124531
0.123177
0.121198
0.120208
0.137500
0.115714
0.091875
0.120625
0.134896
0.126198
0.126823
0.114531
0.124271
0.119375
0.133698
0.109115
0.109010
0.097396
0.129427
0.101719
0.143125
0.133177
0.126563
0.113854
0.114583
0.103594
0.107135
0.119948
0.136198
0.134405
0.125781
0.095990
0.107604
0.110365
0.130469
0.110260
0.108281
0.120885
0.135365
0.113854
0.101354
0.113125
0.111615
0.099635
0.145521
0.109063
0.104375
0.112760
0.135469
0.091823
0.118906
0.123229
0.090573
0.112262
0.104792
0.088385
0.142031
0.095521
0.111510
0.088021
0.102917
0.139167
0.105677
0.118229
0.129375
0.080781
0.131354
0.113958
0.109583
0.094583
0.107344
0.090208
0.094479
0.098646
0.103021
0.115417
0.101563
0.101667
0.096146
0.134844
0.098646
0.103750
0.103542
0.084948
0.083958
0.123854
0.107396
0.096927
0.111510
0.107813
0.086406
0.111458
0.095521
0.117656
0.096042
0.097656
0.109479
0.102448
0.099583
0.100260
0.094115
0.117619
0.098594
0.094010
0.102500
0.108646
0.098490
0.097292
0.106406
0.105573
0.112292
0.126250
0.099531
0.091667
0.095521
0.100469
0.083229
0.095677
0.106458
0.121875
0.080938
0.100938
0.084063
0.093958
0.119323
0.105119
0.096615
0.095104
0.109844
0.103229
0.110365
0.084323
0.104271
0.083281
0.084635
0.101406
0.100521
0.101823
0.101302
0.084844
0.090625
0.101198
0.092865
0.104635
0.091094
0.084219
0.095208
0.109531
0.102188
0.083214
0.081510
0.100156
0.090417
0.103854
0.089792
0.096875
0.131615
0.114792
0.094531
0.094896
0.093490
0.080573
0.084063
0.118021
0.086198
0.108177
0.095052
0.091302
0.075417
0.092917
0.092188
0.091042
0.078125
0.085000
0.084427
0.088177
0.105260
0.096250
0.090156
0.086979
0.100156
0.129479
0.103750
0.116927
0.098021
0.089323
0.109427
0.109531
0.092448
0.081719
0.092604
0.073958
0.100469
0.082344
0.094323
0.073594
0.096302
0.092143
0.069427
0.090052
0.104010
0.099271
0.096042
0.078594
0.102188
0.111302
0.094740
0.077760
0.078854
0.087396
0.078281
0.091146
0.094792
0.086354
0.076042
0.091510
0.074583
0.088490
0.099792
0.085729
0.109375
0.072381
0.088021
0.101823
0.091875
0.074115
0.076250
0.101667
0.091563
0.078646
0.080313
0.103646
0.078802
0.063125
0.110469
0.063750
0.075260
0.089063
0.089375
0.102760
0.092500
0.091667
0.093542
0.090469
0.079010
0.097381
0.069688
0.091979
0.080833
0.091406
0.088854
0.109896
0.100313
0.073333
0.086198
0.082552
0.084375
0.082344
0.112448
0.100990
0.080990
0.080000
0.080938
0.078125
0.077031
0.082292
