2.307166
2.306653
2.306943
2.306804
2.305462
2.322020
2.316011
2.338388
2.332710
2.329692
2.333732
2.279930
2.270640
2.173401
2.097951
2.055276
2.002311
2.055226
1.994883
2.018062
2.440164
2.388375
2.321104
2.115063
2.037711
1.977890
1.953046
1.964522
2.030963
2.086086
2.128579
2.139834
2.104055
2.083691
2.056792
1.946340
1.784936
1.855009
1.726708
1.687099
1.698968
1.687092
1.743637
1.705718
1.739754
1.714358
1.643611
1.616903
1.613206
1.584970
1.578763
1.652222
1.667150
1.601174
1.604703
1.597024
1.635488
1.646725
1.628861
1.695283
1.669902
1.680594
1.643513
1.621714
1.606896
1.629420
1.596179
1.586433
1.615883
1.643856
1.584815
1.577165
1.570422
1.605907
1.551523
1.550329
1.571091
1.574668
1.571596
1.586595
1.572349
1.553279
1.599401
1.591551
1.551796
1.536972
1.548639
1.547853
1.552729
1.510515
1.567214
1.558961
1.538535
1.529001
1.534201
1.545213
1.538171
1.545848
1.512105
1.563200
1.537587
1.512520
1.550018
1.547210
1.532719
1.554592
1.541172
1.520583
1.528889
1.520358
1.537743
1.508660
1.514381
1.541748
1.549376
1.561902
1.515851
1.509273
1.516544
1.528961
1.539505
1.531830
1.550434
1.508642
1.516641
1.523173
1.523984
1.523508
1.521299
1.508068
1.522652
1.517794
1.521841
1.517890
1.527806
1.544240
1.531381
1.519993
1.542745
1.525795
1.534275
1.510020
1.524094
1.517421
1.513602
1.539371
1.508611
1.499072
1.542954
1.514365
1.514498
1.521606
1.535581
1.515746
1.525557
1.507315
1.513324
1.508707
1.505220
1.500554
1.504536
1.496080
1.527454
1.518219
1.522086
1.506618
1.522079
1.511120
1.519689
1.524998
1.526369
1.512897
1.511760
1.511637
1.515119
1.494982
1.497009
1.503381
1.496338
1.507702
1.514142
1.503244
1.502210
1.516622
1.503936
1.501696
1.520373
1.537529
1.512289
1.520356
1.534377
1.511114
1.497427
1.513090
1.518836
1.509908
1.508802
1.492845
1.522866
1.498170
1.499312
1.491835
1.510716
1.499651
1.507330
1.521840
1.498776
1.530702
1.500318
1.494070
1.495429
1.515984
1.492640
1.517735
1.496253
1.499933
1.527211
1.506850
1.493044
1.495830
1.509453
1.511067
1.512655
1.492801
1.506462
1.495210
1.504862
1.512917
1.496655
1.493840
1.511061
1.499729
1.491033
1.495767
1.502461
1.497118
1.503095
1.512313
1.512214
1.502568
1.514559
1.497274
1.492287
1.491507
1.494710
1.494620
1.497680
1.494743
1.502776
1.511333
1.491509
1.510712
1.499572
1.498244
1.501253
1.510076
1.495204
1.499812
1.489606
1.508806
1.484969
1.484599
1.497050
1.496513
1.496254
1.502000
1.501975
1.506859
1.493334
1.502803
1.506595
1.491683
1.490910
1.482013
1.495028
1.499735
1.497101
1.489088
1.486207
1.490478
1.490645
1.506132
1.503496
1.515207
1.508106
1.484423
1.494323
1.496378
1.513880
1.517979
1.483954
1.481701
1.485746
1.495837
1.489125
1.495398
1.491106
1.500466
1.490690
1.492595
1.493189
1.491400
1.484983
1.511745
1.503355
1.492012
1.495308
1.488050
1.488576
1.517947
1.492397
1.497527
1.514619
1.492386
1.502723
1.486828
1.488846
1.484211
1.494198
1.487108
1.483454
1.490915
1.503121
1.491840
1.499181
1.502226
1.491982
1.493665
1.490339
1.488422
1.514077
1.487294
1.478978
1.498710
1.485187
1.476308
1.476678
1.502319
1.497324
1.489153
1.484951
1.493917
1.494163
1.490668
1.483718
1.487813
1.489014
1.487962
1.479099
1.494926
1.506772
1.493893
1.490662
1.480803
1.499141
1.484463
1.504031
1.500143
1.494740
1.488381
1.480551
1.494607
1.497034
1.495153
1.480394
1.472893
1.486114
1.475554
1.501465
1.495411
1.487707
1.474696
1.496163
1.493405
1.485387
1.489281
1.488956
1.476939
1.476029
1.475181
1.505113
1.477203
1.480799
1.488074
1.482787
1.473406
1.482982
1.488459
1.478175
1.485234
1.474230
1.488033
1.479901
1.487797
1.474524
1.494355
1.475613
1.484937
1.478776
1.479675
1.477095
1.475224
1.491923
1.484541
1.489370
1.472963
1.490443
1.475273
1.485590
1.514963
1.489216
1.477052
1.476658
1.478648
1.490803
1.488773
1.487184
1.484003
1.480894
1.483885
1.474101
1.484107
1.480704
1.481827
1.490003
1.479949
1.486509
1.486474
1.474205
1.480143
1.482972
1.478043
1.488418
1.487987
1.483515
1.482712
1.479002
1.476099
1.475528
1.475165
1.480394
1.480761
1.481594
1.485033
1.479820
1.471619
1.480133
1.489955
1.470263
1.477818
1.480433
1.483640
1.476608
1.478188
1.490609
1.480372
1.479974
1.482050
1.470760
1.484107
1.488571
1.485314
1.483382
1.477538
1.473037
1.479359
1.479288
1.479059
1.481188
1.475701
1.478976
1.485242
1.482708
1.483062
1.490067
1.474609
1.473284
1.487086
1.487560
1.478770
1.493637
1.479879
1.490582
1.472462
1.493120
1.482312
1.477593
1.469738
1.479890
1.478832
1.471623
1.475245
1.471394
1.472722
1.480147
1.479350
1.475410
1.472606
1.468896
1.473116
