2.300497
2.295757
2.290394
2.281985
2.255445
2.242830
2.243614
2.210927
2.250797
2.187897
2.113656
2.006378
2.073373
2.045966
1.991934
1.926528
1.864465
1.846606
1.860682
1.773686
1.768295
1.741188
1.741841
1.740397
1.733315
1.693015
1.695031
1.672100
1.679053
1.663739
1.653191
1.671245
1.676276
1.624095
1.642238
1.672634
1.652959
1.560785
1.661459
1.621592
1.618958
1.654666
1.628467
1.578028
1.593538
1.617876
1.630965
1.619347
1.623661
1.629856
1.617430
1.605236
1.586236
1.609631
1.629121
1.618054
1.589908
1.572590
1.611893
1.556665
1.584861
1.587485
1.608770
1.558040
1.568224
1.587189
1.646286
1.558848
1.580778
1.623018
1.622700
1.596463
1.611908
1.602538
1.564359
1.582357
1.580588
1.633788
1.552738
1.541722
1.582531
1.588749
1.583926
1.591188
1.536278
1.601972
1.583378
1.558900
1.578127
1.529554
1.606283
1.614947
1.558401
1.570209
1.586521
1.566106
1.572215
1.573456
1.605673
1.562810
1.562389
1.550534
1.566164
1.564927
1.527532
1.567282
1.556224
1.593214
1.543085
1.572039
1.552789
1.579496
1.568199
1.557263
1.540809
1.559763
1.573942
1.566165
1.511557
1.565272
1.546763
1.519277
1.612912
1.529814
1.577026
1.550906
1.594974
1.528763
1.590424
1.509215
1.533597
1.572398
1.573377
1.598129
1.568330
1.573898
1.608275
1.528449
1.578790
1.603081
1.544917
1.539586
1.517706
1.544812
1.565353
1.541812
1.594369
1.552743
1.583548
1.531116
1.552111
1.582773
1.530583
1.560211
1.543423
1.565574
1.568059
1.544945
1.562101
1.577783
1.564761
1.557106
1.544946
1.546815
1.536804
1.557800
1.535610
1.596868
1.574630
1.554428
1.575268
1.563237
1.516194
1.568102
1.541802
1.573227
1.542888
1.508845
1.528251
1.570691
1.551117
1.543946
1.565711
1.527002
1.570390
1.539421
1.520018
1.518017
1.548871
1.516140
1.528383
1.557034
1.550662
1.553636
1.579182
1.536399
1.545589
1.533236
1.514578
1.536246
1.563842
1.571138
1.508001
1.579436
1.560681
1.569727
1.595194
1.542910
1.570517
1.560227
1.534621
1.521091
1.555800
1.530403
1.581318
1.530421
1.519300
1.538047
1.519936
1.504768
1.530664
1.548658
1.569111
1.538215
1.531891
1.523828
1.546646
1.539045
1.543777
1.525261
1.564952
1.524113
1.537406
1.549294
1.500099
1.570864
1.559147
1.538295
1.523995
1.534201
1.550411
1.583940
1.571186
1.534058
1.549555
1.521578
1.528868
1.538483
1.550086
1.505690
1.570263
1.560951
1.506006
1.557998
1.521297
1.565121
1.538245
1.505864
1.577749
1.538084
1.550146
1.525573
1.547526
1.555813
1.547581
1.506254
1.518537
1.551973
1.549803
1.565158
1.548735
1.529827
1.503969
1.562905
1.518489
1.537261
1.544184
1.584163
1.517065
1.557426
1.563755
1.527974
1.529883
1.536174
1.546692
1.518556
1.567217
1.530903
1.568581
1.535986
1.503746
1.550906
1.528340
1.520269
1.557108
1.538541
1.536940
1.548659
1.549422
1.526095
1.539508
1.509604
1.531635
1.520942
1.543503
1.532631
1.541491
1.551053
1.522087
1.519277
1.512425
1.593495
1.519877
1.530455
1.536684
1.503997
1.513394
1.550373
1.535396
1.585439
1.565508
1.490304
1.530932
1.516147
1.532088
1.572414
1.525510
1.548717
1.533980
1.549464
1.533788
1.520048
1.512249
1.593535
1.539510
1.531696
1.545020
1.526228
1.536028
1.505362
1.537643
1.508957
1.502080
1.526650
1.517392
1.538654
1.532306
1.536400
1.542203
1.522915
1.545308
1.543426
1.508256
1.538230
1.516485
1.537267
1.523226
1.509504
1.553931
1.608719
1.562417
1.541134
1.504122
1.556377
1.559154
1.555904
1.525365
1.523349
1.508264
1.529403
1.534877
1.514236
1.567551
1.542043
1.492313
1.562541
1.525152
1.528302
1.544815
1.549788
1.557796
1.523808
1.576057
1.562000
1.507234
1.520062
1.532111
1.540006
1.508805
1.517559
1.533218
1.516833
1.503854
1.559248
1.532473
1.489895
1.543466
1.476756
1.547593
1.567421
1.522647
1.535042
1.533686
1.570715
1.545848
1.559034
1.502959
1.537362
1.530448
1.509487
1.555935
1.546652
1.574283
1.550259
1.501889
1.493207
1.504965
1.519839
1.518505
1.530763
1.560733
1.558241
1.556665
1.518290
1.520640
1.502877
1.562764
1.511425
1.518357
1.520543
1.526543
1.527634
1.546668
1.515642
1.533423
1.539823
1.538232
1.546760
1.512260
1.540478
1.507724
1.539479
1.536523
1.550440
1.506018
1.551933
1.577669
1.532459
1.517376
1.547203
1.532139
1.511530
1.528269
1.499211
1.517023
1.517757
1.520504
1.519910
1.531579
1.523026
1.563615
1.535102
1.529968
1.525153
1.547794
1.517035
1.503558
1.506649
1.489221
1.521997
1.549092
1.516912
1.508670
1.567890
1.544794
1.528932
1.526347
1.535823
1.548967
1.502369
1.542485
1.538677
1.535295
1.494698
1.537514
1.568672
1.543116
1.535334
1.567702
1.518806
1.518714
1.524720
1.527161
1.509179
1.573838
1.510039
1.567604
1.535854
1.556126
1.519214
