2.299204
2.303369
2.306161
2.306015
2.304815
2.302957
2.303700
2.303947
2.302709
2.301270
2.297326
2.301232
2.302709
2.302399
2.293509
2.274796
2.297991
2.280246
2.271200
2.256351
2.209332
2.155617
2.099914
1.967360
1.851072
1.822856
1.796899
1.797137
1.803102
1.809716
1.818868
1.872244
1.930207
1.926961
1.845336
1.795996
1.781361
1.795594
1.802704
1.810961
1.832787
1.823161
1.832367
1.813013
1.792877
1.775456
1.720481
1.724740
1.735601
1.698350
1.698699
1.722069
1.758509
1.751799
1.724971
1.746013
1.771260
1.798345
1.792343
1.791828
1.741783
1.723014
1.706072
1.672852
1.652380
1.644623
1.623907
1.629941
1.632951
1.591886
1.620395
1.620803
1.653674
1.671288
1.666543
1.641700
1.639977
1.639247
1.627118
1.624400
1.617442
1.613733
1.621844
1.624575
1.608030
1.630486
1.635333
1.658959
1.672451
1.651366
1.654170
1.632811
1.622329
1.607013
1.597895
1.577163
1.570791
1.564318
1.590816
1.613120
1.695799
1.676638
1.674152
1.688826
1.670419
1.680750
1.673513
1.681807
1.661170
1.665321
1.657228
1.631462
1.608055
1.586138
1.600094
1.585833
1.566889
1.572474
1.564249
1.571168
1.572638
1.573668
1.580261
1.596511
1.594450
1.597668
1.617402
1.622944
1.589230
1.584496
1.598850
1.598905
1.610965
1.607867
1.620106
1.628962
1.676385
1.690805
1.663882
1.658325
1.589914
1.589824
1.578737
1.571419
1.564018
1.570268
1.573240
1.561465
1.572114
1.582804
1.552356
1.567903
1.584363
1.586710
1.583365
1.598338
1.590565
1.581114
1.598692
1.581870
1.579959
1.562366
1.571294
1.607006
1.623609
1.629480
1.643226
1.645016
1.642996
1.631235
1.599901
1.596928
1.570523
1.567781
1.561112
1.557175
1.556804
1.555853
1.558983
1.562839
1.547341
1.552637
1.554570
1.558733
1.559025
1.563584
1.571457
1.577124
1.567331
1.570988
1.564802
1.610916
1.586282
1.586743
1.558532
1.577967
1.575928
1.580559
1.577163
1.570878
1.569268
1.587355
1.596170
1.597533
1.603719
1.589000
1.616434
1.604797
1.599638
1.614974
1.569665
1.598889
1.583296
1.578173
1.565820
1.571753
1.557105
1.574159
1.553140
1.577013
1.545797
1.548929
1.554056
1.556910
1.549846
1.546945
1.535451
1.552571
1.547033
1.549352
1.558673
1.571231
1.547557
1.561615
1.563500
1.554449
1.557472
1.588397
1.553640
1.563156
1.589647
1.601612
1.581856
1.621930
1.608687
1.641831
1.608751
1.638317
1.610859
1.604662
1.595963
1.586607
1.588423
1.591916
1.583978
1.564369
1.564511
1.555523
1.560519
1.553337
1.546149
1.562204
1.559365
1.546124
1.548673
1.545508
1.550508
1.550392
1.553403
1.543627
1.552748
1.542435
1.558805
1.548715
1.545090
1.547894
1.552919
1.547854
1.553256
1.564734
1.580231
1.555282
1.566839
1.570252
1.583310
1.572245
1.589765
1.575989
1.588022
1.579526
1.578939
1.573957
1.575001
1.585429
1.603423
1.550006
1.563367
1.571627
1.582429
1.569799
1.561405
1.565778
1.549191
1.576443
1.573264
1.558238
1.560971
1.567379
1.563245
1.561630
1.557775
1.569650
1.552920
1.565812
1.559361
1.564621
1.546983
1.543903
1.569404
1.549061
1.553689
1.562870
1.563438
1.550170
1.554561
1.563109
1.559455
1.565931
1.562288
1.563714
1.558679
1.570491
1.565215
1.569391
1.569780
1.577027
1.580768
1.592697
1.598680
1.586853
1.599564
1.616080
1.602254
1.570217
1.563836
1.568876
1.571158
1.556585
1.555176
1.560256
1.532388
1.542719
1.535279
1.528905
1.527788
1.533213
1.548129
1.542135
1.531104
1.519374
1.536756
1.522741
1.521187
1.511631
1.515556
1.509242
1.512000
1.528257
1.512633
1.517541
1.507400
1.516259
1.503587
1.501891
1.500757
1.503232
1.485794
1.502811
1.505025
1.504713
1.509138
1.503137
1.513287
1.512930
1.541409
1.528352
1.556134
1.569456
1.558577
1.553621
1.580511
1.578140
1.606716
1.600727
1.584050
1.602084
1.601303
1.587023
1.598583
1.600047
1.590476
1.565064
1.555028
1.532415
1.539183
1.521399
1.524706
1.520746
1.524224
1.523338
1.500618
1.496770
1.499384
1.497122
1.505319
1.499265
1.497227
1.480071
1.487401
1.487091
1.490551
1.488709
1.488145
1.490711
1.484999
1.508038
1.474603
1.488390
1.483558
1.471300
1.482047
1.483042
1.482857
1.481796
1.473930
1.473609
1.475328
1.476905
1.476528
1.487504
1.491542
1.492811
1.494342
1.499795
1.494810
1.520539
1.530928
1.550541
1.554667
1.530721
1.559445
1.547204
1.570553
1.548786
1.578235
1.590515
1.592509
1.559263
1.576643
1.566825
1.548928
1.576195
1.562833
1.564207
1.540381
1.538944
1.537259
1.548147
1.539363
1.509489
1.523934
1.506413
1.532951
1.520761
1.511132
1.495397
1.484818
1.493008
1.487120
1.511533
1.503105
1.504805
1.493661
1.503254
1.490061
1.482421
1.487826
1.491557
1.481117
1.498285
1.485204
1.486401
1.478119
1.485981
1.488963
1.485360
1.484322
1.484648
1.476758
1.478706
