2.307225
2.307985
2.315458
2.323556
2.275379
2.213569
2.156632
2.190163
2.790073
2.722958
2.253861
2.874667
3.047238
2.474720
2.968922
2.989530
2.924830
2.810050
2.951070
3.028834
3.079478
3.068251
2.204714
2.138043
2.061018
2.019096
2.001973
2.007183
2.040725
2.067447
2.061478
2.038555
2.017992
2.009373
2.009038
2.032034
2.023463
1.989104
1.981090
1.966714
1.963276
1.949902
1.938182
1.932976
1.935588
1.941167
1.947786
1.950988
1.954762
1.958112
1.959298
1.960233
1.960233
1.961090
1.960688
1.960688
1.960612
1.954803
1.973347
2.025378
2.033924
2.037617
2.037548
2.033863
2.035282
2.039048
2.041165
2.037567
2.039844
2.038322
2.042101
2.040109
2.038536
2.038543
2.053567
2.081307
2.096078
2.100332
2.095744
2.079228
2.052576
2.037943
2.035544
2.029261
2.028651
2.022009
2.010704
1.987212
1.969971
1.975311
1.982864
1.982614
1.988172
1.990455
1.994871
1.999280
1.991561
1.983995
1.978470
1.969873
1.968942
1.973589
1.962898
1.966931
2.013877
2.039742
2.053940
2.053986
2.036980
2.031528
2.032572
2.004613
1.951695
1.970375
1.961726
1.996741
2.014395
2.020779
2.031059
2.035233
2.040302
2.042912
2.019250
2.011943
2.007547
2.017893
2.003167
2.009963
2.018757
2.064851
2.080260
2.083840
2.083588
2.093147
2.093370
2.098872
2.102299
2.094340
2.095566
2.103855
2.106476
2.104851
2.109545
2.122729
2.141280
2.141577
2.123781
2.093990
2.093155
2.099545
2.091303
2.087011
2.090258
2.099156
2.103898
2.102835
2.103290
2.104328
2.098208
2.103230
2.094106
2.091433
2.099149
2.090321
2.097752
2.091738
2.090950
2.092174
2.091577
2.099553
2.091306
2.090390
2.097340
2.091262
2.088808
2.091368
2.088338
2.105820
2.097744
2.098167
2.087822
2.106050
2.095896
2.087969
2.095162
2.087268
2.085336
2.087059
2.085358
2.085680
2.093563
2.083146
2.086311
2.085895
2.084039
2.085031
2.082676
2.089425
2.082727
2.095402
2.088336
2.089405
2.079789
2.086185
2.075579
2.075589
2.077721
2.083890
2.074176
2.075493
2.085172
2.072474
2.079805
2.073248
2.074942
2.074406
2.079693
2.077673
2.088522
2.062003
2.044653
2.009943
2.016325
2.008879
2.009518
2.002933
2.012009
2.027482
2.021670
2.018210
2.028023
2.021105
2.021552
2.016719
2.019785
2.022203
2.017144
2.008544
2.004228
2.005162
2.014849
2.003504
2.023229
2.029747
2.044066
2.077021
2.092857
2.082299
2.047113
2.023217
2.015966
2.028537
2.019178
2.011201
2.018183
2.010190
2.010426
2.009517
2.009788
2.016598
2.007087
2.015499
2.009642
2.011827
2.014678
2.035098
2.042919
2.063323
2.090458
2.102398
2.101338
2.106660
2.104534
2.095284
2.095722
2.092866
2.100576
2.099808
2.091869
2.091171
2.090752
2.090779
2.106029
2.089546
2.106225
2.090092
2.088371
2.088442
2.095646
2.087012
2.085984
2.089748
2.076890
2.062520
2.039944
2.023161
2.015135
2.023453
2.017305
2.022701
2.016915
2.015285
2.011886
2.010297
2.013128
2.022768
2.025396
2.028553
2.037703
2.019462
2.015776
2.012660
2.016208
2.021974
2.013523
2.013048
2.011866
2.011443
2.011576
2.020303
2.010592
2.033913
2.011539
2.009743
2.019246
2.011702
2.013096
2.012540
2.010316
2.012316
2.022006
2.015004
2.013346
2.015451
2.021742
2.014645
2.024438
2.023044
2.012533
2.012460
2.015413
2.012118
2.018680
2.010951
2.011098
2.025458
2.011393
2.016239
2.015406
2.004678
2.003483
2.020173
2.014036
2.007499
2.016387
2.010438
2.018813
2.008902
2.019998
2.008380
2.015799
2.005262
2.008587
2.002402
2.006837
2.007071
2.013214
2.007117
2.002873
2.003159
2.002243
2.000594
1.999597
1.998426
1.995093
1.995042
2.005604
1.998865
1.996005
2.019202
2.011098
1.996854
1.993060
1.994397
2.003483
1.996194
2.001737
2.004599
1.999877
1.993481
1.996321
1.992919
2.010948
2.011127
2.010288
2.005906
1.954555
1.933023
1.923860
1.948894
1.940535
1.945802
1.942096
1.937194
1.933394
1.916285
1.907684
1.908943
1.905131
1.915539
1.923849
1.915520
1.913593
1.906828
1.912168
1.925505
1.928757
1.936058
1.928244
1.935463
1.931067
1.938752
1.945439
1.951308
1.964172
1.962195
1.960482
1.969920
1.971666
1.968134
1.969355
1.981124
1.958490
1.964717
1.962131
1.960889
1.961184
1.962152
1.965534
1.958456
1.967242
1.962053
1.963021
1.965724
1.959444
1.960930
1.964285
1.959758
1.959510
1.968482
1.964641
1.966704
1.993006
1.969088
1.963319
1.960210
1.950608
1.949168
1.955211
1.957999
1.961455
1.961049
1.960508
1.944098
1.948762
1.948048
1.968720
1.956875
1.957211
1.956272
1.968278
1.960284
1.962575
1.973594
1.960117
1.959105
1.964872
1.960765
1.969884
1.978676
1.962788
1.959739
1.959721
1.961326
1.962534
1.963721
1.959713
1.978008
1.962644
1.953478
1.953924
1.959059
1.915424
1.879333
1.879286
1.922929
1.971724
1.994946
1.993492
1.946878
