2.309826
2.308407
2.306549
2.303948
2.303204
2.302051
2.303204
2.302423
2.301642
2.305806
2.308036
2.311453
2.309629
2.309257
2.308390
2.303947
2.300203
2.301270
2.302709
2.302833
2.302833
2.303576
2.303204
2.302957
2.300861
2.300682
2.307399
2.310727
2.309963
2.310744
2.309240
2.308951
2.302085
2.306969
2.306773
2.308071
2.307499
2.305228
2.297061
2.282510
2.304413
2.307145
2.305852
2.311741
2.306892
2.284543
2.298337
2.308270
2.313056
2.298036
2.279935
2.287673
2.303380
2.322069
2.343587
2.354192
2.364474
2.371643
2.374903
2.379192
2.374664
2.368974
2.357361
2.341842
2.332200
2.323872
2.315683
2.321974
2.327832
2.333287
2.325373
2.308015
2.300669
2.327635
2.338290
2.373148
2.392322
2.396007
2.422287
2.409215
2.435540
2.441980
2.417623
2.388088
2.406219
2.465075
2.501789
2.526070
2.521583
2.503026
2.492285
2.465567
2.464034
2.443575
2.425235
2.458207
2.482081
2.504384
2.500095
2.482562
2.461038
2.459417
2.484993
2.480760
2.468129
2.481150
2.482068
2.465471
2.434312
2.430669
2.420081
2.392089
2.374860
2.362239
2.399014
2.415835
2.426630
2.418986
2.396508
2.385464
2.367323
2.383487
2.374684
2.378763
2.376629
2.369721
2.380883
2.375901
2.388410
2.394038
2.392551
2.368721
2.366109
2.347043
2.348354
2.343797
2.361510
2.379589
2.406512
2.413667
2.416360
2.391388
2.380769
2.330017
2.303383
2.316833
2.321169
2.351838
2.345978
2.363448
2.377121
2.373733
2.349925
2.337697
2.319762
2.279356
2.234631
2.256280
2.288756
2.317499
2.370818
2.367564
2.374359
2.348914
2.284671
2.309824
2.321012
2.304564
2.284873
2.281646
2.289721
2.294862
2.283368
2.265510
2.302846
2.301572
2.358945
2.337404
2.314543
2.332916
2.369756
2.411371
2.415725
2.489577
2.503663
2.492892
2.470883
2.462469
2.475267
2.524806
2.521863
2.515812
2.517849
2.520765
2.524777
2.523272
2.514958
2.526099
2.523710
2.523863
2.524014
2.523645
2.524337
2.528409
2.526108
2.527620
2.525959
2.526714
2.518241
2.527032
2.524706
2.524171
2.520010
2.519135
2.519519
2.511756
2.507330
2.503627
2.504755
2.501015
2.490655
2.483365
2.484874
2.474924
2.467587
2.468973
2.459583
2.457147
2.458650
2.461492
2.420398
2.403571
2.410889
2.379915
2.371258
2.397382
2.383224
2.394969
2.377491
2.331589
2.323464
2.315160
2.353016
2.351551
2.381966
2.410215
2.430652
2.412147
2.394938
2.386255
2.387050
2.400723
2.409811
2.422017
2.432007
2.434359
2.414096
2.405687
2.444216
2.458333
2.469470
2.471057
2.406057
2.436269
2.463193
2.479874
2.493747
2.496344
2.478518
2.426964
2.410238
2.441009
2.468636
2.484533
2.486757
2.487208
2.484292
2.479436
2.421035
2.422369
2.446154
2.470973
2.477400
2.474641
2.471977
2.460323
2.428982
2.422270
2.435317
2.449993
2.461658
2.461164
2.462933
2.457256
2.457771
2.451744
2.447664
2.450636
2.454149
2.454433
2.458620
2.444377
2.437888
2.450989
2.452656
2.459918
2.456869
2.463417
2.447972
2.437321
2.452229
2.451550
2.454522
2.454459
2.450640
2.454196
2.456058
2.449997
2.453897
2.453202
2.454030
2.453421
2.458205
2.456491
2.457365
2.456678
2.452516
2.454597
2.452953
2.456665
2.457331
2.466332
2.459478
2.464242
2.458036
2.458339
2.454919
2.459770
2.465533
2.458956
2.457576
2.463663
2.451770
2.460788
2.454002
2.461038
2.456959
2.455263
2.457992
2.456378
2.461454
2.463309
2.451085
2.461088
2.456013
2.457375
2.451597
2.446912
2.449958
2.453250
2.448860
2.448646
2.444783
2.447628
2.447952
2.449727
2.448331
2.454237
2.452501
2.456099
2.450365
2.454599
2.462148
2.457932
2.461378
2.453762
2.447774
2.449863
2.447053
2.450375
2.444319
2.452761
2.449199
2.448184
2.454552
2.446975
2.448287
2.449739
2.457034
2.454034
2.457017
2.455640
2.447721
2.449065
2.450079
2.451349
2.452756
2.447679
2.446469
2.447893
2.443430
2.451998
2.450275
2.452110
2.448190
2.448456
2.443777
2.444423
2.449819
2.449668
2.458819
2.452437
2.456374
2.451592
2.454457
2.458139
2.451388
2.442937
2.451104
2.453965
2.449663
2.447754
2.450398
2.452396
2.453478
2.451288
2.450142
2.446690
2.442672
2.450205
2.444071
2.445521
2.450772
2.440515
2.447333
2.451114
2.446712
2.452875
2.450392
2.450795
2.449197
2.452446
2.452821
2.443814
2.440746
2.449916
2.454704
2.454603
2.454284
2.452734
2.456746
2.451791
2.441907
2.455408
2.441395
2.448365
2.443518
2.447746
2.447681
2.458874
2.456079
2.452631
2.451648
2.459607
2.449997
2.440429
2.444672
2.451003
2.455389
2.452010
2.457209
2.445745
2.450268
2.444330
2.450030
2.445798
2.439693
2.449182
2.453973
2.447081
2.446551
2.450372
2.452568
2.452230
2.449629
2.436376
2.449643
2.441493
2.445912
2.449517
2.457267
2.457301
2.465154
2.449049
2.454679
2.450992
2.442158
2.446068
2.449702
2.451497
