2.309668
2.296717
2.286365
2.254691
2.257143
2.258921
2.191662
2.160024
2.035223
2.013455
1.947571
1.880614
1.840290
1.728086
1.796651
1.766880
1.724380
1.768574
1.674749
1.657158
1.623485
1.654957
1.660968
1.638294
1.628968
1.646421
1.621392
1.619909
1.592821
1.616527
1.593074
1.616859
1.613622
1.590063
1.571942
1.597115
1.630330
1.613273
1.590758
1.587590
1.590660
1.598844
1.592651
1.586466
1.601578
1.569127
1.568143
1.557834
1.594462
1.578638
1.574591
1.601782
1.589501
1.593155
1.561965
1.549415
1.571100
1.585808
1.580277
1.587022
1.561501
1.555170
1.572923
1.551308
1.563276
1.548653
1.558142
1.566174
1.553580
1.606183
1.586808
1.582858
1.537549
1.599106
1.551377
1.579212
1.579306
1.544864
1.557085
1.560471
1.549900
1.536083
1.581934
1.531964
1.567098
1.539485
1.563370
1.571284
1.564952
1.578362
1.559152
1.548280
1.547270
1.587664
1.581978
1.537244
1.530657
1.576975
1.557115
1.580383
1.542885
1.566839
1.549638
1.545195
1.564651
1.556193
1.538267
1.546625
1.549350
1.528377
1.521057
1.522218
1.546192
1.528956
1.521279
1.539296
1.543910
1.572397
1.549343
1.564265
1.550976
1.523419
1.523368
1.533267
1.549126
1.554340
1.523314
1.536877
1.550429
1.532347
1.556471
1.548820
1.525283
1.514811
1.529752
1.537189
1.540972
1.528609
1.536359
1.542115
1.549164
1.544446
1.564144
1.520264
1.552524
1.552957
1.530974
1.530217
1.537018
1.554970
1.533282
1.526064
1.521338
1.555233
1.541097
1.547514
1.517762
1.536548
1.535906
1.514366
1.523635
1.540372
1.548091
1.541350
1.531267
1.520999
1.541445
1.534546
1.531227
1.526219
1.558389
1.530680
1.547034
1.527833
1.531770
1.550346
1.510507
1.504684
1.549961
1.539083
1.531495
1.516722
1.524814
1.536231
1.529237
1.533787
1.512773
1.521389
1.504082
1.510629
1.532126
1.529284
1.522524
1.520849
1.531233
1.524670
1.518094
1.540592
1.526583
1.531104
1.519858
1.548074
1.521254
1.503806
1.509711
1.516695
1.515337
1.523964
1.524911
1.510212
1.522414
1.527542
1.533878
1.519932
1.518755
1.527801
1.538808
1.540627
1.555580
1.530669
1.537565
1.520042
1.526914
1.515222
1.508859
1.512949
1.521005
1.537794
1.508760
1.539511
1.520416
1.512373
1.519219
1.503232
1.531054
1.555151
1.512266
1.516145
1.530153
1.513892
1.504366
1.503362
1.519418
1.503838
1.539731
1.516619
1.535525
1.525701
1.538578
1.496207
1.500135
1.524324
1.506819
1.525670
1.515546
1.512620
1.512754
1.540657
1.502124
1.519131
1.525716
1.534390
1.536988
1.514719
1.526928
1.514650
1.522537
1.537559
1.536000
1.501113
1.502535
1.514044
1.513986
1.521966
1.505474
1.510489
1.500751
1.522289
1.521243
1.500524
1.515007
1.506935
1.502569
1.520312
1.524494
1.512537
1.510464
1.523598
1.516482
1.524425
1.507007
1.520668
1.515804
1.540661
1.511561
1.507851
1.519204
1.505934
1.532190
1.548853
1.502794
1.508208
1.493726
1.525514
1.513796
1.504822
1.519495
1.511514
1.505553
1.519715
1.532786
1.527328
1.512117
1.535205
1.500271
1.536338
1.517845
1.524056
1.515951
1.510786
1.505714
1.485307
1.508725
1.507246
1.498419
1.487893
1.499280
1.493310
1.531103
1.530149
1.500221
1.514653
1.531869
1.506740
1.520699
1.499421
1.495920
1.515054
1.511126
1.502399
1.519872
1.548857
1.514355
1.502037
1.548883
1.507956
1.524862
1.521163
1.501582
1.512687
1.495816
1.492806
1.497162
1.492693
1.504670
1.496806
1.507574
1.511972
1.509110
1.525824
1.513430
1.510925
1.525267
1.520445
1.512318
1.503986
1.521747
1.509508
1.523960
1.514785
1.496859
1.511040
1.516620
1.499039
1.497331
1.530725
1.500197
1.505261
1.508565
1.530834
1.479412
1.515715
1.502465
1.485232
1.523147
1.513188
1.508446
1.495044
1.537027
1.489065
1.506221
1.536719
1.521097
1.506923
1.502438
1.496200
1.494056
1.513178
1.500865
1.502162
1.513775
1.505241
1.513150
1.510288
1.486902
1.499745
1.522581
1.486083
1.533499
1.507555
1.509369
1.524672
1.535936
1.516881
1.541319
1.489633
1.501439
1.489438
1.503918
1.510080
1.504416
1.495842
1.498101
1.506141
1.505593
1.504787
1.508664
1.512712
1.531907
1.510521
1.507181
1.520426
1.507532
1.529702
1.490486
1.506382
1.496125
1.510686
1.498765
1.518796
1.498172
1.508950
1.500774
1.498292
1.504814
1.488645
1.504438
1.513270
1.524571
1.522895
1.504530
1.515767
1.497401
1.528482
1.487755
1.501004
1.510060
1.512311
1.511907
1.502203
1.500954
1.507691
1.496434
1.503129
1.524909
1.504421
1.488857
1.526471
1.505977
1.503993
1.499645
1.494777
1.507434
1.490392
1.497781
1.504659
1.490031
1.520150
1.519714
1.510040
1.508118
1.493514
1.506346
1.515490
1.492333
1.496155
1.510122
1.514117
1.501946
1.486866
1.506706
1.522759
1.510723
1.507315
1.489729
1.497713
1.512546
1.515193
1.493548
1.514933
