2.304380
2.305444
2.303005
2.303081
2.302957
2.304071
2.303786
2.304157
2.302957
2.303452
2.304691
2.303166
2.303080
2.302833
2.302585
2.303328
2.305148
2.302175
2.302175
2.303452
2.303807
2.303452
2.304236
2.297064
2.302950
2.305077
2.304388
2.304196
2.303013
2.267886
2.303098
2.308848
2.323750
2.352466
2.330673
2.295886
2.301271
2.324261
2.395285
2.408334
2.359833
2.315774
2.227820
2.173156
2.181119
2.184404
2.178511
2.230526
2.304248
2.322284
2.384755
2.429443
2.470546
2.380172
2.285200
2.263250
2.292048
2.455837
2.488966
2.484715
2.392698
2.279250
2.193761
2.155821
2.167582
2.176543
2.314982
2.404938
2.463831
2.382161
2.354085
2.320867
2.373188
2.406287
2.549734
2.415060
2.429724
2.448776
2.514548
2.501023
2.456363
2.462890
2.472709
2.495202
2.515871
2.457274
2.423206
2.492015
2.423026
2.358226
2.449184
2.457949
2.413629
2.405413
2.366416
2.402921
2.444746
2.433182
2.400701
2.267278
2.310513
2.364817
2.442729
2.502849
2.465195
2.427409
2.375658
2.425370
2.401510
2.456256
2.366814
2.312290
2.249461
2.217635
2.248080
2.236292
2.247168
2.260195
2.302062
2.344607
2.390897
2.395404
2.397595
2.372654
2.453360
2.434124
2.363491
2.332556
2.249436
2.299697
2.246027
2.280629
2.284009
2.269673
2.265597
2.194834
2.276809
2.307972
2.341624
2.283495
2.221350
2.168144
2.246330
2.263266
2.368172
2.346770
2.283947
2.289058
2.320946
2.348264
2.315163
2.350579
2.360491
2.365724
2.404830
2.376481
2.349157
2.358186
2.338022
2.272057
2.318480
2.256454
2.353082
2.398783
2.428090
2.368972
2.334403
2.360835
2.351425
2.273303
2.359947
2.398659
2.423487
2.352254
2.372960
2.377968
2.344527
2.357460
2.291976
2.332640
2.342860
2.323515
2.266267
2.346058
2.305108
2.271204
2.263227
2.302421
2.255736
2.289559
2.231292
2.318909
2.280715
2.144735
2.219397
2.218462
2.289902
2.237599
2.103871
2.029062
2.115847
2.219345
2.304735
2.399918
2.278203
2.317071
2.368588
2.429920
2.377909
2.448768
2.396093
2.430692
2.391094
2.371835
2.435213
2.370710
2.370704
2.365275
2.387976
2.328505
2.391763
2.336188
2.332357
2.329036
2.318499
2.294887
2.320339
2.185696
2.260585
2.269360
2.314397
2.299652
2.258509
2.273802
2.271109
2.234238
2.254489
2.310040
2.292594
2.336658
2.313741
2.306086
2.339990
2.255008
2.292561
2.350914
2.399153
2.364599
2.341740
2.342382
2.333320
2.233841
2.299890
2.270159
2.292399
2.316521
2.237563
2.274748
2.192885
2.265881
2.242001
2.300084
2.279263
2.193391
2.221423
2.211227
2.357560
2.315724
2.289044
2.149786
2.164856
2.208058
2.278876
2.355712
2.293099
2.279620
2.243552
2.066832
2.105520
2.180617
2.314514
2.275165
2.346919
2.308158
2.276172
2.144402
2.165667
2.244113
2.292273
2.267652
2.282559
2.324838
2.237689
2.250240
2.215996
2.292274
2.282473
2.285256
2.309221
2.263993
2.122867
2.096262
2.249935
2.243872
2.319255
2.279098
2.226544
2.121477
2.042221
2.129503
2.267425
2.305692
2.366710
2.304286
2.339809
2.175695
2.011370
2.073224
2.139372
2.282994
2.248624
2.321897
2.340643
2.311328
2.196329
2.000460
1.950053
2.053824
2.251598
2.288891
2.315841
2.336547
2.259629
2.121240
2.241101
2.329759
2.386728
2.384595
2.321106
2.374649
2.397399
2.378148
2.387141
2.403737
2.426515
2.363505
2.322185
2.341247
2.401407
2.356446
2.330586
2.323951
2.387129
2.302260
2.347154
2.294263
2.276163
2.339632
2.353175
2.277669
2.327271
2.347617
2.314903
2.331419
2.314048
2.354607
2.353012
2.282497
2.299996
2.277903
2.371597
2.331307
2.368692
2.295306
2.332279
2.321395
2.364697
2.291745
2.311354
2.315370
2.289189
2.354319
2.317048
2.323725
2.349096
2.310169
2.300455
2.372716
2.385338
2.303369
2.334340
2.295940
2.360698
2.368186
2.332079
2.299097
2.282700
2.283979
2.303697
2.315265
2.375247
2.372914
2.353626
2.336692
2.344696
2.345783
2.358520
2.381291
2.358025
2.384580
2.319781
2.303704
2.330372
2.325653
2.359041
2.388220
2.345077
2.317674
2.297407
2.394328
2.289137
2.345379
2.350670
2.331722
2.381612
2.295122
2.331241
2.319981
2.335208
2.346993
2.336046
2.294273
2.276893
2.379740
2.350407
2.369002
2.320061
2.316650
2.320072
2.318982
2.357218
2.357750
2.311333
2.284327
2.315443
2.294544
2.357973
2.314992
2.367629
2.378514
2.282192
2.398658
2.349703
2.348005
2.313184
2.257436
2.325658
2.315607
2.339325
2.285302
2.324050
2.330769
2.413958
2.358658
2.358465
2.372133
2.320890
2.304067
2.327410
2.379839
2.307754
2.298471
2.312931
2.320144
2.345251
2.308337
2.308318
2.354799
2.308331
2.301694
2.346620
2.227845
2.338668
2.351345
2.316864
2.387965
2.357466
2.335500
2.351225
2.284403
2.338079
2.285243
2.280201
2.420912
2.334434
2.302580
2.298052
2.301534
2.346503
2.339907
