2.305552
2.304205
2.303910
2.302509
2.304636
2.302423
2.303080
2.303576
2.303414
2.302423
2.302585
2.302585
2.302585
2.301928
2.302585
2.302052
2.302051
2.302919
2.293554
2.295207
2.295599
2.283755
2.294518
2.301245
2.315380
2.321500
2.344209
2.336376
2.347488
2.342731
2.363420
2.337339
2.324118
2.348660
2.343270
2.355157
2.315631
2.293680
2.284606
2.302830
2.261229
2.265299
2.273011
2.215117
2.256624
2.255588
2.204257
2.178018
2.243780
2.203821
2.189639
2.170661
2.075634
2.174091
2.237815
2.189336
2.222282
2.068767
2.154551
2.113411
2.076303
2.120654
2.090683
2.077442
2.093365
2.095302
2.102430
2.104171
2.120484
2.140168
2.158868
2.147332
2.031815
2.097220
2.106916
2.065317
2.127751
2.106658
2.033525
2.117620
2.013057
2.020664
2.032103
1.993547
2.006264
1.967383
2.029410
1.957195
1.966215
1.987299
2.059688
2.086056
2.020677
1.964001
2.013727
2.007025
2.017513
1.960679
2.083357
1.988793
1.945932
1.914446
1.966707
1.830412
1.792651
1.748096
1.775334
1.774808
1.788680
1.740556
1.833131
1.758951
1.809047
1.741440
1.810636
1.797832
1.773821
1.800371
1.851177
1.862287
2.021465
2.134969
2.066974
2.053546
2.008039
1.980710
2.011385
1.958118
1.909689
1.949854
1.986175
1.902894
1.983773
1.939250
1.927739
1.956282
1.911003
1.951188
1.908722
1.893938
1.806654
1.825757
1.844672
1.921305
1.903938
1.867601
1.916673
1.913962
1.945788
1.855615
1.784798
1.714937
1.767696
1.810798
1.796647
1.779279
1.741221
1.735381
1.755770
1.726825
1.752378
1.841368
1.806745
1.808928
1.814054
1.768847
1.781344
1.785448
1.756426
1.725808
1.726785
1.716156
1.785938
1.762866
1.817247
1.839518
1.900987
1.922239
1.887499
1.878177
1.812382
1.759555
1.733395
1.699491
1.706236
1.667516
1.665983
1.702764
1.642130
1.681254
1.727830
1.723295
1.767669
1.773146
1.787680
1.916426
1.861553
1.981447
2.043766
1.961252
1.950204
2.004216
2.010626
1.988131
1.883665
1.821686
1.813912
1.784675
1.776232
1.809028
1.743445
1.772171
1.861126
1.803686
1.797169
1.813771
1.823997
1.827794
1.817957
1.823230
1.746616
1.717813
1.669116
1.710119
1.718615
1.662423
1.681744
1.717396
1.689880
1.694736
1.694358
1.695458
1.698345
1.701399
1.718610
1.752457
1.739588
1.790951
1.770153
1.760443
1.811293
1.788216
1.791136
1.745784
1.764918
1.756063
1.760020
1.726521
1.693936
1.649032
1.678770
1.672281
1.657105
1.634164
1.623659
1.651414
1.650245
1.654970
1.649411
1.714394
1.709068
1.688789
1.712054
1.677053
1.655478
1.688469
1.665874
1.711244
1.669823
1.669376
1.651014
1.649423
1.651400
1.658245
1.631098
1.641912
1.653888
1.643415
1.615664
1.664557
1.649672
1.622342
1.636271
1.672713
1.657751
1.656451
1.641020
1.677859
1.607249
1.637931
1.668838
1.600800
1.604541
1.670915
1.644375
1.639545
1.596106
1.633504
1.647113
1.601370
1.639912
1.607256
1.618240
1.591330
1.613253
1.613441
1.599418
1.615417
1.596419
1.608014
1.603520
1.579394
1.585705
1.584618
1.579589
1.589376
1.592615
1.610055
1.576344
1.609323
1.604467
1.575623
1.620915
1.606999
1.628365
1.595080
1.592133
1.585956
1.626803
1.626308
1.604295
1.589511
1.578752
1.665696
1.617427
1.557461
1.589647
1.609658
1.606072
1.613221
1.565798
1.585581
1.573079
1.592696
1.576895
1.613614
1.628578
1.587323
1.581552
1.568785
1.585385
1.576439
1.546987
1.577866
1.591123
1.564012
1.568907
1.547040
1.556394
1.584424
1.563870
1.578645
1.566293
1.574254
1.572276
1.588511
1.550877
1.541027
1.583974
1.585557
1.565062
1.558751
1.565404
1.556518
1.563455
1.566024
1.581247
1.556392
1.569264
1.588484
1.578282
1.551827
1.572359
1.592038
1.569489
1.573234
1.575353
1.575681
1.594799
1.601930
1.558729
1.609437
1.566537
1.557542
1.555949
1.537491
1.560543
1.550194
1.569989
1.537452
1.605406
1.551965
1.552860
1.578150
1.533135
1.541896
1.567013
1.544693
1.569872
1.545414
1.600596
1.553072
1.546289
1.551350
1.546218
1.559808
1.560217
1.553425
1.556599
1.560251
1.545988
1.559914
1.526954
1.531688
1.565851
1.576599
1.543612
1.527873
1.549809
1.559744
1.556838
1.547862
1.549880
1.559321
1.558857
1.553046
1.558037
1.562857
1.554134
1.549612
1.539111
1.548328
1.541923
1.549952
1.536357
1.552116
1.546862
1.536979
1.543979
1.535515
1.541952
1.545292
1.565533
1.541036
1.545326
1.526873
1.533662
1.537942
1.561353
1.524578
1.546047
1.558640
1.537085
1.563756
1.545130
1.544822
1.536469
1.537850
1.563161
1.556104
1.570997
1.528228
1.553940
1.560222
1.532959
1.536387
1.553055
1.544362
1.541390
1.529884
1.520823
1.543792
1.573202
1.528313
1.537520
1.524098
1.546143
1.529095
1.586987
1.553824
1.551021
1.527287
1.528784
1.538664
1.512323
1.528351
1.517305
1.525919
1.534068
1.533072
