2.307544
2.311455
2.305984
2.305187
2.294793
2.275770
2.291008
2.272344
2.260417
2.260235
2.236791
2.214080
2.218134
2.181867
2.188631
2.141333
2.131474
2.143378
2.138349
2.108630
2.112164
2.034763
2.035503
2.016057
1.942298
1.959122
1.900735
1.871849
1.886311
1.866624
1.785173
1.826622
1.791038
1.794475
1.768027
1.777660
1.750701
1.765268
1.750206
1.775426
1.697762
1.726241
1.721900
1.716976
1.687619
1.686714
1.669724
1.658881
1.683491
1.667837
1.662413
1.648286
1.672230
1.655772
1.645157
1.653834
1.653934
1.637879
1.657632
1.647355
1.624087
1.588217
1.639407
1.621845
1.662175
1.664254
1.644086
1.657740
1.630055
1.638703
1.653916
1.653116
1.635825
1.628757
1.638875
1.591172
1.605811
1.655671
1.597829
1.603627
1.627722
1.616154
1.589772
1.611162
1.595149
1.600942
1.614445
1.612290
1.635955
1.627121
1.617040
1.594243
1.593857
1.625361
1.609722
1.599472
1.622117
1.589543
1.631067
1.619164
1.595924
1.578700
1.571617
1.575228
1.578041
1.596482
1.588240
1.591462
1.579559
1.607730
1.594681
1.591888
1.615727
1.570291
1.570300
1.584660
1.572034
1.589040
1.601218
1.604703
1.556119
1.574422
1.604769
1.547720
1.560748
1.550756
1.584167
1.572681
1.574274
1.578212
1.590440
1.541609
1.608011
1.565814
1.594375
1.577353
1.577501
1.573872
1.608241
1.589020
1.552370
1.543711
1.585691
1.547861
1.611873
1.556806
1.578254
1.576327
1.578391
1.577261
1.572575
1.608368
1.547993
1.551652
1.578143
1.573801
1.590911
1.592105
1.542153
1.560442
1.543157
1.576962
1.549319
1.555560
1.553533
1.555411
1.538675
1.581832
1.569837
1.596390
1.546659
1.588937
1.532570
1.531687
1.568093
1.541308
1.548826
1.548137
1.525464
1.550842
1.549151
1.574514
1.570113
1.560126
1.559928
1.551742
1.571512
1.556411
1.570801
1.579481
1.531576
1.541046
1.537987
1.594777
1.568253
1.537079
1.545781
1.527967
1.546753
1.569289
1.574168
1.538043
1.571262
1.555452
1.555654
1.542022
1.547245
1.553809
1.510203
1.553907
1.555408
1.527108
1.555810
1.545975
1.571186
1.564910
1.568316
1.545952
1.551086
1.522481
1.561682
1.533879
1.535894
1.551100
1.521188
1.538692
1.510403
1.558658
1.557698
1.558382
1.540795
1.574871
1.530213
1.535183
1.543460
1.489748
1.565211
1.532390
1.524409
1.545779
1.530518
1.539832
1.532812
1.539478
1.541501
1.557951
1.529192
1.554362
1.520305
1.514244
1.562307
1.545220
1.516922
1.511476
1.548858
1.554175
1.526236
1.519323
1.537615
1.559665
1.541941
1.540653
1.535006
1.534874
1.543452
1.553840
1.541506
1.557521
1.538957
1.540007
1.530873
1.537910
1.530045
1.511905
1.548468
1.511387
1.525631
1.521309
1.534949
1.559788
1.514806
1.507237
1.550047
1.531169
1.529927
1.529723
1.538934
1.529337
1.545021
1.507070
1.527798
1.521602
1.526078
1.515336
1.544609
1.523202
1.544615
1.508685
1.560172
1.515955
1.540190
1.536245
1.532376
1.559951
1.577171
1.517047
1.558220
1.522400
1.511161
1.526089
1.542381
1.550559
1.506862
1.533506
1.536520
1.531445
1.538686
1.517510
1.516473
1.491305
1.530585
1.523950
1.541396
1.525352
1.533976
1.519146
1.526065
1.515020
1.545763
1.507875
1.519245
1.513535
1.516406
1.527027
1.529483
1.542110
1.515417
1.536852
1.527106
1.528298
1.522698
1.510444
1.547628
1.506634
1.520869
1.527348
1.527481
1.521964
1.513225
1.518703
1.505609
1.515549
1.556001
1.523536
1.504475
1.521258
1.515040
1.524256
1.510514
1.531611
1.519827
1.518435
1.534070
1.551014
1.528141
1.531441
1.508435
1.506195
1.534598
1.541664
1.521851
1.523581
1.516373
1.518413
1.545774
1.513345
1.519858
1.490465
1.515996
1.530080
1.504614
1.515630
1.522294
1.514841
1.507596
1.509200
1.510018
1.528463
1.553530
1.515238
1.520191
1.493027
1.527080
1.511866
1.509284
1.512424
1.514321
1.526926
1.500935
1.547782
1.515990
1.524063
1.539895
1.510336
1.539599
1.515528
1.538752
1.528623
1.496587
1.529248
1.523082
1.524865
1.508464
1.516605
1.501992
1.512888
1.529938
1.531205
1.511980
1.522623
1.518426
1.542963
1.513785
1.528616
1.504215
1.495403
1.506174
1.518346
1.517559
1.533944
1.494311
1.523876
1.505070
1.503409
1.535579
1.545661
1.512810
1.535162
1.556393
1.537011
1.498859
1.505632
1.505381
1.498567
1.498879
1.521590
1.525520
1.487532
1.502836
1.497759
1.517088
1.494800
1.505794
1.499079
1.563184
1.512085
1.510698
1.501636
1.499747
1.497102
1.502552
1.497773
1.511472
1.508243
1.506722
1.502899
1.538940
1.520066
1.507571
1.511970
1.520977
1.496470
1.542091
1.539579
1.490159
1.528943
1.530650
1.509715
1.538432
1.529693
1.525658
1.532281
1.515964
1.510025
1.501944
1.501271
1.493502
1.490641
1.511204
1.502153
1.514589
1.516252
1.530389
1.501098
1.517376
1.491237
1.524330
1.520446
1.505788
1.506606
