2.302997
2.302474
2.294188
2.294994
2.289291
2.280609
2.263911
2.254972
2.248739
2.256965
2.195393
2.204141
2.167255
2.149908
2.133915
2.081286
2.006913
2.008964
1.953845
1.894974
1.883738
1.873320
1.777707
1.755945
1.786732
1.772853
1.730000
1.734021
1.727481
1.713985
1.706112
1.697527
1.706884
1.687212
1.695679
1.663029
1.669721
1.654363
1.656392
1.648520
1.638490
1.649029
1.643601
1.637037
1.619272
1.625032
1.653492
1.604624
1.634316
1.618486
1.660559
1.581083
1.609119
1.576365
1.562658
1.577017
1.565999
1.608235
1.599438
1.603638
1.612027
1.578352
1.631231
1.568556
1.588125
1.570575
1.600551
1.570104
1.582733
1.576378
1.563476
1.558906
1.551185
1.575960
1.555703
1.532075
1.535663
1.567464
1.566623
1.545569
1.546069
1.582530
1.548068
1.547969
1.532190
1.544773
1.566599
1.580299
1.599087
1.572891
1.580198
1.559152
1.551888
1.544427
1.533272
1.575483
1.564037
1.527789
1.556617
1.555976
1.555747
1.517713
1.541975
1.523387
1.561391
1.581018
1.527900
1.526759
1.555328
1.566487
1.535095
1.519961
1.527806
1.544719
1.554832
1.553748
1.531166
1.546688
1.534814
1.533352
1.522912
1.533599
1.518309
1.526873
1.526198
1.537413
1.531308
1.543435
1.513296
1.506781
1.515559
1.534842
1.522972
1.549197
1.517300
1.566335
1.510363
1.512147
1.497640
1.521476
1.561609
1.530809
1.501842
1.500454
1.561961
1.527393
1.521250
1.501379
1.501273
1.560162
1.504397
1.507389
1.505090
1.528324
1.554847
1.509709
1.510882
1.520242
1.511653
1.510787
1.504325
1.526364
1.506609
1.522654
1.522017
1.516791
1.532995
1.495878
1.506257
1.535779
1.496714
1.527490
1.514409
1.513201
1.499845
1.511574
1.510857
1.501235
1.518985
1.525362
1.529920
1.515693
1.542014
1.524119
1.524350
1.517152
1.504111
1.494932
1.502149
1.542866
1.506956
1.508413
1.516015
1.513103
1.510455
1.503498
1.508814
1.503076
1.518008
1.488168
1.504378
1.495022
1.487999
1.501404
1.521145
1.516675
1.507118
1.518187
1.503248
1.510660
1.517129
1.526876
1.515909
1.499616
1.521545
1.514864
1.501831
1.504980
1.519606
1.500076
1.513423
1.482379
1.534823
1.540137
1.516083
1.509071
1.497949
1.494798
1.494700
1.519686
1.515179
1.484112
1.487693
1.513130
1.505476
1.531170
1.503947
1.507518
1.515949
1.495333
1.505309
1.502298
1.521884
1.498741
1.489321
1.510087
1.507382
1.493150
1.508186
1.517214
1.505407
1.521296
1.507181
1.487151
1.510949
1.507112
1.480606
1.505042
1.491006
1.508809
1.489992
1.484762
1.502487
1.497376
1.512371
1.515711
1.511548
1.489840
1.509338
1.503561
1.494123
1.490807
1.504146
1.502041
1.490766
1.484243
1.500503
1.488998
1.505207
1.507269
1.494307
1.499166
1.481840
1.506875
1.490990
1.502022
1.497371
1.497212
1.495598
1.529089
1.496712
1.512122
1.494249
1.497189
1.491035
1.506007
1.514395
1.506692
1.539678
1.487815
1.501037
1.501982
1.523363
1.502472
1.502774
1.492790
1.479938
1.522740
1.488931
1.506861
1.488728
1.503625
1.504169
1.497306
1.494484
1.494832
1.503688
1.498163
1.488257
1.492786
1.495084
1.510110
1.501172
1.488943
1.520390
1.485274
1.503363
1.501996
1.483864
1.491139
1.502858
1.492563
1.507100
1.478720
1.511985
1.492536
1.489290
1.485599
1.511446
1.476992
1.522920
1.516269
1.497103
1.511580
1.497498
1.500997
1.512379
1.497119
1.487361
1.509912
1.522802
1.499275
1.508471
1.515476
1.506126
1.481140
1.484218
1.479008
1.476205
1.506350
1.480454
1.488087
1.482816
1.481880
1.501527
1.476727
1.496942
1.496962
1.488241
1.498563
1.488315
1.499687
1.489570
1.491006
1.482139
1.498436
1.496624
1.502294
1.503649
1.480858
1.489238
1.492911
1.479698
1.478735
1.504342
1.483260
1.478440
1.485516
1.506693
1.483656
1.481829
1.496526
1.485620
1.490214
1.499215
1.504322
1.475613
1.510453
1.499603
1.501387
1.493217
1.494971
1.504386
1.515323
1.499643
1.497520
1.492626
1.503386
1.490752
1.489749
1.477113
1.503129
1.492362
1.475221
1.499832
1.487238
1.492689
1.479316
1.501601
1.500642
1.486756
1.475495
1.512468
1.475990
1.502110
1.506619
1.492494
1.479448
1.513129
1.487785
1.489411
1.482900
1.480166
1.500433
1.489010
1.481377
1.489309
1.487990
1.479541
1.493403
1.483152
1.481899
1.499491
1.504382
1.481838
1.484999
1.507682
1.489532
1.493399
1.498516
1.488344
1.488949
1.493064
1.486293
1.510921
1.495732
1.489314
1.493415
1.491101
1.475354
1.491993
1.498225
1.495236
1.485770
1.501998
1.506732
1.488057
1.479900
1.496927
1.481600
1.499797
1.487623
1.483929
1.473622
1.484088
1.498483
1.505429
1.513689
1.492234
1.484760
1.492335
1.490522
1.483875
1.500649
1.494948
1.486484
1.487460
1.474050
1.479376
1.514056
1.489725
1.478388
1.482462
1.497901
1.477454
1.480698
1.482855
1.495154
1.482461
1.486250
