2.302795
2.294050
2.284780
2.263729
2.268512
2.257018
2.247619
2.227727
2.227825
2.213097
2.170622
2.193768
2.211966
2.243021
2.274300
2.292877
2.289723
2.292555
2.298225
2.348678
2.474320
2.317377
2.276752
2.279860
2.286309
2.636774
2.746615
2.762642
2.784012
2.716015
2.748988
2.773775
2.804663
2.754593
2.802071
2.730674
2.561210
2.296695
2.241874
2.223574
2.210424
2.197930
2.178912
2.153411
2.186145
2.168786
2.152557
2.146708
2.156170
2.169506
2.142956
2.121325
2.086803
2.024431
2.066573
2.094541
2.104538
2.133375
2.162419
2.197354
2.118884
2.086563
2.097989
2.029421
2.025978
2.031842
2.065399
2.068062
2.104297
2.130035
2.144583
2.136110
2.121287
2.118744
2.104709
2.099909
2.092452
2.095679
2.075703
2.077312
2.080479
2.076583
2.077737
2.047922
2.024898
2.011261
1.975170
1.948916
1.962913
1.971949
2.000010
2.019795
2.019800
1.995124
1.992273
1.942450
1.941908
1.941104
1.931426
1.929274
1.940472
1.950442
1.943466
1.959161
1.933345
1.909466
1.899695
1.907757
1.890019
1.915823
1.951826
1.958493
1.962851
1.937927
1.942872
1.914814
1.881878
1.898890
1.887282
1.890183
1.899520
1.899687
1.915385
1.906241
1.911743
1.908953
1.912204
1.901698
1.888879
1.890323
1.878616
1.885897
1.885410
1.870253
1.864935
1.828201
1.839562
1.833837
1.862267
1.881470
1.910235
1.918147
1.908930
1.898209
1.858163
1.848837
1.856645
1.842984
1.847160
1.835252
1.816620
1.800329
1.850904
1.847280
1.835004
1.851760
1.870996
1.861355
1.828041
1.780774
1.777158
1.755344
1.787996
1.820209
1.800826
1.867536
1.892547
1.878525
1.869432
1.878509
1.801484
1.764827
1.734103
1.735876
1.760512
1.770188
1.781033
1.777132
1.786202
1.774179
1.816541
1.791278
1.767563
1.747126
1.751318
1.718869
1.768251
1.730637
1.761050
1.758476
1.749452
1.758145
1.761753
1.756288
1.732876
1.744663
1.720686
1.731141
1.712498
1.717802
1.736096
1.732616
1.709334
1.715744
1.728601
1.746560
1.719974
1.702056
1.695198
1.722855
1.696920
1.697803
1.720550
1.730352
1.710737
1.685488
1.722156
1.711290
1.701081
1.695952
1.688666
1.660810
1.640774
1.637672
1.621858
1.645699
1.616881
1.624205
1.638911
1.621320
1.655187
1.635781
1.612143
1.605294
1.613200
1.607579
1.648514
1.643181
1.592641
1.603900
1.625816
1.650961
1.653078
1.678964
1.694557
1.657995
1.669165
1.661641
1.625360
1.616981
1.632582
1.609936
1.641812
1.613292
1.643775
1.639784
1.652690
1.648484
1.673062
1.678930
1.667758
1.680054
1.703040
1.624597
1.608273
1.655414
1.634450
1.680850
1.695987
1.727054
1.681652
1.674667
1.683276
1.765586
1.873170
2.020124
2.086172
2.045162
1.891028
1.688432
1.636651
1.645368
1.637529
1.629861
1.662296
1.751919
1.785832
1.752886
1.670809
1.583757
1.609742
1.581451
1.585787
1.630147
1.662608
1.679906
1.657747
1.647597
1.629321
1.617985
1.587059
1.605257
1.590722
1.585074
1.603945
1.593490
1.844424
1.727725
1.674694
1.615788
1.633400
1.679878
1.691714
1.672893
1.667872
1.671457
1.670646
1.698351
1.719870
1.631451
1.593627
1.583983
1.613817
1.621215
1.619040
1.595930
1.587161
1.565189
1.593104
1.547412
1.585159
1.554486
1.593238
1.599218
1.603824
1.576182
1.557899
1.593293
1.565134
1.571240
1.548817
1.541455
1.555072
1.605234
1.570918
1.590196
1.588523
1.567182
1.549736
1.633362
1.644293
1.669218
1.687631
1.648652
1.631818
1.609034
1.575103
1.612982
1.635782
1.630993
1.640389
1.654341
1.655149
1.649074
1.659274
1.608673
1.598620
1.613289
1.586666
1.628780
1.629135
1.645554
1.655295
1.664029
1.651428
1.683908
1.680533
1.678570
1.694828
1.637293
1.614933
1.609112
1.615628
1.624844
1.637153
1.632121
1.628306
1.652088
1.667872
1.665100
1.662459
1.644392
1.621927
1.619999
1.608749
1.600028
1.598693
1.607757
1.629616
1.593306
1.631815
1.658441
1.669162
1.669422
1.673081
1.650123
1.652230
1.635744
1.622606
1.601215
1.591707
1.614324
1.587941
1.609468
1.621458
1.630031
1.657000
1.640027
1.658293
1.627227
1.642426
1.625812
1.617951
1.598784
1.603405
1.627496
1.616320
1.605149
1.600308
1.593751
1.613367
1.599440
1.638628
1.640905
1.663087
1.642243
1.632309
1.653195
1.613881
1.580406
1.609217
1.581761
1.595324
1.601785
1.608085
1.651328
1.670804
1.642599
1.663222
1.611824
1.609324
1.640636
1.631716
1.634049
1.632201
1.626326
1.634985
1.615142
1.600817
1.623165
1.604880
1.653009
1.658625
1.621816
1.632892
1.613745
1.664466
1.668748
1.695020
1.660068
1.642058
1.601736
1.591473
1.587376
1.619683
1.599892
1.589326
1.610958
1.608688
1.598658
1.607401
1.605906
1.607742
1.606017
1.589645
1.606157
1.596152
1.599435
1.609958
1.589494
1.595257
1.615750
1.628796
1.632717
1.624653
1.608640
1.599153
1.608938
1.581933
1.597407
