2.263641
2.310130
2.316979
2.315907
2.280592
2.305866
2.313411
2.312805
2.246682
2.307682
2.324454
2.303342
2.304446
2.301282
2.318187
2.321379
2.318805
2.282936
2.252222
2.343769
2.304404
2.262641
2.270655
2.447663
2.464008
2.151021
2.125213
2.187900
2.534671
2.546216
2.053898
2.460220
2.570818
2.512962
2.396007
2.325415
2.528673
2.533440
2.538664
2.497379
2.273114
2.423612
2.464101
2.466915
2.194977
2.311782
2.538922
2.604234
2.641434
2.623959
2.320245
2.582762
2.603080
2.523906
2.595645
2.628430
2.585654
2.585654
2.585612
2.536218
2.583711
2.585495
2.585545
2.593098
2.586293
2.588145
2.586036
2.524027
2.585901
2.586078
2.585608
2.592124
2.545554
2.583398
2.584644
2.513611
2.581337
2.583801
2.583806
2.596695
2.387990
2.515797
2.582248
2.596949
2.516113
2.674783
2.674361
2.687634
2.504119
2.686672
2.691997
2.713860
2.671344
2.687183
2.689554
2.575973
2.652808
2.648741
2.624905
2.613431
2.608352
2.589086
2.559529
2.525555
2.443921
2.368573
2.333920
2.317957
2.310734
2.302982
2.302685
2.302635
2.302585
2.302585
2.302585
2.302585
2.302585
2.302585
2.302585
2.302585
2.302635
2.302635
2.302585
2.302585
2.302585
2.302585
2.302585
2.302585
2.302585
2.302585
2.302585
2.302585
2.302585
2.302585
2.302585
2.302585
2.302585
2.302585
2.302585
2.302585
2.302585
2.302585
2.302585
2.302585
2.302585
2.302585
2.302585
2.302585
2.302585
2.302585
2.302585
2.302585
2.302585
2.302585
2.302585
2.302585
2.302585
2.302585
2.302585
2.302585
2.302585
2.302585
2.302585
2.302585
2.302585
2.302585
2.302585
2.302585
2.302585
2.302585
2.302585
2.302585
2.302585
2.302585
2.302585
2.302585
2.302585
2.302585
2.302585
2.302585
2.302585
2.302585
2.302585
2.302585
2.302585
2.302585
2.302585
2.302585
2.302585
2.302585
2.302585
2.302585
2.302585
2.302585
2.302585
2.302585
2.302585
2.302585
2.302585
2.302585
2.302585
2.302585
2.302585
2.302585
2.302585
2.302585
2.302585
2.302585
2.302585
2.302585
2.302585
2.302585
2.302585
2.302585
2.302585
2.302585
2.302585
2.302585
2.302585
2.302585
2.302585
2.302585
2.302585
2.302585
2.302585
2.302585
2.302585
2.302585
2.302585
2.302585
2.302585
2.302585
2.302585
2.302585
2.302585
2.302585
2.302585
2.302585
2.302585
2.302585
2.302585
2.302585
2.302585
2.302585
2.302585
2.302585
2.302585
2.302585
2.302585
2.302585
2.302585
2.302585
2.302585
2.302585
2.302585
2.302585
2.302585
2.302585
2.302585
2.302585
2.302585
2.302585
2.302585
2.302585
2.302585
2.302585
2.302585
2.302585
2.302585
2.302585
2.302585
2.302585
2.302585
2.302585
2.302585
2.302585
2.302585
2.302585
2.302585
2.302585
2.302585
2.302585
2.302585
2.302585
2.302585
2.302585
2.302585
2.302585
2.302585
2.302585
2.302585
2.302585
2.302585
2.302585
2.302585
2.302585
2.302585
2.302585
2.302585
2.302585
2.302585
2.302585
2.302585
2.302585
2.302585
2.302585
2.302585
2.302585
2.302585
2.302585
2.302585
2.302585
2.302585
2.302585
2.302585
2.302585
2.302585
2.302585
2.302585
2.302585
2.302585
2.302585
2.302585
2.302585
2.302585
2.302585
2.302585
2.302585
2.302585
2.302585
2.302585
2.302585
2.302585
2.302585
2.302585
2.302585
2.302585
2.302585
2.302585
2.302585
2.302585
2.302585
2.302585
2.302585
2.302585
2.302585
2.302585
2.302585
2.302585
2.302585
2.302635
2.302585
2.302635
2.302685
2.302734
2.303675
2.305842
2.308808
2.308491
2.309358
2.299835
2.305721
2.312167
2.313893
2.307944
2.282345
2.281118
2.255460
2.240621
2.234726
2.236841
2.254766
2.268935
2.292618
2.305657
2.302932
2.303180
2.305310
2.298889
2.297326
2.294106
2.303001
2.302635
2.302585
2.302585
2.302585
2.302882
2.303371
2.306876
2.305201
2.305825
2.311685
2.317810
2.310402
2.294627
2.278269
2.272382
2.255911
2.278868
2.317058
2.372535
2.394331
2.418852
2.354209
2.314839
2.278134
2.272763
2.138776
2.047617
1.997867
1.955555
2.053475
2.272681
2.428349
2.480915
2.505363
2.506015
2.407904
2.252009
2.229811
2.219227
2.246813
2.333788
2.407048
2.477234
2.494952
2.481431
2.480932
2.423874
2.381036
2.315931
2.240386
2.147126
2.063745
1.982982
1.931861
1.852330
1.820999
1.826956
1.878275
2.222605
2.563344
2.651461
2.652361
2.674801
2.661640
2.637536
2.573102
2.466902
2.325175
2.237761
2.177016
2.130018
2.135885
2.224180
2.322994
2.350578
2.371011
2.378997
2.367450
2.337707
2.294780
2.234890
2.255628
2.304793
2.317628
2.335993
2.357399
2.385453
2.431759
2.458295
2.454344
2.511492
2.582020
2.650307
2.704020
2.741390
2.657643
2.576596
2.546563
2.524165
2.526000
2.470272
2.391125
2.337561
2.317935
2.323966
2.390886
2.459432
2.533995
2.599380
2.583285
2.574120
2.555271
2.544852
2.535259
2.425426
2.266540
2.236997
2.216516
