2.299934
2.302667
2.296509
2.294811
2.293639
2.287457
2.275509
2.263014
2.250084
2.247012
2.229318
2.238494
2.188211
2.195796
2.145000
2.088123
2.038543
1.987866
1.955455
1.944852
1.868396
1.871219
1.802259
1.803738
1.790874
1.758887
1.801800
1.772035
1.747610
1.730865
1.692592
1.687219
1.713245
1.710899
1.640748
1.671128
1.668347
1.708218
1.672920
1.610291
1.642405
1.601489
1.669061
1.630115
1.646978
1.652509
1.612535
1.638191
1.598566
1.654353
1.621264
1.604966
1.608327
1.603993
1.610048
1.623290
1.560784
1.580811
1.603851
1.575611
1.584616
1.593014
1.583738
1.582932
1.586877
1.575025
1.576993
1.566145
1.632056
1.562989
1.600575
1.535546
1.587376
1.574240
1.571032
1.528815
1.563088
1.563234
1.565148
1.602788
1.576749
1.576471
1.566386
1.582353
1.554493
1.553141
1.565473
1.561789
1.548846
1.552488
1.547847
1.536915
1.557085
1.564351
1.555612
1.525112
1.547679
1.577018
1.537725
1.550315
1.548621
1.581898
1.583876
1.551973
1.549882
1.537434
1.571714
1.562929
1.551888
1.530079
1.565749
1.559887
1.522000
1.519135
1.554088
1.539765
1.517516
1.538705
1.534034
1.540374
1.558950
1.542374
1.539703
1.523773
1.524486
1.535009
1.515338
1.539304
1.564709
1.536563
1.547449
1.557104
1.536606
1.545109
1.536943
1.531549
1.538957
1.509018
1.529336
1.552879
1.543733
1.536809
1.534392
1.523337
1.535404
1.513928
1.558893
1.525971
1.529492
1.543196
1.558309
1.510017
1.515746
1.539405
1.526310
1.510408
1.542842
1.534743
1.516703
1.506101
1.515542
1.524148
1.519560
1.536957
1.522802
1.511489
1.498783
1.513394
1.518264
1.539624
1.521627
1.508394
1.516883
1.545850
1.524794
1.510793
1.522423
1.532087
1.509215
1.517556
1.497046
1.516949
1.548779
1.506982
1.513220
1.554463
1.514994
1.542287
1.528218
1.573011
1.515294
1.494020
1.514725
1.504941
1.533314
1.516594
1.535981
1.513629
1.513474
1.521271
1.523327
1.514996
1.505112
1.547011
1.509285
1.509368
1.506100
1.504834
1.509302
1.517337
1.527930
1.505314
1.519595
1.508753
1.532591
1.502086
1.509857
1.505658
1.515341
1.496287
1.517242
1.526473
1.515795
1.512530
1.509642
1.487556
1.500542
1.507063
1.502564
1.510735
1.523370
1.507260
1.530434
1.521520
1.504173
1.493668
1.503604
1.529785
1.495296
1.514651
1.520525
1.498714
1.507382
1.522754
1.489322
1.507212
1.516532
1.526584
1.521150
1.513687
1.513749
1.520470
1.516600
1.493973
1.508918
1.508249
1.505309
1.497137
1.479336
1.520575
1.485915
1.499277
1.491915
1.487391
1.505186
1.486547
1.514098
1.493533
1.522798
1.507024
1.499489
1.512149
1.487491
1.507521
1.516606
1.498085
1.506145
1.492540
1.488325
1.507017
1.514253
1.502794
1.514249
1.499594
1.520857
1.486537
1.504056
1.503584
1.496541
1.494249
1.485643
1.502426
1.503525
1.504779
1.486079
1.517808
1.514856
1.497786
1.525419
1.499899
1.485891
1.500569
1.498705
1.504925
1.505043
1.501578
1.534493
1.495818
1.508295
1.477446
1.499158
1.497192
1.484084
1.503489
1.498150
1.528036
1.490715
1.496409
1.493293
1.502970
1.507006
1.497699
1.513798
1.496915
1.499093
1.497914
1.494320
1.501350
1.508472
1.505305
1.500487
1.496909
1.481187
1.502145
1.490891
1.497763
1.476808
1.493418
1.508029
1.495520
1.496714
1.507309
1.500063
1.495308
1.516038
1.501326
1.490348
1.505012
1.486013
1.487582
1.501597
1.488581
1.490532
1.498094
1.492131
1.487645
1.486053
1.497152
1.509723
1.497898
1.503792
1.468410
1.504375
1.501522
1.487269
1.500507
1.498524
1.493015
1.507592
1.489343
1.481861
1.516260
1.503694
1.497977
1.504063
1.511681
1.492800
1.487673
1.498790
1.523407
1.489606
1.511931
1.492680
1.492623
1.486624
1.485292
1.472735
1.481269
1.485012
1.490016
1.500861
1.501856
1.504313
1.504463
1.497198
1.479831
1.490659
1.498280
1.490103
1.484562
1.497651
1.532526
1.497478
1.480808
1.497781
1.492558
1.484303
1.479807
1.487789
1.498562
1.513322
1.494334
1.491621
1.489924
1.507309
1.496286
1.511431
1.484960
1.481115
1.487832
1.512437
1.496232
1.502787
1.506106
1.497741
1.487835
1.477154
1.493778
1.513986
1.489388
1.510214
1.490702
1.489947
1.486367
1.478831
1.484069
1.478674
1.499731
1.498288
1.482081
1.479317
1.483276
1.499023
1.501626
1.480855
1.492932
1.511210
1.488994
1.483364
1.524693
1.480389
1.495504
1.483866
1.496001
1.475720
1.485440
1.491403
1.487755
1.479028
1.481111
1.483461
1.500169
1.476336
1.504600
1.495336
1.495612
1.498551
1.486893
1.485427
1.476040
1.477786
1.482659
1.493418
1.490579
1.516739
1.471526
1.480422
1.491030
1.491644
1.494956
1.501145
1.483836
1.483528
1.489819
1.500123
1.484867
1.487053
1.499889
1.483015
1.491565
1.494124
1.506585
1.480444
1.490101
1.492764
1.489691
1.477579
1.483216
1.493994
1.485333
