2.303207
2.304561
2.302750
2.302873
2.303345
2.300258
2.290105
2.297505
2.289987
2.303694
2.302846
2.289752
2.285394
2.284188
2.266283
2.266261
2.257436
2.259206
2.265791
2.197687
2.145602
2.152834
2.078468
2.048788
2.006373
2.089967
2.135813
2.105092
2.008453
1.950313
1.837893
1.818485
1.820899
1.783332
1.907395
1.875051
1.898569
1.927528
2.019795
2.003939
1.990277
1.984096
1.896637
2.037358
1.948634
2.006716
1.943935
1.849043
1.832958
1.760421
1.723617
1.732206
1.689121
1.690475
1.703938
1.710763
1.710593
1.708293
1.762786
1.727958
1.726277
1.758459
1.697356
1.724652
1.662057
1.704440
1.650885
1.633941
1.666896
1.659015
1.651202
1.658015
1.640574
1.685225
1.656643
1.694891
1.651763
1.648572
1.652091
1.650642
1.612047
1.631777
1.621717
1.600587
1.605260
1.644661
1.628185
1.634063
1.661001
1.608499
1.638457
1.597106
1.587908
1.605525
1.644762
1.654882
1.626066
1.613154
1.628876
1.608478
1.644038
1.625549
1.602187
1.596823
1.597112
1.635289
1.620817
1.625774
1.603055
1.592179
1.577515
1.618111
1.626863
1.584939
1.602564
1.572397
1.629737
1.607072
1.599166
1.621462
1.585033
1.576505
1.571420
1.586375
1.636620
1.560988
1.567040
1.565298
1.585715
1.634001
1.599130
1.595015
1.561365
1.607702
1.593785
1.584341
1.557001
1.569540
1.576333
1.567369
1.569536
1.583351
1.578575
1.581403
1.561766
1.563701
1.572267
1.563149
1.558722
1.569130
1.580876
1.573327
1.567770
1.593950
1.576737
1.573974
1.571190
1.570071
1.546985
1.544801
1.548766
1.569627
1.575539
1.552418
1.571321
1.577219
1.558683
1.559554
1.570587
1.538017
1.571504
1.555995
1.554266
1.553743
1.558919
1.571247
1.538171
1.542427
1.571603
1.567446
1.565061
1.545375
1.592600
1.553507
1.580190
1.575337
1.572093
1.541241
1.550745
1.577187
1.581510
1.586070
1.548190
1.528880
1.551569
1.549639
1.564260
1.558589
1.548382
1.570171
1.533246
1.551280
1.542470
1.551559
1.553551
1.546317
1.553673
1.543973
1.543190
1.550228
1.543263
1.552820
1.558791
1.536988
1.548458
1.530259
1.524072
1.550289
1.543957
1.556542
1.538640
1.560329
1.542241
1.524096
1.568081
1.538518
1.537708
1.538395
1.543473
1.549995
1.538495
1.559541
1.539366
1.546105
1.540211
1.562562
1.547073
1.532593
1.540181
1.530563
1.530403
1.520652
1.540202
1.530811
1.533565
1.537068
1.544925
1.522192
1.557538
1.522387
1.543955
1.535481
1.524907
1.529426
1.567681
1.535518
1.528685
1.523190
1.524377
1.537413
1.534159
1.528213
1.541127
1.534387
1.542872
1.565502
1.528243
1.550188
1.548219
1.529822
1.540328
1.525620
1.511742
1.524619
1.524162
1.529713
1.517352
1.544692
1.568884
1.531713
1.533777
1.511025
1.533996
1.527361
1.512967
1.529155
1.530737
1.513629
1.554130
1.520956
1.549700
1.546320
1.541642
1.509667
1.540796
1.515559
1.511349
1.521745
1.533589
1.531712
1.539168
1.514672
1.531379
1.510985
1.539967
1.552678
1.518480
1.518235
1.513813
1.516295
1.500849
1.538677
1.526894
1.524866
1.507962
1.514800
1.536190
1.510109
1.538164
1.528687
1.538123
1.526291
1.506699
1.521342
1.523321
1.513576
1.501853
1.539012
1.508470
1.516434
1.504264
1.517174
1.538636
1.517184
1.519736
1.526636
1.544188
1.517742
1.530675
1.528443
1.543993
1.514172
1.517469
1.518208
1.527744
1.519411
1.512897
1.518689
1.521641
1.508185
1.523559
1.503261
1.521705
1.516104
1.521899
1.536660
1.517419
1.498904
1.534169
1.512941
1.517621
1.537337
1.505452
1.534110
1.510491
1.512732
1.511098
1.527496
1.497939
1.530519
1.486451
1.551160
1.504841
1.517980
1.502187
1.507767
1.527418
1.532072
1.500842
1.515303
1.494210
1.533979
1.501962
1.511042
1.504440
1.524852
1.510817
1.520281
1.544618
1.511573
1.521173
1.512306
1.514045
1.499326
1.496197
1.500787
1.508525
1.496860
1.517105
1.513883
1.524228
1.516585
1.512066
1.518813
1.527171
1.501924
1.527320
1.497668
1.482099
1.498311
1.518499
1.510785
1.522939
1.506545
1.512037
1.495501
1.516605
1.524871
1.518406
1.513728
1.521182
1.501140
1.516275
1.510937
1.503300
1.525053
1.532821
1.508286
1.529693
1.491629
1.512792
1.494508
1.489404
1.497662
1.515876
1.524085
1.502159
1.492871
1.506403
1.515826
1.512878
1.500151
1.493616
1.505284
1.491575
1.497800
1.513911
1.502093
1.519089
1.493896
1.503036
1.511309
1.505355
1.506041
1.490009
1.504684
1.488102
1.502198
1.497647
1.499103
1.498743
1.496927
1.503360
1.497969
1.503500
1.510409
1.487824
1.488703
1.537734
1.488104
1.512717
1.519879
1.528532
1.517361
1.499832
1.515339
1.495797
1.506251
1.503723
1.503365
1.507486
1.488509
1.511670
1.496070
1.497643
1.485503
1.517000
1.530732
1.515623
1.497456
1.511791
1.483599
1.498967
1.492387
1.505791
1.517277
1.488790
1.522235
1.495649
1.505044
