2.302982
2.300898
2.293825
2.296820
2.287399
2.288097
2.289177
2.272135
2.266875
2.258858
2.251643
2.226082
2.252022
2.245948
2.253904
2.211136
2.184486
2.236281
2.146404
2.152050
2.132126
2.108572
2.080501
2.045034
2.005095
1.958960
1.938657
1.926289
1.906855
1.829319
1.819382
1.866730
1.777593
1.794369
1.779504
1.818689
1.762881
1.768026
1.737498
1.712236
1.712214
1.713940
1.734400
1.692149
1.691214
1.718600
1.700456
1.685045
1.695204
1.746262
1.670946
1.668611
1.689692
1.654831
1.682508
1.658158
1.617684
1.662722
1.650199
1.631755
1.623469
1.623950
1.682821
1.628369
1.659916
1.613898
1.644779
1.656133
1.647268
1.625582
1.637985
1.651421
1.625295
1.618205
1.645496
1.641062
1.637683
1.631710
1.619902
1.612313
1.623000
1.625780
1.606887
1.594423
1.578596
1.598308
1.599668
1.611994
1.618456
1.590174
1.630932
1.603255
1.600795
1.625036
1.595943
1.603935
1.613735
1.581547
1.612244
1.595034
1.590272
1.569546
1.596335
1.578323
1.598013
1.583586
1.573431
1.610407
1.582123
1.561748
1.588363
1.564981
1.584346
1.590202
1.585129
1.582890
1.566375
1.576806
1.590286
1.607506
1.556503
1.566061
1.589259
1.574777
1.557430
1.557303
1.582167
1.567150
1.570854
1.571758
1.583084
1.576301
1.556106
1.558589
1.584555
1.584817
1.543446
1.575195
1.571000
1.542897
1.574310
1.570442
1.556176
1.543719
1.551565
1.573858
1.611888
1.549407
1.563313
1.557205
1.529344
1.534199
1.540416
1.566124
1.560398
1.543380
1.585173
1.555190
1.557384
1.549709
1.536777
1.555358
1.530672
1.604413
1.567683
1.563646
1.569772
1.537886
1.559820
1.533041
1.573354
1.550551
1.545540
1.538558
1.537320
1.526737
1.549503
1.563435
1.536352
1.570223
1.559415
1.536821
1.534539
1.552128
1.548834
1.559403
1.528782
1.555762
1.552121
1.560919
1.532588
1.554200
1.530098
1.561901
1.580994
1.507479
1.520389
1.533648
1.520683
1.527799
1.515514
1.541690
1.524270
1.546821
1.540512
1.549424
1.535665
1.539446
1.563951
1.523240
1.518548
1.576416
1.564907
1.523504
1.561080
1.531783
1.523899
1.546500
1.537694
1.569265
1.532769
1.538865
1.552441
1.528459
1.541390
1.534267
1.504024
1.531880
1.532642
1.551930
1.529754
1.524236
1.552395
1.539802
1.535972
1.547305
1.530019
1.540819
1.521148
1.530324
1.506474
1.531343
1.507829
1.535010
1.526815
1.551954
1.533605
1.524588
1.507848
1.525462
1.538055
1.523714
1.528186
1.571986
1.517373
1.508778
1.526852
1.511391
1.514934
1.514054
1.537904
1.508110
1.527905
1.510552
1.533316
1.505193
1.515244
1.508895
1.504568
1.544690
1.512986
1.504527
1.515675
1.514190
1.518327
1.546866
1.549910
1.496451
1.520037
1.525303
1.522297
1.508942
1.525103
1.528254
1.512877
1.528416
1.530385
1.506590
1.520805
1.518509
1.522533
1.503918
1.516074
1.526597
1.543065
1.537761
1.535940
1.527255
1.534469
1.493310
1.498736
1.513389
1.512940
1.549880
1.528387
1.518007
1.521913
1.508209
1.518614
1.502391
1.503782
1.519050
1.533324
1.522514
1.512413
1.518059
1.511343
1.524089
1.517072
1.531818
1.530812
1.517306
1.526804
1.523644
1.503882
1.495813
1.498768
1.506279
1.554868
1.498935
1.513398
1.526415
1.505277
1.512593
1.501012
1.511265
1.515876
1.502484
1.495714
1.511254
1.511088
1.536622
1.514237
1.498733
1.529137
1.523955
1.514365
1.535329
1.505315
1.513538
1.490477
1.482437
1.496412
1.512378
1.517683
1.517199
1.520514
1.513819
1.505657
1.519081
1.497687
1.517731
1.508291
1.493463
1.520173
1.524653
1.498905
1.514958
1.501566
1.504374
1.505362
1.501221
1.516403
1.537760
1.499794
1.513028
1.512578
1.499460
1.511009
1.524720
1.505773
1.503103
1.492915
1.501988
1.505474
1.531350
1.498347
1.511330
1.510872
1.519574
1.554536
1.511168
1.497263
1.533658
1.525406
1.518435
1.490645
1.499966
1.503037
1.489929
1.513594
1.512646
1.499379
1.532314
1.502003
1.488725
1.491787
1.502406
1.488755
1.493181
1.488242
1.511796
1.498319
1.490526
1.506135
1.498159
1.523554
1.511607
1.500098
1.485082
1.500774
1.497028
1.478659
1.520557
1.499814
1.514009
1.501120
1.521221
1.482653
1.505005
1.500631
1.504749
1.499400
1.506152
1.507188
1.503345
1.501583
1.502703
1.494399
1.504747
1.479046
1.507510
1.514811
1.508106
1.510186
1.506235
1.512342
1.517558
1.507266
1.510430
1.519849
1.484381
1.509719
1.504218
1.508852
1.520798
1.510007
1.488591
1.502614
1.495037
1.497264
1.492984
1.516526
1.491467
1.486295
1.493657
1.519979
1.507126
1.491855
1.493628
1.518861
1.490938
1.495317
1.518578
1.491026
1.497223
1.505223
1.499442
1.504556
1.504439
1.493196
1.491412
1.505220
1.504421
1.499680
1.489220
1.509841
1.507729
1.506599
1.505020
1.494539
1.520499
1.504647
1.510490
1.494170
1.494749
1.493530
1.501666
1.519121
1.489078
