2.305342
2.296613
2.286337
2.264549
2.290069
2.289007
2.286687
2.342496
2.290342
2.255593
2.210633
2.239277
2.267180
2.259932
2.247128
2.204695
2.234034
2.229139
2.218200
2.219278
2.213483
2.183765
2.228768
2.187832
2.191903
2.188258
2.213171
2.203826
2.174729
2.175637
2.223990
2.221106
2.190988
2.218922
2.208433
2.213051
2.169286
2.181486
2.200469
2.162910
2.187210
2.197408
2.193166
2.191482
2.215882
2.200372
2.187052
2.204486
2.178088
2.197749
2.168316
2.180155
2.151543
2.141062
2.188320
2.200194
2.162186
2.186337
2.159638
2.162203
2.175423
2.202815
2.146957
2.239227
2.210960
2.187411
2.200884
2.183104
2.155100
2.176946
2.150495
2.184981
2.156976
2.147290
2.241656
2.175763
2.189441
2.180539
2.188504
2.203848
2.218905
2.170690
2.164026
2.191157
2.174332
2.167618
2.157120
2.163860
2.175109
2.166406
2.189958
2.163439
2.236402
2.170153
2.189572
2.205837
2.176571
2.151733
2.218897
2.177135
2.195950
2.152116
2.211397
2.183034
2.185328
2.140878
2.175736
2.166350
2.183906
2.194093
2.164944
2.167321
2.140750
2.229847
2.158586
2.180739
2.154918
2.155943
2.209487
2.193430
2.156877
2.143851
2.185150
2.153839
2.159447
2.172658
2.170277
2.162277
2.147491
2.162637
2.155600
2.134147
2.156311
2.166203
2.173586
2.162521
2.160364
2.162363
2.138528
2.239932
2.177224
2.148691
2.141274
2.175159
2.175084
2.167884
2.139166
2.158575
2.170477
2.184129
2.149597
2.101533
2.119069
2.111119
2.145485
2.160905
2.157575
2.141875
2.143180
2.156492
2.157382
2.153432
2.165575
2.144690
2.129935
2.153849
2.153712
2.143211
2.131325
2.180327
2.175608
2.161314
2.177199
2.197403
2.157654
2.184587
2.156529
2.172911
2.193438
2.141063
2.130732
2.102108
2.152307
2.158991
2.172245
2.174235
2.164704
2.137896
2.152710
2.156683
2.132681
2.136886
2.142476
2.141853
2.176975
2.133240
2.161649
2.155409
2.152628
2.182781
2.170308
2.164384
2.184242
2.133396
2.138939
2.152656
2.165060
2.138020
2.147106
2.142190
2.162184
2.147119
2.126018
2.160013
2.216950
2.162512
2.129265
2.147628
2.137257
2.158658
2.160014
2.133676
2.150968
2.181357
2.135754
2.167322
2.165139
2.127821
2.166563
2.154603
2.146129
2.150945
2.148528
2.169138
2.147942
2.134549
2.125551
2.198280
2.142195
2.155329
2.204555
2.149567
2.125664
2.120548
2.182839
2.170848
2.147615
2.155568
2.103780
2.126243
2.131233
2.173252
2.141946
2.140644
2.160270
2.191010
2.149316
2.156286
2.181685
2.136359
2.141047
2.164400
2.142322
2.146185
2.142366
2.163420
2.153851
2.198032
2.144695
2.124861
2.151981
2.127728
2.129970
2.157555
2.149157
2.180933
2.126311
2.112849
2.183395
2.134324
2.154978
2.137658
2.149121
2.215413
2.145317
2.124471
2.187826
2.177240
2.179289
2.122687
2.135342
2.143961
2.136700
2.139820
2.141263
2.120136
2.164920
2.139322
2.137415
2.155738
2.164243
2.154355
2.146422
2.112938
2.148074
2.118392
2.123624
2.120091
2.118438
2.165641
2.147446
2.131097
2.155403
2.164876
2.177852
2.136332
2.112518
2.173168
2.135780
2.102359
2.145930
2.149118
2.124608
2.149060
2.122794
2.134828
2.119696
2.151973
2.131324
2.127572
2.116179
2.175861
2.149632
2.145603
2.132962
2.146146
2.137261
2.156084
2.128373
2.121716
2.152525
2.111234
2.179736
2.124199
2.163106
2.127395
2.097005
2.180792
2.136871
2.161433
2.123862
2.117169
2.141125
2.168591
2.155489
2.116852
2.113040
2.145432
2.158281
2.122429
2.121082
2.137242
2.129426
2.151289
2.133970
2.125013
2.132982
2.101596
2.129679
2.140887
2.171072
2.144046
2.125758
2.123705
2.121422
2.092745
2.120897
2.151278
2.168086
2.193419
2.168092
2.189286
2.116565
2.132540
2.135272
2.122501
2.110994
2.136725
2.126481
2.098614
2.123704
2.109326
2.158327
2.155622
2.125781
2.121970
2.112366
2.120777
2.154586
2.150472
2.127101
2.129396
2.133973
2.147488
2.145421
2.151932
2.121238
2.145847
2.177645
2.158949
2.121632
2.133518
2.138121
2.141281
2.152579
2.149246
2.163296
2.132593
2.134618
2.152017
2.156852
2.104819
2.157197
2.112863
2.147650
2.175553
2.136103
2.113843
2.131041
2.138499
2.146808
2.123114
2.165786
2.178318
2.154857
2.180668
2.159509
2.112035
2.161904
2.103361
2.122629
2.169796
2.118097
2.109736
2.116964
2.127220
2.095442
2.152172
2.115595
2.147377
2.160671
2.083081
2.129880
2.141146
2.118752
2.088674
2.106499
2.140290
2.131675
2.137693
2.153030
2.176413
2.176980
2.169392
2.144253
2.140217
2.113162
2.148510
2.126593
2.101630
2.118161
2.136436
2.100624
2.122340
2.144608
2.129924
2.150858
2.142254
2.152580
2.163264
2.123034
2.228506
2.217309
2.201237
2.190918
2.173314
2.141394
2.158060
2.149128
2.156094
2.173775
2.130651
2.152565
2.158789
2.126364
2.141416
2.119513
2.155753
2.130121
2.163714
