2.303669
2.296277
2.272393
2.270276
2.256224
2.234403
2.227175
2.167078
2.168801
2.105600
2.123430
2.073467
2.077126
2.038388
2.022033
1.903876
1.855635
1.913355
1.955831
1.931880
1.873535
1.811610
1.728558
1.715124
1.733688
1.779395
1.775630
1.827293
1.750078
1.735637
1.695297
1.673873
1.650299
1.684746
1.685143
1.705523
1.714076
1.707780
1.666940
1.659498
1.651516
1.662760
1.671308
1.650060
1.630510
1.663609
1.628742
1.608837
1.627881
1.657588
1.628764
1.638594
1.640265
1.642287
1.607100
1.588944
1.620140
1.639704
1.616946
1.596188
1.595572
1.594620
1.597317
1.587349
1.602089
1.603423
1.600588
1.583866
1.591459
1.571059
1.588326
1.615264
1.586348
1.618995
1.576123
1.627657
1.586042
1.601930
1.606250
1.559866
1.603753
1.568093
1.599053
1.575134
1.618145
1.580455
1.575345
1.574942
1.580841
1.604014
1.597567
1.578136
1.596097
1.579435
1.595086
1.586717
1.592324
1.572936
1.560615
1.574243
1.580302
1.568814
1.606368
1.576582
1.588711
1.565300
1.576759
1.576448
1.569343
1.591127
1.574229
1.553623
1.573550
1.585551
1.582976
1.566162
1.598113
1.585510
1.549794
1.585516
1.603752
1.577772
1.588631
1.574060
1.582856
1.578072
1.596821
1.558325
1.562250
1.566246
1.582916
1.581324
1.564416
1.557522
1.576200
1.560409
1.584564
1.594594
1.559374
1.555773
1.580904
1.572306
1.565058
1.556843
1.570839
1.572551
1.550512
1.560325
1.557141
1.572322
1.572600
1.593007
1.559074
1.573192
1.555638
1.560108
1.553463
1.546643
1.560937
1.569008
1.557575
1.548950
1.572448
1.569857
1.548411
1.576301
1.559240
1.549823
1.588577
1.567608
1.567759
1.574094
1.548938
1.535464
1.552719
1.563721
1.544084
1.557057
1.541894
1.540120
1.580348
1.545367
1.563439
1.549949
1.558630
1.552163
1.549219
1.555971
1.560500
1.551199
1.554235
1.547965
1.552490
1.561797
1.551581
1.556993
1.540067
1.567391
1.552898
1.532928
1.552814
1.558197
1.534091
1.544518
1.529796
1.531158
1.525940
1.521047
1.539178
1.524054
1.518050
1.508843
1.523962
1.517110
1.516071
1.551078
1.543489
1.535760
1.521682
1.534212
1.554573
1.517611
1.527748
1.546982
1.532090
1.551535
1.523361
1.516670
1.520161
1.543618
1.512676
1.532631
1.523659
1.540708
1.570900
1.529935
1.537844
1.527172
1.533050
1.515163
1.530857
1.536956
1.519508
1.523635
1.533789
1.523683
1.526102
1.526955
1.520847
1.534463
1.521810
1.529053
1.544159
1.530515
1.529038
1.531749
1.523868
1.543613
1.530715
1.530899
1.521735
1.538868
1.529762
1.524780
1.530657
1.565040
1.523621
1.521704
1.522941
1.525312
1.525377
1.535019
1.530197
1.542221
1.534617
1.537424
1.551086
1.554044
1.543870
1.538255
1.553095
1.543548
1.542569
1.526441
1.532472
1.531300
1.516453
1.522504
1.524656
1.548146
1.552247
1.527792
1.521165
1.528664
1.540453
1.526504
1.535303
1.544696
1.521013
1.523961
1.525576
1.554792
1.515726
1.526165
1.523786
1.513052
1.516302
1.505573
1.514608
1.512432
1.508053
1.538635
1.518746
1.521988
1.512683
1.524822
1.521997
1.500017
1.516958
1.500063
1.539054
1.512030
1.527722
1.509959
1.507190
1.498800
1.510314
1.514362
1.513005
1.519622
1.516691
1.514233
1.517153
1.522061
1.509267
1.523257
1.543621
1.529717
1.514269
1.529066
1.505222
1.516348
1.519223
1.503830
1.495884
1.502757
1.483743
1.504353
1.491249
1.506604
1.504038
1.510381
1.516436
1.503937
1.501841
1.521532
1.495864
1.512439
1.504454
1.497682
1.512330
1.497229
1.500144
1.500898
1.501097
1.518011
1.502509
1.506701
1.507366
1.508054
1.504629
1.512106
1.511191
1.508535
1.503435
1.511702
1.513026
1.497175
1.494602
1.515613
1.496676
1.493381
1.490970
1.482409
1.500371
1.508578
1.503359
1.507016
1.506972
1.500098
1.500764
1.493911
1.503135
1.481665
1.502845
1.497897
1.499045
1.490612
1.495667
1.494440
1.502172
1.492424
1.483666
1.511368
1.495205
1.503412
1.500967
1.527631
1.498530
1.503155
1.484617
1.497894
1.488830
1.481944
1.485861
1.489797
1.486598
1.472494
1.487307
1.490224
1.489100
1.497352
1.488066
1.485726
1.490123
1.497661
1.485824
1.491626
1.485010
1.494367
1.505849
1.487764
1.491203
1.494704
1.491044
1.479890
1.482757
1.485898
1.479067
1.489199
1.507075
1.509816
1.473260
1.491662
1.491792
1.485025
1.481472
1.485446
1.508027
1.487759
1.482937
1.494952
1.479489
1.492399
1.485605
1.484786
1.471285
1.486077
1.488674
1.489877
1.491257
1.488012
1.490307
1.479309
1.479957
1.471040
1.500476
1.475708
1.487754
1.475517
1.482244
1.477675
1.478333
1.493546
1.477834
1.475680
1.478492
1.487568
1.500864
1.498158
1.482730
1.489648
1.502692
1.485617
1.490750
1.486904
1.489046
1.503865
1.479992
1.485085
1.492172
1.491092
1.481324
1.482289
1.491446
1.478936
1.490503
1.479462
1.476056
1.475677
