2.305303
2.302794
2.304205
2.313188
2.298525
2.276233
2.268006
2.251719
2.279503
2.180468
2.100725
2.090166
2.097856
2.095716
2.111423
2.106556
2.029580
1.937689
1.947376
1.945125
1.959786
1.958835
1.890888
1.859810
1.784604
1.793199
1.742435
1.746941
1.785571
1.742654
1.730201
1.747047
1.732129
1.733320
1.727281
1.763654
1.739237
1.769338
1.768845
1.747969
1.719957
1.681127
1.665490
1.666680
1.694270
1.647430
1.652073
1.670669
1.678548
1.695353
1.709617
1.699807
1.649706
1.645335
1.684450
1.667733
1.725570
1.767623
1.698570
1.651182
1.598559
1.649974
1.606067
1.617071
1.644332
1.652551
1.645855
1.589931
1.603436
1.618665
1.595700
1.654903
1.630364
1.649782
1.657410
1.635033
1.608118
1.557326
1.574322
1.641199
1.597486
1.625446
1.605293
1.603305
1.585297
1.589684
1.612258
1.591180
1.616526
1.598518
1.667681
1.592730
1.612776
1.648766
1.631801
1.616847
1.627061
1.643452
1.622254
1.613119
1.590323
1.596631
1.597089
1.616880
1.629033
1.605314
1.586613
1.599177
1.584184
1.580253
1.608538
1.594493
1.601238
1.600201
1.610654
1.599077
1.582744
1.607044
1.602653
1.611663
1.620359
1.602275
1.604245
1.609803
1.585794
1.593804
1.585293
1.597627
1.587859
1.611990
1.616393
1.598242
1.626746
1.590672
1.596872
1.560064
1.587584
1.595843
1.597901
1.616865
1.598967
1.583400
1.601458
1.590187
1.591476
1.599154
1.590871
1.605577
1.598992
1.582877
1.625450
1.617851
1.594580
1.621236
1.599351
1.590493
1.595208
1.594016
1.588349
1.586301
1.574907
1.604559
1.584597
1.604029
1.611684
1.608747
1.594441
1.594324
1.575977
1.604938
1.599094
1.642865
1.631745
1.609240
1.593649
1.606879
1.673048
1.720618
1.612272
1.597191
1.636518
1.605804
1.564495
1.610518
1.669443
1.624831
1.593974
1.634829
1.628871
1.599703
1.618659
1.605476
1.608190
1.609164
1.607641
1.578124
1.577278
1.582681
1.599356
1.588212
1.585204
1.569006
1.575431
1.574445
1.603761
1.630373
1.593128
1.583686
1.572485
1.584254
1.577131
1.601647
1.569896
1.586481
1.576257
1.592008
1.580029
1.594733
1.581904
1.595300
1.580829
1.596078
1.574919
1.583018
1.617842
1.583255
1.589011
1.583973
1.606776
1.581678
1.592466
1.589239
1.583373
1.579683
1.606253
1.611328
1.602761
1.592452
1.576780
1.571098
1.601545
1.616193
1.606529
1.583412
1.640566
1.587305
1.593999
1.593933
1.572164
1.588388
1.613082
1.567910
1.589998
1.605718
1.596539
1.572905
1.561708
1.583260
1.579856
1.578555
1.579511
1.587292
1.567077
1.593651
1.551408
1.538092
1.586913
1.592725
1.569704
1.595004
1.600802
1.587219
1.559878
1.572524
1.584324
1.551610
1.586336
1.559313
1.567957
1.567543
1.578561
1.581278
1.559466
1.563057
1.559320
1.570551
1.576477
1.564044
1.561351
1.554454
1.588220
1.569118
1.572639
1.583393
1.563157
1.587376
1.578035
1.577767
1.607884
1.575661
1.580848
1.578097
1.586768
1.588006
1.596801
1.566059
1.589046
1.591460
1.618546
1.573892
1.567016
1.569503
1.583574
1.577062
1.602181
1.601872
1.588294
1.579178
1.583644
1.599735
1.586058
1.587551
1.601681
1.579867
1.599493
1.570145
1.553193
1.557575
1.582883
1.570278
1.603984
1.569847
1.569036
1.561860
1.581785
1.587736
1.581272
1.582939
1.568401
1.557328
1.592994
1.553629
1.597333
1.569622
1.556182
1.576557
1.552534
1.554445
1.570650
1.547181
1.551403
1.555190
1.570205
1.552514
1.569978
1.582483
1.564464
1.548915
1.537855
1.556530
1.558508
1.566246
1.557948
1.585112
1.564927
1.567439
1.554687
1.552425
1.556787
1.545891
1.548199
1.541377
1.584893
1.570783
1.553227
1.544042
1.532974
1.545797
1.571189
1.603828
1.546333
1.535367
1.555676
1.536780
1.544121
1.550953
1.561037
1.559468
1.578511
1.564483
1.532092
1.543767
1.591584
1.570935
1.581755
1.537240
1.549874
1.565171
1.568328
1.580654
1.561117
1.540987
1.536957
1.539054
1.554365
1.541964
1.559452
1.549227
1.531022
1.537629
1.525705
1.539921
1.533965
1.531494
1.528666
1.577748
1.552715
1.545754
1.533887
1.530592
1.540033
1.542386
1.541717
1.525121
1.531288
1.546883
1.559113
1.565067
1.568321
1.551542
1.557983
1.556410
1.560394
1.568590
1.594692
1.587178
1.573117
1.586583
1.582018
1.538477
1.541901
1.595902
1.623125
1.590800
1.554121
1.518963
1.542534
1.554035
1.566689
1.552473
1.523217
1.525079
1.559287
1.565454
1.573208
1.561150
1.517681
1.507568
1.510807
1.530990
1.505992
1.525329
1.554594
1.509267
1.513481
1.514060
1.516608
1.539801
1.545866
1.534335
1.528905
1.511856
1.506306
1.515521
1.510029
1.532416
1.538702
1.524484
1.555189
1.538485
1.535714
1.539698
1.562728
1.527732
1.537871
1.542876
1.542006
1.555560
1.564038
1.561802
1.560131
1.568327
1.543128
1.552212
1.578205
1.570052
1.570591
1.547915
1.545487
1.548590
