2.306639
2.310372
2.318693
2.346102
2.385343
2.337811
2.232821
2.084604
1.958376
1.970978
2.179390
2.307074
2.568080
2.590261
2.670184
2.442276
1.891921
1.886972
1.877690
1.940918
1.923058
2.133400
2.213850
2.171935
2.033924
1.868160
1.885432
1.859831
1.889804
1.924715
2.013459
2.011491
2.055990
2.087775
2.094378
2.085360
2.039571
2.061565
2.109849
2.111712
2.127771
2.130703
2.131825
2.112353
2.115735
2.150489
2.121049
2.119896
2.127327
2.122346
2.124406
2.118219
2.123845
2.070514
2.098241
2.115475
2.117969
2.116999
2.145421
2.136912
2.107233
2.060265
2.062558
2.051220
2.050503
2.057084
2.035684
2.060383
2.021969
2.015191
2.008555
2.010694
2.001168
2.007649
2.023301
2.027609
2.018481
2.021956
1.992517
2.005967
1.982686
1.992143
1.967709
1.971327
1.970257
1.974963
1.983940
1.980296
1.971618
1.978454
1.968579
1.956012
1.942666
1.920812
1.906556
1.916493
1.928217
1.938584
1.922713
1.942854
1.909581
1.887881
1.871386
1.860909
1.831082
1.836794
1.816285
1.806556
1.799833
1.800628
1.815804
1.829316
1.816059
1.827326
1.808133
1.801058
1.796986
1.810946
1.822180
1.812546
1.805923
1.801195
1.827103
1.798087
1.811551
1.812898
1.799088
1.805829
1.810562
1.790176
1.790470
1.803518
1.802757
1.807082
1.791331
1.799973
1.785942
1.794421
1.788385
1.790233
1.787274
1.790173
1.774330
1.758127
1.763781
1.757586
1.735154
1.720077
1.709932
1.675501
1.667886
1.637385
1.630562
1.618014
1.604989
1.586950
1.605514
1.593490
1.593935
1.583040
1.605835
1.600593
1.684221
1.669080
1.637968
1.664124
1.609251
1.588808
1.553074
1.664840
1.608431
1.598816
1.613491
1.590407
1.521716
1.521627
1.517342
1.559157
1.578175
1.581702
1.556476
1.566810
1.580526
1.557305
1.641757
1.611925
1.573827
1.552469
1.526224
1.517477
1.522428
1.509813
1.495654
1.505932
1.510422
1.522393
1.529363
1.535760
1.555741
1.518801
1.543430
1.601283
1.627667
1.543060
1.511836
1.517087
1.515880
1.527007
1.541959
1.576996
1.566461
1.566538
1.571832
1.558504
1.527040
1.526772
1.531815
1.582361
1.573624
1.539445
1.511226
1.520536
1.530476
1.570760
1.575650
1.558421
1.527374
1.516529
1.593908
1.656541
1.622504
1.571274
1.618449
1.624243
1.609220
1.648513
1.680770
1.568394
1.580371
1.590735
1.567244
1.585329
1.589966
1.588495
1.603668
1.591294
1.623944
1.640513
1.641216
1.645962
1.607152
1.574257
1.580222
1.553332
1.559738
1.548671
1.529649
1.564153
1.599532
1.626421
1.628921
1.640710
1.596253
1.601799
1.564089
1.580746
1.581223
1.514178
1.705119
1.651356
1.688756
1.667621
1.655612
1.615121
1.568214
1.564565
1.541192
1.533983
1.543577
1.527655
1.562567
1.570685
1.559145
1.544122
1.566129
1.550001
1.527829
1.525078
1.525665
1.603818
1.583223
1.598076
1.616657
1.666760
1.604727
1.528696
1.502303
1.515379
1.538728
1.578818
1.629415
1.668796
1.667326
1.636560
1.618389
1.592345
1.572027
1.550394
1.549319
1.517608
1.519451
1.512573
1.498755
1.510695
1.518437
1.531430
1.566440
1.562685
1.567155
1.556663
1.571304
1.543281
1.545979
1.540498
1.559714
1.572359
1.512826
1.515260
1.516208
1.516967
1.517509
1.511970
1.498009
1.502673
1.495327
1.498319
1.506196
1.519901
1.565996
1.563118
1.531871
1.509978
1.500967
1.496321
1.487646
1.493101
1.512570
1.550182
1.522307
1.535530
1.572715
1.593903
1.584302
1.589273
1.576006
1.563048
1.654850
1.568866
1.569924
1.604011
1.623668
1.633874
1.607039
1.606028
1.612979
1.626235
1.597570
1.579929
1.570936
1.543926
1.530695
1.550978
1.556064
1.526269
1.525087
1.523448
1.522186
1.534728
1.544124
1.558236
1.570047
1.540490
1.543563
1.580361
1.588726
1.588799
1.577248
1.541826
1.573390
1.546893
1.562387
1.560973
1.539795
1.554879
1.540904
1.607302
1.686616
1.693994
1.560066
1.507698
1.527599
1.562269
1.596053
1.606142
1.606751
1.617548
1.595419
1.603320
1.609641
1.629269
1.603437
1.596753
1.573838
1.562804
1.566697
1.568872
1.598569
1.588542
1.608777
1.601603
1.595955
1.570365
1.557802
1.542982
1.562800
1.550382
1.548487
1.550476
1.561864
1.568333
1.574179
1.550775
1.547236
1.530432
1.544182
1.556254
1.584760
1.578964
1.555782
1.543619
1.590944
1.603581
1.667720
1.588039
1.544915
1.504946
1.522276
1.540325
1.560803
1.578779
1.574551
1.547597
1.537241
1.547546
1.575492
1.582360
1.575254
1.559779
1.545150
1.558989
1.532735
1.548573
1.569285
1.558310
1.555609
1.534683
1.519542
1.526740
1.521571
1.543346
1.530777
1.549707
1.534540
1.538135
1.547069
1.536126
1.542199
1.538524
1.530065
1.552023
1.561336
1.589480
1.569762
1.532053
1.526678
1.538348
1.558098
1.570351
1.568901
1.549183
1.527603
1.538371
1.569234
1.556366
1.567090
1.565964
1.566126
1.552632
1.545682
1.560900
