2.301111
2.296875
2.286304
2.294439
2.279279
2.254988
2.252206
2.249743
2.199497
2.206026
2.184799
2.139022
2.173504
2.099395
2.062503
2.050699
2.014873
1.995346
1.961962
1.929407
1.806592
1.872814
1.810559
1.814472
1.816404
1.764561
1.837787
1.758994
1.784972
1.765955
1.838959
1.748685
1.794749
1.731863
1.771385
1.749296
1.752382
1.733403
1.742190
1.727491
1.705210
1.671852
1.648990
1.686108
1.691128
1.657454
1.663181
1.714878
1.625028
1.649208
1.649115
1.631027
1.603770
1.664888
1.658720
1.591295
1.670088
1.636310
1.600326
1.611969
1.584121
1.656474
1.687846
1.645025
1.612772
1.593233
1.628891
1.615027
1.600398
1.621231
1.616838
1.642210
1.613119
1.605512
1.629588
1.670414
1.614025
1.601652
1.603043
1.561378
1.610056
1.627603
1.639690
1.619663
1.585705
1.620003
1.601098
1.616669
1.584163
1.575120
1.629073
1.563706
1.630550
1.616358
1.610557
1.616325
1.612725
1.598865
1.587501
1.587277
1.586915
1.575019
1.622910
1.640222
1.579483
1.644406
1.602707
1.620561
1.605103
1.644657
1.610521
1.629027
1.562388
1.659622
1.621011
1.648587
1.626240
1.594944
1.610508
1.625308
1.589339
1.587416
1.590334
1.586159
1.585915
1.585797
1.596071
1.603555
1.579030
1.610736
1.594247
1.542287
1.524055
1.604889
1.580890
1.631603
1.620113
1.592887
1.593566
1.595588
1.599215
1.594021
1.603085
1.579661
1.626273
1.556179
1.575974
1.611996
1.575587
1.583376
1.597957
1.691755
1.567611
1.583803
1.565864
1.628509
1.579089
1.613387
1.577382
1.570651
1.589715
1.556302
1.595320
1.569380
1.604026
1.593862
1.557492
1.570590
1.606952
1.596094
1.571399
1.581947
1.659184
1.606604
1.570344
1.600788
1.594105
1.591227
1.573638
1.600290
1.601315
1.604697
1.586245
1.629098
1.580666
1.584500
1.616137
1.564095
1.577217
1.590563
1.594696
1.593263
1.605564
1.629641
1.612630
1.560165
1.581662
1.597442
1.586250
1.559309
1.612524
1.553186
1.616431
1.570326
1.586542
1.587035
1.585703
1.568594
1.586450
1.545838
1.562586
1.578318
1.551098
1.596850
1.580582
1.614341
1.567657
1.580949
1.542847
1.614088
1.585150
1.591359
1.603564
1.614770
1.564748
1.566032
1.552325
1.558882
1.583168
1.578060
1.582588
1.557156
1.600519
1.580449
1.578820
1.576011
1.583992
1.608152
1.560774
1.585366
1.636092
1.533430
1.591963
1.609468
1.544712
1.581014
1.575401
1.584721
1.575143
1.575568
1.617674
1.545453
1.542104
1.580313
1.575822
1.560734
1.609183
1.571098
1.566997
1.578998
1.624879
1.561689
1.549062
1.621457
1.517035
1.619526
1.607872
1.543754
1.592641
1.653026
1.557375
1.589420
1.577722
1.591987
1.555732
1.540472
1.571007
1.591540
1.552097
1.608308
1.581413
1.630134
1.518512
1.594502
1.527223
1.582393
1.574430
1.564006
1.553326
1.548102
1.540557
1.543450
1.590341
1.556681
1.598401
1.618926
1.568894
1.581281
1.571639
1.576374
1.580014
1.581395
1.602147
1.613729
1.598822
1.561788
1.555042
1.564580
1.568416
1.560575
1.558546
1.590968
1.563383
1.575624
1.591694
1.564476
1.555466
1.577695
1.570371
1.560598
1.570915
1.607728
1.539291
1.577759
1.550647
1.613322
1.566540
1.559173
1.594724
1.582868
1.571328
1.603156
1.580176
1.556297
1.534020
1.565890
1.571514
1.601424
1.585927
1.579053
1.586960
1.595442
1.557388
1.589501
1.560439
1.568082
1.579070
1.543298
1.575973
1.587786
1.536153
1.570475
1.565682
1.570847
1.592498
1.587237
1.587836
1.605739
1.587974
1.566781
1.590240
1.532671
1.541916
1.558535
1.563636
1.576615
1.563493
1.598664
1.557240
1.549267
1.571271
1.589223
1.554417
1.613708
1.597150
1.544310
1.576882
1.581305
1.542358
1.555699
1.573322
1.583897
1.570637
1.560494
1.574429
1.591979
1.539292
1.588638
1.566870
1.556864
1.537753
1.550302
1.571033
1.567868
1.600897
1.634575
1.556736
1.580726
1.617747
1.582487
1.555392
1.537611
1.556832
1.594069
1.541019
1.567865
1.554324
1.562320
1.528327
1.567524
1.558883
1.566592
1.557443
1.535518
1.582084
1.591840
1.574990
1.581563
1.573716
1.551945
1.587633
1.592424
1.577340
1.535029
1.539371
1.543991
1.545635
1.600335
1.568754
1.541009
1.611892
1.558865
1.549833
1.545377
1.568537
1.590619
1.564464
1.526621
1.568891
1.572856
1.570395
1.586096
1.615510
1.566540
1.548596
1.585470
1.562874
1.609872
1.554750
1.567751
1.540800
1.547830
1.587715
1.547979
1.576817
1.565940
1.581426
1.547014
1.585154
1.576646
1.596585
1.577586
1.541490
1.566028
1.594908
1.559909
1.525565
1.573712
1.540988
1.542156
1.569453
1.527109
1.586364
1.575653
1.564101
1.603623
1.542349
1.583041
1.549282
1.564834
1.566940
1.585799
1.603618
1.594974
1.591556
1.537633
1.565082
1.528919
1.545577
1.538387
1.562147
1.528358
1.578497
1.546847
1.581003
1.563804
1.578230
1.534419
1.610450
1.549088
