0.9609
0.7891
0.2969
0.9297
0.0312
0.0078
0.0000
0.0234
0.0078
0.5547
0.0938
0.4609
0.8984
0.9453
0.9609
0.9688
0.9844
0.9766
0.9844
0.9844
0.9766
1.0000
1.0000
0.9688
0.9688
1.0000
0.9844
0.9922
0.9844
0.9844
1.0000
0.9844
0.9688
0.9688
1.0000
0.9922
1.0000
0.9688
0.9922
0.9688
0.9844
1.0000
0.9922
0.9766
0.9766
0.9688
0.9844
0.9922
0.9922
1.0000
0.9922
1.0000
0.9922
0.9844
0.9766
1.0000
0.9766
0.9844
0.9922
0.9844
0.9766
1.0000
0.9922
1.0000
0.9844
0.9844
0.9844
1.0000
0.9688
0.9844
0.9766
0.9766
0.9922
0.9844
0.9844
0.9844
1.0000
0.9844
0.9688
0.9922
1.0000
0.9766
0.9766
0.9844
0.9688
0.9844
0.9766
0.9844
0.9766
1.0000
1.0000
0.9922
0.9844
0.9922
0.9922
0.9766
0.9922
0.9844
0.9844
0.9922
0.9922
0.9844
0.9844
0.9688
0.9766
0.9922
1.0000
0.9844
0.9922
0.9688
1.0000
0.9922
0.9922
1.0000
0.9844
0.9844
0.9844
0.9609
0.9844
1.0000
0.9922
1.0000
0.9922
0.9766
0.9922
0.9844
1.0000
0.9922
0.9844
0.9844
0.9766
0.9766
0.9844
0.9922
0.9766
0.9688
0.9844
0.9844
0.9844
0.9609
0.9844
1.0000
0.9844
1.0000
0.9922
1.0000
0.9922
0.9844
0.9922
0.9922
0.9922
0.9844
0.9844
0.9922
0.9844
0.9688
0.9844
0.9922
0.9766
0.9844
0.9922
0.9766
0.9844
0.9844
1.0000
0.9844
0.9844
0.9922
1.0000
0.9922
0.9922
0.9844
0.9844
0.9922
0.9844
0.9844
0.9844
0.9688
1.0000
0.9766
0.9922
0.9922
1.0000
0.9844
0.9766
0.9766
0.9844
0.9844
0.9922
1.0000
0.9844
0.9922
0.9844
0.9766
0.9844
1.0000
1.0000
0.9688
0.9844
0.9766
0.9688
0.9844
0.9922
0.9688
0.9844
0.9844
1.0000
0.9922
0.9922
1.0000
0.9766
1.0000
1.0000
0.9844
0.9844
0.9922
0.9531
1.0000
0.9922
0.9922
0.9844
0.9922
1.0000
0.9609
0.9844
0.9922
0.9922
0.9844
0.9844
0.9766
1.0000
0.9922
0.9922
0.9766
0.9922
0.9922
0.9922
0.9922
0.9688
0.9688
0.9766
0.9922
0.9844
0.9844
0.9922
0.9609
0.9922
1.0000
0.9688
0.9844
0.9766
0.9922
0.9922
0.9922
0.9922
1.0000
0.9922
0.9922
0.9766
0.9844
0.9844
1.0000
0.9922
0.9844
1.0000
0.9531
1.0000
0.9844
1.0000
0.9844
0.9844
0.9766
0.9844
0.9766
0.9766
0.9922
1.0000
1.0000
1.0000
0.9922
0.9922
0.9766
0.9844
0.9766
0.9688
0.9922
0.9766
0.9922
1.0000
0.9844
0.9922
1.0000
0.9766
0.9766
0.9844
0.9922
0.9766
0.9609
0.9922
0.9844
0.9766
1.0000
0.9844
1.0000
0.9922
0.9922
0.9844
0.9766
0.9844
0.9922
0.9922
0.9844
0.9844
0.9844
0.9844
0.9766
0.9922
1.0000
0.9922
0.9531
0.9922
0.9766
1.0000
0.9844
0.9922
0.9844
0.9844
0.9922
0.9922
0.9844
0.9688
0.9922
0.9844
0.9922
0.9922
1.0000
0.9844
0.9531
0.9922
0.9922
0.9922
1.0000
1.0000
0.9766
0.9844
1.0000
0.9766
0.9688
0.9922
1.0000
1.0000
1.0000
0.9922
0.9766
1.0000
0.9688
1.0000
0.9844
0.9844
0.9844
0.9766
0.9688
0.9922
1.0000
0.9922
0.9766
0.9922
0.9844
0.9844
0.9922
1.0000
0.9922
0.9844
0.9688
0.9844
0.9922
0.9766
0.9844
0.9766
0.9688
0.9844
1.0000
0.9688
0.9922
0.9766
0.9922
0.9922
0.9922
1.0000
0.9922
0.9688
0.9922
1.0000
0.9922
0.9922
0.9922
0.9922
0.9688
0.9922
0.9844
0.9766
0.9922
0.9766
0.9922
0.9609
0.9844
0.9844
0.9922
0.9922
0.9922
0.9766
1.0000
1.0000
0.9922
0.9844
0.9688
0.9688
0.9844
1.0000
1.0000
0.9844
0.9844
1.0000
0.9844
0.9922
0.9609
0.9922
0.9844
0.9766
0.9609
1.0000
1.0000
0.9844
1.0000
0.9766
0.9922
0.9922
0.9766
0.9844
0.9922
0.9688
0.9688
1.0000
0.9844
1.0000
0.9922
0.9844
1.0000
0.9766
0.9844
0.9922
0.9688
1.0000
0.9844
0.9766
0.9844
0.9766
1.0000
0.9766
0.9844
0.9844
0.9922
0.9922
0.9844
0.9922
0.9766
0.9922
0.9922
0.9922
0.9922
1.0000
0.9844
0.9766
0.9844
0.9922
0.9922
0.9922
0.9766
0.9922
0.9766
0.9844
0.9922
0.9766
0.9844
0.9844
1.0000
0.9844
0.9844
0.9922
0.9688
1.0000
0.9688
0.9922
0.9688
0.9922
0.9766
0.9922
1.0000
0.9766
0.9844
