2.313976
2.295520
2.275713
2.252254
2.241336
2.241830
2.195903
2.158487
2.106236
2.035789
1.944470
1.917928
1.854646
1.799735
1.871367
1.844521
1.806670
1.713365
1.693976
1.702944
1.707663
1.712700
1.692459
1.666525
1.656169
1.644469
1.647705
1.620844
1.618908
1.608903
1.610764
1.602736
1.605661
1.588040
1.598772
1.604864
1.598835
1.630830
1.604713
1.585526
1.593709
1.591021
1.534439
1.578889
1.551119
1.595989
1.540869
1.578610
1.570406
1.552199
1.573643
1.579432
1.537181
1.537463
1.539273
1.568451
1.534288
1.529817
1.545985
1.560833
1.538804
1.537266
1.519380
1.549538
1.522776
1.507710
1.542701
1.535136
1.512390
1.528227
1.560074
1.559249
1.541451
1.547152
1.520288
1.538193
1.512944
1.531586
1.530834
1.540545
1.525240
1.521842
1.513411
1.555301
1.515039
1.526141
1.543793
1.521570
1.528358
1.504330
1.520471
1.523342
1.522123
1.528456
1.520362
1.512060
1.547768
1.505678
1.523351
1.528115
1.514563
1.505148
1.514619
1.508858
1.508876
1.508484
1.510997
1.526572
1.502005
1.529258
1.529533
1.506930
1.526775
1.505460
1.506801
1.529249
1.537581
1.526813
1.520449
1.501237
1.516713
1.519297
1.511551
1.506034
1.512643
1.545087
1.511285
1.539329
1.508690
1.498325
1.507757
1.513424
1.508112
1.484568
1.514636
1.513020
1.512178
1.503550
1.523152
1.503465
1.502027
1.506769
1.490778
1.493186
1.498035
1.515106
1.521723
1.511134
1.513186
1.501801
1.506582
1.495750
1.518031
1.512558
1.492188
1.514417
1.506656
1.485862
1.503971
1.489084
1.496286
1.511941
1.509545
1.504562
1.513399
1.498143
1.512977
1.501648
1.518044
1.510421
1.521132
1.520663
1.502323
1.538196
1.500254
1.492471
1.505207
1.513450
1.522758
1.501171
1.510125
1.509859
1.493327
1.521156
1.523079
1.513628
1.502620
1.515399
1.526965
1.514189
1.504329
1.512984
1.505152
1.511006
1.517260
1.503478
1.505096
1.520230
1.500373
1.513270
1.516357
1.507313
1.499919
1.521610
1.509037
1.508189
1.508981
1.518475
1.508475
1.505888
1.510309
1.530074
1.515610
1.532841
1.503462
1.510426
1.498031
1.513148
1.503451
1.502714
1.525560
1.497898
1.509393
1.504026
1.519974
1.510518
1.510724
1.510882
1.503946
1.499416
1.502010
1.495919
1.484992
1.517622
1.504635
1.522525
1.504420
1.511318
1.511029
1.500044
1.501880
1.525108
1.512568
1.523486
1.495398
1.524560
1.507773
1.507962
1.505760
1.505134
1.501093
1.528515
1.515952
1.505980
1.499602
1.507881
1.516775
1.522300
1.516006
1.504835
1.516367
1.494088
1.510074
1.512829
1.512614
1.523957
1.527790
1.527038
1.495246
1.493875
1.505628
1.522864
1.514016
1.515081
1.506824
1.520089
1.491752
1.513536
1.492736
1.514854
1.508680
1.499299
1.509517
1.498341
1.498910
1.502710
1.507548
1.507776
1.505203
1.516776
1.506539
1.518374
1.499057
1.512028
1.506592
1.507769
1.530121
1.502580
1.512296
1.510760
1.520738
1.509044
1.502806
1.490561
1.535928
1.502404
1.518109
1.496876
1.509857
1.496874
1.492590
1.496410
1.514038
1.501508
1.513286
1.508082
1.507274
1.507410
1.504983
1.499330
1.536045
1.507650
1.491543
1.499687
1.512934
1.494842
1.518134
1.494410
1.512359
1.509537
1.510480
1.494505
1.497931
1.517360
1.491897
1.509113
1.505586
1.498541
1.508052
1.501876
1.506962
1.499746
1.491554
1.503248
1.536234
1.504767
1.505675
1.514784
1.516097
1.506115
1.507259
1.499132
1.500627
1.515882
1.510382
1.499700
1.508779
1.506077
1.521898
1.500514
1.500072
1.498195
1.501095
1.501856
1.508242
1.504917
1.501485
1.511925
1.501916
1.503881
1.498250
1.517080
1.512392
1.504177
1.503213
1.498496
1.506613
1.506288
1.513003
1.521189
1.499499
1.502062
1.509094
1.511694
1.499927
1.510500
1.505094
1.510251
1.504624
1.501937
1.497312
1.497344
1.518286
1.501657
1.509239
1.502117
1.503327
1.516008
1.503902
1.506950
1.522274
1.506839
1.505487
1.501717
1.507754
1.516097
1.523329
1.508462
1.512165
1.511761
1.504233
1.507120
1.501501
1.501543
1.511550
1.509065
1.499811
1.515210
1.492453
1.522560
1.499404
1.507951
1.508415
1.506114
1.503965
1.515837
1.495425
1.509104
1.497549
1.511137
1.517874
1.505256
1.520076
1.503943
1.502562
1.507975
1.503348
1.510489
1.505811
1.507839
1.499108
1.505273
1.515335
1.505020
1.504824
1.510466
1.514060
1.514278
1.501013
1.505995
1.525592
1.498335
1.505337
1.493033
1.510936
1.499889
1.505389
1.501798
1.510665
1.496325
1.509567
1.509878
1.508685
1.506025
1.507271
1.515110
1.507664
1.504996
1.514963
1.501880
1.514121
1.508008
1.510415
1.512050
1.534303
1.502305
1.505768
1.499262
1.522774
1.501338
1.514542
1.505109
1.503178
1.498995
1.500591
1.498154
1.510996
1.512745
1.503880
1.520556
1.511557
1.503286
1.512305
1.506735
1.508827
1.507637
1.505098
1.507130
1.505427
1.502039
