2.303328
2.301480
2.291628
2.298619
2.288156
2.279344
2.255827
2.247305
2.252022
2.231784
2.212739
2.218579
2.172153
2.146310
2.089777
2.045929
2.002322
1.967264
1.926071
1.884889
1.860182
1.822297
1.873972
1.847362
1.810174
1.772466
1.754520
1.762620
1.734960
1.730541
1.755196
1.764170
1.694897
1.739225
1.708798
1.679525
1.703589
1.686154
1.760877
1.726346
1.686011
1.702134
1.698977
1.675256
1.655156
1.701324
1.651902
1.730281
1.623391
1.630443
1.654167
1.680140
1.623495
1.640640
1.654770
1.669998
1.625203
1.670493
1.673376
1.658125
1.682066
1.657437
1.630953
1.612907
1.669788
1.643780
1.624394
1.632915
1.653217
1.655932
1.624658
1.627696
1.646355
1.641908
1.623873
1.674146
1.639068
1.664018
1.661652
1.596432
1.605386
1.638445
1.612363
1.654679
1.673219
1.642674
1.647326
1.644593
1.659303
1.640299
1.598231
1.632015
1.643483
1.622112
1.605116
1.609298
1.692700
1.694059
1.621139
1.612851
1.655762
1.626063
1.606406
1.692864
1.675580
1.623518
1.632483
1.623173
1.630698
1.608224
1.625852
1.593828
1.615161
1.564325
1.638379
1.590106
1.625563
1.638628
1.573274
1.616143
1.636553
1.672755
1.605963
1.642281
1.632095
1.633721
1.571068
1.602727
1.623247
1.604134
1.657470
1.648251
1.606630
1.615992
1.623598
1.631936
1.623068
1.616906
1.626502
1.647494
1.663684
1.656088
1.603582
1.589577
1.595975
1.631749
1.587937
1.616999
1.613515
1.657291
1.581897
1.671074
1.620994
1.566264
1.614634
1.609609
1.618234
1.633824
1.618094
1.630776
1.612349
1.592998
1.599362
1.654512
1.569855
1.603503
1.654791
1.598375
1.626211
1.615817
1.595876
1.583467
1.585630
1.591041
1.635480
1.607682
1.615315
1.625673
1.613349
1.622661
1.620338
1.630361
1.623479
1.629783
1.604988
1.601572
1.617582
1.603967
1.684277
1.613763
1.601510
1.629419
1.605467
1.630872
1.611302
1.587347
1.622943
1.653510
1.598171
1.603688
1.586761
1.607980
1.603619
1.613089
1.603253
1.607437
1.608645
1.615847
1.566886
1.606508
1.598721
1.616794
1.579146
1.601702
1.626896
1.606622
1.615005
1.619895
1.636357
1.603860
1.616439
1.620669
1.605783
1.599931
1.578552
1.616763
1.608785
1.596689
1.638800
1.607356
1.603588
1.584904
1.597414
1.590125
1.614011
1.606787
1.606923
1.634334
1.613549
1.659061
1.629474
1.675180
1.565717
1.579680
1.577747
1.604534
1.615915
1.577252
1.607689
1.586936
1.612322
1.597820
1.609636
1.614920
1.568395
1.561349
1.636180
1.646984
1.578639
1.584805
1.577111
1.606466
1.551276
1.562837
1.638492
1.603009
1.594320
1.588409
1.613933
1.589823
1.624025
1.599972
1.607297
1.574466
1.591003
1.599317
1.590208
1.577844
1.600413
1.600081
1.614393
1.610207
1.606471
1.589683
1.602169
1.636867
1.585359
1.549864
1.596099
1.570281
1.631920
1.609182
1.645563
1.611539
1.578429
1.594181
1.582530
1.575149
1.551630
1.609592
1.546398
1.620059
1.606999
1.619915
1.667362
1.609116
1.530108
1.584189
1.595007
1.622545
1.574533
1.622459
1.579254
1.559679
1.606517
1.589180
1.608161
1.601921
1.617435
1.566037
1.587301
1.620340
1.559654
1.609951
1.591631
1.598887
1.550854
1.617375
1.569234
1.649510
1.590536
1.609068
1.581544
1.576802
1.582250
1.598342
1.566702
1.571162
1.573142
1.566425
1.579276
1.563985
1.573708
1.562629
1.585350
1.604380
1.556895
1.565060
1.618851
1.617302
1.582703
1.599311
1.603427
1.606928
1.576072
1.530199
1.596924
1.562362
1.571323
1.601980
1.575571
1.600913
1.603358
1.556931
1.567505
1.603065
1.587022
1.558019
1.638895
1.608407
1.571885
1.564018
1.609093
1.572676
1.598997
1.586975
1.589991
1.635704
1.594781
1.544631
1.601828
1.567226
1.606459
1.624542
1.577189
1.581925
1.579161
1.578478
1.617941
1.607928
1.559084
1.584229
1.554590
1.586945
1.609150
1.602972
1.598060
1.568129
1.625754
1.615957
1.575211
1.572713
1.565887
1.540589
1.582558
1.565482
1.615403
1.613689
1.542017
1.567602
1.574913
1.590668
1.570927
1.610219
1.585395
1.613063
1.568630
1.572426
1.575618
1.593876
1.553111
1.567491
1.571683
1.576799
1.563043
1.586115
1.575983
1.544621
1.570297
1.588878
1.624544
1.604509
1.592784
1.608545
1.591082
1.600270
1.567819
1.620114
1.583817
1.593961
1.581785
1.584147
1.581019
1.551847
1.576270
1.553436
1.575266
1.591125
1.607129
1.570392
1.593519
1.575703
1.570719
1.591217
1.592608
1.572582
1.590628
1.536394
1.613012
1.564145
1.525882
1.644586
1.581149
1.654799
1.543349
1.620015
1.610187
1.558377
1.593089
1.556977
1.535195
1.603807
1.617065
1.584223
1.543785
1.599634
1.593605
1.590045
1.558422
1.638573
1.561242
1.598914
1.586847
1.562004
1.567440
1.596313
1.571200
1.585403
1.569615
1.550101
1.561147
1.576253
1.563807
1.538447
1.576577
1.555676
1.588580
1.547275
1.577107
1.582536
