2.302982
2.299443
2.290339
2.292615
2.283097
2.273728
2.265932
2.247743
2.231691
2.225089
2.198185
2.168412
2.196656
2.167997
2.147984
2.054185
1.996935
2.017102
1.907004
1.884019
1.851484
1.825032
1.815033
1.766609
1.772318
1.743107
1.740734
1.748899
1.742600
1.691601
1.678421
1.720661
1.645483
1.681518
1.667863
1.712645
1.653432
1.662069
1.641313
1.636743
1.626476
1.623374
1.634693
1.606888
1.597227
1.621880
1.611824
1.612977
1.625783
1.677125
1.600682
1.604873
1.624295
1.590292
1.595202
1.592544
1.552171
1.600420
1.584701
1.573155
1.564616
1.566464
1.621912
1.572662
1.605635
1.559440
1.580890
1.594885
1.609697
1.574082
1.586649
1.599319
1.577422
1.572389
1.591815
1.592448
1.578147
1.581770
1.561162
1.558456
1.564536
1.570784
1.560685
1.548931
1.543111
1.552969
1.566499
1.569227
1.569171
1.544476
1.597310
1.561371
1.554855
1.582517
1.562245
1.568631
1.574440
1.556237
1.575790
1.554153
1.547942
1.538138
1.557831
1.538015
1.567649
1.541956
1.542851
1.562435
1.549076
1.532827
1.562562
1.536588
1.560739
1.567623
1.551891
1.541933
1.542828
1.540666
1.552262
1.577522
1.521649
1.537839
1.559897
1.555414
1.533625
1.523353
1.553090
1.541721
1.541339
1.548748
1.552084
1.544085
1.527284
1.537185
1.550326
1.553573
1.518740
1.550356
1.543453
1.518814
1.549040
1.540033
1.527067
1.512951
1.526489
1.553806
1.583343
1.527074
1.539459
1.533809
1.513256
1.511345
1.512173
1.539548
1.534305
1.516354
1.562262
1.525007
1.531394
1.520679
1.516043
1.527519
1.515439
1.581229
1.541752
1.533205
1.537300
1.520522
1.536463
1.512589
1.543218
1.530080
1.523624
1.519935
1.517898
1.500903
1.528467
1.533766
1.508228
1.537358
1.532688
1.521178
1.517019
1.526244
1.521619
1.539874
1.510540
1.534924
1.524055
1.539441
1.516214
1.530299
1.504866
1.542910
1.550834
1.495705
1.497317
1.513512
1.503792
1.506853
1.495133
1.519770
1.502139
1.521799
1.512085
1.516362
1.515232
1.522626
1.541272
1.502798
1.505940
1.545446
1.539256
1.506968
1.539627
1.516107
1.508366
1.527325
1.518030
1.546230
1.517062
1.517103
1.529502
1.507208
1.516456
1.507643
1.491723
1.521120
1.514391
1.525408
1.508016
1.507023
1.528377
1.519490
1.519275
1.522697
1.518750
1.513513
1.499667
1.511294
1.497755
1.520244
1.493717
1.515503
1.509549
1.538264
1.515213
1.510090
1.496609
1.516695
1.524049
1.510253
1.507606
1.556004
1.512144
1.494563
1.508369
1.498722
1.502078
1.493788
1.521686
1.492641
1.505748
1.497172
1.509454
1.490515
1.497117
1.491581
1.498231
1.522983
1.501905
1.493128
1.497505
1.505691
1.505125
1.517983
1.526287
1.487345
1.504198
1.510987
1.507866
1.503776
1.512976
1.517262
1.501020
1.514157
1.503783
1.496764
1.501663
1.513529
1.501727
1.494311
1.501341
1.509485
1.519760
1.524877
1.517342
1.507280
1.512378
1.485377
1.487931
1.500063
1.503087
1.536887
1.516900
1.490487
1.510351
1.493403
1.512882
1.487810
1.494826
1.501800
1.512048
1.505718
1.494515
1.499347
1.507216
1.504638
1.500865
1.519943
1.509480
1.506653
1.516454
1.499666
1.483843
1.487877
1.489088
1.493958
1.537368
1.489230
1.501651
1.502753
1.486040
1.503830
1.491303
1.500213
1.510780
1.492424
1.488037
1.502946
1.502689
1.506960
1.501486
1.490826
1.511858
1.516049
1.504938
1.522352
1.496359
1.499671
1.479815
1.476076
1.493337
1.502958
1.500759
1.505492
1.502429
1.507844
1.493044
1.509754
1.487441
1.506140
1.497743
1.485982
1.498542
1.508047
1.481552
1.503602
1.487104
1.492599
1.496565
1.488586
1.499391
1.522258
1.487307
1.502268
1.499364
1.491534
1.498056
1.512130
1.493906
1.495391
1.484361
1.491051
1.495347
1.512665
1.493467
1.491875
1.496903
1.510204
1.538622
1.501307
1.493399
1.523010
1.511508
1.503241
1.484045
1.492107
1.494348
1.484775
1.499176
1.501536
1.493819
1.510558
1.492042
1.485022
1.484177
1.492802
1.477399
1.487385
1.481916
1.495835
1.487276
1.479574
1.497732
1.489549
1.504463
1.501195
1.487238
1.473608
1.498015
1.485638
1.471497
1.504794
1.491507
1.496176
1.484409
1.509127
1.478271
1.491073
1.488365
1.498334
1.489693
1.501690
1.499266
1.498062
1.491466
1.494533
1.482980
1.496332
1.471332
1.497242
1.501193
1.497177
1.496589
1.499940
1.502356
1.507980
1.493015
1.501231
1.514142
1.479636
1.502929
1.499627
1.497654
1.509063
1.494347
1.482197
1.500537
1.488217
1.482576
1.484350
1.505079
1.482094
1.480897
1.489974
1.516713
1.497468
1.485186
1.487127
1.505832
1.483350
1.488750
1.501777
1.477903
1.487500
1.496810
1.483962
1.500485
1.492321
1.484118
1.488447
1.498739
1.494460
1.490153
1.479888
1.500076
1.498134
1.502371
1.492041
1.486594
1.513589
1.494656
1.494611
1.482407
1.481182
1.485250
1.488970
1.510367
1.484736
