2.305032
2.304233
2.295636
2.295197
2.298696
2.294398
2.254976
2.265101
2.249430
2.234299
2.206434
2.180179
2.168753
2.152256
2.094412
2.003824
2.004235
1.918627
1.873823
1.868548
1.836761
1.799093
1.803316
1.768736
1.740515
1.758110
1.721477
1.713273
1.681478
1.700699
1.678684
1.652386
1.671458
1.681928
1.665060
1.637075
1.653110
1.630660
1.593104
1.607015
1.576575
1.618192
1.583560
1.587946
1.634203
1.607808
1.625540
1.626141
1.620641
1.572597
1.587620
1.614180
1.587080
1.561535
1.577485
1.594545
1.572820
1.588090
1.563570
1.546715
1.590249
1.569501
1.603209
1.564451
1.562175
1.590480
1.535715
1.568023
1.580091
1.550415
1.570827
1.539275
1.545506
1.580228
1.602028
1.556634
1.589238
1.564432
1.572987
1.535149
1.535492
1.531689
1.538592
1.539110
1.558480
1.542209
1.545287
1.544888
1.533654
1.570826
1.562811
1.546100
1.552668
1.554022
1.529658
1.537966
1.544273
1.549122
1.565856
1.544010
1.559682
1.534143
1.535039
1.521253
1.556431
1.516669
1.532891
1.514542
1.535267
1.525942
1.514495
1.558256
1.551010
1.537552
1.538060
1.545914
1.554131
1.523019
1.524946
1.530516
1.515982
1.519412
1.535000
1.523299
1.531738
1.526810
1.509766
1.519561
1.542477
1.534116
1.525970
1.525090
1.521971
1.523437
1.514886
1.530631
1.504097
1.531494
1.537288
1.514658
1.518529
1.518631
1.517079
1.508717
1.522799
1.508592
1.540152
1.521813
1.539447
1.545353
1.531124
1.540141
1.526674
1.526469
1.508087
1.508705
1.498444
1.502153
1.517673
1.539323
1.501398
1.515732
1.506324
1.533196
1.529816
1.526274
1.513271
1.541056
1.511273
1.497621
1.499454
1.512577
1.527271
1.503034
1.528699
1.524185
1.539905
1.506181
1.500983
1.506225
1.544436
1.518100
1.495833
1.503821
1.481755
1.516116
1.515779
1.515820
1.502557
1.494926
1.496261
1.510482
1.515011
1.509630
1.493461
1.512524
1.517329
1.496355
1.504556
1.498657
1.502126
1.504795
1.534605
1.511006
1.500120
1.477360
1.495422
1.504407
1.536797
1.510713
1.519616
1.493249
1.529495
1.526191
1.502750
1.498794
1.510874
1.492290
1.500441
1.483143
1.477765
1.514886
1.513286
1.504031
1.520557
1.494944
1.505682
1.533153
1.513482
1.494613
1.505986
1.506107
1.505463
1.501732
1.508028
1.512946
1.477493
1.516506
1.507517
1.503394
1.495299
1.501317
1.511125
1.493079
1.522751
1.496471
1.506628
1.502728
1.495964
1.501855
1.511907
1.487694
1.482708
1.488945
1.508223
1.496398
1.482634
1.510744
1.490633
1.493487
1.493986
1.490905
1.516301
1.496906
1.496255
1.505245
1.488819
1.502878
1.484396
1.518332
1.489764
1.501946
1.496366
1.489691
1.496084
1.491049
1.489062
1.493809
1.507846
1.507606
1.497293
1.494874
1.491300
1.485911
1.493965
1.502309
1.506347
1.494813
1.512920
1.482269
1.487934
1.516189
1.503975
1.495583
1.505170
1.483469
1.494582
1.489359
1.491393
1.512486
1.488372
1.496281
1.513801
1.487909
1.491317
1.496269
1.475223
1.503365
1.490798
1.486716
1.498029
1.491306
1.507790
1.478767
1.493755
1.502900
1.511683
1.492306
1.492582
1.485030
1.493613
1.491810
1.498682
1.480466
1.497338
1.519209
1.483978
1.506473
1.494267
1.483909
1.502289
1.487101
1.480471
1.508870
1.483479
1.495854
1.515624
1.478210
1.492700
1.508820
1.484900
1.473803
1.473632
1.529135
1.501574
1.488764
1.490518
1.489521
1.487201
1.494862
1.497400
1.492846
1.496132
1.478971
1.480860
1.483231
1.490635
1.478169
1.501116
1.488696
1.496499
1.489908
1.477863
1.482397
1.485329
1.476980
1.478473
1.494337
1.501900
1.498789
1.479954
1.483421
1.489788
1.493886
1.489121
1.489535
1.508118
1.514498
1.496083
1.495782
1.484949
1.482565
1.486100
1.494999
1.487331
1.507362
1.474759
1.497941
1.478778
1.489899
1.486905
1.471285
1.503482
1.493369
1.495558
1.512295
1.482292
1.501570
1.481462
1.497676
1.482575
1.472425
1.499362
1.483717
1.485411
1.493157
1.490918
1.489514
1.491330
1.474385
1.484291
1.486765
1.483920
1.494128
1.492318
1.489767
1.473330
1.493470
1.478482
1.484745
1.476933
1.499480
1.481555
1.496491
1.492905
1.492260
1.495999
1.483671
1.481616
1.491593
1.508482
1.492221
1.484510
1.493606
1.476978
1.469554
1.481424
1.518623
1.478708
1.489831
1.486925
1.492948
1.478466
1.478940
1.481749
1.487361
1.481815
1.485460
1.485560
1.483855
1.478445
1.493851
1.482882
1.499745
1.471900
1.485294
1.487391
1.496444
1.482927
1.498657
1.490945
1.488511
1.485600
1.478444
1.489236
1.469328
1.476944
1.480339
1.494046
1.478623
1.482440
1.479752
1.474791
1.493664
1.482618
1.480242
1.500995
1.488174
1.486316
1.488003
1.494309
1.476508
1.483631
1.486565
1.506932
1.495571
1.471205
1.480951
1.482128
1.477486
1.483044
1.479627
1.494090
1.503168
1.476649
1.484425
1.473973
1.500593
1.501092
1.492696
