2.293567
2.300358
2.298479
2.302175
2.302585
2.302709
2.302709
2.302833
2.301928
2.302585
2.302957
2.302585
2.302585
2.302585
2.302585
2.302585
2.302585
2.302585
2.302585
2.302585
2.302585
2.302585
2.302585
2.302585
2.302585
2.301928
2.302585
2.302585
2.302585
2.302709
2.302585
2.302585
2.302585
2.301928
2.302585
2.302585
2.302585
2.302585
2.302585
2.302585
2.302585
2.302585
2.302585
2.302585
2.302585
2.302585
2.302585
2.302585
2.302585
2.302585
2.301928
2.302585
2.302585
2.302585
2.302585
2.302585
2.302585
2.302585
2.302585
2.302585
2.302585
2.302585
2.302585
2.302585
2.302585
2.302585
2.302585
2.302585
2.302585
2.302585
2.302585
2.302585
2.302585
2.302585
2.302585
2.302585
2.301270
2.302585
2.302585
2.300613
2.301928
2.302585
2.302585
2.299955
2.300861
2.294039
2.275757
2.267049
2.289371
2.286009
2.284113
2.238893
2.172517
2.253104
2.299184
2.298918
2.300984
2.299632
2.302709
2.291410
2.270071
2.274442
2.283236
2.298107
2.298355
2.299384
2.300127
2.305372
2.300327
2.301928
2.294287
2.281139
2.263050
2.186834
2.204765
2.240753
2.243119
2.122031
2.184381
2.232902
2.284411
2.345049
2.297146
2.241838
2.072925
2.030806
2.155799
2.191945
2.239160
2.309618
2.346276
2.343202
2.194355
2.156830
2.177316
2.127150
2.128209
2.075072
2.167248
2.238196
2.300033
2.250245
2.291275
2.267470
2.268858
2.184903
2.187483
2.173680
2.229195
2.264261
2.178077
2.174014
2.168411
2.101325
2.109615
2.203354
2.264977
2.196515
2.280845
2.283833
2.229481
2.048453
2.112513
2.136899
2.142803
2.140858
2.186406
2.203076
2.246816
2.247009
2.362977
2.329405
2.370852
2.266941
2.253888
2.284722
2.305303
2.280885
2.272505
2.269408
2.240489
2.278921
2.242295
2.286886
2.247944
2.212393
2.235333
2.182671
2.191095
2.216083
2.234170
2.240772
2.255022
2.222401
2.265927
2.237046
2.195740
2.120384
2.048417
1.915622
1.726260
1.725762
1.725347
1.755670
1.687097
1.685547
1.699895
1.717495
1.736911
1.765327
1.742621
1.715397
1.770122
1.732640
1.748854
1.711821
1.700970
1.740515
1.730888
1.747529
1.718562
1.689338
1.640023
1.637918
1.681150
1.718766
1.696535
1.677687
1.693218
1.676936
1.631562
1.679130
1.649912
1.644463
1.686098
1.747414
1.782383
1.816117
1.789490
1.800481
1.799421
1.753786
1.724473
1.748471
1.721371
1.670114
1.735733
1.700064
1.704505
1.680920
1.658778
1.658073
1.685712
1.658263
1.647541
1.628341
1.647445
1.669258
1.682990
1.694954
1.653630
1.644062
1.678114
1.677632
1.638259
1.615217
1.646926
1.665441
1.675868
1.666959
1.694047
1.650237
1.657263
1.660917
1.683077
1.640422
1.715243
1.636665
1.623058
1.631108
1.582732
1.623843
1.588962
1.665198
1.693988
1.653585
1.653228
1.695598
1.610859
1.645529
1.605692
1.657725
1.631615
1.602232
1.610903
1.671214
1.622427
1.667988
1.621555
1.632162
1.607059
1.637022
1.596602
1.571190
1.661361
1.621235
1.645892
1.627287
1.693754
1.619674
1.624402
1.621265
1.599051
1.587502
1.631881
1.661200
1.572681
1.632165
1.640792
1.616220
1.598557
1.624258
1.649513
1.620681
1.701343
1.670055
1.668498
1.624392
1.613199
1.573944
1.570572
1.590262
1.590070
1.640325
1.649715
1.614916
1.621360
1.630923
1.633209
1.664987
1.684744
1.586791
1.611382
1.648301
1.605032
1.655616
1.684015
1.698372
1.624676
1.617479
1.697720
1.629240
1.618020
1.601668
1.652520
1.585655
1.657467
1.626358
1.645174
1.603880
1.612073
1.650897
1.653469
1.617338
1.580284
1.601742
1.631562
1.626571
1.599586
1.621675
1.640516
1.610378
1.643157
1.634732
1.579293
1.622279
1.629629
1.602165
1.595693
1.608080
1.598014
1.608106
1.611015
1.625069
1.579592
1.610435
1.631465
1.600245
1.588323
1.622841
1.618529
1.603964
1.649649
1.622678
1.626120
1.624683
1.603415
1.681197
1.579777
1.571918
1.597152
1.627251
1.598881
1.586696
1.625516
1.598228
1.577601
1.586683
1.572659
1.572252
1.579324
1.616721
1.582225
1.591545
1.580428
1.579533
1.575631
1.582502
1.587434
1.598975
1.610909
1.555297
1.593753
1.597576
1.634004
1.583304
1.604081
1.609573
1.599333
1.606110
1.615091
1.596673
1.601990
1.604787
1.619796
1.600485
1.585297
1.571469
1.556150
1.588117
1.618704
1.610624
1.636133
1.655072
1.579046
1.619456
1.569845
1.607217
1.572323
1.606018
1.631109
1.609926
1.560449
1.641252
1.536622
1.591424
1.584081
1.606279
1.575063
1.569066
1.648512
1.550705
1.543550
1.640070
1.589800
1.645886
1.639037
1.598313
1.590830
1.619119
1.587391
1.568982
1.567905
1.562002
1.541434
1.650894
1.658763
1.596338
1.600260
1.623064
1.616127
1.614545
1.570839
1.635826
1.566138
1.574374
1.626059
1.583424
1.603243
1.595139
1.591620
1.565687
1.564439
1.625571
1.622354
1.584778
1.622745
1.572174
1.557852
1.609698
