2.299934
2.302440
2.303776
2.301390
2.297632
2.301714
2.296937
2.300361
2.295261
2.296359
2.284448
2.289499
2.286495
2.282234
2.276999
2.279544
2.267733
2.264102
2.260605
2.262290
2.251973
2.255766
2.229500
2.228148
2.220491
2.215999
2.219821
2.208967
2.178552
2.198172
2.158221
2.161101
2.159989
2.145400
2.085773
2.099664
2.123874
2.122755
2.058643
2.046949
2.043032
1.996092
2.026800
2.019903
1.993063
1.987261
1.974227
1.968455
1.950126
1.957827
1.928988
1.900002
1.923117
1.886298
1.876692
1.883089
1.825119
1.839797
1.829597
1.810155
1.844792
1.825822
1.806446
1.806036
1.791317
1.801468
1.780886
1.784036
1.845631
1.761053
1.781361
1.740276
1.773811
1.743291
1.750526
1.705772
1.734095
1.747434
1.758458
1.752955
1.748467
1.763183
1.752300
1.744989
1.721396
1.713418
1.725802
1.708963
1.738842
1.717484
1.720008
1.707464
1.723805
1.707076
1.700315
1.673566
1.691766
1.733584
1.701336
1.711329
1.720256
1.735140
1.722549
1.702241
1.713882
1.689151
1.725158
1.720512
1.713553
1.671077
1.706117
1.686477
1.662961
1.646602
1.679472
1.699087
1.647685
1.698422
1.696806
1.676536
1.716940
1.685440
1.695140
1.662901
1.662336
1.684301
1.655184
1.672192
1.703317
1.656191
1.685492
1.684064
1.660373
1.685465
1.653322
1.653370
1.679314
1.637055
1.643191
1.675069
1.671796
1.674137
1.671952
1.664815
1.675795
1.635000
1.654312
1.667539
1.643315
1.677646
1.679077
1.630104
1.623604
1.665238
1.646857
1.632965
1.682571
1.674199
1.658899
1.633789
1.640654
1.663276
1.654137
1.667232
1.635786
1.620405
1.642365
1.650096
1.628922
1.651594
1.635630
1.612045
1.647365
1.664009
1.647382
1.643319
1.625674
1.669117
1.615696
1.659053
1.632961
1.620500
1.669663
1.617104
1.633903
1.656881
1.629400
1.655750
1.643352
1.693471
1.626044
1.599065
1.626372
1.630746
1.653199
1.618282
1.674931
1.631583
1.631081
1.633263
1.639599
1.644539
1.627824
1.655806
1.635261
1.623757
1.611463
1.606105
1.585604
1.618268
1.665213
1.630097
1.631204
1.625284
1.643593
1.619691
1.629360
1.626189
1.624264
1.602821
1.610028
1.624493
1.629789
1.613413
1.604918
1.584420
1.604404
1.628965
1.618545
1.615180
1.636404
1.618439
1.651348
1.673962
1.614014
1.597161
1.601060
1.638154
1.595142
1.630759
1.624354
1.604258
1.618863
1.636131
1.579893
1.621507
1.623772
1.635681
1.611064
1.620094
1.626066
1.609367
1.629228
1.590931
1.616260
1.606641
1.606534
1.598221
1.570914
1.611429
1.585587
1.584669
1.601036
1.595187
1.613879
1.565562
1.630374
1.604108
1.635756
1.606617
1.594317
1.597749
1.588873
1.629916
1.609428
1.590425
1.602192
1.598593
1.592947
1.610370
1.613111
1.616203
1.605241
1.581843
1.620359
1.594479
1.598989
1.585477
1.593672
1.592538
1.580845
1.607841
1.585899
1.596715
1.580695
1.621626
1.619849
1.574382
1.621710
1.599781
1.591339
1.608932
1.603379
1.612053
1.589647
1.604746
1.632553
1.583279
1.610484
1.576363
1.586527
1.587262
1.559260
1.594511
1.580609
1.633886
1.610614
1.577271
1.575759
1.599848
1.626864
1.594965
1.606257
1.587706
1.596918
1.582193
1.574138
1.633945
1.596963
1.598813
1.603714
1.600881
1.578601
1.605376
1.578990
1.590710
1.577309
1.594150
1.586529
1.605438
1.599662
1.595886
1.610987
1.560062
1.627035
1.606545
1.562882
1.600036
1.563797
1.572910
1.602484
1.596876
1.589966
1.585876
1.576578
1.574521
1.572946
1.588893
1.587345
1.586045
1.589558
1.549232
1.601470
1.587853
1.601921
1.600724
1.606950
1.577716
1.578741
1.582577
1.570019
1.603446
1.594219
1.597607
1.593326
1.579947
1.581240
1.582607
1.604965
1.620414
1.587796
1.598236
1.593953
1.568710
1.595449
1.577158
1.560417
1.573696
1.567345
1.577827
1.584112
1.585152
1.577417
1.598722
1.578543
1.557853
1.585005
1.632256
1.594671
1.589375
1.592298
1.587262
1.563540
1.565108
1.579038
1.576075
1.566832
1.565409
1.594682
1.580185
1.587750
1.584374
1.590846
1.562446
1.591374
1.593050
1.610490
1.603406
1.550749
1.577449
1.604250
1.596063
1.595328
1.601201
1.552529
1.573895
1.564746
1.595293
1.607834
1.562408
1.591499
1.598283
1.571048
1.570264
1.567723
1.558062
1.562662
1.590260
1.595117
1.571382
1.572701
1.577597
1.589575
1.594153
1.575760
1.585134
1.586877
1.572971
1.570412
1.626641
1.566366
1.582979
1.567788
1.579288
1.541853
1.564974
1.572489
1.572721
1.574185
1.573792
1.562370
1.621257
1.568798
1.582629
1.567296
1.582355
1.587353
1.572225
1.572209
1.568204
1.561421
1.583552
1.588299
1.580182
1.615731
1.529742
1.559638
1.591689
1.580903
1.573764
1.583436
1.574760
1.560011
1.579729
1.567315
1.580516
1.576198
1.574136
1.574303
1.578857
1.574137
1.588125
1.540538
1.579241
1.579949
1.554174
1.576390
1.571715
1.583430
1.577103
