2.299353
2.304674
2.300419
2.294960
2.284674
2.285317
2.266615
2.249926
2.217600
2.218246
2.220480
2.160855
2.151532
2.137930
2.136369
2.094453
2.072809
2.037942
1.937179
2.013140
1.920354
1.894160
1.869717
1.859689
1.886348
1.882134
1.812699
1.804086
1.805005
1.784369
1.807844
1.778213
1.780931
1.786175
1.825650
1.778766
1.762311
1.752323
1.740350
1.705069
1.716326
1.751531
1.745420
1.748219
1.713433
1.687552
1.709090
1.766492
1.700008
1.696865
1.703248
1.692519
1.674810
1.662566
1.709466
1.702376
1.707386
1.701642
1.743374
1.734723
1.660046
1.664530
1.639022
1.663963
1.638885
1.650303
1.628475
1.624536
1.653735
1.675326
1.616595
1.649158
1.610477
1.671238
1.632470
1.614150
1.626428
1.654633
1.637605
1.628518
1.599450
1.615785
1.631370
1.655864
1.607126
1.628000
1.627924
1.599356
1.600984
1.651383
1.594305
1.610323
1.578566
1.607729
1.621987
1.658212
1.628159
1.609517
1.594522
1.620065
1.633621
1.652752
1.612592
1.628783
1.599439
1.642225
1.640491
1.656774
1.591560
1.592469
1.600763
1.588577
1.605531
1.608105
1.611055
1.595683
1.625962
1.611979
1.578235
1.583634
1.585363
1.589563
1.569823
1.629240
1.594516
1.618018
1.640652
1.587662
1.561521
1.646025
1.602041
1.636469
1.579569
1.572484
1.603024
1.623132
1.617620
1.623116
1.606995
1.633815
1.570601
1.559946
1.582796
1.613000
1.607909
1.597944
1.579670
1.614239
1.570094
1.588884
1.628985
1.593071
1.610835
1.582670
1.622486
1.574800
1.579989
1.554333
1.583596
1.584099
1.574213
1.584180
1.564340
1.586665
1.616330
1.593949
1.594547
1.639700
1.579863
1.574993
1.572647
1.606267
1.581653
1.588978
1.550357
1.565136
1.555106
1.597553
1.613985
1.588184
1.612608
1.585043
1.580175
1.583627
1.580140
1.548221
1.609525
1.570674
1.627287
1.511253
1.581123
1.577426
1.585661
1.577044
1.568115
1.595457
1.604906
1.585199
1.591704
1.589949
1.601693
1.585661
1.580531
1.595690
1.551380
1.554298
1.553167
1.577601
1.608638
1.579304
1.593170
1.547392
1.567168
1.552928
1.562609
1.546286
1.596522
1.554923
1.541426
1.573600
1.567270
1.552365
1.559274
1.628139
1.527359
1.591346
1.563035
1.595751
1.570138
1.558320
1.568609
1.593614
1.572966
1.521342
1.589841
1.580058
1.583887
1.531757
1.571288
1.579801
1.558852
1.565742
1.571378
1.566966
1.586652
1.572296
1.540242
1.567256
1.560690
1.542695
1.569432
1.583177
1.562619
1.600950
1.597389
1.534102
1.596200
1.576002
1.568104
1.543637
1.564726
1.580150
1.559250
1.573611
1.562105
1.547852
1.554901
1.556654
1.536444
1.604493
1.546343
1.547395
1.550708
1.548579
1.555398
1.584265
1.538007
1.558901
1.571914
1.596522
1.509845
1.550833
1.562163
1.547714
1.541155
1.573499
1.556819
1.561864
1.580696
1.555329
1.569080
1.528893
1.585201
1.561384
1.596040
1.603299
1.575552
1.591311
1.585853
1.559300
1.566879
1.560447
1.564204
1.542569
1.569520
1.572539
1.549207
1.514974
1.555353
1.520947
1.541587
1.528754
1.552528
1.540637
1.536263
1.595003
1.569641
1.566541
1.560718
1.613026
1.566456
1.536937
1.542638
1.601313
1.560101
1.582533
1.590168
1.536287
1.569912
1.541605
1.561584
1.564024
1.568474
1.544497
1.544457
1.581187
1.538184
1.561990
1.570448
1.579761
1.521927
1.571925
1.558822
1.574833
1.571174
1.560256
1.558919
1.510463
1.592487
1.544722
1.573933
1.537021
1.542122
1.533771
1.545285
1.620625
1.547433
1.544677
1.579266
1.538685
1.562165
1.551796
1.543566
1.584070
1.530798
1.520171
1.596731
1.566080
1.554567
1.540073
1.558677
1.608065
1.527621
1.562796
1.560841
1.509491
1.525319
1.566787
1.549576
1.570400
1.522294
1.571993
1.530907
1.579317
1.554232
1.536363
1.535578
1.570985
1.520820
1.577197
1.579107
1.545355
1.541133
1.517515
1.586780
1.578702
1.542790
1.575992
1.590222
1.532403
1.543989
1.536677
1.579985
1.565504
1.574042
1.560015
1.527824
1.536350
1.575472
1.572588
1.579349
1.545575
1.547602
1.549104
1.534832
1.562177
1.514397
1.534613
1.552512
1.507280
1.521600
1.555628
1.536454
1.524289
1.570484
1.575333
1.536519
1.553170
1.557121
1.572095
1.561085
1.599569
1.519717
1.518558
1.515493
1.509708
1.545757
1.534831
1.552029
1.560151
1.553866
1.530370
1.530809
1.569469
1.549194
1.531866
1.564698
1.568046
1.603008
1.565205
1.576335
1.567010
1.560849
1.521789
1.565754
1.574095
1.543478
1.529663
1.538290
1.547523
1.567367
1.561668
1.549436
1.555926
1.565176
1.524719
1.547836
1.543392
1.550027
1.561107
1.611437
1.539096
1.526354
1.553622
1.546104
1.548621
1.548835
1.536014
1.533348
1.515523
1.589308
1.518978
1.532784
1.536800
1.565204
1.551351
1.536945
1.536955
1.529685
1.566130
1.528376
1.581680
1.548990
1.578970
1.515663
1.556297
1.552113
1.553894
1.546220
1.531367
