2.295859
2.302578
2.302757
2.302833
2.304195
2.304443
2.303328
2.303204
2.303662
2.303081
2.302585
2.303080
2.302919
2.303080
2.302585
2.302709
2.302585
2.303080
2.302585
2.302957
2.303081
2.302709
2.302833
2.302585
2.302585
2.302585
2.302709
2.302585
2.302052
2.302423
2.301394
2.303947
2.303043
2.302175
2.302175
2.302709
2.301394
2.299956
2.297040
2.301938
2.300785
2.304243
2.302881
2.296042
2.291829
2.296307
2.298752
2.288399
2.300676
2.309758
2.310379
2.315675
2.309134
2.295900
2.271514
2.254925
2.254241
2.250186
2.300630
2.305641
2.298980
2.313323
2.331975
2.306007
2.337270
2.308499
2.300799
2.297331
2.283090
2.322385
2.332192
2.335715
2.376627
2.266701
2.334171
2.379331
2.405181
2.385577
2.330545
2.418354
2.476892
2.492600
2.449524
2.395630
2.339626
2.436809
2.516231
2.464257
2.400507
2.397230
2.468760
2.422698
2.419571
2.424052
2.414438
2.416809
2.434587
2.439677
2.416398
2.312910
2.274255
2.226205
2.201257
2.246503
2.363259
2.413902
2.391406
2.360819
2.319039
2.281473
2.258016
2.189877
2.226769
2.278754
2.343343
2.365123
2.361876
2.334242
2.367328
2.280055
2.345956
2.351651
2.334939
2.328144
2.262295
2.319208
2.365546
2.388514
2.390216
2.341206
2.239629
2.179075
2.175624
2.155940
2.070741
2.079230
2.036056
1.974070
1.987651
1.972200
1.868409
1.891167
1.858202
1.834414
1.827204
1.874565
1.788271
1.795345
1.783966
1.821863
1.819920
1.834816
1.829873
1.875361
1.923972
1.939390
1.937716
1.938978
1.915161
1.942305
1.972808
1.842485
1.862029
1.855337
1.896538
1.855576
1.818697
1.792946
1.791046
1.761588
1.761908
1.812768
1.735054
1.769251
1.768152
1.753924
1.761441
1.740638
1.796642
1.713490
1.720710
1.769211
1.825383
1.766478
1.742070
1.797111
1.741669
1.856382
1.750090
1.749433
1.744982
1.691302
1.717915
1.701731
1.678002
1.706066
1.697414
1.781752
1.755772
1.813190
1.777915
1.737531
1.756773
1.751523
1.748679
1.750658
1.661427
1.702983
1.709490
1.737956
1.736059
1.733404
1.730356
1.729804
1.724529
1.691994
1.767957
1.735375
1.715810
1.703584
1.731845
1.749444
1.693196
1.757030
1.734117
1.714310
1.702280
1.743195
1.739959
1.680320
1.722066
1.705891
1.667526
1.707987
1.738180
1.712971
1.651685
1.713251
1.700819
1.719423
1.733232
1.719469
1.691729
1.717919
1.734913
1.667800
1.689716
1.700848
1.702545
1.719339
1.744479
1.713293
1.717316
1.679732
1.687524
1.696534
1.773291
1.739270
1.740526
1.736810
1.692986
1.699058
1.678617
1.713585
1.731779
1.747187
1.788090
1.729894
1.736225
1.740970
1.681630
1.698365
1.695255
1.713870
1.685806
1.715270
1.740595
1.692331
1.737227
1.661854
1.679119
1.660315
1.679807
1.713663
1.692132
1.760437
1.703999
1.707340
1.758172
1.722850
1.770285
1.700628
1.754760
1.721668
1.677731
1.699596
1.673392
1.683762
1.691180
1.705192
1.756479
1.685501
1.683451
1.762616
1.728806
1.702013
1.694709
1.665319
1.683510
1.701242
1.682882
1.705133
1.691437
1.676804
1.683978
1.647663
1.639884
1.682127
1.720449
1.737699
1.716338
1.745504
1.698859
1.745853
1.767967
1.719795
1.733612
1.694006
1.710985
1.676358
1.678290
1.682665
1.678000
1.679654
1.704543
1.685029
1.699364
1.670815
1.726737
1.675587
1.689926
1.643836
1.677366
1.683092
1.685920
1.701736
1.721558
1.616806
1.657551
1.721601
1.697103
1.713149
1.703293
1.725548
1.650804
1.698769
1.698844
1.663122
1.698190
1.705248
1.723933
1.700863
1.646513
1.692743
1.691515
1.635453
1.692170
1.668185
1.650164
1.667652
1.656546
1.693566
1.664597
1.678025
1.676597
1.706207
1.654401
1.648724
1.673002
1.680986
1.662546
1.765348
1.717337
1.691529
1.662977
1.635530
1.692073
1.695058
1.645836
1.683182
1.699026
1.657638
1.684195
1.613788
1.685429
1.675991
1.740206
1.630871
1.720569
1.716378
1.647303
1.678003
1.635534
1.730959
1.689526
1.693828
1.659310
1.650533
1.615365
1.725507
1.646649
1.656502
1.612025
1.661057
1.632107
1.611666
1.657388
1.633852
1.666771
1.614488
1.710048
1.728265
1.635108
1.701604
1.647276
1.681766
1.674780
1.657359
1.642068
1.652555
1.651293
1.646422
1.653456
1.682008
1.666540
1.667586
1.680239
1.634448
1.689983
1.651055
1.645892
1.605743
1.616426
1.658169
1.624182
1.660504
1.664464
1.617195
1.662066
1.701534
1.701775
1.618442
1.658482
1.634355
1.642500
1.676095
1.679501
1.627012
1.651780
1.687635
1.617351
1.612303
1.655986
1.687771
1.618953
1.633652
1.622863
1.717794
1.641466
1.600741
1.649988
1.686127
1.644444
1.660219
1.577383
1.656139
1.618595
1.619691
1.665775
1.687570
1.681036
1.637233
1.670320
1.602884
1.662514
1.672130
1.660426
1.664948
1.638997
1.632447
1.632517
1.653408
1.606465
1.602052
1.658916
1.603095
1.655144
1.611373
1.645023
1.671639
