2.312767
2.307622
2.287799
2.271279
2.271613
2.286110
2.208935
2.186503
2.089757
2.063570
1.938676
1.848752
1.814068
1.810967
1.767053
1.720163
1.700712
1.657411
1.661905
1.638827
1.633596
1.621765
1.621324
1.635577
1.612049
1.649275
1.634493
1.574185
1.619807
1.592108
1.609692
1.610437
1.612159
1.584856
1.588952
1.598961
1.569610
1.648005
1.569345
1.586019
1.593508
1.577563
1.616445
1.592706
1.559441
1.598410
1.586335
1.527837
1.544585
1.591760
1.561228
1.580119
1.546507
1.587721
1.555069
1.561373
1.564078
1.586912
1.557998
1.544782
1.575519
1.566930
1.579180
1.570238
1.563942
1.577447
1.563118
1.546481
1.539245
1.549270
1.547235
1.573110
1.554550
1.538501
1.578151
1.546059
1.588310
1.554714
1.545963
1.547428
1.525554
1.524814
1.542569
1.547185
1.573817
1.530005
1.535502
1.557971
1.530694
1.531378
1.539307
1.557494
1.561886
1.545450
1.526477
1.537574
1.545887
1.559358
1.525120
1.518573
1.558839
1.532266
1.535271
1.547757
1.537494
1.544885
1.531754
1.541330
1.551083
1.555111
1.576464
1.547043
1.524247
1.517933
1.537781
1.517962
1.527462
1.541102
1.530108
1.551600
1.537406
1.550912
1.525768
1.543033
1.539035
1.528155
1.526696
1.543527
1.542819
1.555297
1.552395
1.522159
1.528380
1.529181
1.523702
1.533594
1.520291
1.536039
1.519702
1.529858
1.535280
1.532187
1.532064
1.505841
1.538683
1.547859
1.539850
1.544016
1.520187
1.512154
1.538844
1.536974
1.521951
1.528695
1.521500
1.526924
1.537102
1.518107
1.539514
1.535040
1.515837
1.540197
1.534429
1.511754
1.524839
1.502360
1.524098
1.529622
1.512838
1.505051
1.528463
1.542374
1.531154
1.513864
1.525428
1.511425
1.524306
1.520013
1.511947
1.518119
1.524073
1.505836
1.527616
1.511068
1.523099
1.553929
1.504444
1.528500
1.544980
1.508958
1.523685
1.516096
1.515705
1.510502
1.503720
1.508621
1.541693
1.532499
1.525652
1.546968
1.547482
1.524532
1.525891
1.529026
1.536713
1.500568
1.512830
1.517081
1.523467
1.508252
1.520582
1.517151
1.535802
1.514996
1.508983
1.521039
1.506167
1.522706
1.502470
1.515958
1.489480
1.510057
1.499427
1.534180
1.501303
1.522236
1.532232
1.486264
1.522133
1.514824
1.519402
1.525213
1.530470
1.514881
1.526638
1.509289
1.514740
1.505248
1.519883
1.503247
1.500429
1.515861
1.540328
1.530501
1.519735
1.520543
1.539459
1.495035
1.503627
1.516364
1.498112
1.514206
1.523678
1.519694
1.497129
1.491510
1.514489
1.506220
1.502422
1.501090
1.518457
1.512901
1.532238
1.535542
1.510601
1.488403
1.499653
1.506297
1.513012
1.505123
1.510810
1.509700
1.518317
1.521772
1.518190
1.496875
1.506286
1.516412
1.520250
1.515949
1.520860
1.488199
1.521461
1.533606
1.515364
1.527165
1.505299
1.527071
1.510426
1.520451
1.508414
1.494129
1.509877
1.499965
1.498373
1.499026
1.496921
1.523245
1.489699
1.505105
1.513455
1.512647
1.519371
1.505831
1.482542
1.488177
1.506562
1.503081
1.511097
1.515422
1.517565
1.524880
1.518184
1.521702
1.504409
1.481823
1.540646
1.521270
1.496966
1.489009
1.523568
1.490576
1.522549
1.518476
1.508260
1.505305
1.511543
1.494450
1.505789
1.506860
1.510577
1.518715
1.502846
1.517732
1.500849
1.507745
1.481650
1.511442
1.492400
1.517357
1.488110
1.497718
1.518398
1.502436
1.518361
1.502764
1.505068
1.484566
1.488765
1.506277
1.486706
1.503352
1.507403
1.501146
1.503649
1.496684
1.497365
1.514626
1.498943
1.502576
1.503663
1.516009
1.526896
1.504862
1.511162
1.505017
1.497756
1.502748
1.502245
1.495957
1.502434
1.499149
1.509024
1.518390
1.505714
1.501385
1.507361
1.492363
1.509410
1.521399
1.499123
1.496069
1.491198
1.521281
1.508496
1.510636
1.508443
1.494296
1.486550
1.509910
1.525912
1.499316
1.496374
1.507238
1.506020
1.494465
1.482351
1.494967
1.503780
1.513772
1.491539
1.518202
1.490910
1.506540
1.497292
1.517412
1.524131
1.496609
1.495116
1.499042
1.498717
1.491992
1.495518
1.504011
1.498762
1.494717
1.490685
1.474540
1.490736
1.502057
1.485953
1.485115
1.496428
1.507826
1.506607
1.506516
1.502902
1.493527
1.486780
1.485263
1.497547
1.511026
1.484900
1.497968
1.494352
1.502455
1.510959
1.477438
1.498801
1.515946
1.502278
1.518508
1.491167
1.521624
1.500664
1.495013
1.481034
1.498550
1.487866
1.499518
1.506330
1.485940
1.498930
1.480004
1.495714
1.513115
1.491951
1.491173
1.505914
1.502846
1.485405
1.491852
1.497776
1.488681
1.487578
1.488176
1.492882
1.494426
1.498535
1.489370
1.505654
1.497126
1.490669
1.501353
1.498794
1.506063
1.495521
1.494491
1.494485
1.487061
1.493879
1.494552
1.506497
1.502657
1.496074
1.489679
1.492865
1.494865
1.481559
1.491109
1.503018
1.507296
1.511451
1.486850
1.505200
1.513457
1.505566
1.496013
1.474061
1.496913
