2.299621
2.287569
2.292421
2.308992
2.288884
2.275202
2.261859
2.257764
2.234153
2.225043
2.204122
2.197630
2.162244
2.159548
2.129648
2.119738
2.082076
2.056305
2.048681
1.989230
1.950476
1.913207
1.899485
1.811276
1.760451
1.710798
1.632331
1.571890
1.483285
1.434479
1.356675
1.228259
1.148388
1.093025
0.984396
0.885294
0.928365
0.750797
0.773363
0.751260
0.681837
0.584600
0.732639
0.532518
0.436699
0.500409
0.539987
0.368938
0.472520
0.386820
0.467020
0.309854
0.414126
0.401419
0.558883
0.369208
0.289346
0.354380
0.471901
0.313468
0.311557
0.445374
0.277255
0.471244
0.378026
0.360441
0.378987
0.533493
0.454083
0.328153
0.492417
0.370245
0.258194
0.420530
0.297466
0.478406
0.513355
0.324380
0.445435
0.453577
0.352502
0.332413
0.257305
0.290702
0.312867
0.358932
0.414011
0.346437
0.309795
0.195910
0.284323
0.337657
0.355506
0.261238
0.247063
0.363765
0.391390
0.329463
0.390387
0.290771
0.379113
0.281634
0.291396
0.382218
0.369848
0.422311
0.237210
0.290630
0.342230
0.270999
0.381736
0.319138
0.285585
0.316117
0.333639
0.431976
0.192796
0.175580
0.294710
0.352472
0.375484
0.306812
0.180856
0.333401
0.233430
0.300868
0.167893
0.216491
0.352634
0.260055
0.273772
0.371954
0.365212
0.280936
0.331749
0.165255
0.282693
0.283458
0.197213
0.229653
0.361411
0.472835
0.367789
0.422175
0.249905
0.364274
0.259399
0.232147
0.250409
0.323785
0.444687
0.349583
0.245801
0.329246
0.285704
0.282775
0.314204
0.225025
0.376392
0.216991
0.346123
0.222295
0.308560
0.217326
0.163579
0.242893
0.208023
0.267904
0.263561
0.233859
0.235905
0.165810
0.279555
0.279813
0.159365
0.272574
0.386378
0.305614
0.316672
0.314536
0.292790
0.268605
0.288413
0.228856
0.272359
0.233367
0.287384
0.247139
0.252711
0.308121
0.221218
0.138629
0.207608
0.178391
0.221892
0.276186
0.280168
0.220642
0.252977
0.270085
0.205669
0.258453
0.176213
0.343872
0.200552
0.332128
0.265302
0.242101
0.182274
0.247898
0.251151
0.232180
0.279331
0.306741
0.252902
0.256763
0.155167
0.257513
0.254915
0.197123
0.217531
0.251888
0.292288
0.219029
0.215398
0.300300
0.189622
0.221434
0.173996
0.247121
0.326016
0.323038
0.113126
0.369585
0.247204
0.214818
0.348468
0.157540
0.197625
0.229598
0.226523
0.264430
0.213363
0.210501
0.197738
0.328979
0.163834
0.274302
0.308993
0.171917
0.248722
0.234842
0.159363
0.232883
0.290263
0.347712
0.284564
0.167940
0.121858
0.164541
0.149648
0.181490
0.355738
0.094159
0.223812
0.216842
0.164430
0.156152
0.223748
0.248194
0.221486
0.219429
0.189349
0.279281
0.275498
0.177423
0.226829
0.201710
0.152829
0.265217
0.153481
0.262586
0.233223
0.239198
0.197440
0.178101
0.245330
0.193206
0.180404
0.250738
0.156334
0.251252
0.208698
0.188313
0.177763
0.201596
0.218554
0.257525
0.216568
0.162145
0.192400
0.235516
0.190507
0.279605
0.184337
0.207257
0.216608
0.206529
0.203785
0.179564
0.167830
0.081790
0.100442
0.189153
0.191502
0.171015
0.223554
0.115643
0.145677
0.338746
0.248581
0.228491
0.204436
0.262905
0.220242
0.191569
0.208583
0.196406
0.115700
0.244960
0.072803
0.180728
0.279476
0.256569
0.192119
0.193151
0.179722
0.223878
0.145917
0.146539
0.241605
0.218122
0.125891
0.201580
0.226952
0.139953
0.247961
0.146723
0.187332
0.275900
0.307929
0.179847
0.198765
0.264998
0.190156
0.137671
0.073378
0.126166
0.140955
0.143196
0.075860
0.105841
0.155135
0.127220
0.213526
0.147401
0.206101
0.106155
0.213964
0.206667
0.183218
0.171910
0.291387
0.292318
0.131062
0.189776
0.181427
0.143094
0.158266
0.244120
0.157348
0.198627
0.158722
0.274877
0.224346
0.155561
0.119981
0.109672
0.235870
0.273577
0.328856
0.095724
0.172465
0.163156
0.203246
0.083727
0.099233
0.221373
0.166139
0.223669
0.150891
0.211749
0.092189
0.114378
0.137944
0.257219
0.158883
0.238672
0.216805
0.122873
0.084715
0.231906
0.162757
0.178934
0.140983
0.138432
0.323264
0.132799
0.103078
0.182096
0.265271
0.120048
0.126733
0.152168
0.172870
0.176833
0.144472
0.113808
0.198551
0.220221
0.218728
0.193726
0.166346
0.128295
0.158568
0.176971
0.213475
0.164214
0.164369
0.185266
0.133050
0.277497
0.215195
0.252559
0.133369
0.148356
0.105697
0.155154
0.178287
0.139471
0.155010
0.117920
0.143671
0.226165
0.155687
0.121412
0.110187
0.189975
0.154969
0.129985
0.102512
0.071193
0.139589
0.151269
0.117579
0.227675
0.215300
0.254166
0.222203
0.101168
0.189025
0.219680
0.111761
0.175976
0.215098
0.154759
0.132093
0.173610
0.183531
0.079141
0.136864
0.275843
0.131624
0.143994
0.147587
0.192608
0.138921
0.094375
0.178970
0.158402
0.150274
0.089994
0.148360
0.104000
0.193802
0.203651
0.104446
0.161034
0.137870
0.116095
