2.305837
2.304285
2.315345
2.331106
2.326964
2.262299
2.160812
2.146913
2.230789
2.289865
2.277859
2.287733
2.298019
2.300171
2.301895
2.301924
2.302022
2.302432
2.302432
2.302534
2.302534
2.302585
2.302534
2.302585
2.302585
2.302585
2.302585
2.302585
2.302585
2.302585
2.302585
2.302585
2.302585
2.302585
2.302585
2.302585
2.302585
2.302585
2.302585
2.302585
2.302585
2.302534
2.302585
2.302585
2.302585
2.302585
2.302585
2.302585
2.302585
2.302585
2.302585
2.302585
2.302585
2.302585
2.302585
2.302585
2.302585
2.302585
2.302585
2.302585
2.302585
2.302585
2.302585
2.302585
2.302534
2.302585
2.302585
2.302585
2.302585
2.302585
2.302585
2.302585
2.302585
2.302585
2.302585
2.302585
2.302585
2.302585
2.302585
2.302585
2.302585
2.302585
2.302585
2.302585
2.302585
2.302585
2.302585
2.302585
2.302585
2.302480
2.302585
2.302585
2.302585
2.302585
2.302585
2.302585
2.302585
2.302585
2.302585
2.302585
2.302585
2.302585
2.302585
2.302585
2.302585
2.302585
2.302585
2.302585
2.302585
2.302585
2.302585
2.302585
2.302585
2.302585
2.302585
2.302585
2.302585
2.302585
2.302585
2.302585
2.302480
2.302585
2.302585
2.302585
2.302585
2.302585
2.302585
2.302585
2.302585
2.302585
2.302585
2.302585
2.302585
2.302585
2.302585
2.302585
2.302585
2.302585
2.302585
2.302585
2.302585
2.302585
2.302585
2.302585
2.302585
2.302585
2.302585
2.302585
2.302585
2.302585
2.302534
2.302585
2.302585
2.302585
2.302585
2.302585
2.302585
2.302585
2.302585
2.302585
2.302534
2.302585
2.302585
2.302585
2.302585
2.302585
2.302585
2.302585
2.302585
2.302585
2.302585
2.302585
2.302585
2.302585
2.302585
2.302585
2.302585
2.302585
2.302585
2.302585
2.302585
2.302585
2.302585
2.302585
2.302585
2.302585
2.302585
2.302585
2.302585
2.302585
2.302585
2.302585
2.302585
2.302585
2.302585
2.302585
2.302585
2.302585
2.302585
2.302585
2.302585
2.302585
2.302585
2.302585
2.302585
2.302585
2.302585
2.302585
2.302585
2.302585
2.302585
2.302534
2.302585
2.302585
2.302585
2.302585
2.302585
2.302585
2.302585
2.302585
2.302585
2.302585
2.302585
2.302585
2.302585
2.302585
2.302585
2.302585
2.302585
2.302585
2.302585
2.302585
2.302585
2.302585
2.302585
2.302585
2.302585
2.302585
2.302585
2.302585
2.302585
2.302585
2.302585
2.302585
2.302585
2.302585
2.302585
2.302585
2.302585
2.302585
2.302585
2.302534
2.302585
2.302585
2.302585
2.302585
2.302585
2.302585
2.302585
2.302585
2.302585
2.302585
2.302585
2.302585
2.302585
2.302585
2.302585
2.302585
2.302585
2.302585
2.302585
2.302585
2.302585
2.302585
2.302585
2.302585
2.302585
2.302585
2.302585
2.302585
2.302585
2.302585
2.302585
2.302585
2.302585
2.302585
2.302585
2.302585
2.302585
2.302585
2.302534
2.302585
2.302585
2.302585
2.302585
2.302585
2.302585
2.302585
2.302585
2.302585
2.302585
2.302585
2.302585
2.302585
2.302585
2.302585
2.302585
2.302585
2.302585
2.302585
2.302585
2.302585
2.302585
2.302585
2.302585
2.302585
2.302585
2.302585
2.302585
2.302585
2.302585
2.302585
2.302585
2.302585
2.302585
2.302585
2.302585
2.302585
2.302585
2.302585
2.302585
2.302585
2.302585
2.302585
2.302585
2.302585
2.302585
2.302585
2.302585
2.302585
2.302534
2.302585
2.302585
2.302585
2.302585
2.302585
2.302585
2.302585
2.302585
2.302585
2.302585
2.302585
2.302585
2.302585
2.302585
2.302585
2.302534
2.302585
2.302585
2.302585
2.302585
2.302585
2.302585
2.302585
2.302585
2.302585
2.302585
2.302585
2.302585
2.302585
2.302585
2.302585
2.302585
2.302585
2.302585
2.302585
2.302585
2.302585
2.302585
2.302585
2.302585
2.302585
2.302585
2.302585
2.302585
2.302585
2.302585
2.302585
2.302585
2.302585
2.302585
2.302585
2.302585
2.302585
2.302585
2.302585
2.302585
2.302585
2.302585
2.302585
2.302585
2.302585
2.302585
2.302585
2.302585
2.302534
2.302585
2.302585
2.302585
2.302585
2.302585
2.302585
2.302585
2.302585
2.302585
2.302585
2.302585
2.302585
2.302585
2.302585
2.302585
2.302585
2.302585
2.302585
2.302585
2.302585
2.302585
2.302585
2.302585
2.302585
2.302585
2.302585
2.302534
2.302585
2.302585
2.302585
2.302585
2.302585
2.302585
2.302585
2.302585
2.302585
2.302585
2.302585
2.302585
2.302585
2.302585
2.302585
2.302585
2.302585
2.302585
2.302585
2.302585
2.302585
2.302585
2.302585
2.302585
2.302585
2.302585
2.302585
2.302585
2.302585
2.302585
2.302534
2.302585
2.302585
2.302585
2.302585
2.302585
2.302585
2.302585
2.302585
2.302585
2.302585
2.302585
2.302585
2.302585
2.302585
2.302585
2.302585
2.302585
2.302585
2.302585
2.302585
2.302585
2.302585
2.302585
2.302585
2.302585
2.302585
2.302585
2.302585
2.302585
2.302585
2.302585
2.302585
2.302585
2.302585
2.302585
2.302585
