2.300757
2.299989
2.296844
2.289985
2.282946
2.274299
2.284398
2.259602
2.245791
2.222452
2.225645
2.206510
2.161677
2.150175
2.088519
2.064081
1.989543
1.967338
1.912908
1.863603
1.823789
1.892737
1.796832
1.805293
1.759122
1.745578
1.767423
1.694456
1.725204
1.698601
1.722698
1.653974
1.723083
1.668623
1.642660
1.677150
1.649612
1.649220
1.645975
1.638731
1.663821
1.622353
1.602568
1.650822
1.647730
1.613517
1.619446
1.597902
1.579515
1.585542
1.622363
1.635053
1.605842
1.611324
1.627315
1.573717
1.571652
1.596129
1.577446
1.617123
1.627371
1.587593
1.571239
1.573614
1.611748
1.575848
1.589164
1.605768
1.576026
1.587278
1.602950
1.559517
1.552642
1.572088
1.587211
1.536080
1.600562
1.566802
1.568873
1.584903
1.584744
1.559192
1.546183
1.541552
1.584497
1.550317
1.554317
1.578811
1.553222
1.584718
1.571892
1.582544
1.550253
1.584675
1.563524
1.572153
1.532226
1.571445
1.601174
1.546098
1.553792
1.548419
1.543530
1.557817
1.566364
1.537854
1.536347
1.525864
1.543368
1.557969
1.524592
1.547099
1.533163
1.536278
1.558283
1.534669
1.566555
1.556009
1.535742
1.541531
1.550055
1.526875
1.529932
1.540612
1.561680
1.538979
1.541012
1.535279
1.559345
1.538781
1.552732
1.565174
1.542557
1.553648
1.528447
1.525320
1.528046
1.519670
1.529042
1.543441
1.525151
1.532572
1.539273
1.532419
1.530739
1.523925
1.539659
1.533558
1.529250
1.532919
1.555078
1.571817
1.552854
1.542745
1.521508
1.519801
1.539551
1.530885
1.506953
1.516479
1.543068
1.530097
1.545585
1.524004
1.539451
1.507855
1.537229
1.531177
1.537212
1.559290
1.513472
1.543830
1.530521
1.524841
1.522522
1.529338
1.503566
1.506878
1.535116
1.511028
1.529239
1.501061
1.548307
1.514705
1.521611
1.512077
1.519678
1.519673
1.516405
1.533636
1.527198
1.508082
1.538886
1.504145
1.515312
1.528889
1.513068
1.504510
1.509673
1.513886
1.522135
1.524793
1.509751
1.544772
1.516648
1.511015
1.512575
1.513079
1.494285
1.526412
1.513709
1.512843
1.499044
1.513552
1.509677
1.512154
1.535460
1.514377
1.535239
1.507931
1.512096
1.524352
1.518476
1.515981
1.523856
1.489734
1.503782
1.532847
1.514752
1.498604
1.498582
1.515842
1.515756
1.500171
1.503178
1.527010
1.496037
1.496422
1.508669
1.502310
1.501906
1.506812
1.521983
1.504918
1.502512
1.537671
1.500631
1.516277
1.508182
1.504270
1.494125
1.534704
1.502573
1.507460
1.498555
1.495816
1.496679
1.507246
1.509049
1.516102
1.494085
1.522025
1.512257
1.516533
1.506853
1.498817
1.503512
1.495479
1.502506
1.510177
1.504815
1.514532
1.495988
1.483437
1.504004
1.495314
1.502408
1.503797
1.492713
1.513656
1.507112
1.492919
1.504562
1.510260
1.504218
1.510308
1.496523
1.488130
1.533097
1.485035
1.515933
1.496294
1.504988
1.527306
1.517048
1.499977
1.496866
1.489612
1.496199
1.496408
1.489578
1.495678
1.514310
1.503129
1.497549
1.488294
1.499054
1.503206
1.497010
1.504202
1.489947
1.495947
1.502405
1.488195
1.501579
1.485529
1.496398
1.480006
1.516741
1.492978
1.499965
1.484647
1.507192
1.501692
1.501626
1.491239
1.492857
1.494273
1.498754
1.504727
1.487576
1.491117
1.505111
1.496604
1.514117
1.503402
1.496440
1.503499
1.489809
1.478027
1.507540
1.529890
1.513280
1.503289
1.486217
1.497818
1.481309
1.492424
1.486517
1.490591
1.485116
1.510419
1.504984
1.495726
1.481720
1.497212
1.491593
1.495496
1.487883
1.490589
1.478852
1.512032
1.490361
1.492552
1.475541
1.497503
1.474587
1.501103
1.484963
1.512755
1.486854
1.513919
1.497075
1.516836
1.504838
1.503839
1.482946
1.486710
1.490961
1.492496
1.492133
1.479152
1.510592
1.487604
1.486349
1.516025
1.497870
1.496282
1.477123
1.495626
1.494528
1.479918
1.494077
1.483428
1.487659
1.500618
1.497107
1.478280
1.492810
1.501403
1.488229
1.489110
1.496994
1.489768
1.487215
1.506819
1.493584
1.498140
1.507979
1.485391
1.474662
1.485293
1.489827
1.481126
1.494072
1.502752
1.489358
1.497766
1.476086
1.485801
1.488919
1.497844
1.493705
1.486321
1.477661
1.496989
1.490210
1.500869
1.481725
1.490808
1.486754
1.486890
1.496601
1.477599
1.482999
1.485221
1.499741
1.482831
1.497416
1.490731
1.482987
1.495907
1.503352
1.490434
1.490168
1.474399
1.489443
1.497266
1.498644
1.493610
1.487132
1.493910
1.501126
1.502506
1.492936
1.476740
1.474037
1.488626
1.503785
1.479373
1.496268
1.480695
1.481135
1.507691
1.488065
1.475683
1.488447
1.488189
1.485974
1.498852
1.502687
1.489716
1.486672
1.481368
1.481195
1.479747
1.481301
1.501487
1.487450
1.496558
1.491371
1.493394
1.482804
1.494679
1.501724
1.496736
1.479470
1.496051
1.473076
1.480988
1.500301
1.481111
1.477475
1.475489
1.477912
1.480177
1.483665
1.477723
1.487699
1.470630
