2.328256
2.309072
2.297284
2.287726
2.291785
2.308241
2.295191
2.313184
2.226944
2.236405
2.147499
2.127834
2.096731
2.068279
2.018633
1.951350
1.831255
1.830669
1.905210
2.010390
2.006671
2.004930
1.946575
1.911729
1.981504
1.872239
1.785743
1.741625
1.689259
1.627540
1.652158
1.680580
1.727113
1.710738
1.714926
1.737484
1.675692
1.713169
1.745739
1.773214
1.678933
1.635877
1.609618
1.605112
1.606304
1.652416
1.638150
1.626397
1.627391
1.644789
1.627269
1.621203
1.640373
1.617324
1.636256
1.616773
1.628047
1.605277
1.618848
1.617131
1.562835
1.575478
1.584291
1.563565
1.651195
1.627373
1.575317
1.597877
1.595323
1.571165
1.601394
1.546479
1.552885
1.583104
1.605614
1.619192
1.583274
1.593538
1.580230
1.537748
1.543746
1.574418
1.549935
1.574563
1.583881
1.542114
1.590999
1.621164
1.571428
1.616560
1.571588
1.576102
1.546435
1.545365
1.577014
1.544639
1.542058
1.583039
1.560476
1.558839
1.536620
1.567603
1.553334
1.542659
1.566639
1.552324
1.565529
1.552826
1.546610
1.593510
1.558992
1.563575
1.526612
1.529937
1.544315
1.541289
1.548957
1.531872
1.512576
1.543923
1.545279
1.572687
1.563151
1.543234
1.545702
1.543079
1.526402
1.524940
1.518695
1.522612
1.552901
1.554893
1.533069
1.575628
1.540462
1.527404
1.540630
1.535001
1.524833
1.549817
1.540002
1.542463
1.532409
1.556869
1.577080
1.524809
1.566276
1.565378
1.562452
1.560095
1.554744
1.533232
1.524311
1.531927
1.525931
1.541347
1.536679
1.518693
1.532083
1.537849
1.545129
1.536431
1.538522
1.538003
1.542327
1.544003
1.550593
1.527515
1.546232
1.545813
1.569018
1.534923
1.514982
1.529561
1.550009
1.566062
1.530594
1.532867
1.522579
1.551984
1.513002
1.525839
1.518191
1.536317
1.516677
1.548598
1.520698
1.532194
1.542877
1.526249
1.528884
1.516204
1.534428
1.537563
1.532005
1.543142
1.525213
1.541585
1.526141
1.506480
1.537761
1.537392
1.537503
1.531559
1.522520
1.531184
1.525125
1.512822
1.520126
1.535927
1.525404
1.530536
1.508436
1.528168
1.546018
1.510525
1.525983
1.515804
1.515444
1.548332
1.559115
1.529468
1.537214
1.515687
1.515221
1.516762
1.528265
1.527088
1.533181
1.521554
1.530862
1.525138
1.506262
1.542491
1.504914
1.529557
1.543490
1.528044
1.533494
1.524808
1.518036
1.537713
1.511301
1.523628
1.510050
1.519827
1.533144
1.542731
1.511901
1.532227
1.520128
1.523059
1.520508
1.535643
1.537370
1.528367
1.517496
1.523160
1.510804
1.517977
1.510807
1.526719
1.531425
1.540260
1.513130
1.518140
1.508165
1.506456
1.521636
1.517654
1.540426
1.502785
1.529055
1.520088
1.534380
1.513078
1.540630
1.533910
1.514174
1.533959
1.506665
1.519558
1.518986
1.524643
1.521116
1.520127
1.508265
1.507468
1.509706
1.521076
1.515573
1.537428
1.551666
1.527156
1.530827
1.528588
1.517080
1.508736
1.527765
1.529236
1.504848
1.508696
1.514776
1.507075
1.530702
1.540748
1.509596
1.502741
1.521312
1.512556
1.518938
1.514870
1.508887
1.523459
1.514402
1.524242
1.528768
1.529878
1.507044
1.520524
1.512847
1.524076
1.504607
1.533344
1.523620
1.520518
1.506308
1.525376
1.523217
1.530796
1.513544
1.510253
1.507718
1.530502
1.526519
1.520815
1.516349
1.520730
1.509601
1.505950
1.522518
1.503224
1.500750
1.492428
1.516003
1.510765
1.534803
1.536063
1.525072
1.524367
1.504914
1.512404
1.499258
1.511445
1.504053
1.530035
1.528764
1.525961
1.528284
1.523792
1.505056
1.506489
1.502807
1.516295
1.545021
1.514662
1.527057
1.506556
1.517988
1.512334
1.519294
1.536955
1.522998
1.533246
1.511826
1.519505
1.521553
1.510070
1.500459
1.500763
1.513400
1.522740
1.507064
1.514240
1.516833
1.527288
1.506991
1.527922
1.509752
1.510673
1.500406
1.513152
1.489190
1.509703
1.508571
1.509099
1.511788
1.510432
1.502146
1.518849
1.500805
1.527296
1.504952
1.522307
1.526372
1.517859
1.501866
1.521490
1.499188
1.503612
1.516146
1.520709
1.529802
1.510691
1.509096
1.527655
1.535995
1.496643
1.500282
1.501508
1.524112
1.509013
1.508994
1.514569
1.514282
1.532851
1.517292
1.528929
1.501590
1.511924
1.521209
1.518392
1.518612
1.493583
1.501726
1.506738
1.515826
1.503093
1.531054
1.531633
1.498850
1.512817
1.551153
1.515234
1.510742
1.528406
1.524932
1.503144
1.513602
1.504338
1.544160
1.492999
1.520177
1.501468
1.544067
1.513966
1.524723
1.509270
1.523448
1.500158
1.516669
1.498434
1.502588
1.516895
1.509406
1.511941
1.500815
1.516755
1.522068
1.494114
1.493684
1.499619
1.503015
1.506198
1.515705
1.508758
1.520896
1.515606
1.508956
1.547090
1.504193
1.508425
1.523179
1.544592
1.509273
1.522334
1.518577
1.501314
1.529322
1.541109
1.507247
1.507898
1.502736
1.500193
1.520585
1.512014
1.506394
1.500561
1.517772
1.508082
