2.290993
2.289854
2.287501
2.306848
2.324087
2.297434
2.269068
2.221366
2.179924
2.228547
2.223942
2.232380
2.251390
2.253266
2.272257
2.265600
2.226778
2.247227
2.197259
2.161875
2.196937
2.212056
2.168714
2.163924
2.204034
2.139706
2.153866
2.193374
2.123215
2.143126
2.201062
2.211653
2.182186
2.200400
2.234801
2.190646
2.279303
2.391267
2.373961
2.253032
2.195790
2.177196
2.194264
2.228880
2.240004
2.221205
2.208765
2.175582
2.151353
2.110593
2.113425
2.117548
2.103133
2.185492
2.122297
2.198814
2.139101
2.105694
2.081657
2.106887
2.099583
2.064357
2.067349
2.096161
2.110267
2.099781
2.065917
2.051268
2.041062
2.050344
2.062443
2.059486
2.071263
2.000966
1.983135
2.027531
2.004872
2.025132
2.004285
2.011258
2.038626
2.007166
2.016087
1.997080
1.991050
2.024869
1.980735
1.973534
2.013625
2.010281
2.041316
2.036541
2.043727
2.022394
1.980443
1.967859
1.937650
1.987339
2.011657
2.023980
2.021363
1.951936
1.927376
1.945941
1.950499
1.928384
1.925497
1.932776
1.903221
1.900398
1.899523
1.895686
1.864963
1.872051
1.877767
1.882974
1.868435
1.824311
1.836306
1.784633
1.825626
1.811650
1.811289
1.822780
1.804746
1.798067
1.785203
1.836516
1.822012
1.803082
1.825671
1.814957
1.796816
1.794869
1.840472
1.775386
1.805200
1.760363
1.826254
1.797042
1.774655
1.780048
1.762163
1.787702
1.775288
1.796331
1.783690
1.768562
1.750516
1.754730
1.795516
1.790570
1.795804
1.785026
1.746769
1.788804
1.791077
1.738631
1.769885
1.772077
1.808640
1.791569
1.749581
1.748155
1.744115
1.754956
1.757579
1.764977
1.734441
1.800447
1.756181
1.752390
1.743516
1.746111
1.743700
1.752288
1.751348
1.723635
1.768316
1.773351
1.750095
1.778500
1.779248
1.740559
1.738874
1.777923
1.757017
1.747923
1.734983
1.745032
1.760595
1.768537
1.765392
1.781161
1.780496
1.753675
1.757287
1.760730
1.728799
1.735622
1.753947
1.785387
1.753999
1.748180
1.751675
1.735451
1.752043
1.741534
1.764782
1.758592
1.748526
1.741105
1.761311
1.750428
1.737181
1.739874
1.742454
1.743425
1.756579
1.755065
1.792900
1.738624
1.742045
1.754164
1.745058
1.794695
1.804947
1.761227
1.748366
1.766454
1.754499
1.759469
1.757751
1.772851
1.758841
1.771503
1.726375
1.752910
1.726714
1.743693
1.769795
1.732790
1.739153
1.747521
1.754643
1.759516
1.757268
1.755713
1.745492
1.740473
1.754272
1.769790
1.751125
1.748874
1.752550
1.742724
1.752507
1.749789
1.743961
1.756038
1.744261
1.752210
1.751653
1.819453
1.866508
1.847241
1.794245
1.755814
1.759987
1.765529
1.766613
1.748878
1.783166
1.819391
1.825307
1.828879
1.777269
1.775247
1.758085
1.760399
1.766968
1.777831
1.782253
1.816568
1.798884
1.784590
1.782741
1.779648
1.768561
1.752965
1.757102
1.765734
1.765103
1.820890
1.808490
1.799950
1.777238
1.744805
1.760970
1.763865
1.728137
1.727168
1.732944
1.769856
1.765401
1.806945
1.847873
1.780338
1.826470
1.767486
1.790170
1.789190
1.779600
1.749716
1.741921
1.746978
1.756448
1.745862
1.745380
1.738004
1.778289
1.788905
1.743766
1.746807
1.745503
1.762990
1.739546
1.753111
1.755329
1.767979
1.782730
1.766197
1.771166
1.748675
1.732330
1.747373
1.731518
1.715232
1.737630
1.748257
1.747151
1.732664
1.770228
1.761797
1.745813
1.721283
1.730185
1.733080
1.747257
1.762716
1.762707
1.729469
1.721832
1.728661
1.744864
1.725790
1.767726
1.767982
1.769177
1.779003
1.732870
1.735065
1.718899
1.698404
1.729288
1.715360
1.723271
1.729882
1.720699
1.734254
1.729196
1.732119
1.735430
1.735985
1.731741
1.750942
1.736973
1.740731
1.750659
1.751555
1.753130
1.727534
1.744252
1.737112
1.751684
1.726835
1.721348
1.722233
1.737765
1.712193
1.734624
1.726966
1.751439
1.732447
1.753553
1.763405
1.744241
1.736047
1.711910
1.734841
1.719781
1.730276
1.728624
1.744376
1.725183
1.744212
1.725321
1.746959
1.727883
1.765606
1.725089
1.724560
1.728983
1.731315
1.733348
1.731963
1.731491
1.731893
1.719854
1.731528
1.729471
1.711647
1.714041
1.748497
1.760043
1.735111
1.723170
1.718193
1.735694
1.729216
1.718570
1.709360
1.765452
1.733575
1.753401
1.730941
1.742054
1.728378
1.792288
1.784527
1.736624
1.720382
1.728971
1.716009
1.714164
1.705891
1.709498
1.722613
1.706326
1.697679
1.696999
1.630680
1.705557
1.659180
1.663383
1.698322
1.660000
1.658547
1.658887
1.660696
1.667362
1.656088
1.642905
1.680750
1.728724
1.687129
1.632955
1.650006
1.674517
1.720830
1.673526
1.659001
1.674871
1.686817
1.695814
1.674331
1.660555
1.693133
1.686391
1.657880
1.635006
1.629242
1.675101
1.641081
1.663390
1.664225
1.696530
1.643811
1.632331
1.726998
1.660063
1.654422
1.689571
1.640268
1.734575
1.701759
1.666017
1.649560
1.669930
1.721262
