2.324346
2.335929
2.318524
2.307567
2.292774
2.274113
2.254847
2.246265
2.236318
2.222555
2.225253
2.216188
2.218833
2.220408
2.227044
2.219967
2.230414
2.231959
2.245377
2.241412
2.249422
2.250607
2.254315
2.262588
2.255772
2.260531
2.264122
2.264928
2.262529
2.263928
2.261903
2.255465
2.257292
2.252324
2.245808
2.242664
2.233857
2.221709
2.218998
2.205618
2.207098
2.201260
2.197695
2.209529
2.208640
2.208117
2.202406
2.203563
2.206210
2.205637
2.202155
2.210800
2.175171
2.157947
2.148695
2.114599
2.119143
2.072575
2.058076
2.016602
2.007033
1.992810
1.990368
1.964236
1.932623
1.870401
1.824175
1.752586
1.684959
1.666942
1.631553
1.614759
1.518496
1.504863
1.541493
1.632788
1.607357
1.739621
1.821804
1.656705
1.459106
1.651482
1.711745
1.698483
1.514889
1.267788
1.072557
1.038014
1.097172
1.183308
1.307860
1.011815
0.834875
0.752570
0.828483
0.724111
0.868356
0.924887
0.786603
0.572159
0.471178
0.532150
0.587892
0.587825
0.672970
0.782094
0.835723
0.845820
1.000653
0.946873
0.900801
0.732809
0.740157
0.711296
0.701423
0.632792
0.614666
0.704019
0.645218
0.676558
0.552381
0.698453
0.590970
0.480470
0.484701
0.520114
0.500343
0.608373
0.736674
0.621983
0.850013
0.756365
0.817410
0.753382
0.607670
0.554067
0.551083
0.465920
0.411686
0.363164
0.358707
0.520821
0.443291
0.599450
0.666758
0.519444
0.632595
0.582680
0.638924
0.595581
0.559515
0.539488
0.471193
0.634722
0.604221
0.275376
0.436483
0.283782
0.348819
0.174824
0.243282
0.431811
0.440658
0.449580
0.544299
0.524743
0.567638
0.580192
0.602606
0.536929
0.734141
0.650329
0.481806
0.502520
0.355410
0.634090
0.585458
0.503006
0.316673
0.294472
0.232184
0.159198
0.123274
0.225162
0.319613
0.316424
0.457175
0.412928
0.452281
0.326920
0.356342
0.297431
0.369100
0.330267
0.370170
0.401925
0.504233
0.496027
0.364014
0.401621
0.174479
0.223310
0.345591
0.261838
0.213172
0.378197
0.288085
0.355418
0.333985
0.343142
0.452529
0.466087
0.327759
0.233321
0.240944
0.268539
0.292647
0.262342
0.200915
0.360942
0.255711
0.321305
0.263315
0.250976
0.232504
0.376210
0.289004
0.349020
0.338958
0.307729
0.388583
0.418932
0.214582
0.160417
0.194320
0.183919
0.141833
0.216374
0.265476
0.199721
0.370390
0.262986
0.324841
0.258774
0.309691
0.310122
0.319023
0.325552
0.226927
0.288747
0.164510
0.242322
0.190713
0.190990
0.246965
0.217239
0.221670
0.176206
0.240416
0.210393
0.265823
0.227666
0.306006
0.368174
0.243796
0.203256
0.268469
0.221436
0.212813
0.315887
0.225289
0.152022
0.276525
0.247959
0.223867
0.233552
0.184318
0.205290
0.278502
0.250228
0.191703
0.132500
0.226187
0.150215
0.211589
0.298484
0.245439
0.246307
0.255729
0.205683
0.254960
0.169787
0.246821
0.206235
0.232431
0.170580
0.210100
0.134870
0.267825
0.258726
0.300360
0.237922
0.135582
0.366147
0.219021
0.152024
0.123543
0.152740
0.082985
0.090574
0.170063
0.154398
0.187724
0.217310
0.282861
0.339348
0.286343
0.288790
0.207611
0.126631
0.107576
0.128787
0.181656
0.131964
0.142837
0.127347
0.136732
0.233265
0.242747
0.188144
0.145268
0.243278
0.240217
0.252726
0.272223
0.254456
0.269828
0.277087
0.192654
0.145927
0.187305
0.193228
0.220579
0.190569
0.124999
0.183604
0.120833
0.295338
0.161933
0.190582
0.197031
0.146639
0.263691
0.194952
0.224532
0.176743
0.144549
0.181329
0.095525
0.094064
0.160128
0.161371
0.154420
0.160016
0.094286
0.157461
0.097618
0.152553
0.161631
0.178713
0.187559
0.178940
0.108855
0.129947
0.126970
0.148824
0.104830
0.160561
0.228951
0.267585
0.119752
0.203870
0.209922
0.320740
0.246068
0.177215
0.171332
0.299247
0.156209
0.163158
0.133072
0.151690
0.125270
0.106508
0.162680
0.189317
0.108274
0.149739
0.063509
0.172143
0.115794
0.235205
0.144731
0.126506
0.150565
0.159150
0.153223
0.283831
0.171118
0.194534
0.183939
0.223636
0.250604
0.193056
0.137981
0.091089
0.204038
0.113855
0.123019
0.122713
0.124616
0.093983
0.175342
0.129071
0.146792
0.157969
0.167750
0.182748
0.184928
0.144244
0.226073
0.154923
0.183709
0.133325
0.165474
0.163742
0.102692
0.123147
0.113917
0.155907
0.146732
0.160713
0.106087
0.130431
0.133435
0.186259
0.127972
0.113306
0.151696
0.083179
0.110499
0.112476
0.160447
0.096070
0.214073
0.087504
0.239183
0.122017
0.107928
0.116357
0.171707
0.144756
0.157195
0.135712
0.088832
0.095988
0.103050
0.125053
0.122416
0.142916
0.181102
0.150681
0.179429
0.147305
0.115279
0.234117
0.185191
0.175012
0.138318
0.116233
0.139671
0.108309
0.123682
0.084755
0.101084
0.152303
0.213329
0.232186
0.122085
0.138554
0.163943
0.114017
0.144965
0.179272
0.102719
0.112877
0.132677
0.166471
0.157367
0.181514
