2.296455
2.294369
2.292997
2.280920
2.284184
2.271425
2.238346
2.248691
2.235716
2.204472
2.194490
2.170465
2.147078
2.135401
2.125340
2.046273
2.043291
1.979156
1.888955
1.824814
1.809345
1.718775
1.618398
1.481447
1.403473
1.275260
1.158096
0.977882
0.931912
0.848224
0.656028
0.685908
0.667780
0.584531
0.556438
0.410639
0.443743
0.571177
0.548874
0.409545
0.624892
0.779073
0.493793
0.463622
0.714393
0.498290
0.916065
0.600438
0.952654
0.496297
0.787487
0.525251
0.376780
0.387921
0.323905
0.352627
0.413928
0.354798
0.320784
0.395105
0.453508
0.258503
0.328061
0.366365
0.355403
0.334394
0.233851
0.239619
0.317296
0.256077
0.193566
0.253902
0.202931
0.313557
0.272205
0.169666
0.166548
0.346815
0.240742
0.175730
0.340630
0.276244
0.364249
0.207494
0.121182
0.202451
0.141491
0.227486
0.195352
0.198804
0.209157
0.321503
0.130862
0.197634
0.204847
0.276480
0.302042
0.223559
0.160790
0.243027
0.277570
0.136095
0.208225
0.141616
0.139313
0.105035
0.201078
0.142718
0.234755
0.259767
0.154874
0.258413
0.185220
0.295390
0.116375
0.178128
0.165727
0.161786
0.211771
0.258115
0.094018
0.206617
0.100942
0.174468
0.359051
0.117718
0.210645
0.159775
0.182643
0.193110
0.067281
0.141109
0.182464
0.194295
0.155647
0.102602
0.145192
0.132733
0.161736
0.282732
0.100578
0.146409
0.163683
0.175374
0.152869
0.167716
0.153296
0.090447
0.116277
0.116769
0.115771
0.112628
0.101587
0.151341
0.149223
0.131509
0.162140
0.178555
0.100862
0.194838
0.122706
0.098113
0.198032
0.082835
0.071444
0.207067
0.128007
0.220473
0.103432
0.095890
0.114182
0.136703
0.198671
0.096576
0.121813
0.105156
0.131291
0.219906
0.097508
0.082092
0.038833
0.076227
0.217007
0.116958
0.074566
0.079597
0.071044
0.099536
0.169925
0.210801
0.101253
0.123523
0.091292
0.079336
0.197024
0.178624
0.119880
0.083932
0.052722
0.062346
0.059341
0.109125
0.094128
0.067227
0.158921
0.134912
0.097222
0.129334
0.168940
0.067919
0.153496
0.082596
0.105040
0.189610
0.085607
0.038924
0.060055
0.098450
0.122766
0.146340
0.140027
0.138151
0.080917
0.062582
0.171437
0.102958
0.039776
0.068164
0.051944
0.122112
0.120471
0.175153
0.079644
0.063286
0.073287
0.054360
0.085942
0.068344
0.077727
0.142091
0.091961
0.151843
0.055986
0.044085
0.056336
0.125291
0.108105
0.074451
0.032807
0.035455
0.051307
0.083966
0.069725
0.091265
0.238651
0.102932
0.028195
0.154900
0.104650
0.032494
0.058264
0.178926
0.072679
0.205505
0.062980
0.045692
0.116899
0.063551
0.145504
0.092220
0.083927
0.084952
0.117790
0.063013
0.116976
0.111356
0.122298
0.053103
0.095873
0.094509
0.067101
0.065070
0.051468
0.056704
0.088045
0.031457
0.163930
0.087766
0.074925
0.078651
0.079099
0.050981
0.062213
0.108102
0.085726
0.115045
0.040712
0.091414
0.082944
0.031139
0.036454
0.072615
0.081688
0.047358
0.056591
0.035494
0.047068
0.048484
0.054383
0.040759
0.111978
0.086107
0.093990
0.100826
0.032890
0.065593
0.101471
0.104334
0.086071
0.050845
0.095317
0.198476
0.042643
0.057321
0.048228
0.039913
0.087617
0.059313
0.038786
0.117678
0.167035
0.058845
0.125325
0.115606
0.107423
0.112970
0.075135
0.099843
0.019401
0.070094
0.109755
0.039139
0.059878
0.041382
0.060460
0.074602
0.082124
0.042698
0.046952
0.077442
0.017955
0.138364
0.061512
0.070368
0.082988
0.038596
0.101566
0.095467
0.070483
0.028441
0.108583
0.029442
0.063552
0.054688
0.105263
0.063103
0.096269
0.058076
0.016285
0.107473
0.055622
0.040185
0.061382
0.022346
0.051840
0.067409
0.039087
0.065883
0.151464
0.041396
0.119285
0.054242
0.057877
0.048929
0.053606
0.104235
0.057132
0.071138
0.059593
0.032640
0.049039
0.130045
0.053579
0.053648
0.060798
0.065479
0.055851
0.042971
0.021733
0.083786
0.017988
0.040242
0.026618
0.056835
0.046015
0.048772
0.025964
0.057376
0.115396
0.075566
0.033673
0.091470
0.156235
0.134596
0.033026
0.048927
0.106945
0.033316
0.051488
0.054677
0.077914
0.046854
0.103310
0.170419
0.076544
0.086890
0.087344
0.023858
0.070652
0.015794
0.041241
0.038346
0.062784
0.031064
0.026251
0.054798
0.048985
0.037342
0.039770
0.114521
0.064378
0.046728
0.091734
0.024295
0.027908
0.020024
0.105013
0.040863
0.009926
0.066809
0.046066
0.081137
0.047176
0.087058
0.041621
0.062819
0.036918
0.022374
0.020728
0.052652
0.038786
0.062630
0.076713
0.072168
0.023707
0.102141
0.051476
0.067863
0.013425
0.070066
0.063608
0.092220
0.040495
0.062155
0.065372
0.053242
0.041681
0.043194
0.021426
0.110114
0.053831
0.050951
0.039053
0.105230
0.096255
0.045456
0.041198
0.121458
0.074938
0.026770
0.062693
0.036413
0.040657
0.038634
0.017082
0.058673
0.090015
0.142128
0.039482
0.042550
