2.302107
2.299167
2.296590
2.291086
2.292594
2.294992
2.291420
2.286853
2.279292
2.263489
2.252681
2.236820
2.208453
2.220090
2.244578
2.230840
2.211062
2.187844
2.200046
2.173071
2.176120
2.150790
2.139843
2.136563
2.139309
2.136511
2.077786
2.092220
2.057683
2.044278
2.020607
1.960241
1.979802
1.931602
1.931117
1.911099
1.924847
1.899317
1.922195
1.847707
1.881263
1.911993
1.863575
1.905928
1.844959
1.879306
1.821140
1.791643
1.848846
1.946897
1.913960
1.835799
1.873954
1.857116
1.804431
1.821115
1.815448
1.837867
1.796616
1.851700
1.786505
1.861093
1.795229
1.765013
1.731595
1.758969
1.744903
1.782521
1.724758
1.756495
1.740231
1.795941
1.752035
1.737898
1.787875
1.709117
1.745956
1.722065
1.722929
1.727804
1.701156
1.703699
1.674739
1.667151
1.643214
1.677362
1.706036
1.732551
1.703246
1.677213
1.660304
1.661544
1.672079
1.674247
1.717253
1.638720
1.660773
1.730082
1.666853
1.688873
1.627400
1.617562
1.680214
1.645481
1.623494
1.623179
1.625241
1.638757
1.627670
1.671659
1.636762
1.625022
1.673743
1.662405
1.657974
1.648395
1.628690
1.670230
1.626180
1.592942
1.651411
1.624078
1.625880
1.639687
1.662439
1.608782
1.637675
1.594559
1.623159
1.632324
1.601883
1.616209
1.606990
1.622889
1.634511
1.594780
1.619117
1.621167
1.599084
1.612893
1.624237
1.622557
1.608625
1.590205
1.604314
1.628682
1.604777
1.599144
1.624190
1.605884
1.611558
1.635721
1.606442
1.604425
1.607628
1.589945
1.614002
1.586734
1.599047
1.614802
1.592514
1.614230
1.605550
1.619704
1.576285
1.594422
1.595756
1.577921
1.596925
1.592073
1.585126
1.601389
1.603951
1.590637
1.593013
1.625717
1.575352
1.584752
1.603993
1.620156
1.557537
1.598768
1.589247
1.587624
1.605606
1.579839
1.601552
1.570232
1.599680
1.553458
1.599351
1.584510
1.587981
1.566169
1.594232
1.592595
1.565554
1.578929
1.593218
1.547231
1.571504
1.587030
1.594324
1.581041
1.617745
1.583493
1.577445
1.559239
1.564720
1.546397
1.579760
1.588850
1.577909
1.606209
1.564163
1.582033
1.601099
1.572952
1.577498
1.601013
1.550269
1.572906
1.566681
1.582361
1.573536
1.583423
1.584161
1.579411
1.593530
1.588581
1.558891
1.583056
1.574216
1.570202
1.541466
1.586390
1.555902
1.559589
1.584166
1.592609
1.577253
1.537411
1.543670
1.559743
1.572320
1.539132
1.538794
1.552918
1.570037
1.586434
1.536847
1.567645
1.560589
1.555931
1.578155
1.546758
1.579461
1.576332
1.558811
1.593016
1.565411
1.561602
1.591696
1.574582
1.569061
1.570397
1.556024
1.584882
1.577186
1.597830
1.558407
1.537893
1.564007
1.540465
1.553231
1.549927
1.553500
1.538657
1.580975
1.556342
1.558711
1.560254
1.557913
1.567200
1.573733
1.552413
1.586753
1.538319
1.559786
1.555125
1.542010
1.547297
1.529797
1.549333
1.538982
1.577429
1.535951
1.562771
1.551566
1.537375
1.553982
1.554058
1.555455
1.578273
1.562468
1.583938
1.539088
1.568594
1.550677
1.541997
1.530154
1.559286
1.590666
1.580526
1.536868
1.547417
1.530298
1.532791
1.538719
1.533495
1.528199
1.558466
1.559378
1.545558
1.561085
1.552680
1.540258
1.557386
1.556399
1.548104
1.568476
1.532812
1.578546
1.541555
1.547230
1.546486
1.545288
1.558037
1.529833
1.569725
1.545664
1.495059
1.541910
1.550851
1.550931
1.537675
1.523032
1.547488
1.557613
1.540686
1.538766
1.567006
1.541718
1.560170
1.539817
1.533007
1.527917
1.557454
1.523708
1.542361
1.544559
1.546103
1.555873
1.532959
1.533663
1.538659
1.552116
1.561233
1.541672
1.559217
1.522852
1.518620
1.577816
1.553691
1.561367
1.535317
1.535648
1.553009
1.541812
1.532241
1.520370
1.569480
1.535124
1.547243
1.554106
1.518082
1.529743
1.549215
1.538307
1.537406
1.527581
1.535454
1.556807
1.523768
1.542792
1.532571
1.540010
1.519487
1.562559
1.537918
1.557634
1.541063
1.523795
1.541847
1.541666
1.545329
1.537689
1.558132
1.542322
1.533859
1.540027
1.517299
1.552541
1.554230
1.546064
1.515921
1.559574
1.526387
1.542470
1.549548
1.535835
1.517018
1.542096
1.537539
1.517145
1.545556
1.552960
1.552603
1.516806
1.536896
1.530746
1.519109
1.531854
1.539701
1.551988
1.529040
1.532899
1.511085
1.532598
1.502959
1.550074
1.543369
1.526760
1.557885
1.504865
1.534710
1.569814
1.552169
1.537271
1.510672
1.549015
1.548712
1.531289
1.531674
1.552813
1.508377
1.517868
1.534459
1.521838
1.518670
1.522502
1.528358
1.539029
1.553731
1.518867
1.540661
1.529257
1.509435
1.552200
1.532985
1.521277
1.539802
1.530956
1.539654
1.524877
1.560360
1.531706
1.522001
1.533077
1.507241
1.515561
1.513307
1.533860
1.524668
1.561031
1.535802
1.537301
1.527719
1.529322
1.534910
1.533894
1.553473
1.545634
1.503741
1.545261
1.538861
1.535424
1.508749
1.532950
1.528201
