2.299226
2.298963
2.288860
2.289268
2.295129
2.305759
2.308117
2.297292
2.292975
2.277498
2.276258
2.276672
2.233796
2.275396
2.317274
2.306648
2.380163
2.367305
2.301499
2.234848
2.156030
2.027478
2.086653
2.160961
2.034097
2.073972
2.057473
2.048921
2.064522
2.073741
2.061039
2.059576
2.048331
1.942027
1.858386
1.816669
1.823924
1.873728
1.977890
2.057982
1.922686
1.726484
1.749523
1.827255
1.820725
1.722757
1.729099
1.732074
1.751475
1.715515
1.691527
1.720006
1.814162
1.794637
1.734953
1.740922
1.762774
1.746764
1.680180
1.694615
1.733290
1.691811
1.709916
1.698344
1.669391
1.693549
1.712674
1.710064
1.659968
1.684016
1.666617
1.668772
1.639107
1.603350
1.602382
1.625118
1.636015
1.640862
1.601803
1.598619
1.655260
1.611162
1.581926
1.640338
1.607587
1.594236
1.607820
1.568978
1.617726
1.610047
1.602517
1.598215
1.598782
1.575265
1.588698
1.621708
1.606089
1.572997
1.593239
1.578921
1.590724
1.555961
1.560267
1.556983
1.562539
1.568295
1.581510
1.606069
1.580685
1.593858
1.561645
1.587492
1.596072
1.601923
1.567195
1.578665
1.554165
1.602334
1.556242
1.589626
1.550044
1.609414
1.564452
1.547204
1.571910
1.562370
1.593544
1.549765
1.552182
1.561801
1.587182
1.539963
1.552319
1.574383
1.567222
1.555410
1.536395
1.566713
1.558701
1.551979
1.537566
1.560448
1.547935
1.550821
1.536383
1.529636
1.543909
1.548326
1.554407
1.551538
1.565596
1.527237
1.543307
1.564972
1.540739
1.535584
1.554281
1.538937
1.544539
1.554868
1.551354
1.564360
1.542676
1.510772
1.518138
1.519451
1.545619
1.517592
1.546490
1.546286
1.575376
1.542730
1.561990
1.554997
1.542277
1.547952
1.532214
1.540587
1.560750
1.549992
1.538678
1.545366
1.546567
1.537735
1.528992
1.524226
1.529379
1.527171
1.532360
1.545737
1.529747
1.510122
1.526689
1.533733
1.557935
1.547960
1.535722
1.537568
1.522338
1.532776
1.509330
1.535389
1.558265
1.519881
1.533323
1.554161
1.544375
1.534493
1.540082
1.511674
1.524467
1.519564
1.529235
1.536035
1.518791
1.555858
1.551414
1.518222
1.517967
1.515587
1.546314
1.518875
1.554012
1.530876
1.525927
1.520422
1.548460
1.523448
1.522034
1.526863
1.502161
1.537347
1.541860
1.509429
1.512785
1.524861
1.559240
1.554472
1.540965
1.552937
1.521951
1.496504
1.516126
1.551596
1.509111
1.519509
1.519537
1.513616
1.525416
1.515942
1.557284
1.500620
1.516162
1.533125
1.531628
1.505854
1.511449
1.519877
1.512487
1.550111
1.538061
1.522549
1.543074
1.525569
1.521572
1.488776
1.515773
1.521568
1.521668
1.541132
1.525748
1.514743
1.502644
1.510384
1.514741
1.513151
1.521388
1.520000
1.507807
1.527874
1.543426
1.527787
1.499764
1.521724
1.507499
1.511567
1.513925
1.512050
1.501124
1.509870
1.504838
1.546690
1.516734
1.547708
1.505696
1.521935
1.535424
1.522245
1.554815
1.509156
1.503936
1.525894
1.517197
1.503927
1.504429
1.516063
1.523476
1.521807
1.507275
1.518149
1.506894
1.518832
1.497298
1.526782
1.517259
1.515598
1.521873
1.515948
1.536862
1.514121
1.523257
1.528919
1.510505
1.523420
1.523188
1.515051
1.515210
1.513017
1.530752
1.510048
1.519193
1.511120
1.517215
1.519270
1.494024
1.496011
1.502295
1.536276
1.510528
1.496430
1.512658
1.485157
1.527986
1.502093
1.491604
1.499905
1.512301
1.509913
1.518157
1.511109
1.531025
1.503860
1.505138
1.514170
1.521991
1.518571
1.500588
1.509967
1.502100
1.491761
1.504953
1.537741
1.529953
1.515399
1.499686
1.512067
1.510631
1.501205
1.497549
1.528205
1.525346
1.515261
1.514979
1.531918
1.520797
1.512816
1.518414
1.498577
1.498741
1.516620
1.520119
1.521856
1.504235
1.491579
1.489667
1.513354
1.490595
1.504565
1.543334
1.493335
1.516484
1.507585
1.507419
1.510013
1.502759
1.523095
1.515255
1.502515
1.504682
1.523028
1.523334
1.509097
1.519008
1.503014
1.499116
1.505908
1.501741
1.493266
1.487484
1.513621
1.518095
1.493084
1.517456
1.494057
1.510057
1.505089
1.496404
1.485146
1.524173
1.507670
1.505582
1.501488
1.508428
1.511860
1.487509
1.504059
1.504403
1.486776
1.496277
1.511241
1.495665
1.503078
1.517722
1.494743
1.515006
1.526961
1.501441
1.512394
1.515235
1.498484
1.507910
1.512348
1.497181
1.491529
1.526115
1.483090
1.508107
1.499580
1.501068
1.502944
1.510955
1.494285
1.495030
1.499018
1.507480
1.499921
1.512083
1.501170
1.483247
1.491714
1.513196
1.499777
1.496652
1.499436
1.494083
1.489787
1.505031
1.534740
1.502301
1.501978
1.496995
1.495907
1.485731
1.510399
1.512240
1.508936
1.491127
1.515083
1.496873
1.511822
1.497969
1.516231
1.506373
1.498369
1.494672
1.507087
1.496810
1.487970
1.503970
1.507462
1.501763
1.501203
1.500964
1.513531
1.525635
1.484777
1.499810
1.502446
1.503963
1.494586
