2.305568
2.303665
2.300954
2.297873
2.281767
2.283036
2.276025
2.267373
2.241840
2.237369
2.198334
2.188880
2.168598
2.160452
2.121130
2.112406
2.097456
2.013964
2.033269
2.016492
1.974549
1.927101
1.938161
1.884300
1.874243
1.826329
1.815752
1.793991
1.810528
1.741962
1.768757
1.732394
1.744081
1.719222
1.738756
1.729823
1.703221
1.649992
1.658356
1.687690
1.662315
1.661454
1.692450
1.682554
1.653382
1.646091
1.682069
1.644280
1.642955
1.639960
1.619275
1.650043
1.642496
1.618008
1.635615
1.630651
1.637763
1.629339
1.645758
1.591127
1.596820
1.643363
1.618398
1.643167
1.604018
1.631483
1.595474
1.597718
1.596207
1.615382
1.603655
1.612381
1.613008
1.599617
1.603982
1.577822
1.595058
1.614167
1.593503
1.562737
1.573931
1.593679
1.576748
1.614911
1.598908
1.582138
1.585170
1.576301
1.568234
1.614084
1.582657
1.569692
1.566865
1.607549
1.583083
1.579624
1.579667
1.573035
1.569518
1.609106
1.544824
1.580183
1.577603
1.559433
1.543136
1.562394
1.584462
1.550700
1.584887
1.568115
1.552467
1.562980
1.558708
1.620247
1.562074
1.576249
1.557249
1.530838
1.576075
1.562789
1.576626
1.558901
1.561174
1.566647
1.554167
1.561849
1.539554
1.588165
1.569037
1.529160
1.577168
1.529856
1.534835
1.573498
1.546192
1.539732
1.549068
1.558063
1.553514
1.548911
1.564592
1.567321
1.569861
1.538914
1.545266
1.548390
1.529767
1.547539
1.562505
1.540830
1.552252
1.567026
1.562376
1.548712
1.582888
1.546794
1.567154
1.546028
1.563089
1.534315
1.538261
1.553506
1.537192
1.546149
1.548117
1.529666
1.539869
1.542733
1.523657
1.538376
1.546189
1.533711
1.541091
1.531566
1.534067
1.539474
1.513465
1.530442
1.535884
1.527995
1.538404
1.535860
1.544234
1.519612
1.558289
1.523251
1.561079
1.527737
1.529119
1.537009
1.542141
1.528351
1.527321
1.522808
1.526478
1.515885
1.518917
1.528283
1.513342
1.558767
1.521219
1.512180
1.531546
1.536415
1.541490
1.521139
1.530334
1.525071
1.545649
1.515655
1.538855
1.533928
1.529585
1.525884
1.516403
1.515391
1.537382
1.537992
1.537275
1.519256
1.556953
1.534722
1.540166
1.514113
1.520061
1.536626
1.558611
1.545797
1.521058
1.518182
1.557751
1.512229
1.527460
1.536329
1.507169
1.549762
1.520144
1.528610
1.523957
1.522215
1.502447
1.557990
1.521003
1.512316
1.513857
1.505636
1.511017
1.512371
1.526012
1.522023
1.528861
1.507826
1.522776
1.541253
1.501603
1.525094
1.501459
1.516340
1.515972
1.521560
1.541875
1.508431
1.502612
1.523940
1.525380
1.598208
1.519632
1.522587
1.512255
1.505919
1.510921
1.522216
1.508886
1.506770
1.519201
1.524993
1.525773
1.536324
1.524527
1.513946
1.498697
1.526003
1.518216
1.527012
1.512251
1.522518
1.523949
1.514406
1.510717
1.500532
1.535022
1.525633
1.508298
1.493530
1.536436
1.523377
1.510815
1.510465
1.510406
1.511536
1.506374
1.521685
1.514235
1.511639
1.491123
1.515791
1.507077
1.497164
1.514685
1.519722
1.520516
1.523242
1.553582
1.523934
1.515163
1.498366
1.513749
1.514871
1.501091
1.499389
1.500772
1.505484
1.491694
1.503295
1.509762
1.520232
1.503191
1.511277
1.510900
1.504468
1.526394
1.515700
1.494354
1.525126
1.492011
1.505480
1.509041
1.502124
1.499955
1.509459
1.531469
1.507938
1.511248
1.507681
1.516328
1.496373
1.528508
1.519156
1.516460
1.494237
1.519326
1.507977
1.507864
1.502873
1.492677
1.486832
1.501976
1.501049
1.514074
1.494897
1.510781
1.502548
1.507465
1.527812
1.494847
1.496242
1.484752
1.508725
1.494336
1.512419
1.518804
1.493011
1.505151
1.498209
1.511092
1.511708
1.486405
1.518378
1.521053
1.511503
1.504510
1.502131
1.528162
1.500916
1.502064
1.515309
1.501544
1.500639
1.500377
1.505502
1.508194
1.521979
1.495277
1.495614
1.522157
1.500744
1.484209
1.495717
1.500973
1.487850
1.531134
1.512157
1.502605
1.499165
1.511079
1.489425
1.515405
1.480328
1.507168
1.490722
1.494179
1.495108
1.493413
1.501311
1.481813
1.488278
1.490903
1.493647
1.521513
1.490646
1.501144
1.498725
1.479359
1.497380
1.511587
1.501250
1.489631
1.480046
1.508362
1.486735
1.478024
1.499278
1.506557
1.491067
1.513446
1.504516
1.511273
1.510065
1.512427
1.514305
1.483012
1.498718
1.486312
1.490284
1.499438
1.509623
1.497447
1.487963
1.496178
1.482185
1.493787
1.508513
1.486911
1.506997
1.492316
1.490565
1.486329
1.481376
1.505478
1.499063
1.508520
1.497145
1.489087
1.489019
1.481474
1.492080
1.498191
1.492430
1.486305
1.491744
1.484396
1.494861
1.485083
1.486531
1.485111
1.508657
1.482811
1.502854
1.481693
1.504010
1.507466
1.520850
1.506352
1.482723
1.489652
1.498923
1.488166
1.510763
1.499941
1.511669
1.507772
1.511399
1.481016
1.503869
1.487431
1.487787
1.497092
1.491430
1.489292
1.480173
