2.303882
2.300877
2.307236
2.297266
2.307089
2.297183
2.301403
2.286920
2.285232
2.292025
2.234387
2.195697
2.288396
2.257962
2.235929
2.178455
2.108729
2.080777
2.091955
2.008456
2.014448
2.028675
1.906314
1.878622
1.879571
1.785312
1.785707
2.100357
2.076432
2.143150
2.075130
1.978262
2.050544
2.068035
2.115918
2.066923
2.032042
2.066805
1.861688
1.736484
1.702095
1.681187
1.697153
1.691743
1.736149
1.715709
1.676233
1.658680
1.672537
1.642423
1.690092
1.674103
1.685097
1.687197
1.703377
1.681249
1.714949
1.684372
1.624124
1.615211
1.609273
1.618698
1.648486
1.638846
1.611864
1.640263
1.639978
1.598838
1.597598
1.625291
1.640898
1.629071
1.616973
1.580397
1.618947
1.577554
1.621297
1.622626
1.622599
1.609504
1.570668
1.573385
1.554876
1.586147
1.613399
1.658637
1.596959
1.572932
1.584886
1.597813
1.602715
1.578254
1.583223
1.569131
1.567970
1.574500
1.596038
1.555668
1.570479
1.611959
1.594600
1.567457
1.555069
1.591606
1.543130
1.571452
1.547430
1.575734
1.573721
1.565684
1.547120
1.591929
1.565723
1.560461
1.589097
1.558029
1.614684
1.577320
1.572397
1.572212
1.595791
1.555264
1.556281
1.565443
1.586276
1.572244
1.559734
1.589285
1.574736
1.549517
1.559816
1.543615
1.561705
1.573157
1.606419
1.541576
1.521862
1.579613
1.597226
1.604003
1.552836
1.577240
1.576371
1.622515
1.597554
1.597932
1.605922
1.573302
1.578944
1.588501
1.577037
1.586006
1.634233
1.579720
1.579795
1.635128
1.597252
1.567641
1.560730
1.569983
1.623850
1.567622
1.592501
1.571213
1.565724
1.572403
1.624108
1.555210
1.594022
1.557423
1.605267
1.564039
1.573337
1.568268
1.552811
1.580713
1.592761
1.559695
1.552339
1.582332
1.583041
1.570234
1.573045
1.560750
1.579650
1.576685
1.543537
1.576701
1.562115
1.541653
1.563059
1.593828
1.580930
1.569430
1.557256
1.555269
1.553184
1.588987
1.571666
1.561864
1.573741
1.594103
1.583556
1.558973
1.565682
1.550412
1.569245
1.587243
1.586449
1.568095
1.600825
1.576998
1.566747
1.598569
1.609547
1.576183
1.574053
1.602674
1.563299
1.571661
1.599634
1.606922
1.581106
1.572556
1.578525
1.592212
1.567703
1.592988
1.565215
1.560778
1.586131
1.567400
1.604488
1.591558
1.571505
1.574019
1.568258
1.580372
1.565450
1.584369
1.583385
1.605540
1.573891
1.572410
1.547440
1.577835
1.574118
1.595433
1.577940
1.559953
1.585415
1.572478
1.562826
1.573777
1.572751
1.570646
1.578367
1.575278
1.567896
1.573787
1.580222
1.553304
1.583389
1.562965
1.573116
1.565626
1.568642
1.560194
1.575620
1.560856
1.545326
1.566831
1.591049
1.614940
1.604114
1.598203
1.557859
1.537092
1.533697
1.540512
1.576132
1.609653
1.615250
1.577264
1.563959
1.530889
1.558776
1.525045
1.522088
1.526408
1.540014
1.567718
1.546214
1.553249
1.532560
1.505227
1.535953
1.551559
1.534360
1.525702
1.515563
1.555247
1.557542
1.544747
1.530641
1.520985
1.500152
1.498368
1.530676
1.533009
1.538999
1.530929
1.520086
1.525804
1.516860
1.512973
1.516294
1.516316
1.512526
1.530542
1.518778
1.520794
1.518936
1.533176
1.515863
1.532194
1.515223
1.518154
1.525768
1.505346
1.539028
1.519514
1.507869
1.498422
1.552430
1.543451
1.502560
1.504539
1.496013
1.508524
1.502415
1.509566
1.521844
1.539670
1.550903
1.521332
1.508179
1.507858
1.505433
1.498088
1.507005
1.500294
1.521616
1.532904
1.508048
1.500715
1.515488
1.505511
1.495446
1.532633
1.528572
1.488362
1.522467
1.495715
1.532109
1.506428
1.526242
1.557539
1.529011
1.535818
1.499546
1.499915
1.533315
1.565556
1.574097
1.569913
1.512924
1.496393
1.493577
1.492515
1.502331
1.558739
1.515273
1.515204
1.485164
1.497993
1.503496
1.557879
1.560188
1.567844
1.536457
1.506518
1.501903
1.505028
1.503401
1.511970
1.498554
1.521288
1.515068
1.529952
1.517501
1.499747
1.490654
1.488048
1.521551
1.519615
1.504864
1.527971
1.489929
1.505150
1.497914
1.493691
1.540712
1.495365
1.498424
1.509057
1.519935
1.584951
1.538475
1.539258
1.527663
1.500985
1.517331
1.499406
1.517571
1.524614
1.507995
1.498799
1.514140
1.512873
1.499878
1.491910
1.495822
1.502469
1.522041
1.521738
1.540050
1.516696
1.510752
1.529803
1.519856
1.500254
1.529330
1.507614
1.526942
1.501021
1.520260
1.507489
1.531916
1.523914
1.558389
1.556795
1.564137
1.501805
1.509402
1.510363
1.495490
1.500419
1.535314
1.570817
1.572789
1.508095
1.494787
1.497586
1.508987
1.516908
1.508987
1.523453
1.570783
1.560778
1.539194
1.540955
1.508115
1.499832
1.510335
1.545685
1.528631
1.490916
1.485192
1.511043
1.515417
1.506114
1.500179
1.524403
1.517714
1.530338
1.530484
1.526258
1.539500
1.510841
1.513980
1.504912
1.527645
1.529454
1.564468
1.602489
1.565415
1.519205
1.525109
1.507299
