2.298138
2.289769
2.258094
2.233068
2.208878
2.177809
2.139457
2.079461
2.032334
2.023424
2.011446
2.130110
2.233078
2.244764
2.197807
2.207314
2.201682
2.269218
2.268085
2.281769
2.272375
2.271989
2.266343
3.080620
3.080493
3.080874
3.082508
3.082219
3.084779
3.084054
3.089145
3.088416
3.089211
3.093870
3.094989
3.098246
3.097715
3.100073
3.101313
3.107293
3.107404
3.107122
3.108263
3.106825
3.110564
3.104252
3.108509
3.107906
3.106499
3.111792
3.107939
3.106684
3.106709
3.108081
3.107061
3.108887
3.108949
3.105424
3.105766
3.104298
3.106603
3.110129
3.108518
3.110500
3.105326
3.105024
3.108943
3.105134
3.108783
3.106725
3.103737
3.105718
3.100534
3.101196
3.098114
3.098523
3.098764
3.097982
3.096122
3.094222
3.101046
3.101339
3.097345
3.100130
3.094003
3.092853
3.091705
3.092073
3.095839
3.093466
3.089713
3.088704
3.091810
3.089321
3.090675
3.088579
3.090787
3.088590
3.092228
3.087272
3.091312
3.090236
3.090892
3.089416
3.088557
3.088034
3.086888
3.087204
3.087349
3.088612
3.089677
3.089322
3.086417
3.086123
3.086486
3.087050
3.085839
3.085223
3.083992
3.084255
3.087195
3.085081
3.084294
3.085686
3.084454
3.085506
3.084923
3.084207
3.084218
3.085238
3.083058
3.084836
3.084877
3.084565
3.083870
3.083970
3.083784
3.083101
3.082839
3.083644
3.084552
3.083362
3.084739
3.084338
3.082496
3.082469
3.083176
3.082206
3.083377
3.083639
3.082129
3.081898
3.083033
3.082722
3.081881
3.082374
3.081313
3.082521
3.082915
3.082952
3.082578
3.081791
3.082467
3.082076
3.082384
3.082268
3.082360
3.082360
3.082662
3.081898
3.083067
3.080868
3.081699
3.081650
3.082515
3.081780
3.082498
3.082533
3.081744
3.081130
3.082039
3.081544
3.081667
3.081006
3.081527
3.081403
3.081904
3.082048
3.081296
3.080941
3.082414
3.081313
3.080941
3.081172
3.081228
3.081296
3.081390
3.081065
3.081296
3.081979
3.081650
3.081172
3.080941
3.082219
3.080941
3.080883
3.081296
3.080941
3.081350
3.081956
3.081172
3.081006
3.080941
3.080943
3.081206
3.080943
3.080883
3.081006
3.081113
3.081266
3.081065
3.081741
3.081006
3.080941
3.080941
3.080941
3.080941
3.080941
3.080943
3.080941
3.081065
3.080884
3.080941
3.081425
3.080819
3.081751
3.080266
3.080981
3.081617
3.081065
3.080824
3.080941
3.080941
3.081065
3.080941
3.081942
3.080819
3.080941
3.081266
3.080941
3.080941
3.080941
3.080941
3.080883
3.080941
3.080941
3.080941
3.080941
3.080941
3.080941
3.080941
3.080941
3.081350
3.080941
3.080941
3.080824
3.080941
3.081172
3.080883
3.080941
3.080941
3.081234
3.081425
3.080941
3.080941
3.080941
3.080941
3.081350
3.080941
3.080883
3.080941
3.080819
3.080941
3.080883
3.081065
3.080941
3.081065
3.081291
3.080941
3.080819
3.080941
3.080883
3.080143
3.080941
3.081558
3.081065
3.080941
3.080941
3.080941
3.080941
3.080819
3.081065
3.080941
3.082293
3.080941
3.080941
3.080883
3.081495
3.080941
3.080941
3.080941
3.080883
3.081065
3.081682
3.080941
3.081558
3.080819
3.080941
3.080883
3.081350
3.080266
3.080941
3.080883
3.081296
3.081350
3.080883
3.080941
3.080941
3.081172
3.081159
3.080819
3.080941
3.080883
3.080941
3.081285
3.080941
3.080941
3.081390
3.081207
3.080948
3.080883
3.080824
3.080941
3.080590
3.081006
3.080824
3.080706
3.081425
3.080765
3.080941
3.081331
3.081357
3.080765
3.080031
3.080883
3.080883
3.080648
3.080796
3.080878
3.080472
3.080648
3.080998
3.080648
3.080706
3.080248
3.080222
3.080761
3.080296
3.079906
3.079939
3.080211
3.079885
3.079826
3.079122
3.078887
3.078200
3.076832
3.075544
3.075249
3.074617
3.073867
3.071112
3.065441
3.036036
3.013145
3.013571
3.013336
3.013145
3.013209
3.039039
3.063043
3.069803
3.073305
3.073650
3.074176
3.073731
3.074091
3.074815
3.074661
3.075149
3.074854
3.074524
3.074365
3.074267
3.073359
3.074131
3.072938
3.072577
3.072080
3.071236
3.070271
3.067925
3.065992
3.057629
3.043920
3.014813
2.986496
2.955271
2.944310
2.953179
2.980765
2.986509
2.968606
2.948901
2.945237
2.952535
2.964721
2.961280
2.957432
2.947426
2.948064
2.944717
2.946686
2.950441
2.957558
2.949556
2.945107
2.937602
2.929820
2.927407
2.926854
2.921843
2.905617
2.852281
2.812092
2.785278
2.780730
2.788737
2.807273
2.817970
2.803322
2.783328
2.779829
2.780605
2.778220
2.831453
2.845302
2.856057
2.860153
2.860821
2.864221
2.862868
2.875487
2.882190
2.879837
2.862910
2.860689
2.865689
2.865784
2.871998
2.866204
2.868800
2.866725
2.864573
2.865775
2.866602
2.866344
2.863280
2.863438
2.858690
2.856608
2.858682
2.855634
2.868394
2.873892
2.868894
2.858970
2.844263
2.828772
2.797037
2.754189
2.750854
2.741912
2.739033
2.745749
2.742575
2.711374
2.678458
2.666305
2.674952
