2.302581
2.299363
2.284912
2.266708
2.252938
2.244960
2.199304
2.168232
2.153721
2.104584
2.052537
2.045753
2.037059
1.975659
1.930111
1.889704
1.866866
1.860013
1.801046
1.778089
1.752930
1.781340
1.726255
1.725962
1.718016
1.694348
1.705467
1.669928
1.675918
1.636867
1.638498
1.648747
1.625873
1.646182
1.638082
1.590174
1.627819
1.611748
1.624007
1.579504
1.595305
1.606470
1.587435
1.585222
1.579620
1.616723
1.585603
1.603023
1.550027
1.593379
1.602979
1.584538
1.574781
1.587440
1.568287
1.626369
1.566116
1.563670
1.588349
1.567636
1.566589
1.561254
1.585337
1.574760
1.569842
1.571806
1.581150
1.555987
1.578760
1.560421
1.576450
1.566480
1.556309
1.557322
1.584312
1.553428
1.581472
1.572529
1.571706
1.560767
1.539923
1.569984
1.565883
1.588103
1.543315
1.556358
1.567751
1.558140
1.558436
1.557146
1.551688
1.532206
1.548863
1.558440
1.551563
1.547237
1.572630
1.538719
1.539685
1.545771
1.553027
1.533771
1.542404
1.511964
1.537646
1.560896
1.526299
1.544991
1.558240
1.523756
1.516815
1.527237
1.527094
1.516995
1.509171
1.512232
1.520217
1.522746
1.532183
1.518205
1.529922
1.550422
1.540325
1.516054
1.533676
1.550052
1.509953
1.505133
1.546409
1.503551
1.517247
1.525756
1.514622
1.524266
1.497024
1.525191
1.539285
1.514830
1.522121
1.502206
1.515304
1.510978
1.513419
1.526396
1.510010
1.531662
1.513503
1.508090
1.520962
1.523016
1.519804
1.520862
1.510040
1.512463
1.504818
1.543330
1.536405
1.522148
1.518311
1.498618
1.500208
1.487705
1.495151
1.496340
1.522689
1.515019
1.493418
1.500460
1.500377
1.506908
1.502434
1.500723
1.511977
1.502853
1.520904
1.487002
1.500922
1.500206
1.494094
1.520711
1.514099
1.512999
1.496267
1.523223
1.506835
1.522733
1.502710
1.489431
1.495002
1.503314
1.479300
1.509689
1.501230
1.495401
1.495397
1.501788
1.486144
1.484597
1.471397
1.499666
1.496970
1.504762
1.506712
1.500157
1.486931
1.498431
1.493574
1.502829
1.516139
1.502535
1.496913
1.492759
1.508631
1.484524
1.492611
1.487923
1.491599
1.505316
1.471925
1.484646
1.511479
1.523659
1.536072
1.508951
1.511428
1.488179
1.485965
1.506025
1.476973
1.482371
1.499617
1.492195
1.494265
1.488721
1.499890
1.492343
1.493238
1.523028
1.491195
1.487382
1.489139
1.486532
1.496483
1.489298
1.499396
1.482337
1.500187
1.492845
1.487916
1.499541
1.486149
1.505879
1.503727
1.499889
1.509421
1.488930
1.476057
1.497394
1.502151
1.496442
1.487798
1.498182
1.495215
1.492255
1.482484
1.505085
1.499565
1.483603
1.475990
1.483096
1.510325
1.501808
1.486251
1.486824
1.510038
1.507200
1.482963
1.489135
1.488386
1.486555
1.494282
1.488664
1.489401
1.476851
1.488945
1.484369
1.495612
1.481706
1.486522
1.481721
1.489764
1.486274
1.479355
1.505920
1.480017
1.481802
1.493549
1.503231
1.481392
1.497972
1.499976
1.475430
1.489293
1.467842
1.500222
1.474621
1.500069
1.479421
1.512000
1.488231
1.509215
1.493894
1.469971
1.483605
1.478700
1.497837
1.488523
1.482889
1.478745
1.472903
1.475382
1.480776
1.487461
1.500637
1.487179
1.486042
1.492064
1.482351
1.501652
1.489915
1.476107
1.484111
1.481350
1.494250
1.480009
1.477070
1.483651
1.486231
1.479168
1.475332
1.478540
1.477747
1.487653
1.471874
1.487244
1.483171
1.486307
1.476035
1.489478
1.495102
1.483324
1.488018
1.484412
1.503091
1.472682
1.481919
1.486048
1.489692
1.484565
1.486045
1.490116
1.473157
1.483361
1.476563
1.479245
1.481207
1.502611
1.488584
1.474305
1.479425
1.495584
1.469207
1.496333
1.482580
1.491889
1.493147
1.488770
1.468642
1.477952
1.481423
1.474152
1.486002
1.491210
1.492622
1.488986
1.509898
1.481171
1.491470
1.476841
1.473642
1.473121
1.469266
1.490431
1.477137
1.480439
1.481075
1.489694
1.491963
1.475416
1.482164
1.476937
1.472707
1.479409
1.482998
1.468944
1.477952
1.475360
1.473453
1.475565
1.475542
1.498285
1.512540
1.509677
1.485507
1.474853
1.480262
1.486192
1.479755
1.478055
1.470124
1.471244
1.477852
1.485942
1.474128
1.501756
1.491591
1.471607
1.485906
1.487113
1.477154
1.476858
1.503950
1.479343
1.474307
1.481610
1.485144
1.468502
1.482036
1.487886
1.480456
1.478153
1.479398
1.472281
1.478055
1.486143
1.472549
1.494892
1.480403
1.478009
1.487978
1.481183
1.487013
1.474649
1.479913
1.468417
1.484758
1.483575
1.466939
1.480177
1.474632
1.492915
1.494677
1.488643
1.483786
1.475468
1.473936
1.485467
1.480345
1.477401
1.477437
1.482861
1.477668
1.471426
1.485742
1.505270
1.474321
1.472771
1.484951
1.476070
1.486957
1.484923
1.466733
1.475312
1.485863
1.478971
1.478934
1.474788
1.470781
1.479662
1.470403
1.474441
1.475871
1.478480
1.469954
1.470535
1.469434
1.482990
1.472361
1.489905
1.476023
