0.0859
0.1484
0.3906
0.5312
0.4297
0.6016
0.5000
0.4609
0.4688
0.4141
0.2891
0.1562
0.1797
0.0703
0.1016
0.0859
0.1406
0.1328
0.1406
0.1484
0.1094
0.1094
0.1250
0.1484
0.1172
0.0703
0.0703
0.1094
0.0703
0.1016
0.0469
0.0781
0.0703
0.0781
0.0938
0.0781
0.0781
0.0938
0.0547
0.0703
0.0547
0.0859
0.1016
0.0547
0.0547
0.0625
0.0391
0.0781
0.1016
0.0703
0.1016
0.0703
0.0547
0.0547
0.0547
0.0781
0.0938
0.0781
0.0547
0.0703
0.0703
0.1094
0.0859
0.0938
0.0469
0.0625
0.0625
0.0625
0.0625
0.0703
0.0703
0.0312
0.0547
0.0625
0.1016
0.0625
0.0547
0.0859
0.0469
0.0859
0.0938
0.0781
0.0391
0.0625
0.0703
0.1016
0.0859
0.1016
0.0781
0.0547
0.0312
0.0469
0.0938
0.0938
0.0703
0.0547
0.0703
0.0703
0.0703
0.0703
0.0391
0.0547
0.0547
0.0703
0.0469
0.0547
0.1094
0.0703
0.0391
0.0859
0.0781
0.0781
0.0781
0.0938
0.0859
0.0547
0.0391
0.0938
0.1172
0.0625
0.0625
0.0781
0.0469
0.0781
0.0781
0.0625
0.0781
0.0938
0.0625
0.0938
0.0938
0.1016
0.0234
0.0547
0.0781
0.0469
0.0781
0.0703
0.0625
0.0547
0.0625
0.0312
0.0625
0.0625
0.1172
0.0781
0.0469
0.0781
0.0547
0.0859
0.1016
0.0312
0.0625
0.0859
0.1016
0.0703
0.0859
0.0391
0.0781
0.0781
0.0703
0.0547
0.0469
0.0859
0.0781
0.0703
0.0781
0.0703
0.1016
0.0469
0.0703
0.0781
0.0859
0.0859
0.0547
0.0469
0.0938
0.0938
0.0859
0.0234
0.0859
0.0391
0.0391
0.0859
0.0703
0.0781
0.1172
0.0312
0.0859
0.0781
0.0547
0.1016
0.0781
0.1172
0.0781
0.0469
0.1094
0.0859
0.0312
0.0781
0.0703
0.0703
0.0312
0.0234
0.0703
0.0859
0.0703
0.1016
0.0781
0.1094
0.0391
0.0703
0.0469
0.0469
0.0703
0.0938
0.0547
0.0391
0.0703
0.0859
0.0938
0.1250
0.0625
0.0391
0.0859
0.0781
0.0703
0.0938
0.0625
0.0781
0.0859
0.0938
0.0625
0.1016
0.0391
0.0859
0.0625
0.0703
0.0547
0.0781
0.1094
0.0391
0.0781
0.0625
0.0781
0.0547
0.1094
0.0312
0.0625
0.0547
0.0469
0.0391
0.0703
0.0703
0.0625
0.0859
0.0547
0.1250
0.0859
0.1094
0.0391
0.1016
0.0625
0.0703
0.1250
0.1094
0.0625
0.0703
0.0781
0.0938
0.0781
0.0781
0.0703
0.0547
0.0859
0.1172
0.0312
0.0625
0.1250
0.0312
0.0625
0.0781
0.0703
0.1250
0.0234
0.0469
0.0938
0.0938
0.0859
0.0625
0.0703
0.0703
0.1016
0.0625
0.0859
0.0391
0.0547
0.1250
0.0859
0.0547
0.0781
0.0859
0.0859
0.0625
0.0625
0.0859
0.1016
0.0391
0.0625
0.0625
0.0703
0.0547
0.1016
0.0781
0.1016
0.0469
0.0703
0.0859
0.1094
0.0781
0.0938
0.0938
0.1250
0.1094
0.0859
0.0859
0.0859
0.1016
0.0312
0.0859
0.1250
0.0547
0.0547
0.0703
0.0469
0.0781
0.0469
0.0391
0.0859
0.0938
0.0781
0.0625
0.0781
0.0781
0.0547
0.1016
0.1172
0.0469
0.0781
0.0781
0.0547
0.0625
0.0781
0.0703
0.0781
0.0781
0.1016
0.1016
0.0703
0.0547
0.0938
0.0703
0.1016
0.1250
0.0703
0.0859
0.1016
0.0391
0.1094
0.0781
0.0625
0.0625
0.1172
0.1094
0.0781
0.0781
0.0859
0.0859
0.0547
0.0469
0.0859
0.1172
0.0781
0.1250
0.0781
0.0938
0.1094
0.0781
0.0703
0.0781
0.0547
0.0547
0.0859
0.0625
0.0703
0.0938
0.0859
0.0781
0.1250
0.0703
0.1094
0.1094
0.0781
0.0703
0.0547
0.1094
0.0391
0.0547
0.0781
0.0625
0.1172
0.0859
0.0547
0.0703
0.0781
0.1094
0.0859
0.0938
0.0938
0.1250
0.0391
0.0625
0.0938
0.1016
0.0781
0.0938
0.0781
0.0625
0.0469
0.1016
0.0703
0.1094
0.0469
0.0703
0.0625
0.0859
0.1094
0.0938
0.0781
0.1094
0.1250
0.0547
0.0938
0.1250
0.0703
0.0781
0.0703
0.0938
0.0781
0.1172
0.1172
0.0781
0.0625
0.0938
0.0938
0.0312
0.0781
0.1016
0.0859
0.0703
0.0703
0.0469
0.1328
0.0781
0.0547
0.0781
0.0781
0.0938
0.0625
0.0625
0.0859
0.0938
0.0938
0.0859
0.0703
0.0859
0.1641
0.1094
0.0859
0.1016
0.1094
0.1250
0.0781
0.1250
0.0938
0.0859
0.0703
0.0781
0.0625
0.0547
0.1328
0.0781
0.0547
0.1875
0.1016
0.0781
0.1094
0.1016
0.0938
0.1016
