2.306332
2.303653
2.299511
2.297863
2.303755
2.303810
2.301769
2.298823
2.301645
2.301590
2.301497
2.297540
2.300946
2.300289
2.296826
2.294208
2.293977
2.293602
2.293122
2.287246
2.286127
2.274513
2.273069
2.264497
2.252306
2.253146
2.256192
2.242851
2.239533
2.246683
2.218299
2.237324
2.234002
2.232254
2.212738
2.211891
2.212332
2.194989
2.196840
2.186249
2.189281
2.198773
2.192822
2.165267
2.165937
2.150860
2.140135
2.157524
2.120286
2.072613
2.087886
2.073622
2.075813
2.040898
2.021885
2.005810
2.022124
2.006432
2.003845
2.032996
2.017177
2.017878
1.975324
1.999316
1.966385
1.961052
1.955166
1.944261
1.930721
1.965568
1.917646
1.928748
1.922294
1.973260
1.946770
1.870544
1.900797
1.877807
1.903860
1.882157
1.861096
1.824912
1.786575
1.864914
1.791529
1.822535
1.846759
1.820737
1.819114
1.797913
1.811004
1.805628
1.774109
1.796086
1.768874
1.774697
1.762832
1.816194
1.793260
1.805921
1.803848
1.785664
1.775372
1.765522
1.772676
1.775960
1.768099
1.759938
1.770359
1.758314
1.752663
1.769269
1.734689
1.749864
1.774745
1.752786
1.785101
1.735555
1.746647
1.777046
1.790392
1.747797
1.841776
1.779027
1.782484
1.771387
1.780357
1.752498
1.736628
1.754687
1.732273
1.751011
1.733364
1.692085
1.724680
1.743780
1.724965
1.708517
1.741765
1.717481
1.738878
1.766477
1.745445
1.770682
1.739534
1.730601
1.693907
1.732796
1.741352
1.715750
1.742797
1.690045
1.730703
1.733236
1.735095
1.715631
1.752652
1.728467
1.730582
1.680801
1.699508
1.720732
1.716239
1.712086
1.713157
1.688482
1.702969
1.742191
1.723984
1.716696
1.725629
1.708843
1.671569
1.691114
1.730420
1.682455
1.717677
1.711305
1.726763
1.729526
1.690369
1.727570
1.700556
1.707528
1.701341
1.696622
1.682944
1.692617
1.676431
1.679001
1.665790
1.711086
1.689526
1.686395
1.702601
1.695145
1.698931
1.687409
1.679416
1.694442
1.693358
1.701502
1.708486
1.706270
1.680776
1.666996
1.700929
1.671119
1.689686
1.710873
1.691050
1.686913
1.683282
1.670605
1.665236
1.728632
1.712199
1.700825
1.682858
1.683595
1.682356
1.672652
1.655081
1.673901
1.665669
1.657964
1.656103
1.686419
1.665904
1.634491
1.685883
1.674159
1.680147
1.657152
1.712122
1.679763
1.648674
1.659427
1.651029
1.658150
1.682444
1.713580
1.666027
1.644726
1.661176
1.673419
1.679828
1.663206
1.652180
1.640183
1.681612
1.639092
1.650532
1.662864
1.646857
1.671245
1.664390
1.686364
1.692647
1.668179
1.674457
1.627793
1.663191
1.651131
1.661307
1.706869
1.651693
1.655170
1.672423
1.672233
1.630259
1.666489
1.627750
1.683355
1.654636
1.672887
1.662102
1.675080
1.643551
1.657170
1.691437
1.645499
1.634385
1.632232
1.620697
1.678230
1.622842
1.684061
1.629063
1.647345
1.648215
1.662063
1.643814
1.617882
1.639371
1.610854
1.650183
1.616817
1.665572
1.643984
1.626706
1.621413
1.679950
1.633824
1.679562
1.640554
1.646273
1.642936
1.621552
1.625270
1.653055
1.656624
1.658916
1.642351
1.651290
1.618962
1.624725
1.621419
1.629702
1.672504
1.615900
1.649345
1.642010
1.603302
1.629141
1.625250
1.615543
1.633284
1.650305
1.634401
1.620993
1.630560
1.640041
1.638218
1.631999
1.600207
1.639678
1.634017
1.611647
1.630875
1.604674
1.586000
1.582025
1.625764
1.606214
1.604650
1.637264
1.625490
1.635293
1.625718
1.626057
1.643020
1.608766
1.603942
1.632499
1.653380
1.616484
1.609125
1.632442
1.600258
1.631685
1.587353
1.575959
1.622487
1.625706
1.625257
1.658042
1.645628
1.605746
1.603531
1.632332
1.629629
1.617108
1.637441
1.631163
1.625132
1.596282
1.595229
1.596785
1.633653
1.575409
1.632345
1.622770
1.627509
1.611724
1.602487
1.606507
1.603540
1.603935
1.632662
1.587178
1.636202
1.606304
1.633229
1.624509
1.633677
1.602944
1.633592
1.586578
1.584162
1.566754
1.601672
1.608264
1.644726
1.604775
1.579838
1.582390
1.589626
1.583462
1.625322
1.599277
1.597119
1.603431
1.615888
1.618597
1.622784
1.606836
1.580403
1.615224
1.594043
1.627288
1.584974
1.627251
1.574387
1.603318
1.571894
1.625026
1.583146
1.575939
1.585909
1.620203
1.567207
1.595234
1.609543
1.589980
1.585555
1.581733
1.598449
1.602918
1.632937
1.593042
1.580692
1.573398
1.613406
1.602310
1.619556
1.584674
1.578019
1.632525
1.590789
1.581309
1.578374
1.601147
1.623730
1.596691
1.525801
1.632019
1.609096
1.617230
1.599121
1.575500
1.586033
1.585246
1.600204
1.589138
1.576192
1.584034
1.592955
1.570262
1.575030
1.603412
1.591237
1.622110
1.587972
1.594984
1.557226
1.584781
1.599087
1.602496
1.580165
1.565821
1.591908
1.609664
1.570259
1.568818
1.556611
1.552282
1.583889
1.560436
1.558098
1.588245
1.587134
1.562417
1.584370
1.571361
1.566374
1.578742
1.599233
1.573637
1.571098
