2.357436
2.363638
2.355456
2.350709
2.344886
2.345392
2.314730
2.308918
2.306462
2.285915
2.280130
2.265342
2.251478
2.232780
2.214556
2.218002
2.204452
2.210026
2.180739
2.143764
2.148315
2.146859
2.121077
2.115937
2.078943
2.034077
2.084247
2.052809
2.026806
2.003562
2.000767
1.996757
1.953579
1.894777
1.845828
1.859671
1.918079
1.830265
1.697792
1.757724
1.625668
1.665984
1.452419
1.408277
1.465387
1.259292
1.207620
1.156576
1.160875
1.155960
0.925145
0.985669
0.836176
0.812835
0.726949
0.644351
0.725805
0.734457
0.562656
0.630559
0.653696
0.689582
0.596769
0.606457
0.553841
0.536079
0.651806
0.528542
0.485281
0.400772
0.412832
0.539431
0.538143
0.403490
0.353226
0.511036
0.409956
0.476282
0.538388
0.418235
0.486965
0.580046
0.369234
0.356390
0.403066
0.296143
0.358411
0.351798
0.350948
0.492732
0.413753
0.524128
0.459754
0.461137
0.378081
0.346541
0.436695
0.276539
0.323716
0.358384
0.368399
0.473004
0.560783
0.346516
0.366567
0.391787
0.153814
0.278147
0.351123
0.395122
0.324026
0.272730
0.275802
0.221217
0.382937
0.229026
0.347447
0.240113
0.234317
0.259094
0.274450
0.534512
0.296564
0.430860
0.261340
0.197831
0.212160
0.441361
0.344204
0.340961
0.256316
0.252449
0.237882
0.194213
0.498199
0.331986
0.382796
0.410307
0.352036
0.326956
0.157340
0.336666
0.341774
0.225250
0.263504
0.285610
0.457602
0.251279
0.152280
0.240466
0.282896
0.288767
0.184096
0.278043
0.229224
0.222073
0.223581
0.342147
0.162205
0.253714
0.351230
0.369276
0.296244
0.283900
0.276403
0.183991
0.215919
0.193888
0.328889
0.297411
0.276970
0.247658
0.226197
0.236547
0.378061
0.349490
0.272534
0.223528
0.270197
0.324256
0.242008
0.217751
0.156904
0.209594
0.392916
0.182856
0.327828
0.215900
0.190009
0.300879
0.238923
0.352271
0.355248
0.116150
0.155945
0.196748
0.233803
0.254852
0.289477
0.165557
0.224142
0.150971
0.224033
0.135834
0.401084
0.446505
0.139282
0.224391
0.128392
0.422676
0.261086
0.251926
0.228688
0.188847
0.273461
0.139576
0.175034
0.335231
0.336102
0.230269
0.295172
0.214102
0.178849
0.141598
0.148166
0.165039
0.161671
0.106072
0.227141
0.258198
0.185064
0.239061
0.276319
0.241746
0.120470
0.177942
0.159148
0.247638
0.171893
0.200085
0.191385
0.234935
0.191921
0.115606
0.211878
0.153054
0.223714
0.271782
0.186085
0.172265
0.231668
0.330085
0.205451
0.139095
0.136943
0.244620
0.290234
0.169471
0.267323
0.174229
0.202313
0.226266
0.279797
0.129898
0.180394
0.150916
0.117557
0.202484
0.260406
0.207692
0.174049
0.185624
0.139775
0.183074
0.244199
0.185445
0.160942
0.283261
0.064402
0.186812
0.163772
0.137070
0.239950
0.163822
0.172606
0.186597
0.186405
0.171638
0.130133
0.194759
0.210545
0.190771
0.355665
0.127607
0.175298
0.174776
0.101158
0.118010
0.322120
0.228369
0.108440
0.159707
0.158699
0.121633
0.145008
0.168673
0.142661
0.219938
0.189528
0.162038
0.123823
0.184768
0.176356
0.193856
0.151265
0.118408
0.148982
0.160463
0.146215
0.102577
0.344180
0.100632
0.163893
0.181785
0.249120
0.216010
0.249852
0.115495
0.101503
0.102825
0.159810
0.161885
0.213166
0.146870
0.126380
0.121749
0.274816
0.143046
0.142031
0.161484
0.170846
0.163639
0.106569
0.141753
0.089289
0.187392
0.106953
0.186783
0.182496
0.209238
0.110931
0.112168
0.126626
0.167313
0.125320
0.178873
0.171073
0.151676
0.062874
0.098519
0.117819
0.137262
0.188588
0.148198
0.131852
0.139520
0.106041
0.125610
0.140995
0.182469
0.216470
0.205470
0.242708
0.126154
0.185457
0.170847
0.112654
0.194051
0.133897
0.092434
0.129281
0.162005
0.162389
0.262959
0.155546
0.105620
0.107058
0.081640
0.095533
0.101655
0.199596
0.142731
0.112858
0.168587
0.167293
0.099683
0.170906
0.359250
0.056417
0.201053
0.114871
0.047772
0.173565
0.069647
0.206921
0.099867
0.065994
0.152881
0.162218
0.275902
0.202504
0.114844
0.058217
0.117033
0.066724
0.118719
0.168857
0.153362
0.106811
0.082860
0.165169
0.103637
0.193837
0.105835
0.215771
0.245222
0.123428
0.095219
0.136245
0.085478
0.174248
0.140154
0.091251
0.083262
0.113697
0.135607
0.079244
0.085765
0.092622
0.112274
0.113488
0.177638
0.092571
0.165561
0.096555
0.225986
0.077807
0.120252
0.081320
0.188087
0.176000
0.141797
0.123567
0.167366
0.128041
0.046545
0.063538
0.125347
0.092246
0.191560
0.059597
0.089616
0.176031
0.162442
0.139446
0.103666
0.089127
0.065192
0.085612
0.047004
0.244327
0.073052
0.133325
0.128388
0.103761
0.300330
0.129044
0.072837
0.123555
0.099846
0.192668
0.161944
0.052399
0.134320
0.084436
0.066600
0.066470
0.115102
0.090196
0.115371
0.128107
0.197012
0.067942
0.266056
0.097470
0.113130
0.111535
0.136228
0.064295
0.081832
