2.302550
2.304391
2.307629
2.299248
2.306490
2.306515
2.308080
2.327419
2.325459
2.321192
2.303651
2.280821
2.265285
2.242761
2.248522
2.243474
2.240983
2.294626
2.244716
2.227607
2.230170
2.206526
2.270696
2.258387
2.253099
2.179529
2.145263
2.165822
2.127622
2.096390
2.081317
2.144899
2.166334
2.141466
2.133402
2.037363
2.001674
1.959563
1.970958
1.971120
1.953634
1.956089
1.967116
1.945704
1.916551
1.880478
1.888334
1.887529
1.865981
1.879579
1.898812
1.890384
1.901795
1.857697
1.855840
1.832824
1.823583
1.829414
1.843506
1.823312
1.826003
1.829856
1.842394
1.847505
1.828020
1.806833
1.807603
1.800875
1.818105
1.800348
1.823407
1.791711
1.794339
1.821117
1.806677
1.799183
1.810458
1.793635
1.784771
1.811997
1.779359
1.785069
1.779111
1.765424
1.768603
1.775550
1.765287
1.792951
1.764913
1.782857
1.790043
1.773758
1.774598
1.761926
1.766573
1.773405
1.781365
1.780136
1.754039
1.761166
1.758502
1.751503
1.740883
1.723573
1.725770
1.712972
1.681766
1.734481
1.724449
1.717916
1.702183
1.694695
1.717040
1.721344
1.735163
1.713766
1.748154
1.721663
1.699770
1.682086
1.655008
1.733472
1.673071
1.692073
1.679229
1.739776
1.692578
1.689592
1.692080
1.683233
1.693758
1.659666
1.672663
1.684858
1.713191
1.665509
1.665034
1.680234
1.688190
1.689576
1.712016
1.688477
1.696484
1.682581
1.655063
1.673055
1.658820
1.690425
1.701066
1.651823
1.684840
1.651506
1.646530
1.677903
1.666540
1.654333
1.655744
1.666660
1.669967
1.664010
1.654097
1.668785
1.676498
1.668295
1.668567
1.685426
1.628599
1.643097
1.682749
1.646009
1.627023
1.667541
1.684290
1.678427
1.664904
1.699634
1.671650
1.651599
1.645627
1.677272
1.651613
1.612427
1.617121
1.659131
1.651222
1.662648
1.649594
1.702035
1.691502
1.669558
1.648552
1.694764
1.685869
1.647159
1.638316
1.627321
1.630755
1.629572
1.657758
1.632151
1.663936
1.632960
1.613470
1.628552
1.609573
1.622072
1.657281
1.643360
1.634748
1.648581
1.604611
1.628083
1.612244
1.616563
1.624116
1.617439
1.595405
1.642743
1.610447
1.607323
1.627766
1.618968
1.621190
1.617895
1.601059
1.610549
1.613485
1.626114
1.613746
1.631970
1.604244
1.621974
1.613845
1.606279
1.614337
1.601336
1.598148
1.609534
1.598045
1.604964
1.609648
1.616166
1.596830
1.599569
1.612444
1.614554
1.608938
1.605514
1.589087
1.598936
1.610045
1.600347
1.600279
1.595837
1.591212
1.604151
1.600591
1.608388
1.597993
1.580752
1.605481
1.605033
1.595500
1.603971
1.613974
1.584879
1.605354
1.598590
1.602355
1.587150
1.582281
1.603846
1.594719
1.594522
1.591795
1.592049
1.584195
1.591046
1.571647
1.603197
1.598215
1.583451
1.606248
1.576742
1.580264
1.583626
1.608533
1.586373
1.578741
1.579576
1.592894
1.600590
1.578614
1.584342
1.583705
1.591021
1.583680
1.566147
1.581499
1.576127
1.574865
1.585412
1.581651
1.590075
1.592985
1.579285
1.602870
1.599176
1.593044
1.595194
1.596850
1.567203
1.583163
1.591231
1.589214
1.581838
1.571542
1.602274
1.572943
1.568423
1.578675
1.584715
1.592008
1.575503
1.591752
1.580993
1.573201
1.563350
1.570402
1.567587
1.592156
1.580109
1.576845
1.562464
1.563956
1.566028
1.570839
1.584233
1.583046
1.582812
1.573002
1.567895
1.581247
1.583612
1.583080
1.578959
1.562283
1.581746
1.567336
1.569325
1.560343
1.580023
1.592409
1.586111
1.571765
1.586936
1.562309
1.567751
1.566041
1.599167
1.577257
1.573625
1.567150
1.576490
1.566843
1.573553
1.584570
1.564457
1.573358
1.560597
1.582248
1.562205
1.569119
1.559446
1.575847
1.556482
1.557887
1.563581
1.566548
1.550412
1.563199
1.565824
1.541292
1.556375
1.575195
1.555033
1.554876
1.572906
1.558037
1.577747
1.568923
1.567769
1.570978
1.570223
1.574889
1.556728
1.572206
1.574183
1.557271
1.558179
1.576034
1.545285
1.555142
1.557062
1.549182
1.561436
1.559968
1.561385
1.551020
1.581192
1.577567
1.548921
1.539344
1.546421
1.556409
1.549481
1.576858
1.571535
1.555917
1.559901
1.580036
1.548612
1.570534
1.545926
1.554686
1.563113
1.578413
1.554776
1.542431
1.544766
1.554729
1.550954
1.544475
1.547098
1.544987
1.576417
1.552994
1.540360
1.542751
1.560271
1.548572
1.548787
1.551980
1.536035
1.569527
1.530164
1.551609
1.545976
1.569777
1.541149
1.552587
1.528698
1.537013
1.530266
1.541294
1.514313
1.529972
1.553431
1.538649
1.555978
1.563544
1.526890
1.541192
1.535724
1.525254
1.538494
1.542336
1.534024
1.533595
1.538060
1.545688
1.558587
1.542371
1.571876
1.533468
1.526580
1.524807
1.528459
1.527531
1.552629
1.539258
1.526123
1.539265
1.523920
1.519203
1.535646
1.546989
1.537301
1.527844
1.532883
1.541590
1.527283
1.533893
1.547407
1.546858
1.530153
1.542335
1.539535
1.534605
1.543668
