2.305806
2.305524
2.307134
2.306250
2.311915
2.316268
2.338908
2.342515
2.348276
2.352702
2.369389
2.379907
2.352595
2.275906
2.250460
2.265089
2.166554
2.143477
2.157107
2.508448
2.514896
2.377851
2.162544
1.976219
1.978867
2.397611
2.481523
2.322943
2.105743
1.864730
2.340775
2.415252
2.159015
1.774472
1.664606
1.636808
1.693243
1.721547
1.920973
2.256554
2.312951
2.351531
2.207067
2.191399
2.349421
2.414859
2.437148
2.427105
2.384907
2.365007
2.354505
2.325772
2.332548
2.336843
2.331986
2.294567
2.260686
2.215796
2.197568
2.088155
2.125277
2.189086
2.300569
2.317476
2.422406
2.400189
2.451121
2.467392
2.421230
2.438102
2.427742
2.459889
2.385767
2.403893
2.377445
2.398949
2.355751
2.353762
2.342143
2.315484
2.321346
2.304137
2.289225
2.279402
2.321570
2.308733
2.323502
2.316069
2.376477
2.386217
2.388031
2.400581
2.408199
2.425152
2.418232
2.434376
2.405738
2.406733
2.403981
2.369500
2.361371
2.337767
2.363419
2.373217
2.373498
2.360284
2.326584
2.355272
2.352837
2.355251
2.388382
2.391535
2.396429
2.380973
2.359272
2.343550
2.379168
2.386791
2.372389
2.389022
2.402137
2.379885
2.385884
2.410259
2.389149
2.359415
2.402291
2.385595
2.377671
2.382011
2.339746
2.329717
2.318203
2.365700
2.378704
2.332032
2.345932
2.322204
2.356728
2.384338
2.352115
2.402305
2.389435
2.402302
2.393434
2.394742
2.410786
2.365452
2.405032
2.360222
2.347903
2.378561
2.349096
2.337605
2.350181
2.360966
2.361372
2.366755
2.346279
2.334646
2.341087
2.331298
2.305963
2.254347
2.256874
2.253872
2.288148
2.287859
2.331420
2.334237
2.294258
2.382966
2.397614
2.372411
2.393049
2.400129
2.379998
2.352708
2.365737
2.328848
2.282454
2.163109
1.979842
1.822502
1.731608
1.645712
1.587479
1.543118
1.540214
1.566173
1.618192
1.667943
1.692040
1.786603
1.820356
1.863900
1.987055
2.103475
2.208484
2.273995
2.248311
2.261859
2.229932
2.258521
2.245239
2.262136
2.297046
2.323605
2.261172
2.312078
2.352135
2.368389
2.360847
2.357044
2.383116
2.389170
2.389689
2.366454
2.361828
2.401519
2.408381
2.390222
2.422527
2.385180
2.344584
2.297647
2.306067
2.333194
2.235335
2.222656
2.122999
1.994596
1.867182
1.783201
1.706204
1.639077
1.588376
1.573360
1.562020
1.544369
1.548548
1.572636
1.574469
1.564530
1.578250
1.561110
1.606303
1.596519
1.628508
1.642945
1.629522
1.659813
1.640832
1.602466
1.649232
1.644609
1.622281
1.668381
1.715687
1.688841
1.772031
1.820547
1.804140
1.817432
1.818192
1.768546
1.763313
1.809278
1.836630
1.879816
1.839543
1.860198
1.899414
1.951748
1.964929
1.952620
1.935675
2.017029
1.984863
2.054429
2.084869
2.048618
2.114673
2.175585
2.127163
2.141432
2.221527
2.190605
2.202027
2.183851
2.218635
2.245978
2.211660
2.212116
2.241291
2.235979
2.303527
2.252356
2.258622
2.290092
2.289208
2.312466
2.307836
2.292077
2.328253
2.333433
2.333914
2.351681
2.388520
2.364110
2.402663
2.363306
2.363584
2.360417
2.396867
2.350281
2.400212
2.371961
2.399768
2.407424
2.391924
2.360606
2.351405
2.377438
2.382151
2.366463
2.342620
2.362618
2.354518
2.392569
2.397258
2.384206
2.392033
2.389683
2.387763
2.407726
2.371881
2.420123
2.372888
2.372427
2.376916
2.407619
2.387779
2.376025
2.370892
2.385476
2.333927
2.331528
2.365071
2.341477
2.330915
2.355407
2.343913
2.378370
2.368341
2.385987
2.383795
2.399458
2.366123
2.394171
2.386954
2.395679
2.367276
2.393045
2.380949
2.387691
2.402148
2.383751
2.378868
2.378875
2.389829
2.425086
2.402008
2.397957
2.389450
2.396009
2.397982
2.391847
2.403695
2.368295
2.401976
2.403601
2.408338
2.401049
2.409875
2.397782
2.366972
2.389693
2.401330
2.416095
2.399542
2.376125
2.385685
2.371401
2.378320
2.368343
2.361780
2.336103
2.335936
2.355132
2.336773
2.313713
2.310149
2.320437
2.314440
2.277241
2.309187
2.318699
2.315538
2.326785
2.355964
2.386946
2.365983
2.338010
2.365864
2.362325
2.391993
2.386876
2.383605
2.381133
2.349238
2.390719
2.374323
2.392825
2.403395
2.393381
2.395159
2.408629
2.382775
2.423675
2.423827
2.404896
2.409566
2.422086
2.390217
2.401704
2.383321
2.381636
2.399649
2.404076
2.417799
2.404916
2.385014
2.361170
2.415145
2.411478
2.402597
2.413112
2.402240
2.371985
2.405913
2.419552
2.399561
2.401648
2.407551
2.393828
2.422715
2.428132
2.414111
2.431614
2.422778
2.393924
2.388856
2.391935
2.423156
2.435611
2.378581
2.422260
2.392269
2.418770
2.433243
2.420032
2.425557
2.398309
2.422649
2.413982
2.423634
2.423020
2.436130
2.428516
2.432118
2.425661
2.415024
2.419748
2.420933
2.442814
2.441877
2.438324
2.408575
2.409014
2.423403
2.470950
2.429437
2.455534
2.425095
2.424202
2.417028
2.472203
2.465300
2.422398
