2.339121
2.343969
2.362995
2.338253
2.369557
2.358392
2.375687
2.373721
2.391879
2.433031
2.447104
2.453767
2.453162
2.493647
2.499938
2.528973
2.567894
2.608428
2.699701
2.616494
2.629414
2.696832
2.680459
2.722932
2.826330
2.889302
2.881822
2.899799
2.893990
3.085284
2.909618
2.975235
3.259582
2.978563
3.184150
3.153287
3.183996
3.084627
3.199106
3.091103
3.330106
3.317234
3.273693
3.318989
3.213447
3.322073
3.219504
3.246204
3.121717
2.876509
2.853381
2.909141
2.959963
2.949482
2.947966
2.962063
3.009288
2.987961
2.917346
2.867226
3.069862
2.932847
3.129493
3.237454
3.125354
3.133265
2.986895
2.811127
2.857386
2.797079
2.730797
2.655032
2.531837
2.647214
2.671666
2.789986
2.897778
2.919798
2.917789
2.992107
3.325949
3.025328
3.061904
3.075818
2.745855
2.773901
2.897558
2.762182
3.018269
2.931528
3.077214
2.978876
3.127938
3.413439
2.994481
3.188884
3.179693
3.231246
2.946644
3.086812
3.076528
2.798782
2.953453
2.763412
2.815142
2.793322
3.102590
3.019544
3.044806
3.022622
3.077195
2.923732
3.066570
2.753738
2.934818
3.204999
3.267228
2.925475
2.950020
2.988027
2.853209
2.834540
3.270398
3.132840
3.440050
3.072874
2.875209
2.683495
2.591465
2.754486
2.910094
2.878337
3.060509
3.299613
3.263020
2.982270
2.960822
3.135098
2.818368
3.245486
2.279043
2.883220
2.278336
2.082835
1.820898
1.876770
1.865117
1.913684
1.979659
1.717528
1.694918
2.007741
1.947644
2.070163
2.167415
1.967830
1.625208
1.742244
1.859363
1.615520
1.518691
1.555845
1.878580
2.625452
2.753197
2.887911
3.153374
2.451213
2.210583
1.849984
1.741895
1.318882
1.231449
1.022004
1.175609
1.655171
2.186531
1.443730
1.848608
1.381349
1.052600
0.973422
0.950388
1.116686
1.422709
1.464176
1.258292
1.402284
1.123563
1.089929
1.071494
1.197924
1.129512
1.306782
1.286764
0.999525
1.109284
1.066664
0.931755
0.684675
0.681304
1.022282
1.101191
1.168018
1.093241
0.986615
0.847081
1.293379
0.918939
0.790603
0.772057
0.945396
1.355307
1.423744
1.332130
0.801645
0.856189
0.708993
0.547748
0.728160
1.116154
1.376729
1.156983
1.107468
0.836366
0.629217
0.433492
0.662282
0.691359
0.991237
1.370300
0.872736
1.021424
0.784023
0.607041
0.516530
0.786763
1.034760
1.007923
0.880390
0.802995
0.616922
0.814831
1.201797
1.299595
1.119730
0.692550
0.552132
0.488153
0.574307
0.947780
0.913681
0.998867
0.800285
0.794038
0.474199
0.502178
0.758263
0.670793
0.705646
0.675917
0.715117
0.672149
0.514176
0.645496
0.868288
1.180111
0.974697
0.833082
0.661421
0.455264
0.660093
0.579588
0.733556
1.003991
1.220120
0.865143
0.755413
0.551661
0.384956
0.352890
0.673467
1.249111
1.451030
1.129429
0.778662
0.712320
0.430648
0.711216
0.644328
0.541167
0.585109
0.387483
0.617672
0.386040
0.466658
0.605137
0.512162
0.609894
0.656076
0.546994
0.865403
0.700681
0.701951
0.587748
0.439633
0.362597
0.431635
0.791233
0.580135
0.616670
0.571921
0.614136
0.646138
0.537609
0.576530
0.887980
1.387816
1.042640
0.851309
0.578547
0.447324
0.445120
0.676324
0.757185
0.735447
0.690267
0.424497
0.642527
0.488420
0.697240
0.748535
0.523812
0.274384
0.478696
0.597725
0.804109
1.117940
0.805122
0.676164
0.346775
0.277607
0.365532
0.739838
1.342979
1.358559
1.225005
0.672344
0.486199
0.266707
0.297351
0.536794
0.416894
0.668781
0.798457
0.667268
0.567612
0.386701
0.287131
0.416047
0.690029
0.919321
1.272319
1.300710
1.064487
0.680334
0.335748
0.275965
0.253453
0.401295
0.589870
1.191061
0.959071
0.508756
0.535413
0.506323
0.589649
0.546171
0.511855
0.538695
0.307553
0.431088
0.444012
0.846027
0.627610
0.520767
0.420684
0.448218
0.257686
0.540897
0.686351
0.618695
0.549744
0.388365
0.313575
0.376544
0.577321
0.590205
0.917943
1.071872
0.816228
0.644104
0.398627
0.368513
0.408833
0.398546
0.540516
0.725574
0.461334
0.479620
0.385116
0.195826
0.478215
0.443915
0.737688
0.844998
0.781417
0.713744
0.323412
0.294050
0.309220
0.251930
0.571352
0.551640
0.652923
0.520194
0.457022
0.418320
0.893378
0.786970
0.721981
0.651769
0.356497
0.312649
0.314943
0.298740
0.337863
0.567338
0.721655
0.647734
0.506871
0.359925
0.482836
0.598619
0.590222
0.471220
0.510022
0.485638
0.410814
0.405206
0.396240
0.404315
0.408415
0.368294
0.302525
0.263896
0.382947
0.355157
0.768665
0.679275
0.512392
0.354026
0.349141
0.443517
0.541000
0.501523
0.316754
0.291073
0.374120
0.453282
0.503227
0.518856
0.746259
0.442133
0.375128
0.289877
0.345329
0.288423
0.237072
0.531116
0.894181
0.591202
0.390184
0.331661
0.284919
0.296819
0.357518
0.616641
0.768762
0.702644
0.510785
0.408701
0.282636
0.269040
0.234625
0.476986
0.754572
0.959683
1.003534
0.470919
