2.306797
2.312107
2.338268
2.341835
2.345458
2.358095
2.369598
2.363282
2.388298
2.382668
2.377634
2.399326
2.416883
2.411844
2.398028
2.399109
2.408665
2.391413
2.362797
2.362212
2.345774
2.181790
2.038517
2.107289
2.099818
1.877312
1.756290
1.898910
1.797516
1.683217
1.716675
1.786156
1.712115
1.675585
1.619242
1.652265
1.719506
1.676944
1.600422
1.600063
1.661450
1.727691
1.689704
1.606684
1.572745
1.593801
1.584478
1.641285
1.651674
1.639443
1.617147
1.576726
1.550362
1.530340
1.593208
1.608194
1.590106
1.592820
1.561433
1.592372
1.577929
1.558233
1.569889
1.574717
1.588563
1.534138
1.579841
1.550271
1.541131
1.539884
1.536080
1.537205
1.510165
1.603424
1.575413
1.546079
1.525892
1.544206
1.532562
1.561011
1.562758
1.577907
1.565676
1.513022
1.502718
1.540186
1.552036
1.596881
1.563036
1.556497
1.530129
1.534916
1.515192
1.530396
1.557572
1.526851
1.572960
1.514143
1.527218
1.526446
1.511717
1.557890
1.542268
1.529477
1.497048
1.538382
1.552257
1.542127
1.555724
1.565870
1.521089
1.508458
1.517082
1.498078
1.544859
1.587209
1.542155
1.542636
1.523359
1.505439
1.488327
1.521300
1.549849
1.538106
1.549792
1.528603
1.508343
1.515317
1.540190
1.556422
1.523971
1.515365
1.531391
1.504985
1.519463
1.503281
1.553959
1.512149
1.496649
1.532542
1.521996
1.534571
1.510553
1.504501
1.540160
1.508294
1.486767
1.518476
1.513821
1.508852
1.540703
1.513850
1.512540
1.522233
1.534153
1.523659
1.508783
1.507669
1.498459
1.520968
1.504192
1.521649
1.538707
1.500567
1.496210
1.526966
1.517633
1.512276
1.517866
1.514299
1.490148
1.521943
1.484282
1.523624
1.509029
1.492456
1.517122
1.518462
1.502797
1.507577
1.487397
1.541526
1.516455
1.504788
1.488565
1.504207
1.493941
1.514000
1.489958
1.497906
1.487620
1.515622
1.506753
1.520974
1.487234
1.504462
1.511472
1.541874
1.500900
1.493482
1.513199
1.491791
1.486765
1.479306
1.504889
1.511697
1.524496
1.511654
1.478763
1.497696
1.495594
1.496925
1.491845
1.511873
1.524215
1.516846
1.484378
1.492334
1.488635
1.499943
1.495206
1.507683
1.517367
1.533097
1.476086
1.508912
1.503218
1.484840
1.485299
1.519106
1.534309
1.509198
1.489178
1.489881
1.487127
1.479982
1.493840
1.512651
1.510710
1.494617
1.503507
1.504707
1.487370
1.504665
1.512026
1.507926
1.513366
1.494801
1.482936
1.486428
1.488115
1.508581
1.499060
1.517147
1.490992
1.489847
1.492263
1.502411
1.485078
1.486005
1.490335
1.498310
1.512886
1.520594
1.517643
1.470012
1.480976
1.495866
1.491282
1.495899
1.498953
1.486467
1.498894
1.501933
1.492351
1.509752
1.487517
1.497561
1.495600
1.477837
1.485392
1.484016
1.494977
1.501655
1.487624
1.509950
1.482827
1.502588
1.482835
1.498132
1.490563
1.497082
1.488454
1.478661
1.489219
1.501438
1.501811
1.481346
1.495631
1.476546
1.528808
1.489580
1.498142
1.487610
1.477505
1.508283
1.491100
1.482550
1.494701
1.499201
1.492003
1.486562
1.499632
1.482825
1.477011
1.470246
1.483314
1.473090
1.491906
1.495882
1.511687
1.478439
1.483196
1.478772
1.494032
1.481004
1.485836
1.494049
1.506607
1.501163
1.491013
1.480090
1.484475
1.484509
1.486386
1.490346
1.492176
1.497300
1.487575
1.482428
1.481242
1.483531
1.499199
1.485000
1.487085
1.497599
1.481152
1.486120
1.480152
1.484046
1.482730
1.502927
1.488902
1.485034
1.476652
1.473791
1.481120
1.504766
1.483393
1.528482
1.490091
1.481564
1.477545
1.486465
1.492872
1.487353
1.484773
1.495046
1.490685
1.498180
1.467787
1.485763
1.483498
1.489297
1.502820
1.478259
1.505852
1.477544
1.502208
1.468943
1.469660
1.499667
1.477343
1.485080
1.471882
1.492957
1.496956
1.488056
1.498819
1.486069
1.481879
1.474724
1.479908
1.478138
1.479813
1.490282
1.496806
1.477049
1.488116
1.466100
1.485970
1.488797
1.477023
1.491877
1.478606
1.477030
1.484574
1.482748
1.475662
1.500806
1.498508
1.482193
1.488907
1.485978
1.477842
1.491513
1.485367
1.516412
1.475642
1.494843
1.476468
1.471591
1.487424
1.482109
1.488032
1.494074
1.487260
1.484752
1.474574
1.488828
1.486796
1.482971
1.484591
1.483113
1.479161
1.475313
1.478825
1.506682
1.485261
1.475964
1.478565
1.481748
1.469543
1.507814
1.490450
1.497449
1.482463
1.483289
1.471179
1.472856
1.479911
1.523089
1.476615
1.489136
1.481696
1.477655
1.489484
1.477590
1.485181
1.485208
1.482140
1.492561
1.476918
1.470185
1.477818
1.495707
1.485183
1.481483
1.477893
1.485808
1.486178
1.484108
1.494799
1.484508
1.471488
1.482769
1.469647
1.468273
1.481941
1.495293
1.487133
1.486987
1.476316
1.476239
1.492013
1.501120
1.477095
1.472816
1.473476
1.477598
1.479926
1.480683
1.486349
1.479504
1.475214
1.470339
1.474157
1.487280
1.497440
1.489601
