2.305544
2.306095
2.300400
2.299757
2.296840
2.305951
2.295398
2.308723
2.296657
2.283023
2.264548
2.247911
2.231131
2.230505
2.189349
2.172100
2.211324
2.164145
2.138357
2.127992
2.135573
2.097630
2.084228
2.003875
1.961140
1.936892
1.892216
1.884398
1.841573
1.861274
1.830907
1.789387
1.794354
1.781244
1.778959
1.766878
1.768634
1.750270
1.715216
1.733232
1.693295
1.714727
1.695419
1.686637
1.714511
1.697172
1.719800
1.726875
1.719817
1.654949
1.670444
1.685911
1.675443
1.627136
1.645217
1.653987
1.661199
1.655515
1.631831
1.603280
1.657727
1.632818
1.670829
1.605312
1.621121
1.656763
1.598087
1.623304
1.632982
1.598360
1.614508
1.578950
1.597785
1.635984
1.650027
1.592325
1.631562
1.609105
1.630520
1.581242
1.588283
1.570564
1.583056
1.578169
1.587939
1.578657
1.586942
1.589578
1.575585
1.622899
1.616090
1.570538
1.588141
1.591240
1.568176
1.583450
1.574856
1.586710
1.608061
1.579871
1.597647
1.569114
1.566665
1.558514
1.589590
1.550704
1.562711
1.545736
1.587994
1.557913
1.559056
1.599394
1.578881
1.590627
1.563850
1.578282
1.589679
1.550917
1.566766
1.574709
1.558865
1.549710
1.573274
1.550801
1.563524
1.560726
1.540109
1.548314
1.567036
1.555267
1.560551
1.562501
1.556021
1.557731
1.558421
1.563129
1.532240
1.592017
1.577970
1.546861
1.554804
1.541281
1.542148
1.546288
1.548435
1.539850
1.575770
1.545553
1.583568
1.583812
1.558710
1.567157
1.563909
1.562788
1.534680
1.535411
1.520125
1.524006
1.545214
1.560390
1.528175
1.543418
1.531981
1.565267
1.553375
1.560568
1.542651
1.566984
1.537147
1.522307
1.533501
1.541589
1.551782
1.525884
1.551134
1.549925
1.577446
1.529637
1.533090
1.528702
1.572434
1.551208
1.522857
1.525680
1.502248
1.540347
1.550644
1.542571
1.527959
1.535782
1.520659
1.532123
1.541245
1.537311
1.517367
1.534588
1.541242
1.526162
1.524938
1.524214
1.531429
1.525583
1.564447
1.539312
1.533182
1.498513
1.522613
1.534815
1.562050
1.530411
1.540193
1.511048
1.551369
1.551725
1.522890
1.523013
1.539186
1.522363
1.526551
1.502041
1.492068
1.536182
1.532940
1.528468
1.549529
1.520219
1.529699
1.557338
1.533733
1.523056
1.523679
1.518766
1.526388
1.519475
1.523262
1.544084
1.493989
1.541849
1.519750
1.525096
1.515798
1.526161
1.534598
1.513376
1.549517
1.514854
1.523345
1.527658
1.510663
1.521163
1.533384
1.498267
1.496655
1.510605
1.531181
1.513166
1.501091
1.522223
1.508433
1.512592
1.510254
1.514500
1.533361
1.524873
1.511534
1.526403
1.515810
1.521418
1.504459
1.530406
1.506657
1.515388
1.516203
1.499337
1.507119
1.506312
1.507688
1.523096
1.524568
1.523164
1.519655
1.509951
1.498561
1.501462
1.510513
1.516012
1.520149
1.503361
1.544313
1.501171
1.506865
1.528489
1.525044
1.508381
1.525305
1.503733
1.513152
1.500973
1.506158
1.535899
1.497071
1.508750
1.538155
1.509293
1.512717
1.511413
1.494891
1.526805
1.506182
1.511734
1.522208
1.509228
1.515827
1.489181
1.505369
1.514707
1.529178
1.510548
1.503789
1.506762
1.517681
1.506027
1.516836
1.491115
1.516385
1.533823
1.501315
1.518710
1.500841
1.496749
1.517246
1.505100
1.492416
1.523772
1.505703
1.513243
1.522543
1.484693
1.508591
1.530381
1.501943
1.486865
1.491708
1.558876
1.518561
1.512653
1.497038
1.500922
1.500322
1.508138
1.508645
1.497682
1.509655
1.497038
1.503565
1.498489
1.505707
1.495079
1.517888
1.499153
1.508490
1.501849
1.488952
1.494100
1.508940
1.493066
1.499980
1.509881
1.518738
1.515262
1.488949
1.497933
1.495306
1.503353
1.501342
1.496654
1.524820
1.522031
1.509011
1.516568
1.496531
1.497868
1.499149
1.505525
1.504396
1.519294
1.487547
1.506881
1.486651
1.511877
1.504169
1.473516
1.530028
1.508605
1.502198
1.520196
1.489996
1.518887
1.496969
1.513092
1.508547
1.490434
1.518322
1.493067
1.489782
1.503724
1.498149
1.498295
1.512729
1.485447
1.500090
1.492536
1.494145
1.508345
1.504640
1.509140
1.489117
1.526842
1.492893
1.496439
1.485275
1.512023
1.491265
1.508862
1.515596
1.509007
1.518716
1.490687
1.497971
1.502922
1.518386
1.503561
1.498382
1.499808
1.486373
1.480301
1.493000
1.529617
1.484078
1.495555
1.497045
1.504911
1.489268
1.496560
1.498561
1.500544
1.497574
1.494854
1.500081
1.498112
1.486666
1.503642
1.499040
1.518461
1.482842
1.494487
1.486304
1.514928
1.507817
1.504058
1.503117
1.498732
1.500446
1.489657
1.504792
1.471604
1.483902
1.499069
1.507380
1.493238
1.488530
1.498606
1.498229
1.509105
1.495320
1.489509
1.505231
1.489647
1.498780
1.493479
1.509448
1.484197
1.490424
1.496877
1.526439
1.506592
1.482426
1.486018
1.488709
1.486403
1.489806
1.490506
1.509315
1.519893
1.488092
1.493778
1.487330
1.509924
1.504370
1.509181
