2.287534
2.281418
2.248751
2.249670
2.247014
2.318873
2.405769
2.325063
2.310134
2.302534
2.302910
2.310743
2.316636
2.312485
2.312700
2.311754
2.308174
2.305835
2.305381
2.302913
2.302534
2.302910
2.303100
2.302480
2.303814
2.302994
2.303433
2.302585
2.303547
2.302585
2.302585
2.302585
2.303070
2.302585
2.303914
2.302585
2.302585
2.302585
2.302585
2.302585
2.302585
2.302994
2.302709
2.302585
2.303687
2.302534
2.303202
2.302585
2.302585
2.302585
2.302534
2.302428
2.302421
2.302585
2.302585
2.302585
2.302585
2.302585
2.302585
2.302585
2.303138
2.303202
2.302585
2.302421
2.302585
2.303315
2.303070
2.302585
2.302534
2.303315
2.302585
2.302585
2.303202
2.303202
2.303138
2.302257
2.303932
2.302585
2.302585
2.302585
2.302585
2.302421
2.302585
2.302585
2.302585
2.303315
2.302585
2.302585
2.302374
2.302585
2.302585
2.302910
2.302585
2.302534
2.303138
2.302585
2.303088
2.302585
2.303202
2.303097
2.302585
2.302746
2.302585
2.302585
2.302585
2.302585
2.302585
2.302585
2.302585
2.302480
2.303202
2.302534
2.303138
2.302585
2.302480
2.302585
2.302585
2.302534
2.302480
2.302585
2.302585
2.302585
2.302585
2.302585
2.302585
2.302585
2.302585
2.302585
2.302585
2.302534
2.303756
2.302585
2.303138
2.303033
2.302480
2.303202
2.302585
2.302585
2.302585
2.302585
2.303202
2.302585
2.302421
2.303433
2.302585
2.302910
2.302585
2.302585
2.302585
2.302421
2.302585
2.304045
2.302585
2.303315
2.302585
2.302421
2.302816
2.302585
2.302480
2.303070
2.302585
2.302585
2.302585
2.302585
2.302910
2.303202
2.302585
2.303202
2.302585
2.303138
2.302585
2.302585
2.302974
2.302585
2.302585
2.303088
2.302585
2.302585
2.303202
2.302534
2.302585
2.303261
2.302585
2.302585
2.302585
2.302585
2.303151
2.302585
2.302585
2.302585
2.303202
2.302585
2.302585
2.302421
2.302585
2.302585
2.302585
2.302585
2.302585
2.303463
2.302585
2.302585
2.302585
2.302534
2.302315
2.302585
2.302585
2.302585
2.302585
2.302585
2.302585
2.303202
2.303991
2.303756
2.302585
2.303433
2.302585
2.303088
2.302585
2.302480
2.302585
2.302585
2.302585
2.302585
2.302585
2.302585
2.302585
2.303554
2.302585
2.302585
2.302585
2.303138
2.302816
2.302370
2.302585
2.302585
2.302910
2.302585
2.303202
2.302585
2.303202
2.302585
2.302585
2.302480
2.302585
2.302585
2.302480
2.303261
2.302480
2.303138
2.302534
2.302585
2.302585
2.302585
2.302585
2.302585
2.303261
2.303138
2.303138
2.302585
2.302585
2.302585
2.302585
2.302585
2.303315
2.302257
2.302585
2.302585
2.303138
2.302585
2.302585
2.303138
2.302585
2.302421
2.303315
2.303202
2.302585
2.302585
2.302816
2.303261
2.302421
2.302585
2.302585
2.302585
2.303202
2.303261
2.303202
2.302585
2.302585
2.302585
2.302534
2.302783
2.303138
2.302585
2.302534
2.302585
2.302585
2.303202
2.302585
2.302585
2.302585
2.302585
2.302585
2.302585
2.302585
2.303202
2.302585
2.303819
2.302585
2.302585
2.303611
2.302534
2.302585
2.302585
2.302585
2.302237
2.303138
2.302585
2.302585
2.302585
2.302585
2.303261
2.302585
2.302585
2.302480
2.302421
2.302585
2.302585
2.302585
2.302585
2.303261
2.303138
2.303315
2.302585
2.302585
2.302585
2.302816
2.302585
2.302994
2.302585
2.302480
2.302585
2.302585
2.302585
2.303138
2.302585
2.302585
2.302585
2.303261
2.302585
2.303819
2.302585
2.302585
2.302585
2.302585
2.302534
2.302585
2.302816
2.302585
2.302585
2.302585
2.303315
2.303202
2.303261
2.302585
2.303138
2.302480
2.302585
2.302585
2.303315
2.302585
2.302585
2.302585
2.302585
2.302585
2.303611
2.302888
2.302585
2.302151
2.302585
2.303315
2.302585
2.303261
2.302585
2.302315
2.303315
2.302421
2.302585
2.302585
2.302585
2.303138
2.302585
2.302585
2.302480
2.302585
2.302585
2.303070
2.302585
2.302421
2.302480
2.303202
2.302994
2.303756
2.302585
2.302585
2.302585
2.302585
2.303261
2.302585
2.302585
2.302585
2.302585
2.302585
2.302994
2.303202
2.302816
2.302585
2.302585
2.303869
2.302585
2.302585
2.303315
2.302585
2.302585
2.302585
2.302421
2.302994
2.303202
2.302816
2.302585
2.303261
2.302585
2.302421
2.302585
2.303315
2.302585
2.302480
2.302585
2.302585
2.302585
2.302421
2.302480
2.303138
2.302585
2.302994
2.303070
2.303202
2.302585
2.302585
2.302585
2.302585
2.303202
2.303261
2.302585
2.302480
2.302585
2.303202
2.302585
2.302585
2.302585
2.303138
2.302585
2.302585
2.302480
2.302816
2.303315
2.302585
2.302480
2.302585
2.303202
2.302585
2.302585
2.302585
2.303070
2.303936
2.302585
2.303202
2.302585
2.302585
2.302585
2.302585
2.302421
2.302585
2.303202
2.302585
2.302585
2.302480
2.302910
2.303315
2.302421
2.302585
2.302585
2.302585
2.303819
2.302585
2.302480
2.302585
2.302585
2.302585
2.302585
