2.249225
2.246362
2.250231
2.260117
2.244424
2.248871
2.268473
2.243413
2.249762
2.254781
2.253198
2.247881
2.235609
2.233685
2.249393
2.192085
2.180243
2.204453
2.139473
2.178145
2.106094
2.158384
2.163054
2.125846
2.197815
2.090050
2.185764
2.007874
2.130067
2.105716
2.031128
2.174877
2.142223
2.096915
1.965410
2.138713
2.304498
2.013114
2.218946
2.420699
2.316789
2.415987
2.435899
2.975135
2.870734
2.624476
2.813922
2.902259
3.144645
3.177012
3.274480
3.515048
3.491035
4.076874
6.182533
4.056452
4.149506
5.821042
7.151697
7.750257
6.780785
7.326091
9.149457
10.667093
13.838082
21.932671
17.308237
35.475895
27.955336
41.943184
32.843510
127.744888
174.359970
117.696030
58.607597
5.542465
2.426440
2.385229
2.369198
2.355745
2.352298
2.374195
2.383375
2.403145
2.434906
2.458765
2.458756
2.470518
2.469907
2.507968
2.494269
2.459363
2.499732
2.472507
2.486361
2.454278
2.444215
2.417675
2.417849
2.445583
2.406863
2.403810
2.395751
2.411324
2.428135
2.404881
2.397781
2.373555
2.382835
2.356428
2.372248
2.373243
2.328788
2.323802
2.320210
2.265090
2.267439
2.250504
2.202604
2.176435
2.216148
2.149235
2.124553
2.070206
2.063614
2.023205
2.002571
2.011746
1.925849
1.971552
1.995304
1.921651
1.902661
1.877193
1.883005
1.985251
1.865458
1.834493
1.884816
1.966789
1.899481
1.923868
1.948730
1.849030
1.808525
2.009958
1.637227
1.577109
1.580343
1.695301
1.765357
1.897875
2.025118
1.793331
2.182642
2.051606
1.951963
2.188680
2.282572
2.117858
2.249323
1.897836
1.542167
2.399027
2.318157
2.427747
2.586638
2.235260
2.477352
2.993404
2.921139
2.371217
2.090019
2.585331
2.260374
2.927409
2.273644
2.487085
3.092809
4.493893
3.245852
2.488484
2.795966
4.559973
4.655793
4.392269
4.027089
5.393167
5.724415
5.377065
6.104705
5.039907
7.918299
9.508245
10.225411
10.714628
5.135320
6.667493
10.508182
9.669684
9.129126
9.976083
19.614809
13.738565
17.211433
17.596615
27.438614
47.814716
43.786316
42.971752
21.950472
33.097450
33.686340
43.062225
61.760178
72.262657
62.157574
46.618992
27.923443
14.405223
11.740086
4.570023
4.375649
5.101086
1.794524
1.297228
2.729831
2.107001
1.443073
2.168129
2.162193
2.420464
2.245368
1.972495
1.985453
1.805934
1.697654
1.648312
1.783567
1.790305
1.676285
1.748368
1.742750
1.486098
1.415184
1.224018
1.645042
1.405496
1.668567
1.458674
1.473795
1.325020
1.504387
1.301530
1.574290
1.560609
1.347038
2.185753
1.489202
1.592024
1.484983
1.317222
1.540487
1.653857
1.339327
1.215425
1.236109
1.220223
1.116625
1.107923
1.115218
1.365018
1.457843
1.337935
1.145429
1.140958
1.259141
1.039924
1.357659
1.081487
1.530374
1.460891
1.194743
0.985704
1.249542
1.012050
1.254455
0.923535
1.001160
1.102161
1.098394
1.038121
0.921822
0.781970
0.642500
1.458788
0.958770
0.703216
0.874336
0.769110
1.023031
0.750255
0.750693
1.012024
0.776323
0.864530
0.800901
0.923238
0.906449
0.723780
0.779045
0.876862
0.931264
0.720783
0.575755
0.888649
0.614398
0.881787
0.682050
0.844270
0.697411
0.765134
0.909858
0.993692
0.723944
0.937301
0.734548
0.805751
0.429974
0.894232
0.836489
0.599721
0.933425
0.601449
0.707734
0.741595
0.717113
0.550471
0.604304
0.617102
0.696363
0.579183
0.699186
0.404332
0.760957
0.691387
0.808641
0.708474
0.340156
0.536308
0.735455
0.711815
0.661903
0.649929
0.712423
0.578417
0.782102
0.632443
0.802278
0.576633
0.644550
0.561439
0.773375
0.667691
0.655151
0.597785
0.613486
0.714921
0.610975
0.563338
0.552038
0.735776
0.550941
0.787279
0.725242
0.612252
0.471657
0.723574
0.689455
0.678051
0.819977
0.782747
0.531078
0.678794
0.465802
0.609620
0.468850
0.734899
0.464351
0.483808
0.415915
0.478166
0.576261
0.597999
0.675835
0.664054
0.602346
0.423771
0.518174
0.665582
0.573218
0.488563
0.631257
0.558119
0.629607
0.418172
0.835786
0.419661
0.565784
0.547984
0.423438
0.489709
0.543052
0.558600
0.449185
0.661080
0.617216
0.748084
0.882701
0.639044
0.750465
0.732669
0.460409
0.493284
0.444661
0.242422
0.637620
0.489453
0.426382
0.424540
0.548526
0.455322
0.466376
0.532675
0.555387
0.505072
0.320779
0.557071
0.557357
0.420190
0.352995
0.762392
0.463642
0.486651
0.375847
0.393019
0.618941
0.594121
0.524301
0.553124
0.514737
0.426088
0.617916
0.578380
0.506666
0.645753
0.538557
0.561038
0.332507
0.485674
0.623412
0.522452
0.382436
0.573883
0.450630
0.501126
0.597110
0.619439
0.482023
0.564129
0.379493
0.460720
0.535480
0.481349
0.491486
0.502456
0.618100
0.576020
0.578882
0.341938
0.572817
0.483169
0.351161
0.448486
0.618564
0.499462
0.367072
0.516109
0.520747
0.639840
0.505062
0.234503
0.399453
0.408099
0.399514
0.405943
0.434286
0.429949
0.447212
0.559580
