2.306918
2.306732
2.314029
2.305850
2.339218
2.376688
2.283582
2.290431
2.301097
2.299427
2.291374
2.295631
2.298055
2.300121
2.301539
2.301559
2.302237
2.302197
2.301811
2.302319
2.302370
2.302585
2.302534
2.302483
2.302124
2.302288
2.302585
2.302585
2.302585
2.302585
2.302585
2.302534
2.303070
2.302585
2.302585
2.302816
2.302585
2.302585
2.302585
2.302585
2.302288
2.302585
2.302585
2.302585
2.302585
2.302585
2.302585
2.302288
2.302585
2.302357
2.302585
2.302585
2.302585
2.302585
2.302421
2.302585
2.302585
2.302585
2.302585
2.302585
2.302534
2.302585
2.302534
2.302585
2.302585
2.302585
2.302480
2.302585
2.302585
2.302534
2.302585
2.302585
2.302585
2.302585
2.302585
2.302585
2.302585
2.302585
2.302585
2.302585
2.302534
2.302816
2.302585
2.302585
2.302585
2.302585
2.302585
2.302585
2.302585
2.302585
2.302585
2.302534
2.302585
2.302585
2.302585
2.302585
2.302585
2.302585
2.302585
2.302421
2.302585
2.302534
2.302480
2.302585
2.302585
2.302585
2.302193
2.302585
2.302585
2.302585
2.302480
2.302585
2.302585
2.302585
2.302585
2.302585
2.302585
2.302585
2.302421
2.302255
2.302585
2.302910
2.302585
2.302585
2.302585
2.302585
2.302585
2.302585
2.302585
2.302585
2.302585
2.302585
2.302585
2.302585
2.302585
2.302585
2.302585
2.302421
2.302585
2.302585
2.302421
2.302585
2.302585
2.302534
2.302585
2.302585
2.302421
2.302585
2.302585
2.302585
2.302585
2.302585
2.302585
2.302585
2.302585
2.302585
2.302585
2.302585
2.302585
2.302585
2.302585
2.302480
2.302585
2.302585
2.302585
2.302585
2.302585
2.302534
2.302585
2.302585
2.302357
2.302585
2.302585
2.302534
2.302585
2.302421
2.302585
2.302534
2.302585
2.302585
2.302585
2.302585
2.302585
2.302421
2.302585
2.302910
2.302585
2.302585
2.302421
2.302585
2.302421
2.302421
2.302585
2.302585
2.302585
2.302421
2.302585
2.302480
2.302357
2.302585
2.302534
2.302585
2.302585
2.302534
2.302585
2.302585
2.302585
2.302585
2.302585
2.302585
2.302585
2.302585
2.302585
2.302585
2.302585
2.302585
2.302585
2.302585
2.302585
2.302910
2.302585
2.302534
2.302585
2.302585
2.302585
2.302585
2.302585
2.302585
2.302585
2.302585
2.302585
2.302585
2.302585
2.302585
2.302534
2.302212
2.302534
2.302585
2.302585
2.302585
2.302585
2.302585
2.302585
2.302585
2.302585
2.302585
2.302585
2.302585
2.302421
2.302534
2.302585
2.302357
2.302585
2.302585
2.302585
2.302257
2.302585
2.302421
2.302585
2.302585
2.302585
2.302585
2.302585
2.302585
2.302585
2.302585
2.302585
2.302585
2.302421
2.302585
2.302585
2.302257
2.302585
2.302585
2.302585
2.302585
2.302193
2.302585
2.302534
2.302585
2.302585
2.302585
2.302585
2.302585
2.302585
2.302585
2.302585
2.302585
2.302585
2.302585
2.302534
2.302585
2.302585
2.302534
2.302585
2.302585
2.302585
2.302585
2.302585
2.302585
2.302212
2.302585
2.302585
2.302585
2.302421
2.302585
2.302585
2.302585
2.302585
2.302585
2.302534
2.302212
2.302534
2.302585
2.302585
2.302585
2.302585
2.302585
2.302585
2.302585
2.302585
2.302585
2.302534
2.302585
2.302585
2.302357
2.302585
2.302585
2.302585
2.302421
2.302585
2.302585
2.302585
2.302585
2.302585
2.302421
2.302585
2.302585
2.302585
2.302585
2.302421
2.302585
2.302585
2.302585
2.302585
2.302421
2.302534
2.302421
2.302585
2.302585
2.302585
2.302585
2.302421
2.302585
2.302585
2.302585
2.302585
2.302534
2.302585
2.302585
2.302585
2.302585
2.302212
2.302585
2.302585
2.302585
2.302585
2.302357
2.302585
2.302585
2.302585
2.302585
2.302534
2.302585
2.302585
2.302585
2.302421
2.302585
2.302585
2.302585
2.302585
2.302585
2.302421
2.302534
2.302585
2.302421
2.302421
2.302585
2.302585
2.302585
2.302585
2.302585
2.302585
2.302585
2.302534
2.302585
2.302585
2.302585
2.302585
2.302585
2.302585
2.302585
2.302585
2.302585
2.302585
2.302585
2.302585
2.302585
2.302212
2.302585
2.302212
2.302585
2.302421
2.302585
2.302585
2.302534
2.302585
2.302585
2.302585
2.302585
2.302585
2.302421
2.302585
2.302585
2.302585
2.302585
2.302585
2.302585
2.302585
2.302421
2.302585
2.302816
2.302585
2.302585
2.302585
2.302534
2.302585
2.302534
2.302212
2.302585
2.302585
2.302585
2.302585
2.302585
2.302585
2.302585
2.302534
2.302585
2.302585
2.302585
2.302585
2.302585
2.302585
2.302421
2.302585
2.302257
2.302585
2.302585
2.302212
2.302585
2.302585
2.302585
2.302585
2.302585
2.302585
2.302585
2.302585
2.302585
2.302585
2.302585
2.302421
2.302534
2.302585
2.302585
2.302585
2.302585
2.302585
2.302585
2.302421
2.302585
2.302585
2.302585
2.302421
2.302585
2.302534
2.302585
2.302765
2.302585
2.302585
2.302585
2.302585
2.302421
2.302585
2.302585
2.302585
2.302421
2.302585
2.302534
2.302585
2.302585
