2.310852
2.309695
2.307035
2.306497
2.304112
2.319331
2.326811
2.296881
2.294106
2.265184
2.251764
2.243916
2.239985
2.234921
2.174425
2.099560
2.012109
1.996048
2.009319
1.932618
2.022309
1.931861
1.858676
1.785681
1.805679
1.777340
1.745654
1.753737
1.683350
1.688098
1.711802
1.689118
1.637517
1.654440
1.693555
1.754077
1.768014
1.760604
1.781472
1.756413
1.772503
1.741485
1.731110
1.707891
1.701009
1.721058
1.725485
1.740573
1.805967
1.816971
1.758451
1.766549
1.766427
1.781892
1.756381
1.746328
1.734445
1.705589
1.708338
1.729028
1.689712
1.677436
1.664409
1.643472
1.632689
1.640235
1.632674
1.661073
1.599625
1.615005
1.583275
1.562323
1.578866
1.564822
1.537509
1.541766
1.566181
1.587080
1.585313
1.603015
1.546520
1.565219
1.588566
1.601378
1.614900
1.638230
1.634066
1.639528
1.641475
1.637650
1.623187
1.626588
1.640118
1.656803
1.639866
1.639727
1.644796
1.660622
1.659997
1.701068
1.723781
1.713915
1.736197
1.713691
1.744072
1.746899
1.722434
1.716512
1.680464
1.682654
1.660674
1.699063
1.673482
1.656553
1.660229
1.660372
1.649926
1.649204
1.661485
1.701363
1.674764
1.699129
1.717163
1.705086
1.709078
1.683743
1.676406
1.693500
1.661286
1.676810
1.642341
1.647069
1.641008
1.650729
1.666506
1.679592
1.656935
1.679153
1.646101
1.651842
1.647015
1.671338
1.651098
1.674361
1.660675
1.634712
1.665031
1.646193
1.625074
1.632695
1.613918
1.605687
1.614811
1.656699
1.632321
1.633386
1.648019
1.672139
1.669004
1.643010
1.659268
1.655487
1.658060
1.638201
1.636586
1.653296
1.677505
1.709153
1.695399
1.697618
1.670405
1.704855
1.678181
1.678839
1.659728
1.637596
1.655885
1.652015
1.657959
1.642329
1.643778
1.613161
1.620403
1.636769
1.623767
1.673944
1.628397
1.648524
1.616849
1.626715
1.616425
1.620794
1.617171
1.612962
1.631007
1.646854
1.629417
1.656867
1.631085
1.663656
1.637520
1.650113
1.651611
1.655788
1.653116
1.636634
1.625867
1.624253
1.619098
1.649805
1.618569
1.616666
1.611688
1.617430
1.600219
1.606043
1.605165
1.628855
1.635399
1.634653
1.646290
1.616849
1.641125
1.616918
1.638132
1.619223
1.626919
1.609849
1.608410
1.599850
1.606541
1.606795
1.623377
1.610898
1.611939
1.615988
1.606300
1.612525
1.608922
1.614944
1.610532
1.611775
1.621947
1.624857
1.606194
1.612303
1.607059
1.603879
1.619294
1.605989
1.606490
1.590598
1.603632
1.614012
1.599550
1.601592
1.596294
1.608333
1.618304
1.605053
1.625171
1.628324
1.620278
1.613789
1.628484
1.620863
1.593139
1.619693
1.601665
1.596668
1.589514
1.611053
1.585483
1.602095
1.615557
1.603881
1.615132
1.603336
1.629851
1.594245
1.607280
1.593951
1.612390
1.597146
1.602286
1.621108
1.619261
1.612659
1.603829
1.594166
1.617125
1.595708
1.599668
1.598168
1.611037
1.598170
1.603790
1.593079
1.603884
1.601836
1.597535
1.617613
1.606832
1.581458
1.616881
1.601350
1.602874
1.613165
1.612246
1.599066
1.601375
1.599804
1.601709
1.603834
1.594040
1.594290
1.603301
1.604409
1.586578
1.594785
1.602722
1.592183
1.597207
1.624636
1.597963
1.613739
1.581071
1.600772
1.606726
1.593483
1.598526
1.605950
1.587442
1.603974
1.584479
1.596798
1.585387
1.610258
1.600047
1.593086
1.628740
1.607842
1.599647
1.595536
1.595067
1.587805
1.588795
1.596398
1.585961
1.580290
1.591097
1.583229
1.596966
1.620384
1.602612
1.590070
1.602184
1.604187
1.590991
1.585835
1.594821
1.594079
1.599060
1.602711
1.578866
1.583304
1.594695
1.592113
1.602765
1.588958
1.601951
1.580420
1.576965
1.593243
1.583086
1.591712
1.575696
1.579937
1.579067
1.592241
1.585103
1.602393
1.577163
1.586484
1.588402
1.570354
1.585131
1.576290
1.582518
1.571487
1.564706
1.579694
1.574538
1.567211
1.556441
1.582584
1.562682
1.573672
1.582543
1.565362
1.578769
1.565580
1.555386
1.576750
1.564582
1.562696
1.563887
1.557079
1.551767
1.558526
1.540927
1.541581
1.538261
1.530238
1.535031
1.533980
1.527405
1.525383
1.519630
1.530400
1.508601
1.498424
1.518582
1.517995
1.509172
1.518741
1.516232
1.509078
1.515416
1.510863
1.512848
1.501995
1.515105
1.527416
1.505288
1.506819
1.515755
1.506075
1.504214
1.481816
1.507285
1.482468
1.498466
1.486472
1.498766
1.505192
1.500691
1.492480
1.497555
1.483056
1.494308
1.494614
1.483333
1.503007
1.486002
1.486897
1.483229
1.495950
1.501351
1.500185
1.508549
1.476305
1.513165
1.508228
1.491186
1.496006
1.490246
1.486119
1.478748
1.496289
1.479155
1.498566
1.500525
1.482391
1.497249
1.491701
1.498842
1.484026
1.482939
1.494373
1.486091
1.478573
1.494356
1.481163
1.498974
1.479165
1.481483
1.504453
1.485294
1.500444
1.488120
1.513606
1.473209
1.512010
1.488192
1.502832
1.483772
1.480417
1.494846
1.473854
