2.301590
2.297959
2.298270
2.284108
2.277068
2.246833
2.266780
2.213717
2.225435
2.196965
2.170275
2.142881
2.103476
2.057465
1.987674
1.947421
1.984211
1.916098
1.869200
1.842850
1.820810
1.803664
1.782522
1.737950
1.801845
1.738421
1.719349
1.763490
1.727103
1.682319
1.702738
1.687111
1.641500
1.653040
1.694550
1.728108
1.656682
1.615954
1.639910
1.650488
1.690347
1.690428
1.674810
1.683675
1.700831
1.586567
1.702849
1.659922
1.627871
1.616955
1.642090
1.616866
1.663140
1.636539
1.607896
1.639822
1.590422
1.630986
1.646772
1.628592
1.638531
1.629908
1.668279
1.649794
1.658791
1.623142
1.634296
1.599235
1.627346
1.637698
1.613188
1.592066
1.637261
1.682558
1.599238
1.618786
1.628333
1.597274
1.624730
1.602675
1.619897
1.578050
1.650505
1.596829
1.645482
1.609834
1.642885
1.643821
1.644126
1.622314
1.663154
1.635285
1.593030
1.596177
1.571029
1.619769
1.626907
1.601638
1.618836
1.607118
1.595679
1.647960
1.618575
1.569073
1.608626
1.629186
1.574646
1.603741
1.577780
1.612393
1.624675
1.643162
1.626369
1.591008
1.593543
1.612350
1.607944
1.590528
1.612889
1.590611
1.624646
1.592413
1.593500
1.613340
1.587899
1.605851
1.654433
1.603361
1.588271
1.556924
1.663980
1.594110
1.585534
1.625988
1.615294
1.606722
1.570987
1.590273
1.610137
1.599331
1.602384
1.608095
1.599873
1.565840
1.615622
1.624697
1.613021
1.587201
1.578491
1.614360
1.639467
1.625049
1.577443
1.635372
1.569027
1.638186
1.604023
1.585347
1.563080
1.595587
1.561548
1.570153
1.575902
1.571620
1.563361
1.571398
1.602913
1.582074
1.581056
1.636278
1.599357
1.607375
1.602962
1.588826
1.616226
1.595154
1.578981
1.557598
1.583726
1.566693
1.581977
1.608075
1.592586
1.572091
1.591131
1.606370
1.653506
1.604375
1.615326
1.575529
1.592808
1.567455
1.570462
1.586213
1.603284
1.571400
1.585985
1.569142
1.619660
1.570331
1.612415
1.580879
1.633194
1.633457
1.605366
1.576288
1.554898
1.650022
1.563641
1.615041
1.561220
1.587034
1.562221
1.595510
1.615093
1.579272
1.539411
1.541728
1.585972
1.610464
1.557205
1.551238
1.596928
1.546584
1.587677
1.567401
1.571781
1.547691
1.598983
1.561746
1.642251
1.557382
1.574178
1.581388
1.583396
1.536840
1.611398
1.562447
1.561655
1.580419
1.593834
1.580829
1.551486
1.553672
1.543292
1.582623
1.628929
1.588707
1.548072
1.532297
1.596895
1.573742
1.613844
1.576707
1.567121
1.571633
1.578650
1.622592
1.593420
1.559956
1.582212
1.596317
1.589250
1.587831
1.562206
1.579587
1.616931
1.568016
1.589729
1.585189
1.551544
1.593897
1.572814
1.528958
1.531066
1.584555
1.565566
1.614244
1.621131
1.586041
1.579314
1.555090
1.566439
1.546696
1.577857
1.569379
1.594352
1.577545
1.539863
1.568182
1.544579
1.559771
1.597895
1.641770
1.574712
1.541202
1.570767
1.551665
1.625021
1.571850
1.587371
1.573151
1.575795
1.541922
1.571369
1.593590
1.588556
1.562067
1.558038
1.585766
1.580584
1.592165
1.554817
1.589942
1.561301
1.583884
1.576854
1.543806
1.537847
1.570112
1.565175
1.585392
1.558853
1.599582
1.603402
1.571757
1.573451
1.566079
1.557615
1.589092
1.585112
1.606862
1.542617
1.582338
1.581414
1.537073
1.562318
1.609647
1.553808
1.565991
1.571240
1.485640
1.588005
1.549297
1.577512
1.585491
1.565362
1.581879
1.581166
1.554160
1.544809
1.573999
1.564210
1.527899
1.550130
1.559417
1.576185
1.591155
1.533358
1.561001
1.580671
1.550340
1.547212
1.544407
1.549666
1.582033
1.572441
1.551734
1.600793
1.585343
1.558762
1.573626
1.618138
1.543703
1.640238
1.557712
1.569629
1.622655
1.590330
1.544595
1.544101
1.616285
1.570342
1.596769
1.579441
1.555219
1.577550
1.534717
1.567662
1.579523
1.609835
1.537534
1.594815
1.567290
1.544359
1.554434
1.553923
1.549413
1.557675
1.542067
1.587061
1.552801
1.530481
1.587320
1.591131
1.576076
1.560234
1.593867
1.584243
1.532945
1.582723
1.559698
1.549062
1.590185
1.548214
1.588509
1.585061
1.516890
1.556064
1.585396
1.544646
1.566769
1.569176
1.581365
1.586391
1.586675
1.555900
1.554833
1.566230
1.543212
1.548522
1.541726
1.540215
1.576546
1.618611
1.581323
1.610828
1.586948
1.552695
1.542171
1.565199
1.534319
1.562387
1.560569
1.555407
1.558668
1.581555
1.543493
1.583131
1.568957
1.575535
1.540593
1.594331
1.556535
1.554331
1.563288
1.529905
1.583969
1.552720
1.537550
1.566803
1.573375
1.544602
1.604246
1.580256
1.572880
1.561398
1.551382
1.576286
1.557627
1.573673
1.569283
1.577667
1.591716
1.582993
1.553369
1.566772
1.610146
1.547747
1.542781
1.590035
1.587416
1.574212
1.541589
1.555350
1.551722
1.590620
1.536443
1.574823
1.543644
1.521427
1.556676
1.558684
1.557912
1.549716
1.555150
1.553703
1.552082
1.581099
1.603297
