2.302140
2.306511
2.300051
2.304119
2.302757
2.303700
2.304319
2.304691
2.302547
2.303824
2.303700
2.303452
2.303435
2.301890
2.301975
2.301759
2.300692
2.284877
2.282781
2.293106
2.288773
2.294070
2.298310
2.301955
2.298754
2.299193
2.301185
2.286319
2.276960
2.267543
2.261511
2.266703
2.249699
2.253416
2.246145
2.231037
2.227332
2.217781
2.216203
2.219782
2.212081
2.171524
2.154907
2.181767
2.109504
2.089537
2.152540
2.132735
2.130895
2.131012
2.171710
2.084602
2.125529
2.073742
2.126538
2.146116
2.084666
2.076330
2.075019
2.087016
2.039745
2.033410
2.060285
2.075001
2.062052
2.067066
2.080984
2.025235
1.991015
2.004503
1.956425
1.933434
1.987083
1.960143
1.999247
2.001193
1.982376
1.939711
1.976196
1.940974
2.031829
1.996143
2.035937
1.951054
1.950527
1.924972
1.881773
1.863371
1.861706
1.853524
1.866822
1.856475
1.850402
1.885731
1.889189
1.895581
1.901893
1.812887
1.854009
1.871924
1.814860
1.815489
1.794492
1.840305
1.833978
1.835518
1.833474
1.829178
1.827461
1.784285
1.759148
1.763483
1.788762
1.813911
1.855724
1.834029
1.821088
1.822578
1.762647
1.761892
1.712180
1.808894
1.779886
1.800651
1.818847
1.835606
1.790449
1.743098
1.738221
1.814494
1.745779
1.771231
1.769478
1.820020
1.747600
1.739368
1.751075
1.758394
1.749886
1.756696
1.739793
1.782867
1.764177
1.794280
1.734914
1.757877
1.744249
1.706921
1.759755
1.798125
1.729880
1.733195
1.770860
1.777713
1.783388
1.753590
1.733603
1.706025
1.732705
1.721310
1.709010
1.742037
1.803841
1.758083
1.801642
1.723071
1.708158
1.763050
1.708395
1.725911
1.709455
1.705269
1.735070
1.741199
1.754665
1.687680
1.745381
1.713815
1.702220
1.737442
1.747749
1.721637
1.719724
1.697414
1.690012
1.690418
1.728655
1.751442
1.722200
1.695168
1.708041
1.708016
1.736491
1.703133
1.742619
1.760911
1.774820
1.707854
1.762547
1.829859
1.760218
1.807062
1.749828
1.748101
1.755010
1.756622
1.729726
1.743610
1.698099
1.718102
1.705018
1.788809
1.751226
1.689484
1.767933
1.752748
1.828448
1.766310
1.755082
1.748432
1.711342
1.696949
1.702676
1.687490
1.669791
1.695987
1.675575
1.654786
1.686059
1.670622
1.687630
1.694824
1.714848
1.701216
1.758198
1.701161
1.766721
1.714010
1.735461
1.708395
1.762345
1.724283
1.734628
1.731270
1.664108
1.697822
1.721960
1.701030
1.737212
1.691211
1.709621
1.676360
1.675701
1.690327
1.650708
1.713491
1.711444
1.712978
1.731958
1.725811
1.699017
1.710570
1.648486
1.671265
1.694422
1.671211
1.656063
1.714661
1.661636
1.654354
1.643361
1.675148
1.696829
1.647999
1.648756
1.690154
1.672247
1.641362
1.679920
1.716738
1.684140
1.687851
1.674548
1.651736
1.657823
1.672963
1.669141
1.674126
1.653187
1.674209
1.721405
1.663162
1.663237
1.694454
1.657359
1.681999
1.653965
1.637119
1.632929
1.698134
1.669661
1.663109
1.619918
1.628352
1.662621
1.665455
1.641601
1.664488
1.624556
1.635353
1.636976
1.657509
1.639264
1.667578
1.637324
1.636509
1.633965
1.629095
1.640987
1.649575
1.675065
1.652338
1.634370
1.683744
1.677516
1.672226
1.659224
1.635368
1.662784
1.661069
1.642942
1.624449
1.619086
1.622965
1.654121
1.656776
1.663052
1.635300
1.635210
1.641300
1.642378
1.646282
1.627001
1.623730
1.661127
1.631358
1.659789
1.639264
1.615996
1.665455
1.633658
1.621523
1.642871
1.616879
1.616493
1.663402
1.634487
1.630914
1.666282
1.600704
1.609714
1.656854
1.652859
1.666991
1.625896
1.620686
1.640930
1.646195
1.615092
1.627370
1.652280
1.627354
1.640568
1.617478
1.641209
1.666000
1.606638
1.583153
1.600199
1.692795
1.637997
1.620273
1.635569
1.595217
1.609739
1.614086
1.644563
1.607435
1.614248
1.601897
1.650284
1.611705
1.637474
1.621201
1.662109
1.638692
1.610249
1.609040
1.608475
1.634680
1.650481
1.608454
1.614958
1.626238
1.642937
1.616729
1.612400
1.616124
1.629120
1.674573
1.617725
1.616680
1.598537
1.603271
1.625543
1.657298
1.635998
1.648056
1.620709
1.597595
1.593187
1.593993
1.643493
1.627478
1.626565
1.649024
1.635589
1.630541
1.612726
1.613169
1.630323
1.615760
1.604320
1.613210
1.634900
1.640186
1.633013
1.601473
1.618971
1.630596
1.621009
1.614785
1.628543
1.595535
1.611499
1.609207
1.590582
1.597479
1.613941
1.623485
1.586456
1.578504
1.608666
1.616172
1.608360
1.575113
1.629768
1.592127
1.620779
1.608243
1.611781
1.622498
1.643066
1.584073
1.617603
1.604609
1.590931
1.618489
1.619191
1.578488
1.594487
1.610634
1.625576
1.616097
1.628927
1.601056
1.573944
1.584860
1.596484
1.624229
1.616966
1.601950
1.578753
1.615360
1.582469
1.599644
1.587423
1.592689
1.619339
1.618095
1.635081
1.571256
1.630941
1.580014
1.618595
1.615445
1.610285
1.614587
1.604591
1.618340
