2.302982
2.299364
2.289786
2.292425
2.277360
2.269176
2.266490
2.240690
2.203897
2.193529
2.148778
2.093687
2.115847
2.069628
2.023537
1.926247
1.869341
1.934762
1.840104
1.835392
1.846213
1.782712
1.800741
1.738197
1.748793
1.747134
1.730088
1.762421
1.774317
1.677188
1.668348
1.759878
1.665271
1.672729
1.653371
1.768557
1.690097
1.666939
1.678716
1.666075
1.675020
1.650757
1.670977
1.615990
1.638829
1.648256
1.645745
1.668779
1.673729
1.698237
1.620682
1.627822
1.652215
1.608436
1.643262
1.622034
1.591671
1.624844
1.644863
1.645862
1.593602
1.621956
1.665089
1.622517
1.620143
1.605162
1.620706
1.638566
1.647359
1.615540
1.619710
1.603652
1.602472
1.628213
1.625593
1.648954
1.642214
1.658383
1.611465
1.621140
1.625508
1.590756
1.596663
1.567279
1.591791
1.607732
1.581557
1.596414
1.605765
1.564690
1.620730
1.591486
1.569760
1.629436
1.589425
1.633150
1.595844
1.576568
1.642240
1.625003
1.586747
1.565097
1.597780
1.591396
1.615404
1.579452
1.593711
1.619439
1.598759
1.568596
1.621960
1.592536
1.594883
1.589546
1.631864
1.577896
1.623918
1.608415
1.579687
1.581678
1.549332
1.608655
1.594323
1.582276
1.580464
1.579107
1.596185
1.609667
1.570402
1.597457
1.600782
1.538920
1.582421
1.575275
1.593440
1.628396
1.583682
1.586546
1.579445
1.569599
1.602505
1.588242
1.573007
1.539497
1.566699
1.663531
1.607227
1.600827
1.558455
1.572643
1.554909
1.579381
1.573365
1.568772
1.561469
1.588847
1.594012
1.585469
1.551274
1.588571
1.569444
1.569597
1.558989
1.623738
1.606379
1.597183
1.556212
1.554859
1.578999
1.559430
1.610251
1.595003
1.605897
1.564748
1.599094
1.548244
1.554469
1.598971
1.564171
1.598693
1.569021
1.565874
1.534860
1.603431
1.559587
1.612194
1.579079
1.568208
1.583595
1.572183
1.571568
1.582265
1.568680
1.603694
1.591630
1.567746
1.555994
1.545808
1.562638
1.562386
1.541771
1.585084
1.534696
1.563112
1.557857
1.563175
1.582502
1.574958
1.569945
1.538902
1.558804
1.587243
1.579568
1.607612
1.625132
1.562304
1.592963
1.590638
1.597763
1.580257
1.595895
1.598627
1.590946
1.564568
1.583152
1.563777
1.526037
1.626666
1.550780
1.614374
1.571796
1.584665
1.626810
1.540397
1.608597
1.571674
1.573468
1.582567
1.573299
1.558977
1.566444
1.569519
1.590016
1.538860
1.624781
1.562997
1.566200
1.566761
1.600042
1.523054
1.546940
1.557915
1.577638
1.596191
1.556286
1.557358
1.592519
1.558539
1.573482
1.531724
1.591248
1.540961
1.564305
1.571836
1.550257
1.530942
1.543476
1.536693
1.563774
1.613619
1.566561
1.559504
1.541980
1.553080
1.531296
1.561284
1.597114
1.552179
1.564547
1.564036
1.564441
1.627549
1.580287
1.560168
1.561765
1.546621
1.553884
1.550043
1.551381
1.603258
1.518519
1.544272
1.574484
1.619829
1.582394
1.624750
1.583313
1.543569
1.587239
1.553373
1.565222
1.546523
1.582299
1.603045
1.530848
1.552601
1.549389
1.524084
1.552761
1.566446
1.563869
1.571864
1.546081
1.550423
1.568702
1.540728
1.539708
1.586462
1.591084
1.608785
1.600344
1.609553
1.582329
1.557748
1.562155
1.541383
1.547409
1.571468
1.603677
1.548650
1.592157
1.583461
1.522644
1.582693
1.573011
1.558837
1.536595
1.568657
1.559698
1.582047
1.587319
1.584337
1.597918
1.557964
1.578550
1.585260
1.543107
1.607384
1.554687
1.594990
1.555004
1.516781
1.551138
1.540376
1.586875
1.561788
1.554285
1.591806
1.547109
1.544758
1.584319
1.610601
1.594807
1.511544
1.547359
1.569238
1.541137
1.539820
1.569196
1.558889
1.558587
1.540286
1.539928
1.572290
1.573155
1.558135
1.578813
1.594832
1.535387
1.575511
1.537619
1.557492
1.570596
1.552718
1.590484
1.591207
1.580130
1.527211
1.535089
1.551007
1.621743
1.588624
1.545072
1.590625
1.577356
1.572689
1.567297
1.561825
1.537276
1.528278
1.565587
1.600065
1.557665
1.551408
1.571158
1.543425
1.583462
1.560918
1.547306
1.581056
1.559484
1.540200
1.540814
1.570860
1.566461
1.521152
1.544507
1.543062
1.577698
1.539830
1.534610
1.551621
1.537244
1.579680
1.553511
1.590795
1.532530
1.534919
1.580446
1.553217
1.566079
1.529163
1.548781
1.566523
1.563548
1.562929
1.582128
1.545288
1.562953
1.552622
1.528657
1.569322
1.581338
1.574202
1.551046
1.555119
1.543318
1.589892
1.552825
1.555245
1.584004
1.585985
1.598105
1.549875
1.564988
1.629346
1.562323
1.530402
1.568116
1.563602
1.513157
1.531963
1.574122
1.552701
1.564572
1.548349
1.599135
1.554967
1.552610
1.546395
1.601967
1.563729
1.539603
1.558308
1.533251
1.560434
1.551284
1.551842
1.530707
1.564739
1.553009
1.550530
1.535708
1.575282
1.571275
1.582772
1.556915
1.603935
1.591746
1.573930
1.602890
1.550278
1.537482
1.552054
1.570635
1.536903
1.604163
1.555458
1.554651
1.508266
