2.303328
2.300079
2.291978
2.301363
2.290081
2.275187
2.252542
2.246201
2.247316
2.231118
2.199447
2.197454
2.153775
2.142131
2.082734
2.020769
1.975175
1.934288
1.886199
1.856461
1.819406
1.780994
1.819776
1.772895
1.761547
1.729458
1.709285
1.702030
1.687588
1.694842
1.697636
1.680633
1.648325
1.686548
1.671349
1.647834
1.665893
1.620281
1.662667
1.648224
1.630805
1.637657
1.629630
1.600153
1.571929
1.615063
1.616652
1.651411
1.579460
1.586858
1.598246
1.598317
1.599339
1.561858
1.588714
1.605079
1.588208
1.587475
1.589353
1.599629
1.592114
1.585426
1.570545
1.555768
1.591201
1.576138
1.572142
1.571470
1.577616
1.601431
1.568093
1.554832
1.572641
1.569269
1.532274
1.587012
1.554289
1.574408
1.593556
1.548227
1.548628
1.543885
1.530088
1.565528
1.587347
1.543860
1.532978
1.560803
1.573597
1.544069
1.547633
1.558525
1.546386
1.542110
1.530294
1.536722
1.564291
1.563386
1.531196
1.539508
1.548635
1.529605
1.530747
1.575266
1.551643
1.545534
1.522884
1.537083
1.531727
1.522675
1.519689
1.545434
1.546158
1.497697
1.537980
1.529153
1.527166
1.522356
1.520270
1.522071
1.525017
1.524987
1.517894
1.539202
1.519273
1.527510
1.488358
1.519706
1.511792
1.519026
1.529712
1.507635
1.504085
1.531589
1.514665
1.531690
1.528951
1.545685
1.519634
1.538490
1.530061
1.549427
1.516395
1.512265
1.515113
1.534449
1.515052
1.527934
1.511972
1.549589
1.505656
1.515666
1.508569
1.515424
1.504814
1.520027
1.514279
1.542513
1.520555
1.509611
1.520559
1.511995
1.504811
1.538835
1.506834
1.507601
1.535112
1.514962
1.512814
1.518352
1.521195
1.509013
1.495392
1.493694
1.497747
1.525487
1.487353
1.541632
1.506652
1.534522
1.515917
1.510791
1.500134
1.523253
1.503959
1.491344
1.500005
1.510700
1.521531
1.496859
1.505476
1.505780
1.498721
1.531698
1.508483
1.526409
1.500356
1.507770
1.518009
1.525291
1.498694
1.512582
1.505541
1.508902
1.504114
1.496794
1.494288
1.508114
1.509692
1.518430
1.524948
1.499069
1.519896
1.507625
1.493961
1.486985
1.493804
1.499419
1.528971
1.505792
1.512946
1.499732
1.510395
1.496534
1.482605
1.511291
1.498664
1.482739
1.501535
1.499116
1.493045
1.507410
1.510178
1.490328
1.504231
1.494658
1.516234
1.518436
1.519746
1.510738
1.514667
1.526742
1.497830
1.497403
1.483788
1.508575
1.500513
1.484085
1.512230
1.499361
1.507569
1.494537
1.497012
1.497079
1.482406
1.488552
1.494217
1.492670
1.498793
1.498282
1.500465
1.502694
1.487327
1.490416
1.505513
1.502550
1.495485
1.511670
1.513987
1.486556
1.487016
1.485530
1.505143
1.508040
1.497602
1.501712
1.506950
1.489485
1.491027
1.494501
1.492129
1.496988
1.494724
1.496625
1.498928
1.510101
1.495954
1.499260
1.504394
1.484805
1.510886
1.505038
1.506210
1.488169
1.486892
1.509734
1.483825
1.504305
1.490667
1.519114
1.483269
1.487981
1.502920
1.488349
1.519423
1.496035
1.499806
1.497284
1.494233
1.494855
1.487290
1.504267
1.489329
1.486691
1.486190
1.488352
1.490958
1.476912
1.482975
1.486958
1.500448
1.505687
1.477597
1.494868
1.499517
1.502473
1.477590
1.505020
1.480509
1.515612
1.486576
1.515952
1.499481
1.483308
1.491531
1.475685
1.492248
1.488301
1.478559
1.500820
1.491813
1.494681
1.501914
1.477564
1.481499
1.502258
1.487289
1.487559
1.483855
1.506552
1.482480
1.481290
1.503285
1.508127
1.486451
1.473131
1.498200
1.493188
1.490319
1.486348
1.498155
1.490072
1.509978
1.477336
1.487815
1.497764
1.484919
1.486819
1.501451
1.489549
1.483362
1.483946
1.497868
1.490037
1.501612
1.499252
1.485574
1.494584
1.490006
1.500479
1.487254
1.477860
1.484414
1.501364
1.476226
1.476372
1.472766
1.483016
1.510878
1.490058
1.487051
1.490218
1.478337
1.481067
1.518636
1.489276
1.502168
1.491992
1.505155
1.503961
1.493018
1.493594
1.491729
1.480902
1.485310
1.479975
1.492375
1.497254
1.478887
1.492677
1.472111
1.481095
1.485735
1.501795
1.481765
1.489515
1.477802
1.490587
1.493179
1.478292
1.473484
1.480213
1.483624
1.482202
1.487335
1.490674
1.487918
1.482538
1.476957
1.480755
1.499959
1.504942
1.484482
1.503450
1.477497
1.479954
1.481966
1.481095
1.492581
1.496714
1.473331
1.486413
1.505518
1.474036
1.480325
1.474291
1.492973
1.489574
1.488511
1.487701
1.480095
1.490833
1.502745
1.496795
1.492924
1.471731
1.491702
1.470855
1.478484
1.504670
1.478068
1.518875
1.490607
1.493091
1.486109
1.495542
1.481285
1.489224
1.495340
1.469318
1.469479
1.485393
1.479665
1.483868
1.477260
1.479894
1.494656
1.486820
1.483782
1.483610
1.483150
1.500611
1.492255
1.486782
1.487519
1.492862
1.497851
1.477805
1.477591
1.479003
1.480534
1.484305
1.479774
1.471049
1.489980
1.480147
1.486380
1.475434
1.479591
1.497215
