2.306859
2.304471
2.302746
2.293756
2.313332
2.281958
2.281883
2.255488
2.282169
2.244260
2.229436
2.217291
2.161230
2.095109
2.069231
2.017204
1.905043
1.869101
1.833003
1.839861
1.782819
1.756730
1.723692
1.762365
1.730595
1.757632
1.718127
1.694003
1.698493
1.679275
1.705364
1.654452
1.623911
1.671218
1.680478
1.711207
1.662351
1.632294
1.665459
1.634198
1.639007
1.612387
1.637470
1.649196
1.655170
1.639926
1.674480
1.637815
1.623157
1.569325
1.637441
1.606807
1.612272
1.612844
1.612403
1.644040
1.580232
1.577884
1.602399
1.621061
1.596732
1.590922
1.573347
1.586943
1.623990
1.599348
1.596012
1.597296
1.597526
1.569629
1.573642
1.580374
1.583964
1.566225
1.582438
1.644361
1.586961
1.592180
1.541075
1.621115
1.553876
1.537932
1.560254
1.620619
1.605467
1.573357
1.578069
1.591408
1.595114
1.596908
1.592979
1.565691
1.613282
1.566780
1.530659
1.556095
1.561933
1.594418
1.568032
1.607805
1.571760
1.584747
1.593083
1.565316
1.589062
1.572285
1.549816
1.533660
1.563847
1.564638
1.541515
1.554576
1.594514
1.500188
1.587678
1.566756
1.580924
1.526319
1.585424
1.587317
1.519338
1.560197
1.560369
1.564998
1.556134
1.561445
1.558811
1.535785
1.595539
1.585906
1.585410
1.556980
1.548747
1.606769
1.534282
1.570538
1.580368
1.548327
1.537965
1.548419
1.555214
1.554496
1.529688
1.564394
1.543795
1.541607
1.536524
1.568848
1.587552
1.511793
1.592959
1.564423
1.550637
1.553133
1.563363
1.556680
1.553532
1.556920
1.526791
1.564106
1.574156
1.540903
1.542425
1.542142
1.565482
1.568845
1.571778
1.553309
1.533836
1.570268
1.550128
1.585244
1.572733
1.564204
1.558195
1.523810
1.537880
1.522001
1.562069
1.554010
1.559329
1.532200
1.566985
1.546852
1.531960
1.580945
1.556855
1.530665
1.545865
1.556507
1.560509
1.527163
1.517040
1.527529
1.580533
1.555994
1.560320
1.556387
1.561207
1.541978
1.526850
1.557628
1.573327
1.549525
1.521867
1.540794
1.542940
1.574447
1.540353
1.561692
1.582904
1.537968
1.556184
1.564481
1.549403
1.546963
1.505260
1.548786
1.537579
1.556496
1.555968
1.562515
1.539996
1.525277
1.567278
1.531752
1.545453
1.548169
1.537188
1.526756
1.540994
1.545096
1.562067
1.537163
1.586441
1.542390
1.521601
1.551635
1.547512
1.541410
1.535457
1.547137
1.543901
1.531865
1.552410
1.561742
1.567033
1.530182
1.550967
1.553387
1.507898
1.566475
1.534871
1.528208
1.549057
1.549388
1.546295
1.586724
1.553176
1.510651
1.543289
1.529735
1.551165
1.528284
1.528605
1.563261
1.503388
1.542688
1.566065
1.538141
1.531007
1.573856
1.542020
1.507787
1.516967
1.555171
1.527403
1.562287
1.514007
1.556922
1.534704
1.560002
1.554848
1.552726
1.551602
1.519591
1.510064
1.555517
1.553682
1.556844
1.502472
1.538465
1.523872
1.550245
1.535559
1.522343
1.554905
1.541163
1.578438
1.541069
1.591080
1.566044
1.533850
1.556104
1.504907
1.536735
1.526789
1.537673
1.507522
1.527002
1.578950
1.582663
1.548369
1.537543
1.534380
1.509052
1.551382
1.560906
1.575230
1.553858
1.521870
1.531419
1.538851
1.561131
1.511402
1.559072
1.568241
1.548601
1.514782
1.523240
1.551565
1.502742
1.533803
1.536103
1.521219
1.546818
1.547683
1.549686
1.576672
1.514356
1.555863
1.514352
1.572654
1.504103
1.559266
1.552911
1.549764
1.554278
1.538865
1.525614
1.531053
1.557286
1.517177
1.518986
1.512136
1.573471
1.531141
1.542220
1.488873
1.534992
1.539515
1.542377
1.585641
1.525838
1.530073
1.566979
1.507689
1.533269
1.542973
1.514533
1.511262
1.505837
1.554064
1.541083
1.547573
1.538836
1.523753
1.580927
1.521417
1.574372
1.521026
1.538231
1.549462
1.572747
1.560633
1.531903
1.531452
1.540055
1.517247
1.548362
1.544555
1.511284
1.507193
1.517977
1.550244
1.540741
1.548244
1.526408
1.541324
1.515206
1.542042
1.575269
1.515367
1.521538
1.536296
1.510446
1.504661
1.520249
1.561362
1.513380
1.544617
1.560723
1.522230
1.561839
1.530276
1.553435
1.573552
1.557031
1.536332
1.540824
1.529190
1.542845
1.554999
1.530150
1.520544
1.532864
1.517264
1.544913
1.551616
1.524498
1.573419
1.575205
1.507627
1.539494
1.521265
1.514082
1.586287
1.515832
1.521588
1.541954
1.522207
1.523052
1.520324
1.506332
1.553710
1.544338
1.542527
1.537649
1.540950
1.552098
1.514118
1.539530
1.552876
1.531197
1.527759
1.509572
1.514438
1.547447
1.551827
1.549425
1.546451
1.526062
1.533238
1.519506
1.511262
1.523427
1.531388
1.519479
1.511195
1.525043
1.554261
1.523095
1.511363
1.564640
1.569520
1.537261
1.518379
1.558183
1.547799
1.536690
1.548571
1.524367
1.515496
1.556496
1.535626
1.534210
1.526154
1.560212
1.532193
1.532256
1.490523
1.547632
1.513746
1.525623
1.560773
1.517488
1.544970
1.539366
1.521029
1.557671
