0.0000
0.0000
0.0000
0.0000
0.0000
0.0000
0.0000
0.0078
0.0000
0.0000
0.0000
0.0000
0.0000
0.0000
0.0000
0.0000
0.0000
0.0000
0.0000
0.0000
0.0000
0.0000
0.0000
0.0000
0.0000
0.0000
0.0000
0.0000
0.0000
0.0000
0.0000
0.0000
0.0312
0.2891
0.6094
0.2344
0.0625
0.4297
0.1641
0.0078
0.0000
0.1328
0.1641
0.0000
0.0000
0.0000
0.0000
0.0893
0.0000
0.0000
0.0000
0.0000
0.0000
0.0000
0.0000
0.0000
0.0000
0.0000
0.0000
0.0000
0.0000
0.0000
0.2031
0.3516
0.4609
0.4219
0.3750
0.4141
0.5000
0.3750
0.4297
0.3036
0.3672
0.4844
0.3828
0.3828
0.4375
0.4219
0.3516
0.3906
0.3750
0.4688
0.2266
0.0781
0.0078
0.0078
0.0078
0.0078
0.0000
0.0000
0.0000
0.0156
0.0000
0.0000
0.0078
0.0179
0.0000
0.0078
0.0000
0.0078
0.0000
0.0078
0.0000
0.0000
0.0000
0.0000
0.0000
0.0078
0.0000
0.0078
0.0000
0.0078
0.0000
0.0000
0.0000
0.0000
0.0000
0.0000
0.0000
0.0000
0.0000
0.0000
0.0078
0.0000
0.0000
0.0156
0.0000
0.0000
0.0000
0.0000
0.0000
0.0000
0.0000
0.0000
0.0000
0.0000
0.0000
0.0000
0.0078
0.0000
0.0000
0.0078
0.0000
0.0000
0.0000
0.0000
0.0000
0.0000
0.0000
0.0000
0.0000
0.0000
0.0000
0.0000
0.0000
0.0000
0.0000
0.0000
0.0000
0.0000
0.0000
0.0078
0.0000
0.0000
0.0000
0.0000
0.0000
0.0000
0.0000
0.0000
0.0000
0.0000
0.0000
0.0000
0.0000
0.0000
0.0000
0.0000
0.0000
0.0000
0.0000
0.0078
0.0000
0.0000
0.0000
0.0000
0.0000
0.0078
0.0000
0.0078
0.0000
0.0000
0.0000
0.0000
0.0078
0.0000
0.0000
0.0000
0.0000
0.0000
0.0000
0.0000
0.0000
0.0000
0.0000
0.0000
0.0078
0.0000
0.0000
0.0000
0.0000
0.0000
0.0000
0.0000
0.0000
0.0000
0.0000
0.0078
0.0000
0.0000
0.0000
0.0000
0.0000
0.0000
0.0000
0.0078
0.0000
0.0000
0.0000
0.0000
0.0000
0.0078
0.0000
0.0000
0.0000
0.0000
0.0078
0.0000
0.0000
0.0000
0.0000
0.0000
0.0000
0.0000
0.0000
0.0000
0.0000
0.0000
0.0000
0.0000
0.0000
0.0000
0.0000
0.0000
0.0000
0.0078
0.0000
0.0000
0.0078
0.0078
0.0000
0.0000
0.0078
0.0000
0.0000
0.0000
0.0000
0.0000
0.0000
0.0000
0.0000
0.0000
0.0078
0.0078
0.0000
0.0000
0.0000
0.0000
0.0000
0.0000
0.0000
0.0000
0.0000
0.0000
0.0000
0.0078
0.0000
0.0000
0.0000
0.0000
0.0000
0.0000
0.0078
0.0000
0.0000
0.0000
0.0000
0.0000
0.0000
0.0000
0.0000
0.0000
0.0000
0.0000
0.0000
0.0000
0.0000
0.0000
0.0000
0.0000
0.0000
0.0000
0.0000
0.0000
0.0000
0.0000
0.0000
0.0000
0.0000
0.0000
0.0000
0.0000
0.0000
0.0000
0.0000
0.0000
0.0000
0.0000
0.0000
0.0000
0.0078
0.0000
0.0000
0.0078
0.0000
0.0000
0.0000
0.0000
0.0078
0.0000
0.0078
0.0000
0.0000
0.0000
0.0000
0.0000
0.0000
0.0000
0.0000
0.0000
0.0078
0.0000
0.0078
0.0000
0.0078
0.0078
0.0000
0.0078
0.0000
0.0000
0.0078
0.0156
0.0078
0.0000
0.0000
0.0078
0.0078
0.0000
0.0078
0.0234
0.0391
0.0312
0.0156
0.0000
0.0156
0.0156
0.0078
0.0000
0.0078
0.0000
0.0078
0.0078
0.0156
0.0179
0.0156
0.0000
0.0000
0.0469
0.0156
0.0078
0.0547
0.0000
0.0156
0.0078
0.0078
0.0078
0.0078
0.0078
0.0078
0.0156
0.0312
0.0078
0.0156
0.0156
0.0000
0.0312
0.0000
0.0179
0.0078
0.0078
0.0391
0.0234
0.0234
0.0156
0.0156
0.0312
0.0234
0.0234
0.0391
0.0234
0.0234
0.0078
0.0078
0.0000
0.0234
0.0078
0.0000
0.0000
0.0078
0.0000
0.0156
0.0000
0.0000
0.0156
0.0078
0.0156
0.0000
0.0078
0.0078
0.0000
0.0469
0.0000
0.0000
0.0156
0.0078
0.0156
0.0000
0.0000
0.0234
0.0234
0.0156
0.0156
0.0234
0.0078
0.0234
0.0000
0.0078
0.0078
0.0234
0.0000
0.0156
0.0078
0.0078
0.0078
0.0234
0.0312
0.0156
0.0234
0.0078
0.0234
0.0078
0.0000
0.0000
0.0312
0.0156
0.0000
0.0234
0.0078
0.0000
0.0179
0.0000
0.0078
0.0156
0.0312
0.0078
0.0078
0.0156
0.0078
0.0078
0.0078
0.0078
0.0078
0.0000
0.0000
0.0078
0.0000
0.0312
0.0000
0.0078
0.0156
