2.401031
2.388284
2.375415
2.377285
2.352192
2.330541
2.316393
2.285072
2.270271
2.248140
2.215324
2.189920
2.165121
2.137354
2.120680
2.085747
2.055315
2.034662
2.012545
1.977635
1.962276
1.923324
1.916816
1.886943
1.867622
1.830552
1.812863
1.803785
1.793558
1.770700
1.757630
1.715752
1.665659
1.625601
1.508209
1.430136
1.348437
1.297215
1.217235
1.177150
1.015188
0.930879
0.749039
0.919436
0.429486
6.031357
3.104132
3.569170
330.858765
531.467407
398.296051
85.183144
5.526671
2.957930
2.676667
2.603346
2.610450
2.668404
2.756554
2.880928
2.967279
3.034200
3.054447
2.989359
2.917199
2.851852
2.790311
2.752175
2.751177
2.753158
2.776708
2.789142
2.889519
2.934595
2.930937
2.943865
2.909761
2.827090
2.795182
2.744635
2.727993
2.716686
2.679479
2.741433
2.830313
2.842602
2.797977
2.656453
2.468550
2.410483
2.358378
2.350518
2.332188
2.346443
2.400253
2.368923
2.429506
2.382683
2.222783
2.156620
1.909133
1.630812
1.480969
1.614078
1.575014
1.818609
1.689888
1.698417
1.443391
1.370878
1.585060
1.751230
1.561054
1.690892
4.262631
4.246981
0.522639
0.475633
1.519102
3.708883
2.146668
0.745617
0.661651
0.929901
2.291115
7.381561
7.175261
4.386766
1.347395
1.110840
3.036934
4.450600
3.208367
3.026801
6.593366
8.114724
7.781023
0.244021
92.126617
99.346275
167.478088
120.040672
304.458832
221.232925
39.997482
2.093222
1.539701
1.458984
1.938885
2.077347
2.374997
2.389077
2.451341
2.362447
2.339010
2.359330
2.301050
2.178015
2.140321
2.193550
2.088853
2.016169
2.303621
2.064211
2.262373
1.871376
2.044250
2.011958
1.378239
1.876483
1.503211
2.104273
1.959118
2.276993
2.417705
2.547759
2.149724
2.015890
1.988656
2.394630
2.432576
2.473034
2.639765
1.973793
3.286958
4.676549
3.848652
3.711956
4.090181
2.361166
2.867918
4.422919
4.293005
3.917387
1.840094
5.325353
6.123468
6.747155
9.008725
4.300864
6.854405
9.489775
10.306016
4.180624
13.774874
13.218050
12.490500
9.108234
17.923700
11.413353
27.610416
56.661259
6.431110
22.819725
34.718788
142.069183
51.792000
4539.878906
1365.493530
206.287643
27.708216
9.007243
4.348424
2.780755
2.510632
2.338830
2.445345
2.665856
3.197259
3.645841
3.611454
2.858481
2.604990
2.533402
2.411430
2.774842
2.447171
2.403316
2.519974
2.423577
2.395933
2.435958
2.402048
2.403603
2.408902
2.537268
2.336123
2.385225
2.435861
6.704830
2.792107
2.127987
2.120571
2.210956
2.653539
2.184246
2.099823
2.360463
2.159162
2.008686
1.993013
2.103426
1.808233
1.799315
1.854514
1.709957
1.781349
1.798160
1.716845
1.747126
1.709958
1.831484
2.001721
1.603188
1.739842
1.781815
1.615699
1.711206
1.891652
2.381513
3.514146
4.260512
9.449598
14.095200
9.430766
11.007294
21.458160
44.013832
56.469017
117.056717
1612.969604
196.659271
962.563843
2706.415771
534.728882
239606.250000
1507.015503
3542837.500000
2578357.250000
920516.937500
31414315646976.000000
213049113559737303040.000000
inf
nan
nan
nan
nan
nan
nan
nan
nan
nan
nan
nan
nan
nan
nan
nan
nan
nan
nan
nan
nan
nan
nan
nan
nan
nan
nan
nan
nan
nan
nan
nan
nan
nan
nan
nan
nan
nan
nan
nan
nan
nan
nan
nan
nan
nan
nan
nan
nan
nan
nan
nan
nan
nan
nan
nan
nan
nan
nan
nan
nan
nan
nan
nan
nan
nan
nan
nan
nan
nan
nan
nan
nan
nan
nan
nan
nan
nan
nan
nan
nan
nan
nan
nan
nan
nan
nan
nan
nan
nan
nan
nan
nan
nan
nan
nan
nan
nan
nan
nan
nan
nan
nan
nan
nan
nan
nan
nan
nan
nan
nan
nan
nan
nan
nan
nan
nan
nan
nan
nan
nan
nan
nan
nan
nan
nan
nan
nan
nan
nan
nan
nan
nan
nan
nan
nan
nan
nan
nan
nan
nan
nan
nan
nan
nan
nan
nan
nan
nan
nan
nan
nan
nan
nan
nan
nan
nan
nan
nan
nan
nan
nan
nan
nan
nan
nan
nan
nan
nan
nan
nan
nan
nan
nan
nan
nan
nan
nan
nan
nan
nan
nan
nan
nan
nan
nan
nan
nan
nan
nan
nan
nan
nan
nan
nan
nan
nan
nan
