2.309151
2.311048
2.315332
2.325890
2.336756
2.341051
2.344114
2.343853
2.327880
2.283056
2.229613
2.190547
2.194351
2.193321
2.177426
2.140189
2.017561
1.852357
1.845042
1.879540
1.944273
1.836654
1.782334
1.710116
1.717760
1.746318
1.760916
1.750826
1.705394
1.729315
1.712925
1.655108
1.658322
1.633810
1.667112
1.616270
1.607733
1.653974
1.635721
1.657293
1.596551
1.567566
1.578332
1.608404
1.598914
1.585234
1.584054
1.558503
1.591484
1.606457
1.552220
1.571694
1.601629
1.624436
1.567189
1.520446
1.547344
1.555960
1.565042
1.592295
1.562833
1.594822
1.574639
1.530788
1.555472
1.571638
1.530601
1.562998
1.526056
1.555489
1.550921
1.562627
1.545369
1.547626
1.547659
1.572544
1.552723
1.538797
1.540380
1.548789
1.505692
1.559682
1.536333
1.539941
1.552204
1.525303
1.541929
1.557836
1.546089
1.563941
1.546453
1.541887
1.537858
1.513371
1.513895
1.526339
1.521721
1.555546
1.543799
1.576180
1.591332
1.537543
1.535902
1.523907
1.510147
1.519171
1.510332
1.520501
1.536232
1.535142
1.551979
1.538934
1.540012
1.535693
1.518974
1.508873
1.519750
1.511079
1.533602
1.533808
1.511784
1.535448
1.517969
1.525833
1.525987
1.508503
1.531530
1.515250
1.530475
1.566653
1.502270
1.503590
1.528035
1.521123
1.547178
1.540667
1.522632
1.521376
1.520781
1.512345
1.488718
1.528211
1.517436
1.522512
1.514762
1.515025
1.519933
1.515150
1.498793
1.503926
1.539997
1.518760
1.536903
1.544358
1.496555
1.515378
1.514872
1.527690
1.504681
1.494834
1.516175
1.515895
1.523727
1.506559
1.523959
1.510117
1.511977
1.510176
1.531064
1.510485
1.518407
1.508161
1.500143
1.514508
1.522200
1.513668
1.508312
1.497422
1.489975
1.524456
1.499856
1.499466
1.496592
1.529288
1.504530
1.507344
1.496257
1.504998
1.505386
1.510986
1.511562
1.516778
1.500334
1.495173
1.541420
1.526390
1.508799
1.498007
1.496209
1.518140
1.488185
1.500818
1.487296
1.526542
1.492622
1.504126
1.489533
1.512085
1.489056
1.507473
1.507739
1.518162
1.498864
1.507775
1.504741
1.496816
1.491871
1.498598
1.528614
1.481122
1.517610
1.506534
1.508171
1.502265
1.507884
1.484787
1.513838
1.478031
1.496002
1.496221
1.492561
1.490560
1.518771
1.503715
1.499849
1.496768
1.520869
1.493001
1.526120
1.504822
1.528265
1.523147
1.485788
1.498061
1.500461
1.479954
1.500899
1.492813
1.501232
1.492543
1.506893
1.502492
1.501297
1.486842
1.505464
1.494747
1.486248
1.489298
1.481924
1.503967
1.496693
1.503780
1.497456
1.484429
1.496944
1.473409
1.487476
1.487715
1.505363
1.486266
1.503786
1.499530
1.498547
1.512672
1.519317
1.496628
1.517409
1.513918
1.489670
1.472819
1.471560
1.472397
1.501421
1.492246
1.506400
1.490119
1.506656
1.482952
1.479789
1.510021
1.518536
1.488414
1.491508
1.498399
1.500023
1.488196
1.493041
1.490677
1.493196
1.483975
1.492443
1.476442
1.515712
1.502118
1.506232
1.487618
1.513883
1.490881
1.495705
1.505518
1.512350
1.495079
1.488792
1.492946
1.498200
1.490328
1.484593
1.498027
1.492175
1.506775
1.486792
1.481962
1.502115
1.483352
1.489167
1.478771
1.510642
1.474540
1.484766
1.486154
1.491885
1.496506
1.482404
1.490133
1.510240
1.481298
1.488354
1.500133
1.480194
1.490686
1.496061
1.482724
1.494784
1.502241
1.509172
1.500431
1.496466
1.482914
1.498312
1.479093
1.511263
1.491828
1.487849
1.477423
1.474269
1.483878
1.473633
1.508314
1.504762
1.504268
1.485324
1.488686
1.496470
1.481938
1.479382
1.486992
1.489025
1.486971
1.481737
1.480677
1.499930
1.479136
1.491410
1.490151
1.494948
1.495724
1.489183
1.497415
1.488467
1.503173
1.478599
1.507029
1.486880
1.485728
1.486563
1.486115
1.483532
1.493623
1.485372
1.483954
1.477686
1.469077
1.501332
1.471883
1.509976
1.499186
1.503490
1.479913
1.487112
1.494911
1.489288
1.479045
1.485132
1.487042
1.503456
1.482437
1.495340
1.483189
1.477065
1.481664
1.485530
1.486272
1.498062
1.506294
1.489161
1.504618
1.485433
1.489758
1.479888
1.487841
1.485045
1.476374
1.498861
1.480911
1.495486
1.498480
1.491618
1.501855
1.484427
1.499187
1.479718
1.477009
1.479618
1.498176
1.484615
1.475119
1.488340
1.485706
1.484036
1.480571
1.473983
1.488492
1.487987
1.498421
1.474689
1.479116
1.484282
1.483414
1.485856
1.507089
1.475035
1.497637
1.475830
1.487377
1.491058
1.474848
1.492321
1.471945
1.479764
1.473870
1.475774
1.487347
1.485788
1.486801
1.486342
1.482472
1.470597
1.496507
1.501585
1.482969
1.496539
1.474841
1.515691
1.495385
1.479267
1.477508
1.486757
1.475843
1.483407
1.482863
1.481648
1.482376
1.498808
1.484651
1.486795
1.479713
1.501169
1.484478
1.479767
1.504435
1.482281
1.494342
1.488428
1.486164
1.483541
1.485781
1.477510
1.500133
1.484658
1.498627
