2.308584
2.303753
2.297235
2.298292
2.302937
2.282330
2.277623
2.288596
2.276465
2.243767
2.242413
2.210687
2.161457
2.121330
2.087250
2.050351
2.046243
1.892607
1.904038
1.977949
1.877113
1.871017
1.907170
1.895073
1.858935
1.848704
1.864332
1.858945
1.850833
1.812809
1.833218
1.805979
1.777886
1.802878
1.789853
1.712957
1.831205
1.800120
1.770334
1.814043
1.778369
1.708304
1.734709
1.787360
1.694555
1.766743
1.747105
1.731848
1.682540
1.700821
1.682354
1.665773
1.665191
1.679287
1.651690
1.694202
1.671199
1.620576
1.636605
1.662067
1.660961
1.649450
1.650119
1.648795
1.620464
1.633206
1.668995
1.638411
1.650917
1.622261
1.632620
1.779658
1.630902
1.640627
1.622172
1.600918
1.610081
1.611197
1.608737
1.634310
1.595369
1.629802
1.590629
1.572767
1.555378
1.571107
1.572940
1.529972
1.551334
1.528013
1.542214
1.554028
1.572399
1.547614
1.567611
1.521433
1.543895
1.538678
1.552720
1.562236
1.557962
1.528717
1.542806
1.532783
1.545847
1.548135
1.565634
1.537046
1.530460
1.518963
1.526434
1.534379
1.531701
1.513865
1.515085
1.511366
1.533525
1.543110
1.543438
1.524918
1.534504
1.540509
1.550915
1.514896
1.554121
1.516968
1.521380
1.524095
1.518621
1.520928
1.529785
1.511125
1.521437
1.523560
1.522029
1.539441
1.513665
1.516255
1.517622
1.529311
1.520132
1.538016
1.519480
1.513930
1.512082
1.532734
1.507090
1.529867
1.506911
1.538051
1.512915
1.531996
1.521294
1.522083
1.500581
1.508453
1.533588
1.511803
1.517631
1.519944
1.527974
1.516973
1.504293
1.523817
1.538352
1.525607
1.513482
1.510721
1.505987
1.518461
1.514141
1.526515
1.495849
1.504400
1.526352
1.517203
1.509037
1.516517
1.527622
1.501828
1.516672
1.515050
1.503694
1.522240
1.535681
1.528100
1.519179
1.524240
1.507444
1.502415
1.528750
1.497635
1.510728
1.508775
1.503909
1.508141
1.512900
1.511658
1.523433
1.497359
1.511886
1.513349
1.507617
1.506775
1.505772
1.513413
1.516351
1.511464
1.523978
1.505593
1.529203
1.518957
1.505906
1.503291
1.511964
1.515191
1.512364
1.510631
1.502865
1.519834
1.506769
1.510732
1.498204
1.505980
1.494415
1.512923
1.512478
1.507161
1.517456
1.511153
1.498325
1.513126
1.517572
1.518555
1.514590
1.498653
1.521266
1.511450
1.496220
1.512937
1.512323
1.513631
1.502625
1.508428
1.513848
1.490809
1.495680
1.513995
1.509309
1.512074
1.512946
1.517671
1.498623
1.525314
1.491325
1.509650
1.503302
1.505388
1.509045
1.498310
1.494784
1.507709
1.511000
1.513271
1.513478
1.500246
1.514581
1.508999
1.500547
1.501229
1.501320
1.518766
1.493835
1.518732
1.496299
1.506544
1.501436
1.522143
1.502820
1.502348
1.495542
1.499127
1.488021
1.511678
1.495429
1.514227
1.506991
1.488486
1.490332
1.503831
1.521945
1.506219
1.515171
1.510391
1.493645
1.511918
1.501837
1.508752
1.490222
1.498350
1.513744
1.493703
1.502647
1.504133
1.502371
1.485787
1.513533
1.492097
1.520753
1.501724
1.502369
1.488593
1.503762
1.505867
1.503270
1.501426
1.493031
1.512546
1.501100
1.501456
1.501647
1.493723
1.503804
1.495497
1.491610
1.502273
1.503887
1.493139
1.490771
1.515473
1.494843
1.514657
1.497596
1.512155
1.498973
1.486599
1.484114
1.497505
1.493638
1.493164
1.495747
1.508849
1.496992
1.495542
1.502932
1.502987
1.493607
1.524471
1.497040
1.497794
1.502537
1.518965
1.499639
1.492705
1.498027
1.514793
1.485187
1.520184
1.493324
1.487158
1.508713
1.502270
1.487334
1.496651
1.510043
1.499164
1.496440
1.508975
1.524357
1.486651
1.496387
1.503595
1.499663
1.492647
1.489459
1.502220
1.506470
1.493198
1.500945
1.491002
1.493531
1.493968
1.494958
1.498541
1.507623
1.508283
1.495618
1.485181
1.497122
1.495295
1.504674
1.511207
1.498995
1.498605
1.488671
1.495212
1.485345
1.496246
1.498366
1.499837
1.494514
1.488180
1.496222
1.491445
1.489333
1.501880
1.515494
1.486294
1.511263
1.499398
1.495243
1.493802
1.502460
1.487144
1.496552
1.494239
1.492745
1.494310
1.508885
1.494603
1.502347
1.492249
1.496982
1.485827
1.491244
1.504900
1.500580
1.508138
1.497887
1.485747
1.496068
1.486150
1.495678
1.503224
1.494935
1.490327
1.483580
1.511722
1.498930
1.496086
1.487656
1.490864
1.488959
1.497042
1.484333
1.486778
1.494187
1.510962
1.494043
1.493793
1.499451
1.505450
1.494333
1.486557
1.495188
1.496628
1.490146
1.492291
1.487538
1.502129
1.498241
1.502492
1.493043
1.501613
1.494214
1.491067
1.498829
1.495812
1.489210
1.490649
1.479619
1.495653
1.506052
1.505982
1.492111
1.493359
1.500052
1.502702
1.488370
1.484897
1.495900
1.483548
1.490323
1.500250
1.492424
1.486415
1.504888
1.504148
1.491638
1.483131
1.492501
1.508168
1.484064
1.489901
1.481945
1.494014
1.495862
1.501328
1.503449
1.482169
