2.302982
2.300152
2.294113
2.299480
2.281412
2.271687
2.269897
2.242195
2.215017
2.217589
2.183213
2.129279
2.159159
2.124860
2.085790
1.983256
1.917477
1.968000
1.862855
1.853913
1.857982
1.803226
1.810122
1.748032
1.739485
1.728482
1.713021
1.728777
1.724103
1.664174
1.654312
1.706105
1.621922
1.655773
1.642583
1.683942
1.630010
1.631076
1.623287
1.620458
1.612763
1.607365
1.611570
1.582781
1.573490
1.600599
1.585845
1.588311
1.605820
1.643326
1.579216
1.575003
1.607473
1.574939
1.569940
1.568670
1.535509
1.569958
1.566494
1.552343
1.536713
1.547978
1.600706
1.542184
1.573255
1.539860
1.559377
1.570700
1.591542
1.555592
1.557990
1.578391
1.552487
1.549566
1.564362
1.574774
1.564306
1.562609
1.529437
1.539067
1.535596
1.544624
1.537917
1.516977
1.522467
1.528812
1.540255
1.543792
1.545767
1.524509
1.572985
1.534332
1.523988
1.554487
1.538300
1.545705
1.539921
1.530843
1.552839
1.528795
1.531833
1.513826
1.529122
1.503690
1.534087
1.516929
1.524349
1.533024
1.525967
1.500515
1.524887
1.521724
1.537460
1.545600
1.527122
1.517506
1.521022
1.517313
1.527815
1.555668
1.495794
1.516100
1.540360
1.534143
1.527621
1.501176
1.529701
1.518051
1.518622
1.532302
1.526055
1.517964
1.506295
1.511074
1.528688
1.528545
1.498506
1.528463
1.519155
1.497302
1.511272
1.518337
1.509100
1.489780
1.499493
1.524850
1.546401
1.505205
1.516884
1.516183
1.490762
1.494367
1.494510
1.528592
1.520090
1.494239
1.528923
1.511554
1.513061
1.501942
1.503500
1.510304
1.499513
1.547446
1.512905
1.509048
1.506982
1.498078
1.518892
1.490383
1.516520
1.509301
1.500059
1.503340
1.505993
1.485514
1.509158
1.516465
1.490789
1.518922
1.517673
1.494054
1.500059
1.504611
1.516672
1.510935
1.499011
1.508326
1.512201
1.524482
1.511998
1.504254
1.494973
1.512009
1.527397
1.484163
1.481132
1.497357
1.490505
1.488785
1.481091
1.504763
1.486458
1.502891
1.502440
1.502628
1.498091
1.504485
1.528219
1.494916
1.503612
1.514829
1.515036
1.495020
1.522071
1.504261
1.496773
1.516817
1.495960
1.528885
1.504743
1.499860
1.506597
1.500152
1.501100
1.504858
1.479124
1.507810
1.505362
1.504112
1.494405
1.500861
1.509357
1.506858
1.502956
1.503970
1.505654
1.500065
1.491504
1.497800
1.491281
1.504351
1.483916
1.498858
1.497435
1.519830
1.505439
1.498871
1.486583
1.496625
1.514891
1.499181
1.481302
1.527741
1.501804
1.485796
1.499101
1.488203
1.486473
1.481852
1.512166
1.489035
1.496065
1.482851
1.491583
1.480690
1.489442
1.478165
1.482426
1.506722
1.492743
1.478720
1.485197
1.504887
1.494656
1.501003
1.509129
1.474808
1.490478
1.508028
1.505937
1.496106
1.500036
1.502519
1.488786
1.498244
1.496446
1.483100
1.493293
1.501016
1.484040
1.487905
1.496327
1.493011
1.507694
1.507527
1.500898
1.492371
1.503461
1.486601
1.486203
1.489619
1.497719
1.525624
1.502542
1.479355
1.502776
1.485110
1.500700
1.485390
1.489811
1.486434
1.487939
1.491164
1.483876
1.488112
1.499213
1.497551
1.496661
1.509113
1.497972
1.499209
1.506708
1.485586
1.489869
1.484029
1.480684
1.486923
1.521275
1.486098
1.496525
1.488994
1.480045
1.495759
1.490909
1.487880
1.492596
1.481577
1.480888
1.490619
1.492752
1.493323
1.493020
1.487535
1.503564
1.501490
1.496726
1.517416
1.489209
1.485457
1.479136
1.474441
1.489082
1.492427
1.489716
1.501575
1.493262
1.496667
1.494461
1.502321
1.478277
1.490906
1.486994
1.476857
1.495790
1.494452
1.476884
1.490509
1.481924
1.485583
1.484308
1.473359
1.487474
1.506131
1.474996
1.493489
1.493242
1.483534
1.485732
1.489358
1.484510
1.488971
1.482551
1.482348
1.483504
1.510748
1.485612
1.483648
1.485468
1.501477
1.519696
1.488439
1.487679
1.504269
1.498508
1.490600
1.480249
1.489517
1.485736
1.477508
1.489252
1.485389
1.488099
1.497704
1.483269
1.478106
1.477674
1.483437
1.473044
1.482491
1.474159
1.491246
1.475350
1.471086
1.489507
1.487316
1.490913
1.494617
1.475827
1.469678
1.483142
1.480151
1.471127
1.505438
1.484635
1.486277
1.476282
1.497716
1.471143
1.482931
1.481355
1.499113
1.476669
1.493218
1.485113
1.490705
1.485679
1.488430
1.472661
1.485250
1.466712
1.494362
1.492367
1.489770
1.482734
1.491064
1.498452
1.496816
1.487989
1.487689
1.498911
1.472973
1.492246
1.494074
1.488943
1.489640
1.481027
1.477660
1.482777
1.485150
1.474708
1.477010
1.491989
1.475009
1.471294
1.482132
1.508641
1.478535
1.475215
1.483593
1.487324
1.479561
1.479887
1.494966
1.475093
1.481628
1.490661
1.479932
1.489831
1.487947
1.475477
1.477838
1.490810
1.486454
1.486089
1.472550
1.488957
1.494166
1.492630
1.482023
1.485236
1.502639
1.486558
1.484622
1.475217
1.472748
1.477487
1.478258
1.494751
1.481865
