2.337140
2.341044
2.335029
2.325543
2.310624
2.295605
2.289623
2.266863
2.256833
2.245836
2.201410
2.196375
2.189979
2.129356
2.153622
2.124676
2.185521
2.048692
1.898958
1.791049
1.671351
1.621573
1.571525
1.356090
1.168570
1.112029
2.046338
1.314808
11.708983
19.456141
12.518980
4.371202
1.843762
1.799615
2.088453
2.278298
2.245284
2.227238
2.250638
2.266610
2.290981
2.265100
2.284568
2.268770
2.287898
2.286488
2.302306
2.257227
2.283766
2.247034
2.280473
2.285219
2.280724
2.264561
2.240878
2.223019
2.225718
2.226709
2.241446
2.225239
2.192566
2.225138
2.177309
2.203090
2.122386
2.104122
2.177569
2.145296
2.157857
2.122223
2.167465
2.083160
2.018779
2.196999
2.272071
2.235319
2.217764
2.179682
2.112590
2.147275
2.318630
1.975381
2.163541
2.186956
2.298762
2.728556
2.281992
2.150702
2.177415
2.093293
2.166360
2.470552
2.518277
2.244377
2.751899
2.339581
2.580678
3.246987
2.665051
3.733654
3.389514
3.038621
4.826771
5.740316
3.713570
5.405787
3.037620
3.121768
2.013602
2.362399
1.166391
1.571921
0.822620
1.113014
1.218076
1.181309
1.380609
1.434090
1.735797
1.729200
0.788180
0.768398
0.543353
0.555028
0.576158
1.418713
1.850025
0.997677
0.678286
0.634790
0.495534
0.407272
0.570884
0.629041
0.519411
0.558429
0.444929
0.697454
0.350388
0.402508
0.469745
0.629615
0.307119
0.370724
0.438582
0.485655
0.313122
0.427489
0.268707
0.307806
0.421553
0.678603
0.190402
0.222229
0.403137
0.505907
0.544013
0.633444
0.787580
0.593236
0.434228
0.462729
0.171911
0.261868
0.246946
0.271110
0.424423
0.813509
0.376449
0.276379
0.159985
0.135087
0.184160
0.185325
0.168863
0.263445
0.349301
0.524974
0.176977
0.300193
0.286348
0.211222
0.182737
0.257350
0.106104
0.190307
0.128875
0.261834
0.304320
0.183521
0.205447
0.118771
0.171130
0.148196
0.149525
0.124821
0.157742
0.213958
0.161653
0.438440
0.101882
0.154128
0.144096
0.177408
0.237956
0.206149
0.187113
0.172281
0.192995
0.113683
0.202869
0.209098
0.127546
0.187288
0.157799
0.113243
0.146572
0.067821
0.064006
0.232039
0.277603
0.277286
0.129485
0.106368
0.120799
0.118539
0.186425
0.053172
0.139091
0.094084
0.417649
0.119549
0.101090
0.273240
0.163429
0.149550
0.160526
0.061105
0.084275
0.118667
0.082561
0.126332
0.190119
0.111991
0.118215
0.060766
0.144093
0.108217
0.047301
0.292329
0.163280
0.140879
0.157840
0.050188
0.087577
0.145404
0.064175
0.097620
0.138119
0.243457
0.187727
0.065914
0.180704
0.083346
0.169076
0.098527
0.139266
0.337220
0.091487
0.106431
0.052557
0.137783
0.083568
0.105520
0.096863
0.075003
0.123416
0.053458
0.143310
0.147065
0.088968
0.145343
0.060680
0.054287
0.060475
0.058501
0.111737
0.145930
0.081665
0.065121
0.090228
0.138035
0.109471
0.231477
0.078499
0.165716
0.102390
0.119570
0.137877
0.078257
0.182325
0.082566
0.112590
0.216861
0.132320
0.081646
0.108591
0.120193
0.194994
0.092549
0.088326
0.192674
0.056611
0.073083
0.042760
0.204338
0.090481
0.106345
0.062633
0.025757
0.136129
0.120167
0.392913
0.050464
0.073824
0.117210
0.116317
0.079857
0.042628
0.150431
0.079594
0.128428
0.151724
0.105612
0.097733
0.126559
0.038342
0.079037
0.054475
0.114633
0.071285
0.124854
0.154340
0.114489
0.071630
0.100388
0.037711
0.076862
0.131274
0.066811
0.094565
0.204978
0.331922
0.052172
0.080452
0.078226
0.069791
0.035642
0.072916
0.077993
0.051418
0.167056
0.108221
0.073367
0.129844
0.123278
0.104222
0.077796
0.068378
0.075596
0.175976
0.102718
0.129154
0.056209
0.082326
0.060733
0.064150
0.154382
0.059940
0.226811
0.072738
0.083474
0.056435
0.073954
0.162326
0.032463
0.096265
0.069510
0.085029
0.146746
0.082164
0.108781
0.064431
0.030742
0.052675
0.116862
0.023204
0.095976
0.157608
0.107742
0.173077
0.098491
0.031052
0.147779
0.037534
0.032184
0.038416
0.142687
0.046033
0.064528
0.151134
0.119722
0.137013
0.079714
0.061980
0.309538
0.180817
0.098705
0.081133
0.077218
0.238918
0.029111
0.040572
0.133951
0.116620
0.293192
0.077291
0.040295
0.069152
0.212404
0.091021
0.049743
0.040994
0.032112
0.083961
0.079331
0.030993
0.090734
0.050645
0.056604
0.131024
0.131264
0.054818
0.075154
0.102869
0.075100
0.093456
0.042596
0.038110
0.049305
0.116811
0.051675
0.059334
0.072071
0.092610
0.095118
0.079395
0.053573
0.069305
0.078140
0.084275
0.048385
0.096406
0.060535
0.116074
0.121824
0.094314
0.113610
0.151743
0.075508
0.044494
0.035377
0.337878
0.046876
0.098271
0.056336
0.066080
0.116780
0.195491
0.171244
0.076182
0.100441
0.092963
0.015507
0.044869
0.018050
0.055436
0.063200
0.053719
0.076572
0.047150
0.073873
0.074518
0.100034
0.064859
0.059579
0.038430
0.100607
0.157074
0.057227
