1.500000
1.500000
1.500000
1.452708
1.242969
0.747656
0.850729
0.562813
0.663021
0.623073
0.504531
0.543385
0.570312
0.501042
0.490521
0.535208
0.496406
0.486302
0.464323
0.476146
0.488073
0.484219
0.448281
0.467381
0.459219
0.463021
0.444219
0.426563
0.440677
0.430677
0.444219
0.440208
0.419583
0.391979
0.399063
0.414115
0.412760
0.403750
0.374740
0.372760
0.401823
0.386667
0.376771
0.359375
0.368177
0.374219
0.363073
0.321667
0.357396
0.338698
0.374271
0.339479
0.340156
0.351406
0.343125
0.333646
0.311823
0.304844
0.343333
0.333646
0.338854
0.307396
0.304948
0.331927
0.314323
0.305365
0.312865
0.273542
0.307135
0.300833
0.301667
0.329881
0.254531
0.286771
0.303333
0.290833
0.249740
0.307292
0.260052
0.282552
0.284531
0.301302
0.251458
0.232396
0.281458
0.286094
0.245938
0.265729
0.299896
0.278385
0.258854
0.288281
0.263958
0.240729
0.242083
0.273571
0.219063
0.282656
0.228333
0.207604
0.273281
0.254427
0.213177
0.242344
0.240625
0.197292
0.255677
0.234479
0.220729
0.273802
0.212292
0.240677
0.251406
0.206719
0.254063
0.225052
0.184063
0.219479
0.198750
0.195595
0.211823
0.233281
0.198802
0.226146
0.225781
0.184323
0.221250
0.222708
0.216198
0.198542
0.196719
0.179531
0.205365
0.197240
0.185260
0.217656
0.202031
0.196354
0.178229
0.187344
0.185313
0.196146
0.154219
0.153810
0.186458
0.189063
0.219375
0.170990
0.183229
0.175417
0.152188
0.192448
0.177135
0.159583
0.171250
0.179375
0.188906
0.159896
0.196510
0.181771
0.142813
0.200885
0.163281
0.133125
0.153385
0.157292
0.158281
0.155238
0.120833
0.188125
0.171510
0.160729
0.166823
0.144063
0.137760
0.142135
0.165781
0.149531
0.145833
0.146927
0.177344
0.123021
0.157552
0.135365
0.130729
0.144479
0.150469
0.165000
0.130885
0.160156
0.167708
0.127738
0.151510
0.134948
0.127188
0.186406
0.123594
0.132760
0.143385
0.115938
0.157031
0.128229
0.137865
0.153698
0.155208
0.148646
0.130990
0.133229
0.150677
0.130104
0.133698
0.139010
0.109896
0.125677
0.156615
0.138214
0.131719
0.146406
0.109479
0.154063
0.138542
0.108698
0.139896
0.112083
0.116563
0.158229
0.143438
0.118385
0.126927
0.124167
0.126458
0.107031
0.120260
0.126094
0.130990
0.134062
0.120990
0.131042
0.108802
0.125238
0.113490
0.121406
0.120781
0.125313
0.114531
0.112760
0.127969
0.118698
0.115729
0.112760
0.120885
0.120729
0.116823
0.119844
0.120469
0.104896
0.109844
0.115990
0.118229
0.118646
0.117604
0.140365
0.120365
0.116667
0.126146
0.120625
0.114115
0.123229
0.131771
0.098750
0.115417
0.114375
0.122917
0.107188
0.102813
0.113281
0.113490
0.091667
0.107865
0.127396
0.114219
0.123646
0.120469
0.103802
0.090313
0.125833
0.109219
0.112976
0.138646
0.117552
0.103333
0.109688
0.107760
0.110417
0.106719
0.117188
0.100260
0.109219
0.133802
0.123125
0.121198
0.118073
0.094271
0.119844
0.088594
0.124115
0.091146
0.089427
0.102656
0.115052
0.099583
0.117262
0.102344
0.118802
0.088646
0.088229
0.093281
0.100781
0.095469
0.092500
0.092917
0.111198
0.111406
0.101510
0.114531
0.128906
0.090469
0.112396
0.122917
0.104115
0.100365
0.090729
0.096979
0.113281
0.092292
0.139524
0.097500
0.103021
0.096927
0.088385
0.132240
0.114271
0.100000
0.125313
0.085625
0.097344
0.121875
0.108594
0.080521
0.082917
0.102188
0.097240
0.083333
0.098646
0.089583
0.098906
0.106875
0.104635
0.103594
0.103214
0.101927
0.087344
0.104844
0.088594
0.088333
0.102083
0.092656
0.099688
0.103229
0.080885
0.101823
0.105625
0.079740
0.113802
0.075521
0.081354
0.086823
0.116302
0.093906
0.107083
0.089323
0.107604
0.087344
0.106429
0.100469
0.102448
0.090729
0.102552
0.090208
0.079896
0.124896
0.089896
0.084792
0.099479
0.102188
0.090885
0.081094
0.078542
0.119740
0.096406
0.101563
0.099375
0.087552
0.087865
0.087500
0.091094
0.096875
0.064762
0.085677
0.105260
0.090885
0.104271
0.100833
0.101875
0.075677
0.084010
0.086198
0.101302
0.088385
0.107188
0.095000
0.079792
0.082760
0.073073
0.099896
0.078646
0.091042
0.081979
0.111667
0.065000
0.074635
0.090476
0.079323
0.091458
0.080573
0.087708
0.107083
0.099219
0.093646
0.103125
0.072760
0.092344
0.100521
0.079167
0.084010
0.090781
0.070521
0.085938
0.081042
0.085365
0.071875
0.097708
0.080000
0.106667
0.071198
0.081190
0.076875
0.079792
0.078073
0.085573
0.079010
0.089167
0.077656
0.089271
0.094427
0.093385
0.075208
0.084896
0.084427
0.104010
0.091719
0.086250
0.075156
0.077292
0.094531
0.079323
0.087188
0.080677
0.079219
0.081429
0.080156
0.091042
0.085469
0.091302
0.087083
0.073958
0.082031
0.080052
0.068802
0.090729
0.083750
0.081510
0.069375
0.087708
0.075208
0.070208
0.077656
0.086146
0.068490
0.076563
