2.301748
2.299068
2.294138
2.287689
2.277774
2.267738
2.265104
2.261343
2.217241
2.218153
2.190217
2.142509
2.155389
2.046682
2.051244
2.024538
1.930378
1.972960
1.903261
1.850819
1.811809
1.802317
1.820585
1.756505
1.761771
1.773280
1.789538
1.786993
1.728182
1.726530
1.701226
1.689871
1.717251
1.666794
1.678378
1.649889
1.715977
1.724123
1.657869
1.692360
1.688958
1.679444
1.675041
1.672298
1.682729
1.662495
1.673951
1.628873
1.682656
1.657467
1.626313
1.657025
1.687762
1.674069
1.635428
1.631112
1.656942
1.625286
1.659594
1.631097
1.647165
1.646921
1.633520
1.631679
1.647714
1.663972
1.614661
1.591903
1.603664
1.681772
1.665768
1.648647
1.623042
1.692661
1.618302
1.611412
1.644764
1.617823
1.643007
1.611292
1.602835
1.610938
1.636617
1.607373
1.638278
1.578612
1.587416
1.633492
1.631691
1.686326
1.635019
1.614939
1.570612
1.671857
1.666799
1.609374
1.593926
1.637476
1.578498
1.631583
1.625746
1.664166
1.612623
1.623826
1.628540
1.610179
1.597287
1.614379
1.612486
1.576151
1.569336
1.562229
1.616523
1.608002
1.646570
1.625863
1.662366
1.596034
1.610076
1.593495
1.655123
1.630155
1.554996
1.605593
1.594120
1.588626
1.585100
1.572818
1.608249
1.587069
1.611360
1.632588
1.571994
1.585673
1.619921
1.602246
1.594539
1.593265
1.580049
1.573169
1.622437
1.624933
1.615598
1.547231
1.617009
1.575315
1.625743
1.583349
1.603585
1.576295
1.569230
1.608108
1.546270
1.606628
1.615293
1.600707
1.544026
1.608881
1.626200
1.611149
1.582864
1.587901
1.585503
1.623878
1.549217
1.579411
1.652485
1.568549
1.577464
1.561972
1.630391
1.590991
1.600567
1.574069
1.641855
1.599969
1.585539
1.561562
1.614102
1.563932
1.590264
1.573661
1.572567
1.559276
1.588481
1.626668
1.561016
1.589589
1.574138
1.541889
1.577529
1.599476
1.558068
1.575981
1.582633
1.608112
1.589943
1.584404
1.586018
1.595410
1.554771
1.595887
1.558033
1.587385
1.584780
1.551535
1.551089
1.602486
1.589835
1.584240
1.552809
1.596944
1.550145
1.563130
1.552000
1.607041
1.632099
1.608184
1.593618
1.575871
1.579024
1.551187
1.570745
1.580534
1.572364
1.553995
1.628635
1.678628
1.544509
1.594544
1.560902
1.565190
1.567161
1.565630
1.563105
1.594751
1.584483
1.596511
1.592952
1.542418
1.519531
1.543823
1.578061
1.585714
1.623311
1.634367
1.572443
1.563013
1.615265
1.580768
1.570526
1.566836
1.568126
1.549411
1.560414
1.577833
1.590263
1.567773
1.557110
1.623886
1.588693
1.591114
1.587461
1.544955
1.597479
1.597546
1.593316
1.552377
1.597102
1.538135
1.575311
1.545982
1.573943
1.574406
1.597410
1.602637
1.549986
1.565217
1.609834
1.540549
1.561823
1.581568
1.518740
1.565361
1.554825
1.569908
1.579051
1.537466
1.590508
1.571996
1.546121
1.576025
1.589324
1.598720
1.567482
1.593369
1.581160
1.577857
1.590149
1.596587
1.575762
1.588496
1.552402
1.618592
1.541473
1.598167
1.555806
1.627705
1.534312
1.607302
1.561796
1.548853
1.556622
1.635328
1.571005
1.546138
1.578115
1.582057
1.568818
1.564753
1.592265
1.547216
1.563079
1.581513
1.535284
1.518810
1.605999
1.579334
1.572296
1.601329
1.606384
1.591672
1.527061
1.586039
1.589446
1.553301
1.534974
1.585542
1.528820
1.557038
1.561159
1.592916
1.569281
1.568181
1.628183
1.555046
1.541624
1.567474
1.544676
1.589571
1.579073
1.542125
1.598333
1.580475
1.537253
1.544118
1.589526
1.585995
1.592964
1.604052
1.570119
1.564274
1.581200
1.547103
1.595476
1.581615
1.557475
1.562739
1.598798
1.555563
1.572077
1.539659
1.531359
1.536964
1.558344
1.589092
1.538849
1.566310
1.553389
1.619465
1.560386
1.604276
1.588980
1.591029
1.549657
1.540412
1.552427
1.567850
1.582703
1.518749
1.566274
1.601977
1.604285
1.538264
1.569113
1.566256
1.573631
1.589135
1.567862
1.563381
1.593424
1.544113
1.575305
1.563160
1.533695
1.560095
1.549407
1.547262
1.589161
1.558434
1.576108
1.576153
1.574950
1.575086
1.578940
1.532024
1.556323
1.508082
1.554329
1.566517
1.568597
1.517330
1.588664
1.516903
1.547503
1.566243
1.553181
1.564972
1.551267
1.581842
1.573800
1.605521
1.564202
1.566998
1.531022
1.531703
1.578757
1.557219
1.583522
1.599025
1.552481
1.602040
1.533192
1.555904
1.575047
1.553892
1.607048
1.544423
1.549606
1.595987
1.565033
1.562634
1.585520
1.587547
1.560102
1.577175
1.548255
1.637227
1.531854
1.605177
1.558099
1.574999
1.539206
1.558537
1.571348
1.553708
1.531227
1.560479
1.549076
1.593478
1.534583
1.562126
1.592850
1.576280
1.557141
1.588689
1.537966
1.545838
1.580644
1.578738
1.566958
1.570944
1.545297
1.542712
1.568401
1.551540
1.564460
1.561207
1.569945
1.535775
1.570731
1.557129
1.575502
1.538211
1.542024
1.548943
1.547645
1.548425
1.584187
1.571795
