2.310015
2.307654
2.295266
2.290593
2.276690
2.246204
2.239575
2.228072
2.223371
2.220233
2.215964
2.227547
2.229205
2.242391
2.254789
2.249064
2.212550
2.144722
2.108047
2.019539
1.961222
1.946501
1.932154
1.901670
1.868456
1.843249
1.816969
1.815490
1.822123
1.812306
1.822394
1.807023
1.748822
1.758393
1.767958
1.772224
1.760591
1.725655
1.715521
1.764742
1.736420
1.747824
1.717625
1.730506
1.738228
1.734927
1.745319
1.736772
1.745206
1.712512
1.696484
1.719355
1.729006
1.716866
1.713128
1.704738
1.744797
1.716809
1.699672
1.710160
1.697677
1.691303
1.683358
1.689168
1.667969
1.675476
1.725781
1.711047
1.693846
1.681508
1.758611
1.680407
1.662585
1.653116
1.654062
1.723946
1.651697
1.693933
1.709850
1.714871
1.680484
1.645885
1.662451
1.687012
1.676848
1.662765
1.708615
1.682451
1.705265
1.675705
1.651922
1.665130
1.639688
1.667726
1.653745
1.651189
1.643586
1.636463
1.594845
1.613847
1.594097
1.589195
1.629213
1.624902
1.649541
1.642372
1.622007
1.619841
1.647701
1.631147
1.622889
1.632840
1.591197
1.646699
1.574586
1.581547
1.603791
1.592813
1.598009
1.639442
1.644506
1.616600
1.600822
1.602100
1.571623
1.597479
1.562755
1.627122
1.621922
1.613196
1.605881
1.610706
1.611198
1.606768
1.598587
1.565773
1.604392
1.569336
1.611821
1.592541
1.579089
1.562302
1.560334
1.597855
1.606097
1.589864
1.583925
1.565697
1.590422
1.620505
1.568640
1.582545
1.585943
1.580669
1.572543
1.568459
1.580736
1.619241
1.566985
1.608910
1.580601
1.557171
1.565926
1.578829
1.565389
1.563390
1.562504
1.566326
1.568619
1.548980
1.578562
1.555475
1.553628
1.558208
1.593966
1.565430
1.571161
1.534718
1.565691
1.594563
1.559193
1.584391
1.613348
1.586384
1.564322
1.570534
1.544251
1.529373
1.538473
1.605796
1.578138
1.571652
1.566846
1.572708
1.563713
1.572361
1.558092
1.534994
1.523777
1.540061
1.553483
1.557857
1.545754
1.584490
1.543800
1.563540
1.527847
1.545018
1.547695
1.559813
1.546638
1.547383
1.561532
1.529207
1.567942
1.558251
1.556785
1.546323
1.567731
1.566315
1.558209
1.548340
1.542397
1.558644
1.546592
1.551746
1.536799
1.622704
1.548368
1.529328
1.519089
1.532832
1.517585
1.578837
1.540198
1.559620
1.533826
1.543653
1.553853
1.559466
1.511446
1.518853
1.516248
1.537468
1.557511
1.550444
1.528323
1.559284
1.544133
1.550962
1.539888
1.536149
1.545497
1.564495
1.575292
1.570348
1.534464
1.538108
1.504896
1.558350
1.537441
1.563031
1.561266
1.528666
1.534639
1.532209
1.557043
1.541638
1.552191
1.540935
1.530269
1.515164
1.525658
1.540107
1.531351
1.546750
1.560596
1.531659
1.539108
1.531939
1.528483
1.517668
1.519471
1.539608
1.542379
1.547772
1.558226
1.534881
1.498915
1.537523
1.521409
1.514607
1.536534
1.513407
1.544948
1.520216
1.554170
1.558163
1.528528
1.537433
1.508523
1.514807
1.520556
1.564604
1.519176
1.553146
1.529282
1.508575
1.511506
1.540909
1.517545
1.501437
1.542992
1.527796
1.534140
1.576618
1.527158
1.536328
1.505718
1.523980
1.508638
1.529995
1.542582
1.513502
1.509486
1.515519
1.558318
1.560240
1.545644
1.533271
1.549152
1.503198
1.515820
1.541093
1.556909
1.521662
1.519154
1.498348
1.511946
1.501555
1.546180
1.545489
1.514436
1.515439
1.502430
1.505231
1.523529
1.521551
1.538783
1.519621
1.524886
1.566470
1.539995
1.512096
1.497226
1.520203
1.513995
1.515939
1.531295
1.525442
1.506374
1.514736
1.536589
1.535455
1.545816
1.525676
1.530354
1.530627
1.536410
1.529411
1.521868
1.528235
1.512596
1.509428
1.517680
1.495657
1.519779
1.501105
1.508562
1.521480
1.506570
1.531536
1.531797
1.522167
1.522895
1.527650
1.502879
1.508986
1.517723
1.526713
1.535197
1.515648
1.512937
1.520299
1.510488
1.494272
1.509329
1.512056
1.514617
1.527797
1.540345
1.504624
1.494783
1.489373
1.505116
1.511417
1.521039
1.529322
1.540620
1.515937
1.527777
1.542791
1.526518
1.526909
1.497374
1.518033
1.516951
1.536913
1.527147
1.510842
1.518963
1.523494
1.538082
1.523390
1.502496
1.484830
1.496599
1.500530
1.499847
1.518720
1.511478
1.516003
1.524797
1.534659
1.520671
1.520175
1.514767
1.491630
1.500590
1.506592
1.530350
1.518085
1.527155
1.506842
1.514646
1.512227
1.514431
1.518302
1.518757
1.532393
1.517945
1.507720
1.508019
1.503931
1.495793
1.521635
1.534756
1.524634
1.515608
1.529119
1.555301
1.539038
1.500045
1.506527
1.506363
1.489850
1.503150
1.495261
1.507347
1.513172
1.516147
1.551442
1.502376
1.492699
1.514916
1.502814
1.494387
1.515869
1.496523
1.502989
1.505728
1.519867
1.520984
1.517033
1.513276
1.500976
1.518965
1.517774
1.494842
1.514452
1.532740
1.510069
1.500240
1.507133
1.490826
1.486803
1.500675
1.489782
1.513937
1.506381
