2.306408
2.299816
2.302622
2.307329
2.308388
2.280963
2.300190
2.283858
2.291215
2.256143
2.231113
2.269761
2.187595
2.164424
2.058787
2.070678
2.044647
1.944753
1.865641
1.835851
1.829239
1.795643
1.776304
1.747990
1.782945
1.752811
1.690807
1.688658
1.750624
1.708371
1.718697
1.696380
1.702086
1.631609
1.713346
1.643844
1.655045
1.678439
1.612553
1.610413
1.684036
1.618724
1.659274
1.635501
1.575915
1.633357
1.667333
1.609176
1.607410
1.647454
1.599288
1.602677
1.582554
1.597870
1.639657
1.635192
1.641564
1.647012
1.618455
1.608588
1.590744
1.624093
1.573796
1.591632
1.590474
1.587419
1.619643
1.624231
1.622206
1.598361
1.614494
1.608971
1.562293
1.609452
1.616549
1.596583
1.572548
1.590278
1.605423
1.589043
1.601737
1.608201
1.605131
1.598139
1.573928
1.579489
1.583491
1.576824
1.634763
1.584140
1.587250
1.574654
1.558609
1.589042
1.583680
1.550241
1.625659
1.597368
1.573218
1.596832
1.564263
1.558272
1.574720
1.600271
1.577050
1.558223
1.577026
1.553311
1.552901
1.539313
1.580365
1.572722
1.592759
1.607914
1.582485
1.593215
1.598240
1.580492
1.588414
1.563625
1.582681
1.557833
1.540072
1.557904
1.598689
1.549511
1.547744
1.594614
1.541293
1.577715
1.566676
1.584438
1.586300
1.579594
1.581710
1.560438
1.608410
1.543312
1.566588
1.568726
1.598310
1.519753
1.546475
1.547223
1.523948
1.555423
1.551408
1.542780
1.545031
1.593866
1.571373
1.547572
1.580714
1.569076
1.555262
1.563809
1.538401
1.539053
1.582320
1.543634
1.583140
1.560910
1.600569
1.538915
1.559033
1.542929
1.542621
1.556918
1.555278
1.568073
1.610916
1.558897
1.553694
1.533335
1.538300
1.538385
1.556804
1.567864
1.557652
1.562028
1.545115
1.562495
1.536063
1.560311
1.564685
1.554967
1.587057
1.570544
1.549075
1.566651
1.532340
1.557165
1.555509
1.532464
1.580116
1.560593
1.519358
1.549697
1.578683
1.576099
1.572277
1.525116
1.610699
1.510422
1.607724
1.532029
1.600870
1.576562
1.515376
1.538682
1.543643
1.586514
1.544583
1.544567
1.529714
1.540298
1.559812
1.548057
1.530112
1.571821
1.572352
1.546582
1.530092
1.535156
1.566399
1.541057
1.572278
1.540966
1.535587
1.546600
1.565420
1.528388
1.508793
1.549124
1.519074
1.553676
1.581449
1.554958
1.580013
1.547998
1.567332
1.540146
1.574724
1.564823
1.539570
1.533718
1.582718
1.547979
1.562410
1.528446
1.575761
1.558517
1.546058
1.574564
1.558753
1.575606
1.507484
1.528471
1.543088
1.540368
1.533037
1.534132
1.539809
1.568953
1.543664
1.529148
1.541407
1.514147
1.562383
1.522349
1.543035
1.504153
1.579042
1.561417
1.529697
1.561849
1.543657
1.538999
1.557332
1.515636
1.529868
1.534504
1.536953
1.579950
1.529923
1.551816
1.507470
1.551826
1.557636
1.565747
1.521368
1.536884
1.624219
1.545875
1.545833
1.589941
1.538663
1.541435
1.561084
1.540920
1.545084
1.550136
1.515186
1.530934
1.537807
1.522384
1.542791
1.544493
1.574389
1.559387
1.551559
1.570223
1.554131
1.512076
1.560081
1.556923
1.499601
1.541302
1.521814
1.567270
1.537782
1.556099
1.532248
1.555165
1.568309
1.534959
1.529420
1.554053
1.534229
1.561774
1.542315
1.531589
1.527401
1.534227
1.551404
1.535289
1.548322
1.529774
1.549170
1.515191
1.527273
1.546261
1.524150
1.526779
1.558331
1.550418
1.545155
1.541128
1.527198
1.550075
1.560219
1.583910
1.524539
1.501427
1.556693
1.555565
1.528838
1.531007
1.509071
1.555427
1.528881
1.558841
1.557067
1.522180
1.519230
1.531091
1.524050
1.542191
1.571421
1.507344
1.566815
1.522187
1.580696
1.517421
1.559071
1.558735
1.565285
1.551510
1.518811
1.547438
1.552712
1.564148
1.545633
1.545572
1.532976
1.525124
1.572521
1.537495
1.522344
1.518317
1.511491
1.542013
1.544505
1.501482
1.548468
1.512081
1.537277
1.520838
1.579198
1.553659
1.523744
1.539925
1.551447
1.528697
1.551387
1.546332
1.533705
1.529557
1.526908
1.553605
1.531207
1.578046
1.572841
1.541380
1.523180
1.512040
1.516325
1.536634
1.533375
1.537553
1.565648
1.548788
1.541572
1.565421
1.528481
1.533023
1.507712
1.540187
1.540715
1.538816
1.525887
1.555314
1.534193
1.535791
1.533858
1.527836
1.523455
1.542375
1.513958
1.550678
1.553120
1.558840
1.495100
1.535689
1.536402
1.522660
1.523045
1.534793
1.537559
1.552638
1.548965
1.522839
1.499921
1.578401
1.532436
1.529110
1.523762
1.532860
1.552159
1.523165
1.538964
1.541664
1.569248
1.561886
1.528185
1.500068
1.526243
1.573170
1.558091
1.507132
1.523850
1.550053
1.541749
1.530118
1.525551
1.526143
1.539914
1.539748
1.536070
1.493575
1.517062
1.558300
1.551518
1.519037
1.547848
1.526200
1.526492
1.535650
1.566032
1.544765
1.539489
1.524835
1.550374
1.517563
1.535029
1.544605
1.515829
1.501560
1.537431
1.548453
