2.300608
2.269474
2.251446
2.193277
2.183335
2.126444
2.229752
2.231808
2.272582
2.243753
2.235129
2.246010
2.301941
2.265628
2.259290
2.260120
2.284107
2.269096
2.284049
2.284107
2.284162
2.260725
2.268537
2.268537
2.284162
2.276350
2.260725
2.245100
2.276349
2.260725
2.260725
2.284162
2.252912
2.268537
2.291975
2.284162
2.276349
2.268536
2.284162
2.268537
2.252912
2.284162
2.276350
2.260725
2.276349
2.260725
2.276350
2.276350
2.276349
2.260725
2.276350
2.276350
2.268537
2.252912
2.291975
2.260724
2.260725
2.268536
2.276349
2.284161
2.276349
2.284162
2.291975
2.276349
2.291974
2.245100
2.284162
2.268537
2.276349
2.252912
2.268537
2.252912
2.260725
2.268537
2.268536
2.252912
2.276349
2.315412
2.268536
2.268537
2.252912
2.268537
2.268537
2.260725
2.276350
2.276349
2.268537
2.252912
2.268537
2.245100
2.299787
2.260725
2.291975
2.252912
2.260725
2.276350
2.276349
2.276350
2.260725
2.245100
2.276350
2.268537
2.260724
2.284161
2.284162
2.260725
2.284162
2.268537
2.260725
2.299787
2.260725
2.284161
2.276349
2.252912
2.252912
2.276349
2.252912
2.268537
2.307600
2.284162
2.291975
2.291975
2.245100
2.260725
2.260725
2.299787
2.284161
2.252912
2.252912
2.299787
2.307600
2.260725
2.252912
2.276349
2.252912
2.260725
2.245100
2.284162
2.260725
2.268536
2.276349
2.276349
2.260725
2.284162
2.260725
2.260725
2.252912
2.291974
2.291975
2.252912
2.252912
2.299787
2.299787
2.284162
2.245100
2.268537
2.284161
2.284162
2.284162
2.284161
2.268537
2.260725
2.291975
2.252912
2.252912
2.276349
2.260725
2.276350
2.284162
2.284161
2.260725
2.284161
2.284162
2.284162
2.276350
2.252912
2.276350
2.245100
2.260725
2.276350
2.252912
2.276350
2.260725
2.268536
2.252912
2.268537
2.237287
2.268536
2.307600
2.252912
2.260725
2.252912
2.284162
2.252912
2.276349
2.276349
2.284162
2.276350
2.252912
2.252912
2.252912
2.268537
2.291975
2.245100
2.260725
2.284162
2.268537
2.291975
2.284162
2.276350
2.252912
2.245100
2.268537
2.252912
2.315412
2.276350
2.284162
2.260725
2.276350
2.268537
2.276350
2.276350
2.284161
2.268537
2.268537
2.260725
2.291975
2.284161
2.268537
2.237287
2.276350
2.284162
2.268537
2.252912
2.284162
2.276350
2.260725
2.284162
2.260725
2.260725
2.260724
2.260724
2.252912
2.284162
2.276350
2.260725
2.284162
2.268537
2.291975
2.260725
2.268537
2.268537
2.284162
2.276350
2.291975
2.245100
2.268537
2.299787
2.268536
2.299787
2.268537
2.245100
2.284162
2.284161
2.268537
2.252912
2.307599
2.268537
2.268537
2.252912
2.284162
2.268537
2.284162
2.284162
2.260725
2.268536
2.252912
2.252912
2.260725
2.260725
2.268537
2.276350
2.252912
2.276350
2.276350
2.284162
2.252912
2.291975
2.284162
2.252912
2.276349
2.252912
2.307600
2.245100
2.260725
2.245100
2.276350
2.268537
2.268537
2.276350
2.307600
2.268537
2.284162
2.268537
2.252912
2.284162
2.276350
2.252912
2.291975
2.268537
2.299787
2.252912
2.284162
2.276349
2.284162
2.276350
2.307600
2.276350
2.252912
2.245100
2.276350
2.268537
2.291974
2.291975
2.252912
2.252912
2.260724
2.260725
2.299787
2.268537
2.252912
2.260725
2.268537
2.276350
2.260725
2.260725
2.268537
2.276349
2.260725
2.291975
2.260725
2.237287
2.276350
2.268537
2.276350
2.260725
2.276350
2.268537
2.268537
2.291975
2.260725
2.268537
2.268537
2.268536
2.284162
2.245100
2.268537
2.260725
2.276349
2.268537
2.260725
2.245100
2.276350
2.276350
2.252912
2.260725
2.299787
2.276350
2.245100
2.276349
2.276349
2.276350
2.268537
2.315412
2.307600
2.260725
2.245100
2.260725
2.268536
2.315412
2.260725
2.260724
2.260725
2.276349
2.291975
2.291974
2.268537
2.260725
2.260725
2.276349
2.260725
2.268537
2.268536
2.276350
2.245100
2.268537
2.260725
2.268537
2.260725
2.323225
2.252912
2.245100
2.260725
2.260724
2.268536
2.268536
2.260724
2.299787
2.291975
2.323225
2.268537
2.245100
2.260725
2.268537
2.276349
2.276350
2.284162
2.284162
2.260725
2.245100
2.276349
2.276350
2.291975
2.284162
2.284162
2.276349
2.260725
2.284162
2.260725
2.268537
2.268537
2.252912
2.291975
2.252912
2.252912
2.268536
2.260725
2.284162
2.260724
2.276349
2.268537
2.307600
2.252912
2.276350
2.260725
2.284162
2.284161
2.260725
2.268536
2.260725
2.284162
2.284162
2.291974
2.268537
2.245100
2.252912
2.268537
2.268537
2.245100
2.268537
2.268537
2.268537
2.276350
2.291975
2.268536
2.260725
2.260725
2.268537
2.245100
2.284161
2.260725
2.291974
2.260724
2.260725
2.260725
2.291975
2.252912
2.291975
2.284161
2.276350
2.291975
2.284162
2.268537
2.276349
2.252912
2.260725
2.260725
2.284162
2.291975
2.260725
2.284162
2.284162
2.252912
2.268537
2.284162
2.291975
2.260725
2.284162
2.276350
2.260725
