0.0625
0.4531
0.9766
0.9922
0.9766
0.9609
0.9766
0.8047
0.9375
0.3203
0.0000
0.0156
0.0234
0.1016
0.1953
0.0859
0.1016
0.1250
0.0469
0.0469
0.0469
0.0234
0.0234
0.0156
0.0312
0.0000
0.0156
0.0469
0.0312
0.0078
0.0234
0.0234
0.0078
0.0078
0.0234
0.0000
0.0000
0.0156
0.0078
0.0234
0.0078
0.0156
0.0078
0.0234
0.0000
0.0156
0.0234
0.0156
0.0078
0.0000
0.0234
0.0000
0.0000
0.0000
0.0156
0.0156
0.0000
0.0000
0.0078
0.0000
0.0000
0.0000
0.0000
0.0000
0.0078
0.0078
0.0000
0.0078
0.0078
0.0156
0.0078
0.0000
0.0000
0.0156
0.0156
0.0000
0.0156
0.0156
0.0078
0.0000
0.0078
0.0156
0.0000
0.0156
0.0078
0.0156
0.0156
0.0000
0.0078
0.0078
0.0078
0.0078
0.0000
0.0078
0.0312
0.0000
0.0000
0.0000
0.0078
0.0000
0.0000
0.0000
0.0156
0.0000
0.0156
0.0234
0.0156
0.0000
0.0000
0.0078
0.0000
0.0234
0.0156
0.0312
0.0000
0.0078
0.0000
0.0078
0.0078
0.0000
0.0078
0.0078
0.0000
0.0234
0.0078
0.0156
0.0156
0.0156
0.0234
0.0078
0.0000
0.0156
0.0000
0.0312
0.0078
0.0000
0.0078
0.0078
0.0078
0.0078
0.0078
0.0156
0.0000
0.0000
0.0000
0.0078
0.0234
0.0312
0.0000
0.0312
0.0078
0.0156
0.0156
0.0234
0.0078
0.0156
0.0156
0.0156
0.0000
0.0000
0.0078
0.0156
0.0078
0.0000
0.0078
0.0156
0.0078
0.0078
0.0078
0.0234
0.0312
0.0078
0.0078
0.0078
0.0156
0.0156
0.0078
0.0000
0.0000
0.0156
0.0000
0.0000
0.0078
0.0156
0.0078
0.0078
0.0078
0.0156
0.0000
0.0000
0.0312
0.0078
0.0156
0.0156
0.0000
0.0078
0.0000
0.0000
0.0156
0.0000
0.0000
0.0156
0.0078
0.0234
0.0156
0.0078
0.0000
0.0000
0.0000
0.0078
0.0078
0.0000
0.0078
0.0234
0.0234
0.0000
0.0000
0.0156
0.0000
0.0078
0.0078
0.0234
0.0234
0.0156
0.0156
0.0000
0.0078
0.0000
0.0000
0.0312
0.0078
0.0078
0.0000
0.0000
0.0000
0.0156
0.0000
0.0078
0.0156
0.0234
0.0234
0.0000
0.0156
0.0078
0.0078
0.0156
0.0000
0.0000
0.0156
0.0000
0.0078
0.0000
0.0234
0.0078
0.0156
0.0156
0.0000
0.0000
0.0156
0.0078
0.0156
0.0078
0.0000
0.0234
0.0000
0.0000
0.0000
0.0078
0.0078
0.0156
0.0234
0.0078
0.0234
0.0156
0.0078
0.0078
0.0156
0.0312
0.0234
0.0234
0.0078
0.0000
0.0234
0.0000
0.0078
0.0078
0.0078
0.0000
0.0000
0.0000
0.0000
0.0000
0.0156
0.0000
0.0000
0.0000
0.0000
0.0078
0.0000
0.0000
0.0078
0.0000
0.0156
0.0000
0.0078
0.0078
0.0000
0.0078
0.0078
0.0078
0.0000
0.0156
0.0000
0.0000
0.0000
0.0078
0.0234
0.0078
0.0078
0.0156
0.0156
0.0234
0.0156
0.0078
0.0078
0.0156
0.0078
0.0078
0.0156
0.0078
0.0156
0.0078
0.0000
0.0078
0.0078
0.0000
0.0078
0.0000
0.0234
0.0078
0.0078
0.0000
0.0078
0.0234
0.0156
0.0078
0.0000
0.0156
0.0000
0.0000
0.0078
0.0234
0.0156
0.0156
0.0078
0.0078
0.0078
0.0000
0.0000
0.0156
0.0156
0.0078
0.0078
0.0156
0.0078
0.0000
0.0000
0.0078
0.0078
0.0078
0.0156
0.0078
0.0156
0.0078
0.0078
0.0156
0.0000
0.0078
0.0156
0.0000
0.0156
0.0078
0.0078
0.0078
0.0234
0.0000
0.0000
0.0078
0.0078
0.0078
0.0000
0.0078
0.0000
0.0000
0.0312
0.0156
0.0156
0.0000
0.0078
0.0078
0.0078
0.0234
0.0234
0.0156
0.0078
0.0000
0.0000
0.0000
0.0156
0.0078
0.0078
0.0312
0.0156
0.0078
0.0156
0.0000
0.0078
0.0000
0.0000
0.0156
0.0234
0.0000
0.0156
0.0000
0.0078
0.0078
0.0078
0.0078
0.0234
0.0078
0.0234
0.0234
0.0000
0.0078
0.0078
0.0234
0.0156
0.0000
0.0000
0.0078
0.0078
0.0000
0.0078
0.0078
0.0000
0.0234
0.0078
0.0078
0.0156
0.0156
0.0000
0.0078
0.0156
0.0000
0.0000
0.0000
0.0000
0.0078
0.0078
0.0156
0.0078
0.0234
0.0156
0.0078
0.0078
0.0000
0.0156
0.0078
0.0156
0.0156
0.0156
0.0078
0.0156
0.0156
0.0000
0.0000
0.0156
0.0156
0.0078
0.0078
0.0078
0.0078
0.0078
0.0078
0.0156
0.0000
0.0078
0.0000
0.0234
0.0000
0.0078
0.0000
0.0078
0.0156
0.0078
0.0156
0.0234
0.0000
0.0312
0.0156
