2.305837
2.303166
2.314438
2.324424
2.344618
2.277631
2.198888
2.078486
2.129905
2.188257
2.165016
2.197619
2.201223
2.127424
2.142018
2.192275
2.250363
2.232506
2.220647
2.542376
2.689997
2.718446
2.729217
2.737617
2.585259
2.271378
2.264476
2.277081
2.272530
2.248058
2.254313
2.237856
2.209736
2.220117
2.229555
2.217359
2.217759
2.236293
2.219580
2.227070
2.198949
2.255852
2.213033
2.226710
2.220834
2.209265
2.272393
2.206187
2.261418
2.197599
2.202266
2.208947
2.221034
2.231060
2.208332
2.282957
2.242186
2.221163
2.212429
2.209127
2.203218
2.200858
2.219075
2.251127
2.293451
2.226168
2.268683
2.282455
2.217919
2.221889
2.229132
2.225615
2.210284
2.209079
2.202082
2.257585
2.265445
2.209437
2.239083
2.236829
2.249660
2.223476
2.241966
2.218175
2.250767
2.202807
2.226786
2.207591
2.197712
2.217553
2.211231
2.237342
2.206229
2.201144
2.213341
2.228409
2.229665
2.212165
2.230826
2.202435
2.255287
2.226242
2.218316
2.224714
2.188267
2.207728
2.167692
2.193394
2.159757
2.154112
2.165618
2.199853
2.183664
2.158026
2.229622
2.182273
2.178774
2.197902
2.184643
2.197514
2.192763
2.163842
2.167709
2.161793
2.193472
2.195929
2.175580
2.223178
2.143133
2.164972
2.215419
2.157960
2.188002
2.198683
2.198079
2.204252
2.143945
2.161852
2.177454
2.158993
2.160938
2.162592
2.206977
2.181414
2.164213
2.161010
2.197677
2.163486
2.160428
2.181421
2.182473
2.165368
2.189044
2.221493
2.160009
2.194429
2.196949
2.132177
2.160152
2.197311
2.192033
2.174492
2.178175
2.201262
2.178407
2.229324
2.179750
2.121762
2.214570
2.165400
2.217658
2.161123
2.175205
2.157640
2.165027
2.165070
2.175507
2.132972
2.221554
2.182523
2.168625
2.176296
2.207886
2.178659
2.184864
2.133508
2.162362
2.160767
2.071955
2.157306
2.117927
2.151598
2.159714
2.127849
2.124597
2.116214
2.143327
2.116531
2.091888
2.118898
2.099885
2.139651
2.130480
2.115198
2.186273
2.099320
2.147908
2.153500
2.097733
2.141359
2.116658
2.080312
2.140242
2.145158
2.180681
2.107888
2.140623
2.142140
2.159210
2.161693
2.120582
2.105383
2.110154
2.172043
2.152917
2.125480
2.131178
2.143712
2.165324
2.105482
2.178841
2.146639
2.123011
2.113430
2.098939
2.116911
2.109817
2.162645
2.131585
2.126073
2.154979
2.155233
2.154241
2.149998
2.076371
2.115559
2.138699
2.108718
2.133869
2.144283
2.133298
2.194528
2.110402
2.126388
2.088029
2.122694
2.172190
2.094192
2.130633
2.182731
2.148772
2.115960
2.127048
2.103484
2.151204
2.067771
2.179285
2.156311
2.164822
2.085241
2.131389
2.151671
2.132092
2.155847
2.171028
2.124876
2.116482
2.146004
2.140222
2.132346
2.153944
2.091321
2.102682
2.137898
2.111334
2.139080
2.108845
2.162902
2.124915
2.136493
2.138800
2.123538
2.163934
2.225773
2.108948
2.085281
2.144937
2.071721
2.130760
2.078377
2.081121
2.117296
2.181442
2.065666
2.100208
2.133699
2.193787
2.102108
2.129015
2.191174
2.194969
2.094362
2.138953
2.084774
2.172000
2.079392
2.132537
2.103166
2.167379
2.143269
2.158318
2.126858
2.114120
2.195862
2.129555
2.127727
2.142082
2.123074
2.117737
2.133565
2.157200
2.101133
2.122947
2.102321
2.085618
2.178347
2.092923
2.136417
2.116023
2.094578
2.156833
2.138763
2.109416
2.084900
2.123646
2.096222
2.151941
2.149364
2.130506
2.117541
2.140960
2.157808
2.141111
2.112395
2.203674
2.133405
2.173929
2.110789
2.124846
2.161185
2.171917
2.145180
2.115662
2.124573
2.142907
2.139798
2.133465
2.102403
2.161376
2.152362
2.093895
2.103654
2.116462
2.146766
2.122947
2.086169
2.159915
2.117840
2.100629
2.155530
2.130126
2.154769
2.146220
2.125399
2.142483
2.109670
2.109773
2.148606
2.124749
2.116785
2.125632
2.123392
2.142546
2.123138
2.135475
2.115198
2.156228
2.108211
2.162034
2.140413
2.141174
2.108211
2.126457
2.123074
2.130252
2.135180
2.095861
2.161781
2.161312
2.145941
2.118342
2.148606
2.118982
2.116829
2.130823
2.102873
2.118181
2.190516
2.147845
2.124470
2.140750
2.146874
2.091824
2.147147
2.154325
2.095651
2.159414
2.116340
2.100906
2.117166
2.157580
2.148860
2.139233
2.179729
2.109753
2.146766
2.133591
2.104778
2.145822
2.139397
2.125398
2.150505
2.092505
2.124534
2.138333
2.171789
2.085085
2.116854
2.133571
2.083695
2.122821
2.145814
2.139461
2.114906
2.162581
2.124407
2.194105
2.194529
2.156222
2.071331
2.178904
2.129047
2.147824
2.074359
2.150442
2.133318
2.163489
2.155080
2.107368
2.116888
2.109797
2.124744
2.087502
2.195393
2.114881
2.117737
2.147147
2.139902
2.146451
2.110699
2.116970
2.106712
2.142044
2.166575
2.069212
2.110896
2.109163
2.138382
2.151017
2.142526
2.073146
2.169192
2.083524
2.138763
2.160868
2.144129
2.099661
2.117356
2.177444
2.179348
