2.301111
2.299882
2.289430
2.294221
2.290799
2.266303
2.262362
2.257978
2.229770
2.243230
2.208089
2.200463
2.164572
2.112039
2.055102
1.985332
1.991896
1.925999
1.871592
1.827998
1.753791
1.789241
1.741243
1.778710
1.752422
1.694818
1.733065
1.692850
1.721882
1.671379
1.724954
1.656497
1.639238
1.635774
1.667860
1.664869
1.651361
1.642255
1.642203
1.630292
1.609557
1.620311
1.592860
1.614690
1.584771
1.608410
1.594940
1.613505
1.608528
1.627893
1.599487
1.586210
1.577922
1.606289
1.601291
1.576845
1.596838
1.599856
1.574004
1.571281
1.566164
1.567358
1.648555
1.596535
1.572688
1.561448
1.591031
1.571690
1.583458
1.568584
1.596022
1.598644
1.563557
1.586672
1.562577
1.564700
1.595944
1.564105
1.558282
1.555285
1.567406
1.598955
1.603667
1.538367
1.548020
1.565452
1.574296
1.549332
1.535406
1.536993
1.574098
1.566281
1.566545
1.572917
1.565834
1.549289
1.548901
1.551377
1.541867
1.561342
1.546263
1.594499
1.595662
1.562037
1.545407
1.559839
1.535398
1.557204
1.548110
1.577243
1.561425
1.573451
1.524931
1.536783
1.566617
1.555386
1.564873
1.565259
1.572145
1.567817
1.551766
1.556497
1.552645
1.550324
1.531100
1.528149
1.530397
1.543074
1.531415
1.551459
1.556911
1.534079
1.530934
1.545746
1.536632
1.544538
1.536548
1.544057
1.532826
1.557045
1.567457
1.532047
1.540889
1.535702
1.535073
1.536998
1.525718
1.520526
1.528938
1.526043
1.532763
1.556744
1.533650
1.541170
1.518421
1.558494
1.548066
1.519322
1.532485
1.525467
1.525317
1.528006
1.526065
1.543093
1.529210
1.529999
1.516087
1.520286
1.547257
1.526321
1.517724
1.528511
1.564785
1.534021
1.516044
1.543221
1.527265
1.536596
1.519653
1.533412
1.536940
1.550915
1.539072
1.552250
1.525794
1.507678
1.526693
1.498874
1.512096
1.510774
1.556320
1.558102
1.527021
1.534079
1.520389
1.505463
1.506812
1.514049
1.513898
1.497374
1.522546
1.531132
1.513851
1.525600
1.514258
1.541336
1.512752
1.514254
1.520410
1.493875
1.510352
1.540400
1.515635
1.538976
1.530423
1.538110
1.516441
1.534140
1.514595
1.510293
1.533090
1.505409
1.513985
1.535062
1.509463
1.516082
1.520848
1.513110
1.497434
1.500871
1.517311
1.507843
1.513478
1.514582
1.505040
1.531518
1.499916
1.516987
1.503231
1.519188
1.523401
1.498903
1.506788
1.518716
1.528392
1.518536
1.523639
1.522410
1.500948
1.510728
1.504203
1.486683
1.521027
1.508681
1.514110
1.514941
1.510410
1.523951
1.519715
1.505764
1.538149
1.517818
1.510479
1.535854
1.484670
1.560068
1.523370
1.504589
1.509123
1.519447
1.505709
1.486213
1.520639
1.491490
1.523612
1.494516
1.499556
1.508428
1.511916
1.533110
1.500109
1.557680
1.507095
1.517038
1.488809
1.526629
1.488199
1.513735
1.506945
1.508962
1.489986
1.503526
1.504522
1.499093
1.514562
1.504217
1.507044
1.511930
1.504314
1.508319
1.496515
1.512241
1.539010
1.533150
1.497931
1.491978
1.493649
1.502665
1.515805
1.502471
1.506758
1.522669
1.496653
1.522637
1.514107
1.491704
1.522220
1.492709
1.515319
1.499785
1.515816
1.522868
1.485697
1.514953
1.494084
1.527920
1.501039
1.494095
1.532977
1.509050
1.502236
1.514097
1.497533
1.485921
1.499764
1.514718
1.522382
1.502256
1.506678
1.504637
1.498516
1.491721
1.508983
1.511616
1.498661
1.515320
1.496782
1.510962
1.507930
1.496970
1.484473
1.496145
1.534017
1.491771
1.512676
1.504995
1.506132
1.511773
1.539652
1.500130
1.501608
1.496411
1.509805
1.492658
1.503823
1.507070
1.484657
1.495128
1.505872
1.493778
1.505537
1.499529
1.498702
1.509170
1.503874
1.487064
1.511084
1.495881
1.488879
1.501750
1.491459
1.505664
1.504759
1.509105
1.510296
1.491072
1.496480
1.516094
1.493821
1.509097
1.485922
1.502480
1.493599
1.500430
1.547154
1.521792
1.503385
1.495155
1.503439
1.500440
1.499749
1.505953
1.483926
1.500247
1.491402
1.509674
1.478217
1.484085
1.487651
1.500392
1.504157
1.500270
1.497021
1.509284
1.499799
1.484540
1.513391
1.503974
1.501222
1.513061
1.491209
1.510651
1.511818
1.497427
1.505278
1.484976
1.481551
1.493205
1.502824
1.495531
1.504593
1.480833
1.476247
1.486948
1.502910
1.491485
1.477184
1.494968
1.508615
1.503890
1.496227
1.522033
1.495141
1.497938
1.496644
1.500345
1.494355
1.524936
1.498033
1.498771
1.491697
1.502120
1.507002
1.484212
1.500932
1.486773
1.507472
1.492872
1.483136
1.480271
1.490647
1.486069
1.495580
1.494954
1.502615
1.483782
1.478786
1.485782
1.494077
1.494624
1.495391
1.489838
1.484005
1.516488
1.478414
1.512877
1.485574
1.502253
1.502616
1.502657
1.508043
1.502730
1.484174
1.502004
1.502538
1.496826
1.498085
1.489126
1.505549
1.509352
1.482700
1.491496
1.514799
1.492329
1.505633
1.475579
1.488603
1.475658
1.500065
1.502431
