2.290181
2.299956
2.302585
2.302833
2.302709
2.302585
2.302585
2.302709
2.302709
2.302833
2.302585
2.302585
2.302709
2.302709
2.302585
2.302585
2.302585
2.302585
2.302585
2.302585
2.302585
2.302585
2.302585
2.302585
2.302585
2.302585
2.302585
2.302585
2.302585
2.302585
2.302585
2.302585
2.302585
2.302585
2.302585
2.302585
2.302585
2.302585
2.302585
2.302585
2.302585
2.302585
2.302585
2.302585
2.302585
2.302585
2.302585
2.302585
2.302585
2.302709
2.302585
2.302585
2.302585
2.302585
2.302585
2.302585
2.302585
2.302585
2.302585
2.302585
2.302585
2.302585
2.302709
2.302585
2.302585
2.302585
2.302585
2.302585
2.302585
2.302585
2.302585
2.302585
2.302585
2.302585
2.302585
2.302585
2.302585
2.302585
2.302585
2.302709
2.302585
2.302709
2.302709
2.302957
2.302833
2.302833
2.302957
2.302709
2.302585
2.302585
2.302709
2.302957
2.302585
2.302585
2.302709
2.302585
2.302585
2.302585
2.302585
2.302585
2.302833
2.302709
2.302709
2.302585
2.302585
2.302585
2.302709
2.302585
2.302585
2.302585
2.303328
2.303080
2.303204
2.302585
2.302585
2.302709
2.302833
2.302957
2.306921
2.311380
2.304405
2.302709
2.302585
2.302585
2.302585
2.302585
2.302585
2.302833
2.308284
2.324140
2.318690
2.308779
2.302957
2.302585
2.302585
2.302585
2.302052
2.301890
2.314288
2.329181
2.330915
2.298385
2.302585
2.302585
2.302833
2.303452
2.311628
2.333803
2.314849
2.304567
2.302833
2.303576
2.304302
2.319350
2.345833
2.325770
2.295635
2.303080
2.302585
2.302585
2.302585
2.302585
2.302585
2.303576
2.305063
2.309027
2.318194
2.317451
2.304939
2.303042
2.302833
2.302922
2.297427
2.319900
2.313486
2.313345
2.303700
2.296135
2.282207
2.301270
2.302585
2.302585
2.302585
2.303824
2.308284
2.322368
2.324264
2.306302
2.303081
2.302833
2.302585
2.302585
2.303948
2.309348
2.319105
2.319079
2.330812
2.324799
2.317277
2.296365
2.267840
2.300203
2.304319
2.302709
2.302585
2.302585
2.303081
2.302052
2.290467
2.302385
2.310265
2.316422
2.315840
2.306302
2.302957
2.300861
2.301642
2.301928
2.302709
2.306866
2.306046
2.305009
2.289763
2.305158
2.305310
2.302709
2.303328
2.302585
2.302585
2.302585
2.302585
2.303576
2.303452
2.303700
2.303328
2.305063
2.311380
2.310885
2.313734
2.311487
2.304653
2.302719
2.284227
2.299060
2.304674
2.304674
2.305913
2.306267
2.310582
2.307055
2.295794
2.305816
2.304071
2.304319
2.301070
2.303204
2.303452
2.303576
2.303204
2.301232
2.294937
2.304120
2.304691
2.301934
2.323908
2.323315
2.297037
2.265543
2.306072
2.306111
2.306605
2.306073
2.308021
2.311579
2.299327
2.306209
2.251977
2.313698
2.320095
2.301091
2.297744
2.310181
2.308711
2.309330
2.315775
2.239590
2.317137
2.324415
2.297586
2.313822
2.316401
2.283893
2.305543
2.306284
2.328058
2.353416
2.322409
2.242940
2.307749
2.327167
2.330583
2.315259
2.238243
2.309910
2.323606
2.331853
2.340145
2.333811
2.352614
2.226969
2.304688
2.307489
2.308041
2.329603
2.326556
2.326880
2.301241
2.244907
2.316088
2.331902
2.327215
2.336901
2.313941
2.303666
2.305013
2.240234
2.315614
2.337264
2.334644
2.305028
2.305063
2.307225
2.316349
2.323084
2.299378
2.297090
2.377512
2.367613
2.320397
2.308380
2.268532
2.306906
2.310853
2.312379
2.313821
2.320129
2.337864
2.346988
2.311594
2.299603
2.310118
2.314211
2.312993
2.320177
2.334937
2.324794
2.324063
2.315705
2.308217
2.237145
2.357793
2.361799
2.344150
2.328394
2.307481
2.311779
2.334590
2.355860
2.356082
2.340819
2.329171
2.319488
2.320402
2.326850
2.324994
2.300475
2.288017
2.212009
2.370480
2.430057
2.331260
2.302709
2.304439
2.307183
2.312778
2.315427
2.331029
2.332994
2.348921
2.362036
2.315684
2.302243
2.282172
2.280760
2.332310
2.344169
2.346461
2.306289
2.312206
2.309607
2.306714
2.314368
2.337316
2.341974
2.363761
2.315567
2.304188
2.303187
2.303477
2.295826
2.292895
2.297071
2.333404
2.401401
2.341459
2.318264
2.304613
2.309227
2.305661
2.307587
2.311397
2.315833
2.321596
2.320196
2.318052
2.331252
2.286339
2.296955
2.308045
2.309152
2.311270
2.312587
2.304298
2.316875
2.309977
2.316760
2.314478
2.315242
2.319575
2.319256
2.312894
2.311897
2.299790
2.314912
2.311329
2.305376
2.309044
2.302679
2.308124
2.308707
2.315711
2.316881
2.326695
2.298625
2.319416
2.314824
2.310974
2.309005
2.316385
2.310832
2.326550
2.314252
2.308790
2.314049
2.304766
2.310241
2.315486
2.317723
2.317515
2.325647
2.295646
2.322344
2.319896
2.322202
2.307159
2.312890
2.314251
2.316688
2.310423
2.318041
2.300797
2.314914
2.311073
2.318698
2.317290
2.318834
2.310679
2.303683
2.305828
2.304677
2.306279
2.309677
2.324839
2.317962
2.311742
2.309111
2.300327
2.300716
2.286226
2.306326
