2.305482
2.306123
2.300868
2.301649
2.298772
2.300953
2.300878
2.295058
2.289265
2.275872
2.260790
2.266768
2.275336
2.258381
2.270115
2.262001
2.218863
2.203243
2.211945
2.205137
2.242420
2.264120
2.303641
2.235641
2.174602
2.131583
2.068103
2.075795
2.036760
1.984119
1.963638
1.881682
1.895538
1.846462
1.917464
1.865873
1.831918
1.890467
1.804277
1.787294
1.841559
1.860576
1.892793
1.849382
1.861135
1.852576
1.771253
1.721675
1.711728
1.737987
1.737367
1.720334
1.727944
1.719356
1.729998
1.726942
1.731114
1.724534
1.659810
1.692764
1.696027
1.702703
1.709953
1.683192
1.685005
1.682179
1.702887
1.689262
1.640888
1.673177
1.650653
1.670471
1.650539
1.663615
1.659264
1.637435
1.666205
1.635979
1.631760
1.606528
1.627921
1.673878
1.636689
1.656664
1.625914
1.620002
1.647204
1.631931
1.642446
1.642640
1.645145
1.630891
1.633068
1.649406
1.642935
1.654517
1.616331
1.591633
1.631133
1.639349
1.647301
1.600099
1.621429
1.640596
1.617702
1.598050
1.613877
1.619030
1.616515
1.595189
1.637092
1.604429
1.632896
1.604259
1.607381
1.587042
1.635022
1.605018
1.600166
1.608129
1.610627
1.620906
1.607699
1.612050
1.580657
1.637499
1.600923
1.607091
1.587610
1.565747
1.594066
1.581951
1.614932
1.592946
1.612641
1.567201
1.601985
1.569154
1.602110
1.585042
1.597272
1.580487
1.577599
1.594768
1.609769
1.612191
1.622731
1.580244
1.586002
1.555271
1.534902
1.620456
1.582073
1.594352
1.578507
1.566951
1.558576
1.575788
1.564903
1.574147
1.568734
1.549130
1.573343
1.584278
1.554746
1.572913
1.619683
1.580420
1.567767
1.589425
1.617224
1.587997
1.564472
1.575929
1.603735
1.588638
1.555600
1.572490
1.586640
1.564660
1.561748
1.543766
1.566702
1.559609
1.559104
1.596348
1.618965
1.568359
1.587893
1.570639
1.595920
1.556208
1.564795
1.586675
1.564576
1.593171
1.536922
1.561266
1.576430
1.588833
1.559911
1.546789
1.545550
1.580314
1.546494
1.568621
1.533344
1.546525
1.579360
1.545274
1.551518
1.555345
1.566030
1.580939
1.554538
1.571249
1.581599
1.550375
1.568704
1.556785
1.551647
1.565389
1.567857
1.554696
1.545562
1.550604
1.548685
1.554098
1.537845
1.565928
1.534545
1.575498
1.547161
1.538512
1.575899
1.535090
1.560597
1.529321
1.558384
1.550509
1.556793
1.546173
1.564061
1.530161
1.530478
1.538006
1.528304
1.550348
1.562235
1.547716
1.561126
1.566426
1.559742
1.522863
1.542140
1.541580
1.539685
1.580659
1.554112
1.531610
1.553885
1.546862
1.542717
1.515936
1.542181
1.551501
1.546982
1.525267
1.527484
1.542185
1.543834
1.544625
1.521452
1.547011
1.530061
1.548947
1.545377
1.565175
1.540519
1.554659
1.511452
1.552217
1.535884
1.553555
1.549474
1.522262
1.540758
1.579926
1.533829
1.573466
1.519325
1.539276
1.529994
1.526525
1.524525
1.519203
1.538150
1.549808
1.516270
1.544728
1.544459
1.516268
1.551234
1.552286
1.528140
1.537820
1.535607
1.537689
1.554721
1.551196
1.538241
1.555290
1.526000
1.519943
1.524299
1.543367
1.532661
1.549519
1.545472
1.524269
1.537190
1.532041
1.525923
1.539340
1.560833
1.524421
1.543188
1.544448
1.526744
1.520324
1.514708
1.522702
1.526847
1.509771
1.511675
1.528238
1.505368
1.527934
1.551837
1.524824
1.537359
1.511724
1.560936
1.548877
1.544275
1.511485
1.528722
1.555671
1.517102
1.528597
1.540053
1.526731
1.541455
1.523813
1.508108
1.537321
1.516430
1.510916
1.517980
1.526195
1.510134
1.532288
1.519540
1.532922
1.518947
1.541264
1.518486
1.511048
1.533398
1.514450
1.508959
1.519680
1.510217
1.546780
1.535879
1.525268
1.522942
1.561778
1.516483
1.514432
1.503260
1.531325
1.542521
1.545462
1.528522
1.520253
1.541787
1.533163
1.535002
1.512670
1.523359
1.519215
1.532797
1.525751
1.527754
1.526700
1.507747
1.518171
1.527462
1.538465
1.523029
1.496367
1.533947
1.524494
1.508794
1.550053
1.512736
1.509444
1.528119
1.513100
1.507341
1.517275
1.518392
1.535678
1.510182
1.531741
1.510899
1.519917
1.527117
1.518548
1.532783
1.507720
1.527300
1.502280
1.530103
1.498434
1.514654
1.536762
1.517571
1.523336
1.553783
1.522530
1.497740
1.508138
1.538734
1.510571
1.509269
1.512111
1.522832
1.522858
1.493665
1.531675
1.522099
1.535168
1.511050
1.510425
1.502473
1.525895
1.507136
1.542396
1.535687
1.546981
1.523939
1.505539
1.522254
1.530622
1.521719
1.512891
1.502474
1.524676
1.530818
1.510376
1.512745
1.527078
1.503464
1.515857
1.510050
1.521006
1.510992
1.525631
1.511348
1.514629
1.519218
1.517141
1.513262
1.510109
1.518125
1.520354
1.524056
1.503087
1.519740
1.529649
1.505863
1.510583
1.517959
1.520455
1.511442
1.520036
1.506284
1.529137
1.535758
1.508566
1.518588
1.526972
1.502439
1.536810
1.521977
1.506301
1.525005
1.518069
