2.305286
2.296383
2.298794
2.296187
2.287764
2.288413
2.294575
2.276689
2.279881
2.258665
2.223886
2.235505
2.226421
2.216396
2.158999
2.182920
2.192608
2.152697
2.121192
2.107285
2.036522
2.023046
1.993980
1.934985
1.954761
1.861814
1.847199
1.847242
1.805597
1.838660
1.823307
1.796240
1.781795
1.750569
1.780781
1.739215
1.719478
1.702335
1.713093
1.728180
1.677013
1.679466
1.687984
1.684901
1.705359
1.631489
1.649266
1.713068
1.664791
1.699761
1.692111
1.669819
1.672037
1.671419
1.668592
1.684322
1.702565
1.655609
1.656088
1.640521
1.646827
1.649689
1.611983
1.663588
1.632745
1.699799
1.636743
1.667901
1.648682
1.686503
1.620336
1.649058
1.641126
1.638118
1.625452
1.600884
1.634227
1.672921
1.645703
1.673173
1.648861
1.639498
1.639254
1.616820
1.609311
1.643749
1.632198
1.631128
1.658620
1.618060
1.654051
1.633550
1.633581
1.632152
1.628829
1.646180
1.617467
1.622697
1.677350
1.628214
1.644243
1.609960
1.648148
1.607437
1.632689
1.623565
1.617686
1.606742
1.629147
1.631850
1.592242
1.667512
1.630046
1.613566
1.629050
1.604586
1.631487
1.633610
1.609731
1.621171
1.661546
1.627121
1.625158
1.650636
1.605667
1.609602
1.637148
1.612275
1.656114
1.578817
1.657401
1.623715
1.620120
1.638653
1.624690
1.630629
1.612203
1.651745
1.600905
1.622079
1.609774
1.619035
1.622217
1.630553
1.628370
1.622986
1.587256
1.636773
1.620615
1.591158
1.609142
1.595715
1.617839
1.595030
1.597266
1.623282
1.601669
1.675555
1.599593
1.611616
1.639833
1.598160
1.594588
1.658785
1.668976
1.610524
1.610108
1.606858
1.607413
1.584369
1.641442
1.586923
1.587270
1.578139
1.591836
1.650448
1.642176
1.614413
1.582935
1.617651
1.595739
1.608687
1.667110
1.611343
1.588474
1.585239
1.592319
1.616891
1.602062
1.560344
1.596671
1.619958
1.614024
1.607758
1.616055
1.635551
1.612502
1.577219
1.593060
1.652817
1.608300
1.621068
1.594286
1.602395
1.595327
1.617593
1.601166
1.606521
1.629561
1.607710
1.614477
1.582445
1.630687
1.614424
1.581525
1.603357
1.596385
1.602645
1.586265
1.611036
1.603852
1.601977
1.599765
1.582483
1.620460
1.600851
1.578045
1.584485
1.559694
1.615126
1.618454
1.563338
1.619070
1.619716
1.585985
1.609294
1.627199
1.599025
1.605025
1.610525
1.639660
1.602771
1.603593
1.569567
1.586690
1.601096
1.610413
1.589090
1.607039
1.632115
1.610233
1.599536
1.624995
1.554577
1.582059
1.555813
1.587126
1.560550
1.563226
1.624018
1.601820
1.601878
1.590095
1.601520
1.630309
1.580923
1.578365
1.632032
1.584039
1.609118
1.604732
1.584608
1.592223
1.594793
1.557620
1.584860
1.612823
1.586074
1.606871
1.563421
1.592015
1.593137
1.571303
1.611936
1.582962
1.595952
1.554773
1.593275
1.580763
1.607816
1.604764
1.622588
1.581996
1.573460
1.590952
1.578568
1.594153
1.590443
1.587416
1.600829
1.572303
1.581816
1.588091
1.619979
1.572377
1.592745
1.582661
1.571958
1.562015
1.608649
1.618986
1.582844
1.606780
1.574672
1.594968
1.597570
1.582569
1.544014
1.578202
1.597054
1.612056
1.552618
1.592699
1.576577
1.579804
1.570602
1.597817
1.575232
1.610794
1.595414
1.555197
1.593227
1.573695
1.604309
1.593918
1.580473
1.595686
1.585778
1.561725
1.621301
1.578140
1.545150
1.590413
1.595971
1.570207
1.581906
1.569103
1.574337
1.593779
1.575472
1.575138
1.579299
1.582042
1.565452
1.583393
1.598962
1.580077
1.583516
1.593948
1.576095
1.598850
1.549589
1.575074
1.584053
1.643498
1.575129
1.587238
1.542153
1.560202
1.601783
1.592657
1.555219
1.579292
1.574917
1.572998
1.582566
1.554855
1.575074
1.608025
1.593534
1.571265
1.592139
1.597463
1.596409
1.577582
1.588902
1.564606
1.536406
1.565709
1.564030
1.602219
1.574819
1.560754
1.587018
1.570776
1.539831
1.549185
1.620193
1.569347
1.597368
1.589759
1.594999
1.576366
1.567639
1.571451
1.594849
1.594074
1.556872
1.632136
1.543027
1.591957
1.568450
1.554012
1.567737
1.581684
1.570366
1.576121
1.568921
1.569874
1.561858
1.592249
1.557394
1.574997
1.565829
1.551341
1.572095
1.550542
1.609856
1.574483
1.586283
1.607740
1.568072
1.554483
1.592057
1.577430
1.559684
1.570473
1.588964
1.594382
1.558169
1.564581
1.558836
1.585325
1.562074
1.535356
1.593063
1.554403
1.556853
1.599824
1.577325
1.568892
1.548538
1.574477
1.564965
1.570054
1.552060
1.550274
1.553470
1.563529
1.614487
1.595539
1.553100
1.579930
1.545689
1.570828
1.573119
1.561731
1.577201
1.566248
1.595382
1.585849
1.563457
1.565091
1.576668
1.568636
1.572899
1.583058
1.565821
1.615608
1.542220
1.573406
1.557294
1.529410
1.555098
1.551022
1.545356
1.598247
1.561268
1.560022
1.570019
1.565338
1.577038
1.544844
1.559127
1.543426
1.604853
1.572433
1.535662
1.566070
1.585442
