2.305734
2.303731
2.302547
2.301890
2.298727
2.302585
2.302585
2.302585
2.302585
2.302709
2.302585
2.302585
2.302585
2.302585
2.302585
2.302585
2.302585
2.302585
2.302585
2.302585
2.302585
2.302585
2.302585
2.302585
2.302585
2.302585
2.302585
2.302585
2.302585
2.302052
2.301270
2.299298
2.301318
2.285868
2.272316
2.271297
2.252148
2.239630
2.212441
2.279412
2.208616
2.208436
2.215570
2.192525
2.293012
2.308401
2.343807
2.131801
2.097584
2.053369
2.118354
2.280925
2.380086
2.359118
2.133112
1.943110
1.940076
1.870453
1.891040
1.911583
1.895240
1.942763
1.959663
2.019000
1.985712
1.963739
1.921292
1.893240
1.862506
1.848737
1.873133
1.808442
1.848110
1.883636
1.880402
1.911729
1.872773
1.839205
1.875966
1.773916
1.861343
1.766553
1.818865
1.836093
1.792599
1.833269
1.819911
1.849107
1.825397
1.866064
1.754986
1.805163
1.831451
1.864384
1.877467
1.870848
1.868779
1.803534
1.827791
1.736907
1.846125
1.826054
1.777456
1.838523
1.817693
1.826980
1.808117
1.854446
1.847371
1.876201
1.877312
1.851055
1.874245
1.850353
1.848196
1.823599
1.825200
1.832238
1.811187
1.838712
1.850110
1.793415
1.737812
1.748859
1.753271
1.745076
1.753804
1.738034
1.745056
1.761633
1.760811
1.754608
1.757394
1.765294
1.831815
1.800125
1.774834
1.793169
1.726429
1.728383
1.727478
1.751658
1.753020
1.746241
1.729278
1.676180
1.741766
1.699547
1.704968
1.705773
1.632949
1.664948
1.685118
1.755136
1.698188
1.717564
1.721435
1.774371
1.686009
1.694577
1.692737
1.744023
1.642896
1.708678
1.705840
1.680540
1.719629
1.671695
1.732542
1.754039
1.762805
1.746716
1.694203
1.667305
1.630172
1.699069
1.699044
1.715923
1.676649
1.652288
1.739474
1.703837
1.746052
1.773153
1.739977
1.687876
1.625634
1.653965
1.634075
1.706954
1.611327
1.707408
1.615217
1.701324
1.703977
1.670558
1.681233
1.663300
1.677361
1.671400
1.690581
1.690591
1.705497
1.686759
1.654603
1.682567
1.692460
1.730554
1.665738
1.650580
1.649426
1.672609
1.657937
1.650691
1.660996
1.615353
1.701872
1.661181
1.666620
1.722429
1.619449
1.678157
1.627357
1.651918
1.673928
1.636139
1.678575
1.616764
1.666808
1.638986
1.600434
1.699935
1.651783
1.649879
1.627262
1.716374
1.653747
1.672931
1.679829
1.631795
1.650484
1.605748
1.645006
1.600636
1.671257
1.667848
1.635069
1.613467
1.636902
1.669515
1.662325
1.652733
1.629805
1.676984
1.647372
1.653340
1.650256
1.633285
1.619624
1.640217
1.612337
1.601701
1.607544
1.615676
1.637376
1.679319
1.663937
1.641273
1.651937
1.616055
1.632138
1.626449
1.596585
1.600477
1.607109
1.622191
1.641011
1.589518
1.631280
1.616127
1.679346
1.654512
1.592142
1.681813
1.619794
1.601106
1.642465
1.668923
1.619119
1.633457
1.654562
1.636234
1.603509
1.610481
1.612383
1.597746
1.619006
1.626712
1.602268
1.575626
1.638191
1.602942
1.603835
1.651888
1.582399
1.645418
1.607390
1.643829
1.621446
1.626605
1.589221
1.602566
1.601196
1.563749
1.567934
1.547666
1.598648
1.628618
1.575081
1.587746
1.603431
1.635754
1.614342
1.623557
1.579979
1.590659
1.603244
1.605903
1.613236
1.554062
1.610381
1.609911
1.560696
1.664930
1.617516
1.560141
1.606260
1.563576
1.599768
1.600477
1.615577
1.610556
1.655007
1.593347
1.604261
1.598735
1.599980
1.623604
1.610994
1.594526
1.598195
1.607228
1.636501
1.588408
1.590319
1.576706
1.579627
1.628570
1.595817
1.630701
1.637012
1.581231
1.606760
1.627790
1.592251
1.558371
1.595080
1.607720
1.614980
1.623628
1.565198
1.553086
1.636598
1.585230
1.613324
1.644316
1.586021
1.581703
1.590631
1.593300
1.572356
1.558135
1.593275
1.592637
1.614803
1.563426
1.612858
1.625778
1.637114
1.581897
1.586175
1.550387
1.572863
1.595630
1.614602
1.582609
1.587414
1.573955
1.554283
1.577761
1.600307
1.609221
1.555779
1.604910
1.562228
1.599322
1.587511
1.576554
1.559811
1.558827
1.620273
1.568228
1.581594
1.590559
1.585738
1.592557
1.597654
1.606556
1.592095
1.595926
1.620121
1.647075
1.557951
1.576304
1.625956
1.630365
1.580177
1.591112
1.586350
1.568951
1.627191
1.605507
1.588851
1.560116
1.548160
1.577785
1.594825
1.570358
1.628221
1.581346
1.623401
1.621803
1.586718
1.584360
1.576159
1.555064
1.585808
1.608055
1.609544
1.616965
1.631948
1.585106
1.615202
1.605318
1.614533
1.575301
1.601336
1.642386
1.565061
1.605016
1.603956
1.622960
1.571398
1.591768
1.576669
1.599848
1.574008
1.596302
1.556080
1.560725
1.568130
1.557927
1.586387
1.585035
1.585376
1.570959
1.609663
1.602194
1.616348
1.579416
1.591025
1.551751
1.589430
1.591697
1.551449
1.568088
1.559016
1.624800
1.550622
1.554151
1.583883
1.612934
1.563272
1.577963
1.578826
1.587784
1.539093
1.589819
1.594195
1.571746
