2.294296
2.303992
2.302635
2.302585
2.302322
2.303016
2.302970
2.302585
2.301667
2.301343
2.300387
2.299263
2.301649
2.300668
2.299342
2.298825
2.300154
2.302585
2.302585
2.302585
2.302585
2.302585
2.302585
2.302585
2.302585
2.302585
2.302585
2.302635
2.302585
2.301270
2.299266
2.304314
2.315738
2.326591
2.318031
2.307120
2.285460
2.257724
2.243873
2.263257
2.301519
2.292851
2.258673
2.223933
2.125947
2.114030
2.132649
2.140559
2.146784
2.145154
2.104839
2.114274
2.095203
2.039083
2.052644
2.039902
1.961628
1.914276
1.872019
1.840631
1.891298
1.973650
2.032831
2.131060
2.248024
2.185676
2.170245
2.117270
1.967388
1.827338
1.689060
1.701666
1.735362
1.696387
1.668771
1.691811
1.704767
1.732181
1.696894
1.708618
1.706758
1.692690
1.702680
1.735912
1.693387
1.703092
1.697144
1.699495
1.707013
1.690624
1.702720
1.682835
1.651969
1.685231
1.668712
1.603023
1.650891
1.619714
1.644665
1.638721
1.666028
1.676208
1.697824
1.668189
1.642250
1.632215
1.638851
1.663542
1.646451
1.606878
1.647245
1.593736
1.604693
1.621233
1.628104
1.635568
1.650457
1.634113
1.624122
1.572079
1.633355
1.599633
1.620916
1.643458
1.607512
1.644398
1.627840
1.626259
1.638996
1.602586
1.636902
1.616732
1.627092
1.596434
1.594112
1.593330
1.614847
1.601758
1.582866
1.574169
1.610073
1.586438
1.590446
1.561900
1.599383
1.590132
1.569890
1.611058
1.582514
1.619539
1.598488
1.573613
1.601856
1.610399
1.572977
1.615483
1.567517
1.621763
1.572077
1.570989
1.583631
1.584981
1.576280
1.591623
1.589884
1.567765
1.575366
1.580798
1.582211
1.612323
1.588943
1.570787
1.549477
1.597654
1.585647
1.571041
1.584528
1.595268
1.571465
1.577412
1.595695
1.604031
1.593785
1.605086
1.625777
1.592913
1.598488
1.565093
1.563085
1.560011
1.579291
1.565101
1.574273
1.562926
1.598843
1.572602
1.583235
1.642479
1.597008
1.581172
1.558915
1.590630
1.581375
1.551046
1.568572
1.565376
1.566889
1.605047
1.554629
1.553488
1.545003
1.556602
1.559907
1.573895
1.573708
1.585284
1.569794
1.571062
1.586831
1.561917
1.557718
1.534750
1.546791
1.554491
1.538635
1.528827
1.549828
1.525039
1.550145
1.540412
1.535342
1.601546
1.562801
1.541492
1.568346
1.574016
1.550019
1.557533
1.545169
1.518005
1.561271
1.520864
1.564610
1.543374
1.543497
1.548362
1.543667
1.531722
1.563133
1.544753
1.543840
1.552174
1.555117
1.559091
1.534429
1.514106
1.548224
1.534405
1.547428
1.531360
1.521324
1.560917
1.551072
1.563820
1.564742
1.566023
1.543368
1.536444
1.558267
1.557736
1.538932
1.514176
1.538468
1.535853
1.532565
1.541009
1.549433
1.546929
1.546581
1.527964
1.549106
1.518710
1.545125
1.525300
1.514559
1.543568
1.539938
1.545473
1.528520
1.540679
1.549620
1.540354
1.522810
1.511354
1.529694
1.548669
1.536808
1.527256
1.541897
1.545283
1.530213
1.545081
1.547686
1.548387
1.530470
1.542066
1.548530
1.529385
1.534629
1.541921
1.529953
1.521819
1.527948
1.526287
1.531451
1.518562
1.545731
1.537269
1.538231
1.518005
1.527667
1.533710
1.537261
1.531445
1.562007
1.535609
1.522751
1.531141
1.527067
1.543240
1.536639
1.528468
1.512155
1.547124
1.517846
1.552681
1.541891
1.554797
1.527687
1.544714
1.528725
1.526183
1.539248
1.545154
1.524349
1.523159
1.517508
1.541940
1.536797
1.517832
1.536659
1.539565
1.515515
1.507488
1.526537
1.525664
1.521285
1.517567
1.512343
1.524379
1.525178
1.571345
1.524884
1.542827
1.521937
1.526110
1.529562
1.514554
1.514922
1.533490
1.523353
1.516975
1.534546
1.541595
1.523917
1.529984
1.511631
1.540311
1.524416
1.527955
1.540705
1.527838
1.517563
1.504268
1.539757
1.525679
1.526120
1.524286
1.517886
1.533265
1.539988
1.529863
1.534126
1.523399
1.526753
1.533989
1.517671
1.519969
1.530459
1.516273
1.514528
1.521660
1.520066
1.508814
1.522292
1.534778
1.536044
1.538095
1.513291
1.543125
1.528681
1.537577
1.532781
1.531980
1.511091
1.520280
1.518533
1.529767
1.512549
1.542179
1.522131
1.525918
1.514792
1.524842
1.515988
1.522232
1.515912
1.511772
1.530081
1.540017
1.520765
1.525587
1.525268
1.531499
1.521093
1.514896
1.536672
1.507828
1.507644
1.533625
1.521742
1.542788
1.509487
1.520084
1.523642
1.527528
1.509673
1.500683
1.511648
1.544429
1.511876
1.510642
1.517175
1.538947
1.534018
1.533420
1.525116
1.554982
1.519438
1.522369
1.515884
1.545897
1.523455
1.539438
1.509343
1.516323
1.520304
1.518428
1.525874
1.525761
1.508649
1.510933
1.519842
1.519243
1.514886
1.503317
1.518508
1.512754
1.525076
1.513716
1.523418
1.548402
1.528662
1.510909
1.518877
1.539597
1.531942
1.517629
1.511024
1.509428
1.532775
1.514754
1.514624
1.506582
1.517692
1.518959
1.510384
1.523672
1.536633
1.521293
