2.302175
2.295774
2.272625
2.258272
2.253218
2.198313
2.203654
2.120426
2.076493
2.021206
1.963366
1.999451
1.916638
1.892278
1.856245
1.853500
1.829623
1.811403
1.829818
1.730929
1.744913
1.682486
1.697922
1.674060
1.734576
1.700221
1.669911
1.717492
1.675664
1.670934
1.678202
1.618969
1.609386
1.678766
1.626285
1.666549
1.616842
1.651950
1.624642
1.641026
1.585481
1.641037
1.597930
1.553318
1.606437
1.598258
1.640268
1.595678
1.643812
1.624695
1.584873
1.567464
1.630747
1.608280
1.585528
1.599070
1.545091
1.614869
1.585272
1.585288
1.564610
1.582192
1.573262
1.543383
1.594643
1.579866
1.560914
1.630009
1.588139
1.554793
1.551896
1.571575
1.586093
1.558764
1.611531
1.566014
1.585763
1.590248
1.586015
1.556224
1.586487
1.524064
1.574403
1.546912
1.609075
1.557426
1.535019
1.585126
1.573570
1.541612
1.576718
1.553116
1.623775
1.593736
1.536410
1.543917
1.578555
1.546923
1.520715
1.539787
1.524367
1.544488
1.550917
1.586422
1.551937
1.548005
1.541001
1.559414
1.538072
1.547743
1.533481
1.552912
1.582838
1.512732
1.564257
1.559400
1.546304
1.546453
1.571265
1.569114
1.586887
1.542658
1.543957
1.571508
1.559486
1.587803
1.518875
1.561224
1.525119
1.559147
1.553448
1.513822
1.522273
1.568234
1.551369
1.572714
1.523703
1.575430
1.521868
1.574126
1.556620
1.570786
1.515106
1.534157
1.565254
1.547534
1.543029
1.518318
1.507957
1.552253
1.549258
1.587260
1.551920
1.522775
1.549401
1.541442
1.544259
1.532633
1.512387
1.557977
1.514928
1.551840
1.550286
1.576492
1.532235
1.539408
1.544627
1.501885
1.567513
1.533868
1.591496
1.534619
1.554502
1.550536
1.517626
1.563613
1.516119
1.546733
1.520491
1.535358
1.543219
1.550467
1.580882
1.560927
1.578393
1.539609
1.545719
1.558010
1.516712
1.527138
1.521702
1.527450
1.546360
1.555129
1.532266
1.553132
1.575187
1.527465
1.555982
1.540010
1.554924
1.565571
1.531321
1.538103
1.531336
1.531793
1.562062
1.595961
1.527917
1.526133
1.493367
1.533568
1.580858
1.497812
1.527948
1.535619
1.543434
1.536078
1.510379
1.550107
1.536559
1.536523
1.547077
1.550715
1.531273
1.518138
1.543502
1.522914
1.527847
1.534049
1.531907
1.535592
1.561791
1.538411
1.514566
1.520803
1.582433
1.547796
1.530628
1.519543
1.539828
1.546020
1.520090
1.536024
1.556070
1.544869
1.544416
1.537521
1.513855
1.541460
1.556947
1.512087
1.541425
1.543694
1.538249
1.551112
1.526689
1.513341
1.537964
1.524064
1.548112
1.536588
1.567183
1.559399
1.518375
1.506560
1.524655
1.545758
1.532987
1.527002
1.531490
1.546439
1.524033
1.579854
1.519985
1.536287
1.525409
1.526284
1.541139
1.538354
1.520871
1.547860
1.526709
1.540645
1.509487
1.537591
1.522338
1.540558
1.519320
1.534513
1.521831
1.516524
1.570148
1.527888
1.539687
1.540700
1.536540
1.557662
1.546282
1.526921
1.523560
1.553742
1.528167
1.515992
1.529349
1.542469
1.514020
1.495880
1.560637
1.539077
1.530779
1.494786
1.524079
1.511786
1.526584
1.546882
1.546951
1.512987
1.528673
1.568540
1.541433
1.551750
1.494577
1.540305
1.526466
1.498789
1.523414
1.544123
1.529627
1.542353
1.524081
1.540609
1.563197
1.514156
1.566290
1.535913
1.542816
1.544677
1.553970
1.546489
1.512890
1.520378
1.544810
1.568370
1.511475
1.544061
1.529649
1.558254
1.499842
1.560298
1.507982
1.538700
1.519710
1.552619
1.525779
1.582305
1.528632
1.521931
1.537605
1.511855
1.547397
1.534879
1.546515
1.527231
1.526714
1.515453
1.518113
1.533938
1.522945
1.495813
1.536919
1.545889
1.539469
1.563757
1.521980
1.507440
1.515202
1.532475
1.503476
1.497436
1.550693
1.536120
1.518762
1.499078
1.529103
1.544834
1.526585
1.538041
1.526757
1.522347
1.544560
1.524294
1.505476
1.512021
1.545283
1.532766
1.524112
1.560685
1.532846
1.540086
1.532853
1.535567
1.572226
1.505520
1.532207
1.545223
1.518122
1.523341
1.505531
1.547164
1.529576
1.532968
1.527679
1.517268
1.516970
1.511964
1.541530
1.534917
1.564029
1.535787
1.537251
1.516160
1.552483
1.547005
1.532036
1.518783
1.527426
1.533016
1.507853
1.530588
1.553809
1.528603
1.524906
1.516766
1.509759
1.502786
1.524767
1.563661
1.486022
1.544787
1.509152
1.509136
1.524767
1.537692
1.532411
1.527527
1.555793
1.499336
1.515700
1.514181
1.501679
1.559316
1.566609
1.543731
1.511410
1.572157
1.516563
1.509522
1.518570
1.510607
1.522546
1.504733
1.507920
1.523825
1.524760
1.519325
1.499107
1.519623
1.547155
1.533701
1.543018
1.568599
1.522290
1.519876
1.574786
1.530471
1.517736
1.514983
1.521222
1.532579
1.560077
1.524623
1.520571
1.548609
1.529886
1.514614
1.530355
1.515869
1.523461
1.522212
1.573907
1.559021
1.519007
1.510284
1.496198
1.548027
1.529348
1.585210
1.534608
1.531401
