2.304877
2.306725
2.305789
2.303359
2.304426
2.304529
2.304319
2.303824
2.304195
2.302347
2.302471
2.299577
2.294566
2.296090
2.287699
2.275461
2.272346
2.263015
2.259864
2.255218
2.255627
2.265175
2.291046
2.286786
2.288577
2.301111
2.329169
2.332056
2.312955
2.311080
2.304993
2.279419
2.263283
2.268632
2.239267
2.228258
2.301927
2.263327
2.306760
2.294521
2.309068
2.284451
2.350770
2.331176
2.373551
2.351512
2.387017
2.329285
2.278055
2.225100
2.168382
2.120331
2.100135
2.065054
2.065892
2.126553
2.150462
2.291788
2.322570
2.355983
2.300783
2.235135
2.159946
2.109553
2.032600
1.969332
1.889708
2.003923
2.114324
2.247491
2.294864
2.276882
2.326427
2.330400
2.312910
2.258179
2.312071
2.367882
2.261792
2.177927
2.149139
2.082760
2.012666
1.947112
1.962028
1.961226
2.008145
2.064545
2.166506
2.153891
2.016924
1.984777
1.885604
1.860333
1.982321
2.034768
2.142885
2.083606
2.113692
2.188534
2.261133
2.278174
2.239801
2.128181
2.120923
2.002791
1.993449
1.977451
1.992246
1.900853
1.846121
1.782148
1.751058
1.727285
1.746151
1.767420
1.790128
1.800432
1.791427
1.774841
1.846888
1.942503
1.972842
2.072958
2.065470
2.135803
2.209944
2.177002
2.229352
2.233647
2.197180
2.147935
2.141746
2.090544
2.036458
2.016110
1.953701
1.881446
1.846426
1.873583
1.846791
1.802701
1.750608
1.785295
1.757953
1.750932
1.766757
1.803210
1.784252
1.801403
1.807271
1.786734
1.823938
1.802253
1.835563
1.799642
1.866864
1.828270
1.840736
1.848142
1.857291
1.862286
1.922517
1.915442
1.913797
1.947225
2.033422
2.087090
2.069301
2.138146
2.170969
2.176277
2.045146
2.021413
1.965411
1.904428
1.893289
1.822827
1.755673
1.760293
1.747749
1.752310
1.760188
1.790244
1.787723
1.779261
1.746219
1.730391
1.760712
1.736553
1.785014
1.784777
1.777606
1.755815
1.712630
1.803037
1.779054
1.762579
1.796108
1.829511
1.825789
1.774284
1.748347
1.801830
1.786252
1.743833
1.817756
1.760873
1.806568
1.777282
1.817209
1.739204
1.754426
1.795205
1.839916
1.838069
1.875086
1.890922
1.893304
1.968595
1.940510
1.955554
1.939472
2.052853
2.083265
2.050683
1.982829
1.872115
1.818376
1.790424
1.741376
1.757737
1.676768
1.734630
1.740162
1.711431
1.763112
1.723399
1.696447
1.718521
1.713575
1.746544
1.683259
1.771685
1.708452
1.677256
1.775929
1.786517
1.810517
1.769167
1.735813
1.772148
1.784139
1.846977
1.833416
1.869715
1.873751
1.921049
1.874922
1.965462
1.970745
2.061328
2.009271
2.041360
2.097283
2.124847
2.130958
2.058810
2.063405
2.087983
2.139400
2.122128
2.150731
2.183286
2.135346
2.113877
2.151544
2.113987
2.108013
2.131927
2.162544
2.229904
2.211011
2.220849
2.251984
2.218096
2.260139
2.254365
2.216748
2.249295
2.240340
2.226680
2.215864
2.251081
2.212682
2.171909
2.159846
2.185177
2.219790
2.112844
2.143433
2.138356
2.140150
2.171607
2.108222
2.177538
2.160177
2.101575
2.111822
2.136770
2.135219
2.158107
2.191525
2.162932
2.232876
2.167746
2.226388
2.236852
2.136445
2.300049
2.224784
2.221411
2.177016
2.224727
2.163885
2.179335
2.198556
2.204706
2.174793
2.162483
2.141463
2.195655
2.168061
2.158904
2.123158
2.161613
2.153978
2.092662
2.145897
2.080880
2.064542
2.142122
2.105364
2.022504
2.109561
2.112897
2.007856
1.876438
1.863415
1.846635
1.727711
1.759870
1.730830
1.716382
1.715232
1.714199
1.634882
1.671931
1.688688
1.676767
1.676966
1.708949
1.693581
1.702118
1.720381
1.709238
1.748782
1.729387
1.717216
1.763564
1.739649
1.835382
1.845480
1.826109
1.852428
1.894663
1.973241
1.900477
2.061314
2.009781
2.038074
2.084581
2.008723
2.064463
2.100454
2.144868
2.166934
2.136873
2.110022
2.153732
2.187578
2.112212
2.135665
2.161647
2.107817
2.121686
2.190402
2.094391
2.156533
2.125358
2.113456
2.085920
2.093731
2.000151
1.998780
1.905709
1.892683
1.883180
1.803759
1.788019
1.757677
1.696907
1.742121
1.688044
1.678376
1.719318
1.675329
1.719761
1.662370
1.646417
1.731364
1.678169
1.692035
1.696898
1.699831
1.720468
1.695662
1.731537
1.695830
1.686802
1.728362
1.753251
1.719729
1.745574
1.794624
1.783057
1.827870
1.776713
1.799578
1.913884
1.903184
1.891298
1.865580
1.988714
1.955544
1.985783
1.944821
1.954961
1.963752
1.952969
2.050368
2.022086
2.045011
2.037442
2.056836
2.020957
2.046004
2.042497
2.077850
2.060969
2.093179
2.010570
2.071626
2.063377
1.998599
1.986367
2.095155
2.071557
1.988541
1.926630
1.817205
1.788301
1.770076
1.776212
1.737030
1.707102
1.734427
1.723132
1.685790
1.669885
1.689877
1.661660
1.655591
1.649660
1.633843
1.657974
1.679305
1.676494
1.648098
1.686438
1.698048
1.670783
1.685162
1.659998
1.687642
1.728762
1.736964
1.708242
1.773216
1.710032
