2.306811
2.304375
2.311256
2.332865
2.321820
2.299434
2.296991
2.335980
2.313242
2.294925
2.301962
2.301800
2.298962
2.295226
2.296842
2.297965
2.298910
2.298115
2.301431
2.300977
2.301897
2.302122
2.301151
2.302374
2.302217
2.301058
2.302112
2.302162
2.301921
2.302702
2.302275
2.302470
2.302377
2.302381
2.302428
2.302921
2.302306
2.302585
2.302534
2.302381
2.302534
2.302534
2.302428
2.302279
2.302585
2.302049
2.302534
2.302421
2.302150
2.303019
2.302255
2.301986
2.302534
2.302765
2.302483
2.302913
2.302841
2.302421
2.302377
2.302107
2.302428
2.302113
2.302483
2.301737
2.302585
2.302534
2.302862
2.302166
2.302534
2.302534
2.302534
2.302612
2.302483
2.302534
2.301954
2.302272
2.302374
2.302483
2.302483
2.302045
2.302212
2.302714
2.303151
2.302268
2.302091
2.302585
2.302432
2.302221
2.302060
2.302483
2.302483
2.302432
2.302377
2.302585
2.302483
2.302585
2.302377
2.302483
2.302601
2.302213
2.302678
2.302943
2.302306
2.302432
2.303019
2.302534
2.302658
2.302432
2.302604
2.302610
2.302377
2.302370
2.302534
2.301943
2.302162
2.302658
2.302483
2.302585
2.302585
2.302428
2.302421
2.302483
2.302432
2.302584
2.302695
2.302432
2.302534
2.302428
2.302688
2.302099
2.303019
2.301870
2.302073
2.302612
2.302483
2.301832
2.302326
2.302534
2.302091
2.302377
2.302428
2.302381
2.302217
2.302370
2.302663
2.302381
2.302432
2.301768
2.302377
2.302319
2.302534
2.302483
2.302428
2.302534
2.302432
2.302585
2.302381
2.301997
2.302480
2.302275
2.302155
2.301737
2.302807
2.302377
2.302483
2.302968
2.302534
2.302173
2.302739
2.302319
2.302483
2.302831
2.302397
2.302142
2.302534
2.302268
2.302275
2.302534
2.302381
2.302377
2.301934
2.302110
2.302483
2.302275
2.302264
2.302428
2.301862
2.302483
2.302377
2.302585
2.302534
2.302319
2.302943
2.302217
2.302027
2.302228
2.303070
2.302585
2.302483
2.302223
2.302204
2.302616
2.301776
2.302483
2.302306
2.302432
2.302432
2.302483
2.302585
2.302204
2.302377
2.302319
2.301663
2.302224
2.302162
2.302341
2.302483
2.302000
2.302432
2.301903
2.302381
2.301986
2.302421
2.302483
2.302275
2.302377
2.302428
2.302377
2.302432
2.302607
2.302534
2.302803
2.302027
2.302483
2.302279
2.301725
2.301763
2.302483
2.302534
2.302084
2.301976
2.302480
2.302377
2.302310
2.302040
2.302483
2.301585
2.302155
2.302099
2.301724
2.302483
2.301760
2.302432
2.302381
2.302326
2.302279
2.302228
2.302217
2.302432
2.302480
2.302306
2.302261
2.302323
2.302483
2.302534
2.302279
2.302968
2.302275
2.302552
2.302534
2.302534
2.301496
2.302377
2.301713
2.302275
2.302150
2.302201
2.302483
2.302381
2.302150
2.302275
2.302310
2.302892
2.301924
2.302319
2.301826
2.302432
2.302326
2.302084
2.302534
2.301949
2.302432
2.301888
2.301939
2.302268
2.302377
2.302381
2.302505
2.301844
2.302381
2.302000
2.302119
2.302381
2.302177
2.302319
2.302008
2.302534
2.302173
2.302483
2.302658
2.302279
2.302319
2.302483
2.302326
2.302217
2.302381
2.302381
2.302330
2.302330
2.301844
2.302381
2.301553
2.301827
2.301904
2.302534
2.302126
2.302277
2.302727
2.301785
2.302326
2.301688
2.302040
2.301870
2.302432
2.302177
2.302432
2.302330
2.302326
2.302255
2.302134
2.301895
2.301966
2.302204
2.302068
2.301674
2.302115
2.301958
2.302534
2.302217
2.302228
2.302381
2.302381
2.302534
2.302110
2.301794
2.302173
2.302151
2.302370
2.302033
2.301673
2.302228
2.302217
2.302432
2.301407
2.302377
2.301877
2.302330
2.302173
2.301982
2.301679
2.302381
2.301887
2.301520
2.302051
2.302064
2.302228
2.301836
2.302330
2.301938
2.302075
2.302064
2.302099
2.302075
2.302135
2.302173
2.302268
2.301489
2.301381
2.301597
2.302110
2.302381
2.302279
2.302841
2.302126
2.302330
2.301775
2.301875
2.302330
2.302122
2.302177
2.302048
2.300587
2.301032
2.302126
2.302013
2.302279
2.302381
2.301754
2.302024
2.302123
2.301667
2.302204
2.302228
2.301754
2.302228
2.302071
2.301962
2.302279
2.301724
2.302071
2.302075
2.301676
2.301820
2.301096
2.301796
2.302024
2.301918
2.301181
2.302228
2.301797
2.301676
2.302315
2.301173
2.301255
2.301303
2.300548
2.301000
2.300418
2.299123
2.299229
2.298555
2.297500
2.292601
2.278614
2.260662
2.276524
2.252617
2.268584
2.268084
2.276129
2.267927
2.268482
2.252956
2.252834
2.283748
2.237287
2.268420
2.268564
2.275615
2.268106
2.283134
2.291295
2.252908
2.268581
2.267856
2.260475
2.244699
2.260494
2.284107
2.276346
2.268087
2.260169
2.284264
2.260725
2.260042
2.275940
2.245198
2.292026
2.268424
2.283850
2.253014
2.284623
2.276628
2.267962
2.276502
2.276114
2.276682
2.252905
2.276397
2.260775
2.260447
2.244830
2.276400
2.252515
2.252468
2.268242
2.244646
2.260725
2.260276
2.253065
