2.305658
2.288464
2.283727
2.263033
2.263348
2.257943
2.257956
2.228314
2.254194
2.250882
2.235389
2.265560
2.276133
2.292058
2.303772
2.299260
2.268752
2.281163
2.343189
2.300838
2.251656
2.241969
2.234367
2.225848
2.213374
2.232846
2.258750
2.234369
2.216364
2.187686
2.201526
2.173670
2.148357
2.168912
2.174403
2.169672
2.171976
2.173892
2.185234
2.154932
2.142802
2.140878
2.076245
2.077147
2.041308
2.017785
1.974669
1.954240
1.975343
1.933365
1.919242
1.923598
1.918322
1.882051
1.856105
1.845234
1.837480
1.868061
1.831677
1.798113
1.821238
1.828650
1.777150
1.783528
1.767856
1.731084
1.772470
1.757595
1.742953
1.707964
1.730494
1.709071
1.718396
1.708029
1.700096
1.669014
1.677785
1.713544
1.749812
1.684518
1.704771
1.665856
1.668193
1.686361
1.673227
1.669655
1.666371
1.674282
1.652586
1.654423
1.667068
1.638414
1.654833
1.672233
1.671052
1.661257
1.680897
1.655277
1.655963
1.633481
1.654287
1.644982
1.630253
1.642119
1.635962
1.662749
1.629316
1.621755
1.625054
1.664491
1.631333
1.646085
1.645995
1.618501
1.637498
1.628327
1.630918
1.638837
1.646310
1.639202
1.660253
1.626469
1.645978
1.621349
1.602027
1.620441
1.637655
1.612834
1.619682
1.612388
1.638819
1.626461
1.614536
1.619463
1.630035
1.616030
1.613345
1.623822
1.620556
1.622402
1.613639
1.627371
1.603821
1.622371
1.624354
1.629826
1.623669
1.626390
1.653623
1.615032
1.618601
1.601667
1.612335
1.617377
1.626536
1.595891
1.600348
1.626214
1.603299
1.640203
1.610765
1.628205
1.593459
1.610478
1.618564
1.623270
1.618297
1.645158
1.610523
1.599730
1.593979
1.610216
1.600162
1.613487
1.595645
1.592817
1.625051
1.628921
1.608241
1.617042
1.591903
1.610337
1.610612
1.608527
1.608472
1.607013
1.591217
1.600615
1.595114
1.613435
1.605268
1.601945
1.600981
1.615631
1.598078
1.598095
1.602482
1.604768
1.633321
1.608470
1.623058
1.588798
1.603058
1.615179
1.600396
1.600340
1.614892
1.600676
1.605041
1.610802
1.593403
1.590679
1.600495
1.593045
1.614876
1.599615
1.593516
1.587765
1.617318
1.598029
1.615663
1.606310
1.578978
1.595258
1.578734
1.594416
1.603645
1.597869
1.605740
1.598724
1.626999
1.603461
1.603589
1.596304
1.585298
1.590356
1.597380
1.588825
1.585369
1.602302
1.590219
1.588038
1.592433
1.601975
1.594522
1.582137
1.601938
1.617821
1.613973
1.592996
1.596240
1.606513
1.608278
1.580260
1.599098
1.596323
1.611693
1.590283
1.615220
1.589738
1.587624
1.598796
1.596341
1.592233
1.586476
1.592033
1.590733
1.583159
1.581078
1.585233
1.583565
1.586455
1.615425
1.577323
1.607408
1.576421
1.603289
1.587844
1.589819
1.598515
1.571525
1.595794
1.578413
1.592231
1.583776
1.601441
1.587649
1.582015
1.576133
1.607330
1.587113
1.586270
1.588002
1.590115
1.597933
1.591725
1.579032
1.587105
1.597725
1.583937
1.590426
1.572517
1.586324
1.565587
1.591647
1.574267
1.568260
1.603339
1.583537
1.582023
1.591247
1.579560
1.574804
1.597713
1.567767
1.585250
1.600776
1.594196
1.574401
1.585175
1.598158
1.582646
1.595678
1.575085
1.595965
1.583622
1.601066
1.580388
1.581393
1.587158
1.574535
1.576139
1.597848
1.579615
1.585852
1.586650
1.589720
1.585789
1.591418
1.597124
1.593052
1.568884
1.571506
1.586088
1.603519
1.591949
1.575545
1.570679
1.587289
1.563612
1.571122
1.583466
1.581831
1.586271
1.582703
1.563809
1.563552
1.586309
1.572629
1.568365
1.571965
1.580714
1.573318
1.560368
1.561288
1.567790
1.556039
1.552149
1.578323
1.580788
1.563842
1.575002
1.596402
1.569719
1.553439
1.574324
1.564616
1.575790
1.556320
1.545213
1.542796
1.578492
1.565456
1.572861
1.564342
1.562353
1.550267
1.576438
1.586669
1.572931
1.565273
1.571093
1.565852
1.571519
1.543266
1.546138
1.572968
1.565226
1.546702
1.550344
1.546184
1.584841
1.564408
1.566125
1.575963
1.567530
1.554084
1.557511
1.560795
1.557559
1.556392
1.574121
1.566589
1.550346
1.579774
1.569153
1.568646
1.555263
1.557937
1.568736
1.558453
1.576041
1.581390
1.570735
1.580661
1.579928
1.588076
1.575622
1.576862
1.571043
1.566012
1.579154
1.563815
1.579428
1.567366
1.580976
1.568236
1.559053
1.569580
1.560501
1.582881
1.582193
1.580959
1.582363
1.566561
1.566306
1.572839
1.573962
1.556636
1.578857
1.560450
1.572610
1.567563
1.565267
1.575650
1.574011
1.558669
1.580469
1.574123
1.567769
1.567960
1.579713
1.569050
1.573778
1.577307
1.554700
1.578669
1.570649
1.565237
1.589056
1.568799
1.566702
1.585286
1.566557
1.560803
1.577554
1.568092
1.565834
1.570247
1.582836
1.584406
1.572243
1.580400
1.579183
1.579517
1.578749
1.595554
1.567471
1.578622
1.573202
1.583227
1.575244
1.565914
1.582615
1.585144
1.581169
1.573026
1.584107
1.565443
1.554998
