2.305317
2.302216
2.303214
2.304436
2.303779
2.302023
2.300158
2.300361
2.297005
2.282522
2.269686
2.258872
2.243891
2.255915
2.245808
2.244669
2.222167
2.207184
2.188908
2.178677
2.162284
2.137130
2.126666
2.120039
2.118265
2.115304
2.119751
2.061663
2.029613
2.001967
1.924809
1.945992
1.944790
1.906727
1.877232
1.890395
1.956039
1.871394
1.913551
1.835827
1.819358
1.794827
1.815958
1.819478
1.777328
1.829197
1.806007
1.785608
1.769058
1.771967
1.737945
1.764894
1.791150
1.793517
1.779415
1.755141
1.798946
1.787181
1.780524
1.779841
1.767491
1.706470
1.739891
1.742004
1.750389
1.748646
1.699626
1.722844
1.713749
1.687123
1.699384
1.729438
1.710819
1.715592
1.709319
1.726675
1.682755
1.687941
1.728199
1.697443
1.646188
1.691078
1.696811
1.690668
1.676407
1.709436
1.682305
1.649791
1.735081
1.675084
1.703783
1.682289
1.658527
1.696055
1.676304
1.691520
1.658386
1.647661
1.676118
1.655495
1.660279
1.668792
1.681814
1.639338
1.677673
1.673569
1.654973
1.626668
1.670887
1.629492
1.645918
1.669404
1.639725
1.649657
1.650960
1.663882
1.651432
1.707461
1.678568
1.645253
1.688322
1.648649
1.633657
1.634018
1.628142
1.627907
1.645789
1.612199
1.619826
1.629239
1.632612
1.651432
1.610313
1.618293
1.626920
1.639060
1.635328
1.684554
1.613524
1.633690
1.640272
1.617253
1.624319
1.645708
1.623526
1.649550
1.624454
1.642324
1.605492
1.613968
1.617286
1.650220
1.645021
1.625850
1.591766
1.650077
1.601498
1.658603
1.598093
1.605138
1.630056
1.624273
1.623839
1.603018
1.625256
1.625323
1.625393
1.641139
1.635391
1.605340
1.587705
1.618199
1.592519
1.605780
1.630174
1.609885
1.622092
1.584280
1.590305
1.618970
1.577692
1.632777
1.616287
1.592334
1.601931
1.596473
1.609028
1.610851
1.628958
1.599176
1.620774
1.597971
1.575417
1.603463
1.616435
1.604747
1.609675
1.589030
1.597756
1.620556
1.616809
1.606395
1.580582
1.596634
1.601106
1.595507
1.567000
1.592405
1.621039
1.579319
1.588879
1.583753
1.596749
1.620095
1.597903
1.613898
1.576662
1.577719
1.605434
1.594049
1.577834
1.588325
1.581145
1.596080
1.594936
1.584177
1.612973
1.610988
1.611234
1.605783
1.617440
1.603960
1.592951
1.570310
1.563446
1.574863
1.583758
1.626935
1.569632
1.595396
1.564586
1.583638
1.608439
1.600213
1.592184
1.595296
1.582292
1.583933
1.587355
1.564799
1.559834
1.571729
1.546248
1.597600
1.593304
1.587016
1.589987
1.578627
1.577091
1.584517
1.584448
1.575418
1.568585
1.561492
1.582247
1.559723
1.543907
1.595212
1.565985
1.573238
1.555665
1.579330
1.595250
1.591683
1.577211
1.594553
1.600166
1.554049
1.585842
1.555798
1.559814
1.554997
1.583253
1.552265
1.568174
1.571785
1.548976
1.553497
1.587498
1.571411
1.558579
1.587541
1.573641
1.581502
1.563727
1.597095
1.606544
1.559862
1.554389
1.564521
1.593355
1.564762
1.544970
1.549639
1.560088
1.561559
1.567286
1.591294
1.561190
1.559448
1.557862
1.566650
1.564438
1.545445
1.552419
1.548861
1.583517
1.572896
1.551469
1.586871
1.578150
1.534271
1.580181
1.544247
1.585883
1.548558
1.572882
1.557838
1.559387
1.557554
1.559333
1.557811
1.570618
1.581431
1.536225
1.558133
1.542990
1.545266
1.570557
1.560158
1.570809
1.546710
1.554768
1.564439
1.537489
1.570747
1.536824
1.549196
1.539964
1.555164
1.561059
1.553823
1.551222
1.557692
1.551230
1.564152
1.554686
1.563672
1.562510
1.545142
1.547418
1.519721
1.543306
1.582705
1.540865
1.552285
1.544160
1.553789
1.571138
1.575634
1.547434
1.538347
1.549244
1.554840
1.562913
1.546063
1.553698
1.548028
1.566897
1.593576
1.544525
1.540931
1.566115
1.559607
1.541748
1.549068
1.571937
1.542149
1.554534
1.538060
1.541667
1.538420
1.522497
1.551425
1.543460
1.562031
1.539789
1.544346
1.543297
1.540467
1.555061
1.551702
1.543892
1.548632
1.525133
1.552199
1.539899
1.539047
1.544063
1.538217
1.529964
1.542798
1.582655
1.531488
1.560690
1.580983
1.530733
1.542993
1.554412
1.548777
1.535240
1.538302
1.549176
1.524847
1.525738
1.536290
1.562914
1.541818
1.575078
1.544474
1.564431
1.543878
1.536512
1.532347
1.537340
1.543047
1.549697
1.520185
1.550792
1.539140
1.532559
1.545495
1.530848
1.521082
1.516691
1.529205
1.541077
1.546155
1.559983
1.550450
1.571430
1.529657
1.535896
1.527757
1.527372
1.544738
1.526182
1.555808
1.532616
1.533979
1.536043
1.525432
1.550715
1.534718
1.512889
1.554432
1.534440
1.543528
1.526892
1.526652
1.553097
1.552110
1.520663
1.547720
1.543299
1.539738
1.550111
1.528226
1.507658
1.542393
1.510555
1.541292
1.534817
1.529065
1.539738
1.537684
1.555450
1.508811
1.532551
1.542959
1.520588
1.510354
1.584374
1.576042
1.520256
1.536408
1.510784
1.546134
1.539567
1.530972
