2.300497
2.300754
2.295478
2.293468
2.289589
2.280915
2.281586
2.272168
2.285730
2.282795
2.275056
2.256918
2.267156
2.268325
2.261359
2.239784
2.219755
2.202825
2.211441
2.259161
2.263016
2.266282
2.268040
2.264844
2.254188
2.243083
2.229315
2.207499
2.202503
2.202735
2.201916
2.198904
2.200185
2.178359
2.176189
2.197568
2.185852
2.204977
2.160408
2.153291
2.104043
2.059718
2.065690
2.036961
2.047771
2.037464
2.051631
2.024565
2.042213
2.025897
2.032832
2.018093
2.007135
1.980595
1.962181
1.942728
1.912279
1.923784
1.943931
1.940110
1.943190
1.941261
1.919276
1.914437
1.918939
1.891921
1.913345
1.881842
1.881287
1.870843
1.879256
1.880884
1.873303
1.871807
1.866914
1.849640
1.819052
1.849780
1.768885
1.775067
1.816500
1.827729
1.829158
1.838573
1.808262
1.813019
1.812389
1.737774
1.772804
1.740092
1.799411
1.787355
1.777058
1.789346
1.791071
1.793721
1.757668
1.756924
1.767520
1.753687
1.753906
1.760156
1.760976
1.768147
1.739267
1.731533
1.724833
1.746843
1.750615
1.755410
1.749828
1.756130
1.713565
1.737134
1.749308
1.748603
1.747555
1.726417
1.697389
1.727797
1.739582
1.715212
1.777747
1.722460
1.751252
1.717125
1.743747
1.726591
1.741891
1.697722
1.705892
1.744235
1.730842
1.720755
1.717767
1.731411
1.749821
1.721778
1.711995
1.742159
1.716625
1.703201
1.698382
1.705860
1.711028
1.682233
1.753586
1.697023
1.716262
1.686315
1.735251
1.742078
1.699597
1.696363
1.694885
1.669942
1.698661
1.715515
1.692446
1.705191
1.718882
1.694084
1.699333
1.688882
1.709499
1.708084
1.701861
1.700976
1.706622
1.732212
1.717906
1.700424
1.673661
1.683234
1.684751
1.722383
1.687460
1.681472
1.712115
1.709913
1.702209
1.684179
1.680139
1.683384
1.676347
1.696901
1.698138
1.673710
1.698619
1.660496
1.676017
1.708076
1.692150
1.693130
1.694095
1.678873
1.676512
1.665370
1.656896
1.665160
1.678512
1.698880
1.648900
1.722994
1.688001
1.712397
1.669899
1.691299
1.704100
1.677987
1.666739
1.641597
1.703230
1.652601
1.676693
1.656133
1.657638
1.685503
1.633813
1.656813
1.658438
1.673708
1.666639
1.644065
1.661578
1.646918
1.656051
1.674970
1.684669
1.644988
1.697711
1.672476
1.681986
1.655893
1.657654
1.631125
1.668353
1.626938
1.643115
1.662540
1.645294
1.643563
1.649601
1.649484
1.643265
1.627056
1.657356
1.660770
1.648201
1.654858
1.651025
1.651984
1.604351
1.640820
1.647417
1.643515
1.640447
1.644993
1.673406
1.631483
1.658165
1.659242
1.656245
1.659904
1.663056
1.619980
1.635634
1.637294
1.633905
1.641532
1.647650
1.675781
1.649735
1.649331
1.606953
1.627564
1.643059
1.650813
1.599861
1.643486
1.685362
1.633673
1.610330
1.641751
1.617339
1.612158
1.630295
1.650037
1.622166
1.649020
1.627444
1.623560
1.648612
1.629929
1.624046
1.609946
1.656330
1.620218
1.627189
1.644152
1.643450
1.617815
1.636527
1.630226
1.655423
1.599286
1.620835
1.644131
1.608963
1.636143
1.596771
1.644340
1.624559
1.599527
1.632241
1.600046
1.611077
1.614181
1.633994
1.643781
1.647090
1.606310
1.624286
1.585306
1.610997
1.628727
1.610312
1.649727
1.645810
1.632342
1.605164
1.628704
1.599956
1.640817
1.626387
1.597212
1.622300
1.634739
1.621472
1.581806
1.618393
1.622170
1.587077
1.591598
1.618742
1.627266
1.620642
1.595129
1.629810
1.593938
1.597120
1.620063
1.592491
1.610578
1.611710
1.628781
1.610568
1.599086
1.606834
1.596702
1.633071
1.605465
1.611501
1.621724
1.643851
1.610716
1.593401
1.617392
1.589060
1.616412
1.613956
1.601279
1.610000
1.607290
1.592179
1.623821
1.615994
1.629401
1.612044
1.603395
1.620028
1.585950
1.611287
1.604712
1.605438
1.602953
1.608823
1.646994
1.599030
1.586922
1.574004
1.587883
1.573603
1.646032
1.611364
1.580917
1.603751
1.615650
1.615587
1.606106
1.594818
1.616368
1.580868
1.600098
1.590977
1.591972
1.583771
1.602410
1.577043
1.609078
1.588160
1.600867
1.599637
1.601910
1.597825
1.592629
1.630926
1.640337
1.597895
1.581948
1.623652
1.592607
1.601482
1.604031
1.597116
1.589703
1.594014
1.576956
1.576521
1.612882
1.586530
1.622790
1.593358
1.582635
1.582662
1.588242
1.595797
1.599714
1.575475
1.603132
1.586162
1.590887
1.563389
1.593253
1.573589
1.624841
1.614429
1.591517
1.604886
1.576203
1.589529
1.601064
1.590619
1.571194
1.599641
1.588742
1.593297
1.606144
1.589002
1.611716
1.598980
1.605638
1.565390
1.576945
1.583681
1.582043
1.585643
1.579361
1.584418
1.583811
1.597298
1.580227
1.599854
1.574369
1.581316
1.596275
1.562117
1.609368
1.594648
1.561029
1.575097
1.581897
1.575734
1.589197
1.582568
1.593602
1.572767
1.601307
1.572405
1.580166
1.607030
1.574344
1.595119
1.596257
1.586076
1.605475
1.596956
1.592536
1.588444
1.581679
