2.309116
2.308728
2.315837
2.325827
2.336476
2.348178
2.325322
2.272279
2.218430
2.172868
2.164668
2.177925
2.143751
1.968795
1.879548
1.828372
1.852899
1.794150
1.775267
1.702843
1.728285
1.787346
1.779188
1.710998
1.660024
1.658700
1.689145
1.690228
1.639625
1.686652
1.620120
1.631627
1.592695
1.552684
1.605749
1.583669
1.592895
1.623911
1.571797
1.600431
1.573964
1.575693
1.517066
1.540261
1.574937
1.542506
1.521711
1.582321
1.643960
1.573851
1.551892
1.572581
1.550037
1.554439
1.547380
1.559624
1.543372
1.545079
1.553306
1.559958
1.554310
1.532922
1.529754
1.548241
1.535747
1.533136
1.550073
1.539320
1.530587
1.500641
1.502443
1.543019
1.554145
1.596047
1.542957
1.505635
1.526993
1.497236
1.536517
1.531391
1.550178
1.538798
1.548735
1.532723
1.519662
1.526793
1.521041
1.530998
1.507101
1.514820
1.507148
1.504361
1.552844
1.524516
1.514798
1.525758
1.496877
1.519312
1.518255
1.519742
1.532512
1.539064
1.488746
1.504598
1.514050
1.516217
1.521575
1.520030
1.529469
1.537357
1.537550
1.507834
1.497994
1.523543
1.510108
1.523259
1.506907
1.517781
1.506464
1.509391
1.487153
1.529090
1.512699
1.517888
1.544890
1.527655
1.542644
1.514816
1.477964
1.495263
1.516154
1.505042
1.514654
1.497552
1.489527
1.493156
1.517790
1.508227
1.514517
1.541049
1.500821
1.514973
1.494232
1.489992
1.515951
1.533885
1.498475
1.477229
1.520023
1.507614
1.529005
1.509965
1.526024
1.494468
1.497830
1.521954
1.507296
1.521150
1.506360
1.500896
1.485859
1.482747
1.489126
1.519436
1.495737
1.492569
1.500907
1.501506
1.498748
1.527866
1.514206
1.488422
1.489440
1.482571
1.497427
1.510504
1.491472
1.500226
1.500141
1.512470
1.519585
1.514470
1.509337
1.532251
1.501976
1.492608
1.490868
1.500862
1.493099
1.507714
1.491263
1.505849
1.495854
1.496076
1.515516
1.521729
1.515542
1.509049
1.515897
1.504529
1.513680
1.485532
1.498683
1.477901
1.493364
1.491859
1.492278
1.501431
1.508733
1.504766
1.507318
1.512182
1.484217
1.514096
1.490915
1.492044
1.483148
1.488548
1.492064
1.495986
1.506612
1.520096
1.496036
1.489893
1.491010
1.497742
1.500555
1.512254
1.478766
1.490225
1.482299
1.503215
1.487148
1.493219
1.499236
1.502508
1.494929
1.493641
1.519595
1.494352
1.483331
1.509261
1.505794
1.488865
1.493194
1.497480
1.504457
1.490331
1.483472
1.489771
1.497352
1.500580
1.485438
1.496818
1.492708
1.495765
1.479755
1.490615
1.510249
1.485280
1.511200
1.493614
1.491826
1.483329
1.479379
1.533678
1.501133
1.488665
1.511381
1.490954
1.487538
1.512314
1.505609
1.499545
1.500919
1.487535
1.491854
1.482590
1.482096
1.501571
1.516002
1.478622
1.490743
1.502072
1.481874
1.489015
1.500320
1.487959
1.477613
1.481972
1.481147
1.501054
1.489637
1.485401
1.482653
1.499139
1.510017
1.486049
1.486925
1.500808
1.474421
1.468705
1.488992
1.497287
1.520666
1.501640
1.486379
1.490570
1.487395
1.481742
1.486612
1.499411
1.505202
1.497382
1.472896
1.481972
1.477909
1.517030
1.502887
1.504775
1.494180
1.489871
1.475034
1.494743
1.478522
1.504771
1.499550
1.480690
1.482905
1.488654
1.485608
1.493688
1.486415
1.492718
1.508831
1.495667
1.481783
1.479717
1.489470
1.475144
1.482625
1.473409
1.502342
1.473442
1.487956
1.482790
1.490065
1.495841
1.498805
1.493009
1.498480
1.498858
1.500765
1.476156
1.481885
1.492702
1.479033
1.471192
1.467630
1.490335
1.494860
1.495402
1.530992
1.480788
1.487396
1.472178
1.488338
1.478811
1.483849
1.480377
1.490963
1.491295
1.475313
1.504047
1.507412
1.509073
1.487837
1.485658
1.480404
1.469948
1.486095
1.491535
1.472258
1.489221
1.483371
1.502741
1.484836
1.492671
1.488230
1.470318
1.483531
1.486334
1.487380
1.492160
1.482580
1.489590
1.477379
1.484123
1.484247
1.478070
1.472125
1.476912
1.478331
1.485776
1.484381
1.491353
1.475828
1.495759
1.481849
1.503338
1.521274
1.480702
1.483385
1.471546
1.486272
1.489858
1.481074
1.497082
1.487941
1.487324
1.480369
1.484546
1.481707
1.479719
1.485288
1.486505
1.485952
1.491595
1.469248
1.491080
1.477680
1.488150
1.478281
1.513847
1.498467
1.486041
1.492581
1.493073
1.496865
1.478748
1.478486
1.479648
1.485974
1.474826
1.474798
1.478752
1.483727
1.475885
1.482144
1.483440
1.488280
1.482873
1.487893
1.492454
1.477502
1.496121
1.486026
1.490125
1.481141
1.495789
1.479644
1.479482
1.476032
1.475604
1.482545
1.478163
1.488725
1.496614
1.480847
1.482766
1.478854
1.478055
1.480573
1.478357
1.487353
1.479986
1.486008
1.501411
1.479507
1.487605
1.486026
1.476360
1.474654
1.484709
1.487390
1.477452
1.484968
1.485680
1.480686
1.497615
1.469726
1.501071
1.469161
1.497148
1.497144
1.481132
1.487712
1.484551
1.480550
1.491899
