2.304775
2.302326
2.299890
2.288651
2.272041
2.253186
2.215558
2.185933
2.269275
2.288209
2.291270
2.300403
2.300627
2.299859
2.298984
2.290639
2.286406
2.293116
2.288536
2.292146
2.294193
2.297068
2.299126
2.302078
2.299565
2.301252
2.299641
2.298282
2.302478
2.303203
2.300497
2.302641
2.303519
2.301450
2.301760
2.301291
2.302652
2.300902
2.301574
2.301919
2.302796
2.301195
2.301836
2.301083
2.301162
2.300724
2.302620
2.301976
2.301023
2.302750
2.301418
2.301890
2.301794
2.302777
2.300606
2.301909
2.301656
2.300884
2.301042
2.300861
2.303987
2.300405
2.301310
2.299880
2.300335
2.300142
2.298077
2.298281
2.299456
2.297141
2.344555
2.330971
2.333388
2.368537
2.332576
2.307895
2.352528
2.310031
2.325181
2.338233
2.316162
2.318862
2.333657
2.390470
2.334038
2.357793
2.352401
2.368053
2.293927
2.296844
2.368636
2.287988
2.348815
2.369042
2.308825
2.345867
2.344244
2.344571
2.343313
2.382701
2.336493
2.385971
2.323905
2.323482
2.316396
2.360183
2.343690
2.321721
2.345156
2.323595
2.349499
2.366165
2.328909
2.292781
2.330375
2.374806
2.328274
2.312916
2.327725
2.415864
2.312195
2.344882
2.379289
2.320493
2.341034
2.327953
2.292125
2.343893
2.325140
2.371726
2.340531
2.357279
2.326558
2.332028
2.328129
2.300939
2.312923
2.341013
2.310927
2.345544
2.324511
2.329406
2.332973
2.317150
2.299963
2.354059
2.339555
2.310052
2.352858
2.336240
2.308802
2.339814
2.337924
2.331946
2.304546
2.374548
2.312099
2.336826
2.263494
2.278753
2.337071
2.246473
2.299988
2.255147
2.300251
2.363932
2.333025
2.254181
2.263812
2.269412
2.275622
2.293331
2.242528
2.284062
2.291853
2.335849
2.275938
2.275397
2.309519
2.296863
2.274559
2.304249
2.301802
2.325377
2.293296
2.324913
2.291228
2.307088
2.252313
2.237324
2.247778
2.226169
2.260944
2.250271
2.260854
2.261183
2.275651
2.239722
2.298267
2.248942
2.268556
2.272139
2.239548
2.274389
2.255946
2.269968
2.275019
2.226571
2.246089
2.233268
2.246934
2.274724
2.238701
2.293627
2.276356
2.262841
2.259776
2.206946
2.234882
2.236414
2.284616
2.329385
2.261207
2.281488
2.305437
2.276403
2.297435
2.268328
2.231291
2.271846
2.270159
2.277648
2.292630
2.247928
2.333129
2.260575
2.202234
2.231198
2.263941
2.271249
2.192260
2.221868
2.195058
2.233561
2.235540
2.277168
2.208023
2.261487
2.182250
2.176444
2.167387
2.204787
2.217327
2.161011
2.172804
2.188083
2.181873
2.173684
2.190255
2.185450
2.204857
2.141901
2.194201
2.175548
2.188309
2.173600
2.203276
2.169152
2.170799
2.163093
2.195776
2.172451
2.169893
2.226878
2.183032
2.176431
2.187038
2.179699
2.187617
2.138391
2.143560
2.173869
2.187979
2.179350
2.202067
2.153037
2.257718
2.177717
2.169115
2.208828
2.251753
2.185014
2.153211
2.205490
2.199492
2.173522
2.201014
2.258896
2.203291
2.223785
2.142039
2.207242
2.155102
2.172182
2.148524
2.120305
2.199058
2.165690
2.090985
2.187132
2.134190
2.141516
2.127222
2.152183
2.077309
2.121672
2.124840
2.145915
2.152735
2.165224
2.140339
2.114783
2.117227
2.118962
2.089542
2.161091
2.124100
2.161952
2.202681
2.112432
2.127841
2.137774
2.119246
2.127935
2.132760
2.146348
2.132722
2.127810
2.180860
2.119584
2.112656
2.101522
2.161913
2.095515
2.083086
2.137704
2.127166
2.141329
2.092896
2.099756
2.134027
2.117260
2.101924
2.100363
2.126014
2.154592
2.104510
2.139799
2.133684
2.084375
2.092957
2.072093
2.097828
2.121812
2.105409
2.106478
2.129946
2.130273
2.095173
2.119239
2.132316
2.120701
2.082772
2.093448
2.103765
2.121707
2.080349
2.134880
2.105288
2.113394
2.114431
2.081020
2.135842
2.124182
2.144872
2.106593
2.108005
2.144842
2.082826
2.112386
2.119779
2.128011
2.133033
2.111438
2.143121
2.076494
2.099120
2.121309
2.107047
2.050430
2.122115
2.086340
2.115085
2.100959
2.135017
2.103273
2.113310
2.138162
2.071271
2.072063
2.116766
2.116461
2.131783
2.094260
2.108211
2.084878
2.109550
2.127723
2.141563
2.130278
2.095134
2.124119
2.088660
2.102739
2.135614
2.112324
2.093900
2.130591
2.121092
2.114143
2.169127
2.109963
2.102185
2.120347
2.073487
2.095129
2.047727
2.034333
2.075831
2.083648
2.060666
2.150485
2.108059
2.075249
2.081603
2.025277
2.087375
2.137795
2.113706
2.065830
2.070542
2.084110
2.049691
1.976474
1.987035
2.035421
2.024645
2.045901
1.992273
2.028707
2.019915
1.904092
1.930701
1.979656
1.950704
2.120632
2.275028
2.327488
2.321311
2.321762
2.293686
2.339658
2.341288
2.322652
2.268270
2.225026
2.183983
2.201557
2.204247
2.246703
2.225777
2.165125
2.259627
2.292447
2.249989
2.291004
2.233862
2.198934
2.200178
2.199796
2.188147
2.188498
2.232828
2.201598
2.233200
2.241498
2.236534
2.190590
2.190900
2.249312
