2.290730
2.282530
2.291180
2.241192
2.181412
2.196784
2.136760
2.157158
2.121614
2.050959
1.895106
1.888212
1.862425
1.846452
1.843275
1.786425
1.752989
1.720897
1.689613
1.715566
1.685893
1.673141
1.639211
1.597717
1.676402
1.686768
1.650005
1.625068
1.661287
1.591902
1.644858
1.590735
1.628323
1.598958
1.587240
1.597799
1.566388
1.597623
1.561419
1.555068
1.611825
1.551412
1.579655
1.561492
1.582948
1.578733
1.545272
1.577637
1.567768
1.516840
1.550679
1.552501
1.550462
1.551599
1.556059
1.545272
1.554375
1.520798
1.547921
1.577336
1.558238
1.505895
1.538506
1.535956
1.543383
1.532570
1.522093
1.537809
1.525869
1.558705
1.531009
1.525305
1.535651
1.518099
1.549170
1.513417
1.536918
1.529420
1.512006
1.535105
1.535314
1.558483
1.495990
1.522836
1.543814
1.502079
1.515328
1.510089
1.488113
1.520577
1.575450
1.532758
1.525540
1.535488
1.528990
1.512029
1.513114
1.511130
1.516194
1.507274
1.495763
1.502381
1.528875
1.543537
1.500456
1.519579
1.516097
1.504276
1.509150
1.507403
1.489549
1.509235
1.511481
1.522916
1.524793
1.503458
1.504074
1.504004
1.501385
1.532961
1.507217
1.511386
1.503408
1.513116
1.499674
1.503397
1.494371
1.519117
1.509531
1.492451
1.514153
1.503371
1.496996
1.490494
1.506197
1.500099
1.495849
1.508158
1.487625
1.519438
1.502255
1.530864
1.486604
1.521081
1.496340
1.510046
1.498546
1.492341
1.502437
1.492118
1.504065
1.496611
1.477967
1.503913
1.484296
1.501904
1.508482
1.501325
1.515294
1.486197
1.498662
1.503965
1.510847
1.496988
1.485382
1.495378
1.511426
1.511321
1.521767
1.483868
1.475534
1.505174
1.481559
1.491686
1.494218
1.511891
1.520598
1.498055
1.485422
1.481296
1.490366
1.502739
1.500520
1.493948
1.478428
1.501930
1.477212
1.484295
1.481235
1.507235
1.492444
1.484213
1.490761
1.493495
1.484352
1.509985
1.494683
1.494826
1.511851
1.483031
1.488573
1.481250
1.473739
1.500544
1.494022
1.473638
1.478955
1.490930
1.495538
1.517931
1.485595
1.492891
1.498251
1.485958
1.487555
1.483876
1.503249
1.499183
1.479795
1.484083
1.482454
1.511287
1.500402
1.482480
1.483495
1.496595
1.487507
1.497549
1.488171
1.486929
1.487246
1.482556
1.479710
1.481457
1.486813
1.499944
1.482918
1.492044
1.482879
1.488887
1.483960
1.481215
1.492083
1.491998
1.479580
1.483059
1.502559
1.490393
1.484593
1.484258
1.485419
1.476312
1.482210
1.491444
1.471883
1.489841
1.472038
1.478937
1.503564
1.485217
1.482347
1.503402
1.486819
1.492119
1.492484
1.474877
1.498022
1.478761
1.493783
1.489672
1.471602
1.489862
1.481300
1.497567
1.492846
1.479093
1.502445
1.472294
1.483951
1.493170
1.487951
1.478632
1.501049
1.476239
1.474465
1.482110
1.479541
1.486166
1.477015
1.490206
1.476695
1.481231
1.487391
1.482150
1.485363
1.485222
1.475384
1.482497
1.478557
1.486102
1.491128
1.479152
1.470339
1.470345
1.473871
1.481234
1.487131
1.472078
1.484638
1.484311
1.476971
1.478600
1.489493
1.478109
1.472636
1.492962
1.484364
1.496593
1.494711
1.474283
1.473806
1.481193
1.469344
1.471761
1.496880
1.467012
1.480104
1.486168
1.473692
1.494100
1.481127
1.483632
1.486756
1.492432
1.472193
1.486655
1.485003
1.486111
1.473387
1.477496
1.475567
1.479496
1.472163
1.482577
1.487591
1.473465
1.503256
1.495759
1.470811
1.496110
1.467042
1.494244
1.473948
1.470250
1.475553
1.472914
1.483394
1.480356
1.476539
1.496435
1.473552
1.473771
1.470598
1.480837
1.469755
1.475983
1.477075
1.480748
1.479876
1.484723
1.467641
1.470326
1.499282
1.490009
1.475121
1.501789
1.474395
1.476625
1.471013
1.467275
1.491303
1.475785
1.490218
1.489969
1.494815
1.468052
1.478241
1.471471
1.478639
1.476724
1.480362
1.488114
1.488462
1.487622
1.486894
1.476034
1.478171
1.469158
1.476001
1.469790
1.487661
1.486822
1.470782
1.488358
1.479343
1.470792
1.479333
1.474795
1.477310
1.476596
1.480841
1.474551
1.470818
1.478834
1.467573
1.473453
1.484189
1.476779
1.479573
1.485785
1.470067
1.473234
1.477779
1.487043
1.466733
1.476732
1.485518
1.474688
1.475841
1.478165
1.483021
1.470262
1.477748
1.498237
1.483589
1.482392
1.480247
1.469813
1.476794
1.471692
1.473374
1.469890
1.480783
1.484942
1.476290
1.474256
1.484538
1.476818
1.476123
1.480400
1.473734
1.475675
1.486072
1.475661
1.472332
1.472239
1.484691
1.466811
1.474949
1.476812
1.484626
1.470686
1.474933
1.483281
1.467408
1.483651
1.488743
1.474816
1.472916
1.470573
1.469151
1.483477
1.475274
1.474725
1.487759
1.473955
1.471087
1.472756
1.470793
1.473852
1.469367
1.475998
1.476161
1.473821
1.477590
1.483997
1.484251
1.491501
1.474936
1.478014
1.470042
1.469528
1.490149
1.466466
1.475523
1.471232
1.472268
1.476446
1.492603
1.476346
