2.305875
2.303298
2.312657
2.310444
2.309134
2.315115
2.306578
2.315982
2.329190
2.201397
2.139884
2.095918
2.060304
2.091011
2.043675
2.125956
2.136783
2.001429
1.969777
1.969604
1.907738
1.925148
1.872265
1.877605
1.873644
1.867909
1.868187
1.790418
1.788947
1.717209
1.724799
1.704241
1.697159
1.691413
1.712629
1.690354
1.739825
1.675720
1.683870
1.667152
1.685446
1.654159
1.665559
1.648344
1.687194
1.657163
1.620839
1.652694
1.657598
1.651579
1.650511
1.619998
1.578749
1.583733
1.600535
1.597980
1.620555
1.599487
1.602601
1.623696
1.627708
1.605940
1.575634
1.632568
1.581761
1.593230
1.615527
1.586446
1.581986
1.588277
1.576276
1.588220
1.625753
1.602020
1.573474
1.596294
1.602351
1.613186
1.609793
1.605491
1.590122
1.620864
1.610533
1.623484
1.618776
1.613323
1.580092
1.577336
1.584194
1.580085
1.592643
1.572445
1.619163
1.603511
1.613007
1.584826
1.585436
1.594968
1.567697
1.581635
1.596681
1.622174
1.606757
1.600379
1.600730
1.613168
1.649948
1.600488
1.605208
1.565263
1.578440
1.610758
1.590016
1.606878
1.612198
1.589608
1.588945
1.581404
1.572739
1.585752
1.589433
1.578512
1.588353
1.590728
1.599177
1.604306
1.598348
1.585236
1.582418
1.571132
1.572835
1.582673
1.589219
1.587749
1.572010
1.604481
1.574399
1.598305
1.592247
1.594402
1.586876
1.605591
1.591676
1.605869
1.592381
1.589832
1.582743
1.595252
1.585790
1.602460
1.597063
1.574255
1.553064
1.567588
1.577597
1.586536
1.595426
1.575745
1.587085
1.592169
1.594905
1.591642
1.571651
1.558242
1.575542
1.588587
1.576511
1.571896
1.564591
1.575834
1.571900
1.590095
1.587413
1.563684
1.565681
1.563604
1.583116
1.582468
1.578871
1.592813
1.585528
1.573625
1.594788
1.576477
1.583809
1.581770
1.591113
1.577223
1.582537
1.588717
1.564905
1.606201
1.599051
1.584619
1.598715
1.577532
1.578175
1.570535
1.589242
1.583878
1.586220
1.555580
1.571224
1.566736
1.578778
1.565129
1.554689
1.532364
1.550128
1.543343
1.558937
1.572495
1.553834
1.550959
1.557452
1.530015
1.548299
1.551275
1.543989
1.537841
1.544983
1.552947
1.556294
1.549952
1.541855
1.544773
1.542507
1.537279
1.551296
1.541120
1.529112
1.539035
1.548931
1.556167
1.545302
1.558054
1.561001
1.542464
1.559680
1.541813
1.554603
1.553211
1.566861
1.538476
1.527398
1.539551
1.563595
1.560329
1.552953
1.590010
1.577136
1.562348
1.588436
1.516061
1.521426
1.542459
1.562484
1.521330
1.502831
1.515526
1.503920
1.531874
1.538819
1.535741
1.534125
1.530936
1.562480
1.527461
1.523693
1.537732
1.541213
1.538184
1.539688
1.541104
1.537265
1.551674
1.558113
1.556389
1.562190
1.563576
1.544028
1.550704
1.549855
1.557575
1.549927
1.540193
1.559878
1.570019
1.557052
1.561855
1.557499
1.550611
1.554167
1.569312
1.547831
1.533964
1.548846
1.579988
1.564189
1.559978
1.568943
1.540842
1.545397
1.538486
1.558507
1.549872
1.556924
1.550843
1.537003
1.554908
1.557322
1.561390
1.537508
1.539299
1.544636
1.550677
1.529853
1.538409
1.534363
1.554431
1.537961
1.535980
1.573080
1.549839
1.564749
1.532851
1.556776
1.563112
1.534003
1.531542
1.534759
1.561997
1.533289
1.532578
1.529798
1.535154
1.535756
1.515992
1.519984
1.550662
1.537744
1.514341
1.536192
1.585280
1.591482
1.580192
1.580715
1.582007
1.583781
1.596397
1.589038
1.536287
1.570589
1.539137
1.542491
1.530535
1.551579
1.535396
1.549410
1.528611
1.523258
1.515739
1.512006
1.536492
1.561075
1.556197
1.543046
1.542611
1.531253
1.534369
1.533311
1.560322
1.510122
1.521738
1.517094
1.517166
1.523781
1.512485
1.521207
1.536077
1.543823
1.551024
1.533610
1.520940
1.497380
1.519197
1.516553
1.535842
1.532885
1.527888
1.526373
1.517611
1.536448
1.540968
1.527574
1.525038
1.523479
1.521045
1.557193
1.513795
1.529740
1.552945
1.541171
1.538989
1.531805
1.525905
1.537806
1.535530
1.528129
1.537927
1.515320
1.507213
1.525937
1.501885
1.499397
1.501348
1.497371
1.502963
1.542300
1.499199
1.504686
1.509306
1.511473
1.527882
1.531708
1.524144
1.515098
1.528344
1.527876
1.537971
1.521361
1.525067
1.515100
1.514348
1.524395
1.524520
1.529229
1.526464
1.534487
1.503266
1.528900
1.518874
1.522022
1.499557
1.510761
1.498068
1.500726
1.532472
1.527384
1.519010
1.514865
1.528647
1.557490
1.544722
1.525881
1.526419
1.513706
1.534329
1.521532
1.552966
1.536337
1.523488
1.503868
1.519816
1.505566
1.497965
1.507731
1.509899
1.514646
1.523464
1.498891
1.512132
1.515308
1.515923
1.519873
1.509361
1.500100
1.501583
1.496371
1.524073
1.520506
1.509761
1.524314
1.515661
1.517316
1.530487
1.512967
1.539980
1.538058
1.514299
1.525120
1.532298
1.527696
1.486338
1.527645
1.540437
1.538808
1.563384
1.546666
1.541169
