2.305317
2.299924
2.299453
2.305746
2.291909
2.292748
2.288418
2.278064
2.282071
2.284421
2.258057
2.258310
2.241772
2.254665
2.214499
2.248310
2.231172
2.192343
2.182866
2.162204
2.194893
2.143429
2.090120
2.132866
2.042373
1.941560
1.853241
1.862474
1.897186
1.907002
1.827337
1.815714
1.801491
1.761194
1.773105
1.784873
1.855842
1.806611
1.796031
1.731806
1.732960
1.765214
1.735987
1.692585
1.678173
1.746261
1.770203
1.732125
1.749514
1.726602
1.682371
1.709663
1.767398
1.771997
1.737848
1.696890
1.714752
1.687820
1.718628
1.707461
1.679727
1.628959
1.656796
1.676005
1.688468
1.672505
1.619876
1.636569
1.671064
1.630052
1.642299
1.652186
1.598163
1.614110
1.630221
1.654694
1.588158
1.612687
1.663067
1.619685
1.580245
1.610448
1.606114
1.583778
1.579653
1.604230
1.577123
1.563430
1.629321
1.575193
1.587974
1.600953
1.567840
1.596927
1.595641
1.608558
1.561004
1.550648
1.578436
1.547998
1.557314
1.584095
1.576271
1.549319
1.571914
1.573422
1.559393
1.535923
1.559167
1.537324
1.541039
1.554917
1.539836
1.548091
1.567811
1.546889
1.544369
1.579545
1.565352
1.541822
1.579343
1.553889
1.550546
1.542105
1.542118
1.542402
1.542001
1.523914
1.528281
1.541978
1.546135
1.556664
1.544894
1.537663
1.539624
1.539391
1.547464
1.571586
1.529089
1.530303
1.547153
1.512214
1.532543
1.543691
1.537633
1.565811
1.532607
1.535651
1.513012
1.516505
1.527622
1.546016
1.539001
1.526830
1.511446
1.528484
1.514788
1.572217
1.512926
1.546435
1.525149
1.519216
1.537591
1.513548
1.543676
1.536847
1.531013
1.532331
1.536544
1.520250
1.519397
1.536634
1.523831
1.509910
1.534396
1.527364
1.538615
1.517705
1.522811
1.514637
1.500834
1.531028
1.541909
1.520154
1.515622
1.508619
1.528183
1.525755
1.522954
1.487788
1.523208
1.518702
1.489272
1.522608
1.517207
1.524029
1.548065
1.506831
1.503439
1.527351
1.525807
1.534324
1.500018
1.525566
1.532015
1.514809
1.502441
1.516181
1.528058
1.516660
1.508260
1.523377
1.510617
1.533280
1.513767
1.527466
1.510021
1.504547
1.519161
1.524077
1.495142
1.512082
1.501878
1.524083
1.500154
1.505845
1.518387
1.506056
1.519302
1.532083
1.525318
1.520467
1.518283
1.506082
1.499430
1.503036
1.509503
1.535668
1.502370
1.499427
1.503646
1.519881
1.504386
1.523530
1.514749
1.512193
1.512817
1.490389
1.507088
1.493929
1.499242
1.509724
1.485118
1.520471
1.507532
1.515341
1.511963
1.496721
1.495652
1.510705
1.514730
1.510979
1.517601
1.497718
1.514475
1.509029
1.491080
1.521715
1.496914
1.515507
1.494268
1.510231
1.518154
1.516257
1.515325
1.513424
1.517733
1.490814
1.515025
1.490977
1.493105
1.496435
1.500972
1.496922
1.496705
1.511309
1.495653
1.498733
1.512752
1.518916
1.498700
1.516446
1.504120
1.516747
1.498316
1.512092
1.527392
1.509531
1.489458
1.490979
1.511727
1.519643
1.491278
1.497834
1.490575
1.516678
1.497093
1.513893
1.496166
1.499639
1.517386
1.508094
1.495898
1.486492
1.509269
1.485306
1.511842
1.493939
1.495440
1.506026
1.515063
1.486672
1.525839
1.485309
1.515290
1.491430
1.503951
1.487937
1.505371
1.503171
1.506995
1.501954
1.498693
1.497916
1.486760
1.505841
1.494568
1.492081
1.510660
1.497480
1.506652
1.501136
1.511532
1.513227
1.499955
1.515255
1.494511
1.495060
1.490249
1.515455
1.503163
1.506692
1.506464
1.504434
1.492357
1.500813
1.505642
1.493313
1.503328
1.492146
1.498196
1.481602
1.489522
1.519967
1.493783
1.502180
1.497601
1.497096
1.495897
1.511757
1.494044
1.488728
1.482840
1.499012
1.501448
1.497126
1.496126
1.491985
1.496752
1.527451
1.499657
1.502154
1.512625
1.512211
1.488530
1.489746
1.521261
1.500040
1.501687
1.495138
1.496783
1.481664
1.482876
1.498881
1.485378
1.499762
1.497534
1.485412
1.493942
1.499413
1.493451
1.505108
1.494404
1.496488
1.484840
1.500430
1.492941
1.492214
1.487850
1.493149
1.481583
1.498743
1.511003
1.478199
1.493898
1.507234
1.480577
1.492945
1.499594
1.501993
1.489517
1.488279
1.483723
1.480227
1.481836
1.485293
1.496828
1.495733
1.509527
1.486470
1.508985
1.487585
1.489061
1.486496
1.484718
1.491301
1.488712
1.482566
1.495423
1.499340
1.481429
1.488933
1.480913
1.484735
1.479074
1.481339
1.492308
1.496496
1.489538
1.499699
1.506712
1.483233
1.488499
1.478916
1.477057
1.494498
1.483323
1.504318
1.481163
1.489744
1.487433
1.480024
1.495357
1.484165
1.477262
1.495438
1.484072
1.491415
1.478957
1.476333
1.493212
1.496681
1.472507
1.482976
1.487620
1.476239
1.503551
1.490114
1.469264
1.496393
1.474569
1.489147
1.486211
1.476881
1.483351
1.482545
1.489745
1.482191
1.480980
1.488900
1.483393
1.475573
1.507453
1.534507
1.477368
1.485156
1.471055
1.485923
1.484193
1.490939
