2.304574
2.299969
2.294721
2.284258
2.287483
2.260644
2.262078
2.252585
2.230744
2.233405
2.205399
2.168047
2.101617
2.103376
2.034175
2.022794
1.946320
1.970179
1.965097
1.878294
1.886593
1.885859
1.903538
1.799455
1.837759
1.777494
1.811567
1.803029
1.792908
1.751075
1.711061
1.714392
1.802733
1.782417
1.730964
1.796428
1.729131
1.812051
1.774726
1.738279
1.706538
1.684729
1.730177
1.741128
1.727813
1.734343
1.716734
1.697885
1.694768
1.729884
1.723679
1.734921
1.786570
1.713902
1.665356
1.673457
1.693612
1.691772
1.753312
1.718715
1.782228
1.735695
1.707373
1.697700
1.642430
1.681863
1.744829
1.678572
1.688476
1.741222
1.711156
1.714649
1.704371
1.750711
1.709134
1.729896
1.741696
1.661186
1.695228
1.647368
1.669385
1.714910
1.718384
1.693507
1.686752
1.742716
1.666728
1.696744
1.640914
1.706856
1.652876
1.745511
1.672585
1.717282
1.756095
1.665802
1.742125
1.683746
1.697421
1.677718
1.704186
1.680159
1.724020
1.679322
1.643621
1.658641
1.656047
1.701885
1.694934
1.683193
1.686988
1.694190
1.660764
1.754838
1.723721
1.610932
1.671466
1.753702
1.681835
1.670346
1.656742
1.659298
1.717241
1.638314
1.697446
1.643500
1.638548
1.726395
1.686273
1.691084
1.663702
1.672095
1.705577
1.630699
1.776581
1.694316
1.671681
1.677034
1.652718
1.696033
1.656206
1.674806
1.696355
1.728636
1.672927
1.668482
1.676159
1.682776
1.626667
1.666202
1.657710
1.664029
1.692450
1.693452
1.672330
1.668421
1.652813
1.653406
1.681298
1.639392
1.692692
1.664872
1.674443
1.724675
1.619674
1.664156
1.713942
1.668108
1.635108
1.651566
1.621269
1.663123
1.675269
1.667095
1.625234
1.626869
1.641272
1.674232
1.698792
1.707066
1.712895
1.681989
1.712668
1.642400
1.671822
1.660495
1.674817
1.655192
1.687879
1.663977
1.650180
1.660776
1.618824
1.675563
1.665253
1.731415
1.678504
1.670563
1.669102
1.644948
1.672883
1.684351
1.649317
1.655315
1.622397
1.635729
1.664137
1.653140
1.669112
1.702318
1.606050
1.679897
1.636245
1.652248
1.639160
1.674138
1.702615
1.663107
1.636186
1.666903
1.646923
1.636506
1.657243
1.646443
1.661892
1.717143
1.694497
1.696450
1.631501
1.656727
1.646969
1.661456
1.623387
1.648862
1.633204
1.658153
1.684640
1.652357
1.695156
1.615027
1.634938
1.642295
1.657006
1.656957
1.635217
1.631302
1.694804
1.599767
1.664089
1.704285
1.692359
1.687251
1.660431
1.655614
1.688757
1.657089
1.644352
1.657272
1.672946
1.695099
1.693646
1.701040
1.658467
1.642301
1.646913
1.608205
1.664719
1.682547
1.646183
1.656681
1.654317
1.628691
1.666403
1.650152
1.629075
1.642211
1.628187
1.659862
1.609713
1.677734
1.678267
1.640302
1.678536
1.620710
1.654592
1.614930
1.665648
1.680214
1.734626
1.668290
1.620688
1.657919
1.676959
1.681837
1.609767
1.671015
1.656301
1.657530
1.678194
1.659294
1.656585
1.659776
1.665336
1.598019
1.642087
1.690471
1.656888
1.629886
1.666513
1.687962
1.693517
1.725032
1.636994
1.605904
1.588407
1.645107
1.656544
1.613233
1.707932
1.667827
1.662315
1.668548
1.562929
1.668395
1.638858
1.657441
1.629894
1.624890
1.640351
1.618046
1.657286
1.637069
1.679513
1.638172
1.670379
1.636486
1.675026
1.690433
1.641475
1.636264
1.652400
1.690249
1.657247
1.653445
1.624916
1.646449
1.665759
1.684585
1.675075
1.624639
1.628718
1.650195
1.672359
1.664993
1.680800
1.699100
1.621718
1.636848
1.614671
1.623433
1.615097
1.594776
1.648666
1.637976
1.647805
1.663014
1.656488
1.702866
1.678662
1.616345
1.663242
1.688024
1.639555
1.681412
1.636218
1.628519
1.632514
1.710636
1.624116
1.580727
1.602808
1.635379
1.635431
1.623873
1.662394
1.707367
1.634242
1.679117
1.657656
1.640033
1.690743
1.655406
1.670660
1.657996
1.623619
1.625047
1.657503
1.697222
1.672386
1.605142
1.625114
1.602733
1.663916
1.674457
1.705999
1.635609
1.617751
1.645959
1.623061
1.616120
1.670873
1.657712
1.651267
1.625556
1.636726
1.646283
1.666507
1.620507
1.655249
1.639440
1.663662
1.680869
1.640523
1.637254
1.691851
1.640206
1.688823
1.647166
1.675701
1.645771
1.636994
1.620823
1.663675
1.706012
1.620027
1.653560
1.614468
1.643193
1.649935
1.614540
1.658064
1.617568
1.612076
1.610113
1.685910
1.600114
1.644865
1.629665
1.663885
1.669738
1.682067
1.595882
1.626516
1.616159
1.627775
1.714342
1.641889
1.691599
1.642680
1.640249
1.646773
1.690016
1.672633
1.573119
1.652739
1.663376
1.662625
1.616163
1.647844
1.618736
1.646946
1.661502
1.633454
1.644408
1.574144
1.655859
1.633397
1.641218
1.667322
1.676643
1.636725
1.667841
1.679141
1.618203
1.626817
1.591952
1.628196
1.658670
1.641677
1.653738
1.626333
1.595761
1.686653
1.702327
1.640833
1.633267
1.622756
1.625439
1.633000
1.645728
