0.0547
0.0391
0.0156
0.1094
0.0547
0.1016
0.0781
0.0859
0.0938
0.0703
0.0859
0.0547
0.0703
0.0938
0.1094
0.1328
0.1406
0.1641
0.1328
0.2891
0.3594
0.0938
0.0625
0.1641
0.1094
0.0312
0.0156
0.0391
0.6016
0.1250
0.0312
0.0938
0.0859
0.0703
0.0469
0.0391
0.0156
0.0469
0.0234
0.0312
0.0547
0.0312
0.0234
0.0703
0.0078
0.0156
0.0312
0.0312
0.0625
0.0469
0.0469
0.0156
0.0156
0.0547
0.0703
0.0312
0.0234
0.0391
0.0469
0.0234
0.0703
0.0391
0.0469
0.0469
0.0391
0.0391
0.0391
0.0469
0.0547
0.1250
0.0938
0.0547
0.0703
0.0859
0.0938
0.1250
0.1875
0.0938
0.1484
0.0938
0.1875
0.1172
0.1406
0.1406
0.1094
0.1641
0.1484
0.2500
0.1875
0.2812
0.3281
0.5703
0.2969
0.1797
0.2188
0.2266
0.2500
0.7500
0.1484
0.1875
0.1484
0.1484
0.1094
0.0625
0.1172
0.0469
0.0312
0.0234
0.0000
0.0391
0.0391
0.0625
0.0312
0.0156
0.0312
0.0156
0.0156
0.0547
0.0234
0.0234
0.0391
0.0078
0.0156
0.0391
0.0234
0.0625
0.0234
0.0391
0.0234
0.0156
0.0391
0.0234
0.0469
0.0391
0.0234
0.0312
0.0391
0.0234
0.0391
0.0312
0.0391
0.0234
0.0078
0.0547
0.0469
0.0156
0.0312
0.0391
0.0391
0.0547
0.0391
0.0156
0.0234
0.0391
0.0391
0.0469
0.0156
0.0156
0.0312
0.0312
0.0391
0.0234
0.0312
0.0391
0.0156
0.0156
0.0391
0.0391
0.0312
0.0547
0.0312
0.0234
0.0547
0.0234
0.0234
0.0703
0.0234
0.0234
0.0469
0.0312
0.0391
0.0156
0.0234
0.0234
0.0312
0.0625
0.0469
0.0312
0.0625
0.0156
0.0312
0.0156
0.0234
0.0391
0.0078
0.0625
0.0469
0.0078
0.0234
0.0234
0.0234
0.0312
0.0391
0.0234
0.0391
0.0469
0.0469
0.0469
0.0234
0.0078
0.0312
0.0547
0.0000
0.0469
0.0547
0.0234
0.0234
0.0625
0.0312
0.0234
0.0469
0.0312
0.0234
0.0625
0.0391
0.0469
0.0312
0.0469
0.0234
0.0312
0.0156
0.0391
0.0078
0.0312
0.0469
0.0469
0.0234
0.0312
0.0469
0.0234
0.0625
0.0156
0.0547
0.0312
0.0234
0.0469
0.0469
0.0078
0.0234
0.0547
0.0625
0.0078
0.0391
0.0469
0.0234
0.0625
0.0312
0.0391
0.0156
0.0156
0.0312
0.0547
0.0156
0.0234
0.0312
0.0625
0.0391
0.0312
0.0312
0.0156
0.0312
0.0391
0.0391
0.0156
0.0312
0.0391
0.0469
0.0312
0.0469
0.0391
0.0391
0.0391
0.0234
0.0469
0.0469
0.0391
0.0234
0.0156
0.0234
0.0078
0.0391
0.0469
0.0312
0.0547
0.0391
0.0078
0.0469
0.0469
0.0078
0.0312
0.0312
0.0391
0.0469
0.0312
0.0469
0.0156
0.0469
0.0156
0.0391
0.0391
0.0234
0.0234
0.0547
0.0234
0.0078
0.0234
0.0781
0.0469
0.0312
0.0391
0.0391
0.0312
0.0234
0.0391
0.0391
0.0391
0.0469
0.0234
0.0078
0.0625
0.0156
0.0469
0.0391
0.0156
0.0312
0.0234
0.0156
0.0469
0.0312
0.0156
0.0547
0.0469
0.0469
0.0469
0.0312
0.0156
0.0625
0.0156
0.0234
0.0469
0.0391
0.0156
0.0078
0.0391
0.0312
0.0469
0.0391
0.0391
0.0469
0.0469
0.0469
0.0156
0.0312
0.0156
0.0312
0.0312
0.0391
0.0234
0.0391
0.0781
0.0234
0.0234
0.0312
0.0469
0.0391
0.0000
0.0391
0.0391
0.0156
0.0312
0.0312
0.0469
0.0391
0.0469
0.0078
0.0781
0.0156
0.0234
0.0234
0.0391
0.0234
0.0859
0.0547
0.0469
0.0391
0.0391
0.0391
0.0312
0.0234
0.0391
0.0312
0.0391
0.0312
0.0469
0.0234
0.0312
0.0000
0.0391
0.0391
0.0156
0.0391
0.0156
0.0312
0.0234
0.0156
0.0391
0.0547
0.0781
0.0312
0.0391
0.0469
0.0156
0.0781
0.0312
0.0469
0.0547
0.0469
0.0703
0.0234
0.0312
0.0547
0.0312
0.0781
0.0234
0.0859
0.0469
0.0938
0.0312
0.0703
0.0469
0.0078
0.0469
0.0312
0.0547
0.0547
0.0469
0.0469
0.0234
0.0469
0.0547
0.0312
0.0547
0.0938
0.0469
0.0156
0.0312
0.0469
0.0391
0.0938
0.0625
0.0391
0.0312
0.0469
0.0547
0.0156
0.0391
0.0625
0.0469
0.0625
0.0547
0.0312
0.0547
0.0234
0.0781
0.0312
0.0312
0.0312
0.0391
0.0312
0.0547
0.0625
0.0234
0.0156
0.0547
0.0547
0.0625
0.0469
0.0469
0.0312
0.0625
0.0547
0.0469
0.0469
0.0781
0.0156
0.0703
0.0547
0.0469
0.0391
0.0703
