2.320813
2.315314
2.290036
2.254791
2.240586
2.224684
2.223076
2.129489
2.057788
1.986160
1.932998
1.860473
1.866399
1.786314
1.772232
1.745041
1.745284
1.729129
1.668931
1.632080
1.639097
1.626297
1.612668
1.613692
1.627038
1.640458
1.631462
1.585772
1.606271
1.598580
1.552706
1.588218
1.570644
1.561964
1.614629
1.564680
1.587061
1.606897
1.547901
1.541698
1.559678
1.543665
1.573903
1.566300
1.566091
1.573726
1.549785
1.534032
1.523285
1.573262
1.562620
1.544712
1.553719
1.562952
1.575802
1.545439
1.539443
1.550649
1.538294
1.547468
1.544549
1.540507
1.548411
1.534958
1.526133
1.529200
1.556991
1.559720
1.536512
1.552409
1.528288
1.535640
1.516556
1.525905
1.534101
1.551289
1.553916
1.529545
1.524547
1.522312
1.506073
1.523985
1.509808
1.525988
1.512838
1.515299
1.515658
1.532401
1.539076
1.531109
1.536554
1.515809
1.505818
1.544950
1.527862
1.543210
1.505836
1.490181
1.531802
1.513337
1.519740
1.514448
1.509483
1.541549
1.507741
1.513637
1.508573
1.522488
1.514451
1.496313
1.524940
1.508130
1.531108
1.514915
1.505304
1.517831
1.538813
1.517760
1.518100
1.507066
1.513027
1.512617
1.511460
1.514923
1.504014
1.517544
1.496262
1.502832
1.507402
1.502644
1.511787
1.503483
1.525047
1.500436
1.510147
1.493435
1.509663
1.493396
1.512160
1.493972
1.498583
1.501773
1.485708
1.522504
1.509653
1.527595
1.531006
1.508178
1.493323
1.493575
1.479967
1.523822
1.498967
1.506865
1.490496
1.496355
1.496531
1.512474
1.508780
1.502182
1.502264
1.486591
1.502003
1.503708
1.501854
1.502035
1.529154
1.501333
1.498108
1.510365
1.522041
1.506313
1.504168
1.501233
1.515698
1.503642
1.494568
1.509652
1.507899
1.499460
1.502216
1.497936
1.502064
1.487183
1.492434
1.519597
1.496335
1.490192
1.506034
1.506100
1.519519
1.495358
1.482377
1.509403
1.498315
1.507372
1.482480
1.506909
1.515777
1.500088
1.490380
1.490839
1.499384
1.502216
1.496762
1.516274
1.494303
1.499668
1.501853
1.491507
1.486965
1.499316
1.496158
1.516823
1.496295
1.505916
1.513938
1.495712
1.507599
1.507671
1.501667
1.498640
1.507541
1.492605
1.492221
1.498764
1.486771
1.496802
1.491053
1.513134
1.496575
1.514017
1.497595
1.496470
1.512209
1.490481
1.493312
1.487624
1.508688
1.491445
1.488314
1.494591
1.512913
1.483334
1.492625
1.495591
1.489253
1.495581
1.502495
1.493937
1.498197
1.498827
1.495715
1.491769
1.492478
1.509431
1.492718
1.522099
1.505374
1.487761
1.500164
1.501584
1.507506
1.488835
1.496535
1.488701
1.502244
1.487886
1.496145
1.513972
1.497558
1.502426
1.494587
1.512827
1.492480
1.502112
1.506159
1.509554
1.497476
1.523511
1.491295
1.504789
1.503376
1.498312
1.497752
1.495759
1.498953
1.509010
1.495013
1.523671
1.493663
1.507214
1.484201
1.483724
1.487647
1.491859
1.504372
1.511170
1.491153
1.500394
1.516007
1.501210
1.500248
1.499122
1.496303
1.491905
1.490536
1.498124
1.501938
1.500247
1.509869
1.502116
1.487857
1.484033
1.491853
1.491583
1.497539
1.496612
1.520199
1.496218
1.502898
1.501542
1.492946
1.514042
1.521399
1.497665
1.507629
1.498605
1.488448
1.494375
1.487933
1.496287
1.497490
1.487164
1.482282
1.506981
1.483871
1.495002
1.503451
1.501213
1.495973
1.488372
1.513527
1.500600
1.499763
1.487000
1.490204
1.501919
1.490401
1.488579
1.503907
1.514305
1.503534
1.492413
1.482977
1.496728
1.490183
1.483389
1.489085
1.495505
1.496311
1.500110
1.488391
1.505729
1.496786
1.499507
1.497648
1.486948
1.502252
1.499081
1.492898
1.493801
1.482960
1.506849
1.501374
1.491666
1.495991
1.515336
1.487967
1.501045
1.494510
1.505769
1.507902
1.512126
1.500050
1.497190
1.517856
1.488474
1.493530
1.489054
1.498331
1.495570
1.506022
1.494493
1.498183
1.490093
1.491333
1.487540
1.497894
1.499627
1.499784
1.486805
1.496207
1.501156
1.490564
1.486362
1.493687
1.486245
1.504924
1.508438
1.493498
1.501122
1.492917
1.506267
1.481878
1.493982
1.495165
1.490106
1.493117
1.497008
1.499088
1.491745
1.489874
1.479275
1.490525
1.484620
1.485693
1.493711
1.501685
1.494160
1.509766
1.497591
1.483045
1.486595
1.507999
1.494954
1.494209
1.493784
1.497729
1.496472
1.487246
1.502516
1.494529
1.493916
1.484993
1.488667
1.490020
1.497306
1.479924
1.496468
1.511036
1.511195
1.493089
1.487887
1.498597
1.511678
1.489632
1.485883
1.489101
1.493827
1.504776
1.488735
1.481451
1.492517
1.485437
1.495185
1.488011
1.503852
1.483391
1.493596
1.494301
1.479173
1.496759
1.491354
1.488238
1.489501
1.496310
1.490624
1.496277
1.486293
1.495748
1.488402
1.491616
1.483916
1.493871
1.490975
1.496336
1.494215
1.482579
1.506472
1.497171
1.487455
1.498188
1.499668
1.493835
1.509807
1.493788
1.481989
1.484835
1.490505
