0.0234
0.0234
0.0234
0.0469
0.0312
0.0312
0.0234
0.0234
0.0078
0.0312
0.0469
0.0234
0.0156
0.0391
0.0078
0.0234
0.0000
0.0234
0.0078
0.0156
0.0312
0.0547
0.0156
0.0156
0.0234
0.0312
0.0156
0.0156
0.0234
0.0312
0.0469
0.0234
0.0234
0.0000
0.0312
0.0469
0.0156
0.0234
0.0234
0.0312
0.0234
0.0234
0.0078
0.0234
0.0078
0.0078
0.0156
0.0312
0.0234
0.0625
0.0000
0.0078
0.0234
0.0078
0.0391
0.0469
0.0078
0.0312
0.0234
0.0312
0.0312
0.0547
0.0078
0.0156
0.0312
0.0156
0.0234
0.0000
0.0391
0.0312
0.0156
0.0000
0.0312
0.0391
0.0469
0.0312
0.0000
0.0078
0.0312
0.0078
0.0391
0.0156
0.0312
0.0312
0.0000
0.0078
0.0156
0.0312
0.0156
0.0312
0.0156
0.0156
0.0312
0.0078
0.0156
0.0234
0.0469
0.0312
0.0547
0.0156
0.0391
0.0000
0.0156
0.0078
0.0234
0.0391
0.0234
0.0234
0.0078
0.0078
0.0391
0.0312
0.0312
0.0234
0.0391
0.0234
0.0234
0.0391
0.0000
0.0156
0.0312
0.0547
0.1016
0.1016
0.0938
0.1484
0.1172
0.1797
0.1797
0.1328
0.2188
0.1328
0.1172
0.1172
0.1094
0.0000
0.1016
0.0703
0.0625
0.0938
0.1016
0.0703
0.0938
0.0469
0.0469
0.0156
0.0000
0.0000
0.0078
0.0859
0.0625
0.1406
0.0000
0.2578
0.2734
0.4844
0.4531
0.4531
0.3984
0.3750
0.2969
0.3281
0.2969
0.3125
0.3672
0.3281
0.5078
0.5625
0.3984
0.0000
0.5078
0.4922
0.6250
0.6250
0.6875
0.5859
0.6328
0.5469
0.5547
0.5469
0.5625
0.5781
0.5781
0.6094
0.5078
0.5469
0.0000
0.6094
0.6250
0.4766
0.5625
0.4531
0.5625
0.5938
0.6719
0.6641
0.6484
0.6406
0.6406
0.6406
0.5312
0.6406
0.5625
1.0000
0.5391
0.6406
0.5391
0.6328
0.6406
0.5859
0.7266
0.5859
0.6328
0.5469
0.6641
0.6484
0.6484
0.6641
0.5625
0.5938
0.0000
0.6250
0.5547
0.6719
0.6797
0.5859
0.5781
0.6094
0.6094
0.6562
0.5312
0.5625
0.6016
0.6172
0.7188
0.6875
0.6250
1.0000
0.6562
0.5703
0.6094
0.6094
0.5781
0.5703
0.5625
0.6406
0.6016
0.6406
0.6641
0.6484
0.5234
0.6562
0.6484
0.6484
0.0000
0.6641
0.6484
0.5938
0.6406
0.6328
0.5938
0.5859
0.6172
0.5859
0.6172
0.6875
0.5859
0.6562
0.6016
0.6172
0.6016
1.0000
0.5859
0.5781
0.6406
0.6562
0.6641
0.6562
0.4844
0.6250
0.6484
0.6875
0.7109
0.5312
0.6328
0.6250
0.5938
0.6016
1.0000
0.6094
0.6094
0.5938
0.6016
0.6719
0.6172
0.6641
0.6328
0.6172
0.6094
0.6016
0.6406
0.6016
0.5703
0.6328
0.6250
0.0000
0.5859
0.5938
0.5781
0.6172
0.6562
0.6406
0.6562
0.6250
0.5547
0.6172
0.6250
0.6094
0.5938
0.6953
0.6953
0.6406
1.0000
0.5469
0.5781
0.5703
0.6094
0.6328
0.6641
0.6328
0.5781
0.5625
0.6250
0.6953
0.6797
0.6641
0.6875
0.5938
0.6406
1.0000
0.6016
0.6719
0.6562
0.6719
0.6250
0.5312
0.6250
0.6250
0.5703
0.6484
0.6094
0.6484
0.6406
0.6641
0.5547
0.6484
0.0000
0.6016
0.5859
0.6484
0.5625
0.6484
0.6094
0.6484
0.6406
0.7109
0.5625
0.6719
0.5391
0.6484
0.6328
0.6328
0.6406
1.0000
0.6250
0.6562
0.6250
0.6562
0.6094
0.5703
0.6328
0.5938
0.5938
0.6406
0.6172
0.6562
0.6016
0.6016
0.7109
0.6250
0.0000
0.6797
0.5703
0.6406
0.5938
0.5547
0.6016
0.5625
0.6172
0.5781
0.6797
0.6484
0.7188
0.6875
0.5781
0.6875
0.6172
1.0000
0.7109
0.6484
0.6484
0.6406
0.5703
0.5547
0.6328
0.6875
0.5938
0.6328
0.6016
0.6641
0.6719
0.6094
0.6484
0.5391
1.0000
0.6250
0.6172
0.6641
0.5781
0.6875
0.5938
0.6328
0.6406
0.5859
0.5469
0.5938
0.7344
0.6953
0.6250
0.6094
0.6016
1.0000
0.6406
0.6094
0.7031
0.6094
0.5859
0.6094
0.6250
0.6562
0.5938
0.6328
0.5859
0.6328
0.6328
0.6250
0.6719
0.6328
1.0000
0.6484
0.6719
0.6406
0.6562
0.6719
0.6328
0.6016
0.6094
0.6250
0.5781
0.6250
0.6484
0.6562
0.6250
0.5781
0.6406
1.0000
0.6016
0.6641
0.6406
0.6016
0.6641
0.6719
0.5703
0.6250
0.6328
0.6328
0.6562
0.6484
0.5859
0.6719
0.6172
0.5859
1.0000
0.6250
0.5703
0.6719
0.6328
0.6562
0.6562
0.5859
