2.305520
2.303700
2.302423
2.303328
2.302709
2.302051
2.301328
2.303204
2.302585
2.302585
2.302795
2.302585
2.302585
2.303080
2.302833
2.302585
2.302709
2.302585
2.302709
2.302585
2.302585
2.302585
2.302585
2.302585
2.302709
2.302585
2.302585
2.302585
2.302585
2.302585
2.302585
2.302585
2.302585
2.302585
2.302585
2.302585
2.302585
2.302585
2.302585
2.302585
2.302585
2.302585
2.302585
2.302585
2.302585
2.302585
2.302585
2.302585
2.302585
2.302585
2.302585
2.302585
2.302585
2.302585
2.302585
2.302585
2.302585
2.302585
2.302585
2.302585
2.302585
2.302585
2.302585
2.302585
2.302585
2.302585
2.302585
2.302585
2.302585
2.302585
2.302585
2.302585
2.302585
2.302585
2.302585
2.302585
2.302585
2.302585
2.302585
2.302585
2.302585
2.302585
2.302585
2.302585
2.302585
2.302585
2.302585
2.302585
2.302585
2.302585
2.302585
2.302585
2.302709
2.302585
2.302585
2.302585
2.302585
2.302709
2.302709
2.302585
2.302585
2.302833
2.302709
2.302709
2.302709
2.303080
2.302833
2.302833
2.302709
2.302709
2.302709
2.302709
2.302299
2.302585
2.302940
2.302957
2.302585
2.302547
2.303204
2.303700
2.303080
2.304691
2.302957
2.302709
2.303328
2.303064
2.303311
2.302671
2.303897
2.303187
2.304691
2.305400
2.304072
2.302299
2.302585
2.303452
2.302957
2.303204
2.303807
2.304939
2.304550
2.302957
2.302051
2.303328
2.302833
2.302833
2.303683
2.303204
2.302561
2.304884
2.305008
2.304072
2.303452
2.303080
2.303931
2.303187
2.298635
2.301924
2.307187
2.307771
2.312249
2.307010
2.304178
2.302723
2.301281
2.296877
2.302137
2.304657
2.305259
2.304426
2.304674
2.307686
2.307054
2.304081
2.304333
2.306063
2.305541
2.307754
2.305914
2.301791
2.305279
2.304823
2.312696
2.306645
2.311972
2.307537
2.310656
2.305226
2.300234
2.305985
2.308602
2.310194
2.305068
2.304420
2.304444
2.303342
2.305361
2.302614
2.310117
2.311513
2.312200
2.309641
2.305169
2.306674
2.303063
2.305054
2.306905
2.303081
2.311878
2.311890
2.310417
2.310715
2.306671
2.302003
2.313541
2.317239
2.311653
2.309831
2.310898
2.303668
2.307528
2.310266
2.310223
2.308543
2.303310
2.309284
2.318149
2.314420
2.322144
2.310281
2.303882
2.306399
2.306493
2.321639
2.322264
2.332649
2.312689
2.294796
2.315486
2.312997
2.313809
2.317611
2.310239
2.311168
2.322366
2.314692
2.312653
2.310494
2.311111
2.314521
2.308603
2.320045
2.317560
2.314950
2.312259
2.312253
2.310652
2.318504
2.316285
2.318637
2.312499
2.317273
2.321204
2.316939
2.325588
2.316694
2.309124
2.335247
2.330962
2.327234
2.318980
2.312099
2.286150
2.326198
2.344353
2.345490
2.332073
2.314885
2.314519
2.310936
2.309623
2.300546
2.283473
2.314338
2.342979
2.353526
2.373224
2.369522
2.344899
2.323665
2.302112
2.292853
2.291518
2.324284
2.351167
2.367959
2.354633
2.334337
2.312259
2.296711
2.300491
2.325280
2.337626
2.360288
2.328014
2.328311
2.337424
2.305295
2.303341
2.322615
2.358541
2.377908
2.382667
2.343979
2.325938
2.310424
2.280022
2.308182
2.347125
2.345942
2.369754
2.352517
2.383645
2.417208
2.382023
2.378523
2.336757
2.317649
2.274198
2.257986
2.303926
2.348147
2.367581
2.377093
2.355459
2.313204
2.366003
2.382842
2.357766
2.362271
2.345320
2.275544
2.276510
2.216874
2.323326
2.359873
2.346804
2.340847
2.349517
2.351775
2.326706
2.290828
2.369160
2.395449
2.406155
2.406104
2.430963
2.406375
2.385290
2.324068
2.303313
2.372515
2.411687
2.420018
2.378853
2.358526
2.310400
2.303363
2.378839
2.385717
2.406293
2.388910
2.373268
2.366496
2.322023
2.319505
2.308016
2.338842
2.356777
2.400110
2.432568
2.479288
2.462105
2.453828
2.487950
2.507347
2.463513
2.430338
2.453626
2.403948
2.396420
2.362444
2.329516
2.316497
2.316538
2.307218
2.311463
2.318723
2.304382
2.304083
2.285659
2.283510
2.267874
2.269990
2.264097
2.279068
2.303189
2.333466
2.351702
2.383274
2.375539
2.353999
2.302641
2.290306
2.338842
2.393210
2.473736
2.518105
2.633037
2.591685
2.552622
2.518254
2.551813
2.582864
2.511253
2.588835
2.534591
2.606275
2.556023
2.605122
2.540831
2.607455
2.590286
2.582563
2.612859
2.563828
2.549890
2.535054
2.598891
2.536391
2.592777
2.612782
2.557216
2.570753
2.606435
2.585059
2.585153
2.599121
2.571184
2.564247
2.585153
2.599997
2.584965
2.627528
2.584965
2.577934
2.599309
2.592278
2.605358
2.521966
2.606182
2.577276
2.590022
2.562396
2.581631
2.565573
2.610837
2.569048
2.545779
2.546523
2.520185
2.476388
2.481930
2.494397
2.507925
2.501317
2.546843
2.497218
2.513608
2.486951
2.495814
2.493827
2.491609
2.478593
2.483976
2.510269
2.522769
2.440601
2.484616
2.491007
2.471654
2.488597
2.480647
2.466204
2.457865
2.484148
2.447691
2.422452
2.417351
2.391289
