2.304905
2.301199
2.297089
2.295124
2.293916
2.276219
2.284984
2.259663
2.266138
2.228636
2.234919
2.203852
2.193267
2.155649
2.101017
2.049353
2.048078
1.989323
1.986478
1.886466
1.913748
1.845330
1.834386
1.819591
1.811572
1.758037
1.748859
1.752138
1.824235
1.785668
1.725085
1.762921
1.781583
1.733894
1.719063
1.728487
1.701133
1.771345
1.694388
1.679057
1.710990
1.695228
1.678215
1.655620
1.726484
1.666101
1.654452
1.650550
1.695576
1.686117
1.683795
1.697501
1.663393
1.633716
1.630479
1.696774
1.686898
1.655321
1.622353
1.639973
1.658363
1.631485
1.641184
1.599491
1.619704
1.626260
1.656999
1.656905
1.625022
1.622298
1.644278
1.651551
1.601720
1.598137
1.633688
1.702762
1.643682
1.607399
1.589182
1.582034
1.565229
1.610430
1.603236
1.593482
1.605606
1.620201
1.608994
1.642007
1.559649
1.616767
1.634004
1.611240
1.625351
1.592110
1.645319
1.621345
1.559810
1.600449
1.639137
1.635352
1.586286
1.605954
1.594803
1.610450
1.608453
1.618583
1.631263
1.631007
1.613549
1.609605
1.611330
1.609037
1.549441
1.641081
1.578862
1.577916
1.570938
1.606403
1.559958
1.608556
1.589319
1.597809
1.620358
1.611223
1.598780
1.599984
1.596899
1.583263
1.588081
1.582415
1.600417
1.625937
1.603928
1.580127
1.583115
1.573103
1.598541
1.563920
1.598382
1.604167
1.567516
1.588792
1.641420
1.556771
1.568324
1.562273
1.574579
1.569252
1.615605
1.633210
1.580681
1.556253
1.572122
1.573686
1.567456
1.579856
1.531730
1.592715
1.564473
1.573741
1.580667
1.567574
1.568094
1.544985
1.557427
1.555615
1.606530
1.574326
1.579352
1.578313
1.595447
1.572070
1.582632
1.571464
1.585059
1.624136
1.561874
1.563299
1.640415
1.587791
1.589036
1.556149
1.658749
1.590269
1.559384
1.580318
1.560236
1.593430
1.597993
1.546825
1.554048
1.566809
1.536232
1.577097
1.558624
1.567801
1.575079
1.604169
1.563888
1.556723
1.577355
1.536808
1.531135
1.574843
1.617095
1.552516
1.540784
1.552247
1.545058
1.595677
1.553713
1.623699
1.529030
1.551956
1.586401
1.569994
1.607688
1.563493
1.567833
1.546988
1.587967
1.545485
1.561485
1.614844
1.619409
1.556575
1.574481
1.558552
1.591993
1.570910
1.610212
1.602207
1.555167
1.563954
1.574764
1.542969
1.531727
1.570326
1.552011
1.535301
1.596803
1.575308
1.525875
1.570643
1.589019
1.593208
1.547650
1.566435
1.553841
1.565157
1.537498
1.540168
1.540237
1.575832
1.575331
1.540896
1.582945
1.559759
1.579113
1.528027
1.551975
1.595112
1.581618
1.550188
1.523200
1.551193
1.550632
1.564381
1.543314
1.538839
1.567768
1.617455
1.547504
1.583216
1.539919
1.571074
1.572507
1.524423
1.596465
1.538654
1.554345
1.557458
1.571003
1.540612
1.559744
1.545212
1.581938
1.549182
1.585545
1.526696
1.557563
1.569713
1.561941
1.556442
1.530086
1.550153
1.547012
1.550894
1.559668
1.544324
1.535138
1.560728
1.560445
1.563002
1.551023
1.600253
1.588458
1.555758
1.564471
1.520285
1.520486
1.535589
1.557103
1.550497
1.549683
1.565056
1.574785
1.542955
1.528080
1.591522
1.563368
1.552047
1.547189
1.541060
1.546655
1.518784
1.563414
1.577887
1.535236
1.559979
1.551364
1.540191
1.556502
1.568187
1.582501
1.566414
1.553670
1.519025
1.543757
1.538030
1.580284
1.529284
1.541869
1.560273
1.528905
1.573175
1.522675
1.570780
1.540678
1.566933
1.563753
1.555308
1.564335
1.551742
1.564803
1.524483
1.515631
1.549613
1.558211
1.559214
1.564740
1.549729
1.535282
1.526779
1.572368
1.564800
1.539978
1.557015
1.584657
1.508608
1.569520
1.548893
1.515155
1.540877
1.544302
1.545038
1.572014
1.543986
1.575481
1.559210
1.519105
1.544820
1.522792
1.565937
1.524605
1.553707
1.520352
1.547780
1.553875
1.558837
1.530923
1.587513
1.550450
1.529901
1.566110
1.573451
1.568268
1.531132
1.564687
1.527706
1.524732
1.517876
1.557904
1.522804
1.529148
1.573228
1.553780
1.523220
1.540300
1.599291
1.529060
1.538208
1.558068
1.572166
1.592647
1.590138
1.533425
1.509988
1.556000
1.555560
1.558329
1.557008
1.548063
1.514004
1.552226
1.541518
1.528868
1.555815
1.529818
1.564017
1.508914
1.591419
1.572624
1.546345
1.512310
1.565187
1.530181
1.524832
1.546127
1.582955
1.543417
1.542163
1.523741
1.552663
1.535307
1.562822
1.574898
1.567345
1.534120
1.544969
1.536156
1.538047
1.537418
1.537819
1.541768
1.542889
1.531708
1.533459
1.568778
1.547962
1.529526
1.579788
1.501777
1.526623
1.521199
1.541911
1.538078
1.544936
1.545194
1.548917
1.546892
1.578981
1.551339
1.569811
1.557302
1.546285
1.540087
1.524147
1.544988
1.564596
1.548814
1.551227
1.535983
1.554353
1.566068
1.557734
1.516024
1.529668
1.558137
1.535409
1.556018
1.522122
1.551122
1.487880
1.548913
1.529729
1.541173
1.567352
1.528933
1.517335
