2.305875
2.303121
2.302083
2.302309
2.298169
2.300853
2.296090
2.294911
2.294397
2.293587
2.300279
2.295869
2.299526
2.295230
2.275694
2.285567
2.296415
2.281298
2.287811
2.241639
2.264648
2.239894
2.247471
2.255500
2.232726
2.177999
2.133931
2.060511
2.025280
1.938120
2.026707
2.034276
2.148303
2.046057
1.996222
1.888968
1.848322
1.823595
1.830715
1.874401
1.892312
1.892536
1.926970
1.830695
1.880222
1.806920
1.814164
1.788575
1.781216
1.809606
1.793379
1.795768
1.781858
1.815986
1.744861
1.786916
1.777764
1.711987
1.809603
1.775770
1.792101
1.715267
1.734541
1.778316
1.743292
1.711473
1.762977
1.675083
1.685711
1.680902
1.681236
1.672115
1.769551
1.700806
1.680639
1.733948
1.739065
1.734322
1.753490
1.706821
1.664150
1.661049
1.677709
1.713041
1.719787
1.660686
1.662139
1.628803
1.634705
1.662843
1.673687
1.662202
1.658130
1.622782
1.652486
1.689547
1.664636
1.658297
1.642582
1.660190
1.661470
1.636365
1.660201
1.614684
1.604599
1.592352
1.656171
1.592729
1.617902
1.609415
1.619823
1.616327
1.597361
1.609771
1.604787
1.608084
1.613805
1.619199
1.631974
1.620483
1.642537
1.603178
1.609748
1.611826
1.618216
1.623182
1.626740
1.644610
1.635691
1.606021
1.614708
1.573718
1.595284
1.602425
1.608980
1.613806
1.590964
1.598296
1.610511
1.606292
1.615030
1.639756
1.643861
1.652092
1.644124
1.683773
1.653468
1.657667
1.648696
1.656228
1.654448
1.660188
1.638629
1.629233
1.606768
1.621765
1.627792
1.629064
1.590736
1.584999
1.561084
1.584960
1.581714
1.584481
1.566813
1.562675
1.568186
1.588032
1.576445
1.576133
1.567672
1.604675
1.563979
1.562707
1.548625
1.558133
1.555252
1.595187
1.558435
1.582950
1.575229
1.563065
1.590731
1.571808
1.574675
1.563928
1.542665
1.562197
1.541988
1.579943
1.555146
1.582701
1.562188
1.544875
1.554435
1.556650
1.547407
1.544872
1.546894
1.549254
1.545285
1.548615
1.552587
1.543020
1.555648
1.548332
1.567575
1.557175
1.557591
1.539925
1.526412
1.553515
1.550861
1.542979
1.541396
1.539333
1.549970
1.536216
1.536867
1.533025
1.524453
1.532564
1.542142
1.548024
1.555348
1.546445
1.550921
1.531564
1.534036
1.536708
1.544246
1.551231
1.568942
1.535615
1.544694
1.539834
1.546381
1.533344
1.548629
1.531117
1.533321
1.536022
1.552792
1.562075
1.531065
1.518738
1.520826
1.515898
1.513917
1.528484
1.542765
1.531423
1.527588
1.532380
1.515855
1.541231
1.535771
1.519113
1.508954
1.521661
1.520014
1.542164
1.511986
1.513281
1.530297
1.550903
1.507702
1.521354
1.520802
1.518407
1.518488
1.522130
1.520293
1.518063
1.517997
1.518760
1.508682
1.522663
1.533360
1.528481
1.511983
1.514215
1.524442
1.531607
1.540117
1.505262
1.533584
1.538389
1.522228
1.517273
1.523576
1.533995
1.519102
1.525535
1.509665
1.507822
1.538552
1.550509
1.524897
1.531087
1.522537
1.527678
1.511436
1.499724
1.537113
1.508681
1.514217
1.521884
1.510876
1.525872
1.511809
1.530861
1.511614
1.503631
1.517726
1.533557
1.508891
1.518752
1.498391
1.545267
1.496159
1.506725
1.530977
1.511326
1.521851
1.507116
1.545320
1.513778
1.523566
1.522369
1.518649
1.553248
1.516269
1.507129
1.508034
1.522524
1.515015
1.502604
1.499125
1.531646
1.516022
1.508340
1.501754
1.510432
1.509914
1.502883
1.506697
1.518056
1.503618
1.498413
1.504291
1.502095
1.527672
1.504157
1.496319
1.503060
1.521056
1.507828
1.520732
1.502577
1.511949
1.515356
1.506132
1.516460
1.521592
1.527901
1.513032
1.503842
1.519802
1.508825
1.498093
1.521460
1.510159
1.510308
1.510221
1.514556
1.520025
1.504967
1.523238
1.517143
1.521226
1.525216
1.506573
1.500095
1.517898
1.519062
1.493924
1.509716
1.515239
1.524069
1.511881
1.500827
1.510397
1.521564
1.493871
1.499872
1.507262
1.506905
1.545494
1.501102
1.505352
1.511452
1.511376
1.497660
1.498591
1.510924
1.501019
1.510475
1.500799
1.517564
1.510411
1.489236
1.516250
1.501837
1.502232
1.506859
1.509030
1.492792
1.535962
1.490434
1.503849
1.507946
1.500602
1.493838
1.498042
1.505422
1.510980
1.508081
1.503390
1.519715
1.504663
1.506721
1.496808
1.498605
1.504735
1.496560
1.502181
1.504579
1.518494
1.501152
1.519887
1.497814
1.511945
1.508563
1.495659
1.492047
1.492715
1.507828
1.502457
1.498955
1.496087
1.499975
1.497963
1.499474
1.497028
1.487837
1.493558
1.501110
1.500553
1.501746
1.497839
1.494644
1.506817
1.516903
1.502023
1.492341
1.501441
1.496804
1.512725
1.503366
1.491372
1.495347
1.520389
1.506421
1.498153
1.492417
1.492883
1.494935
1.491227
1.517542
1.504787
1.490914
1.503137
1.491447
1.497832
1.510387
1.489320
1.512122
1.505642
1.502946
1.497088
1.509319
1.506543
1.497964
1.493281
1.493936
1.482634
1.501805
1.492380
1.500421
