2.306102
2.300894
2.296128
2.305213
2.308486
2.293259
2.289035
2.267981
2.295985
2.273049
2.279077
2.213401
2.220493
2.226058
2.149532
2.064226
1.990132
2.015491
1.996454
1.995093
1.914978
1.943418
1.869888
1.839510
1.773366
1.804213
1.780697
1.756106
1.815835
1.800710
1.821020
1.729901
1.707537
1.679256
1.725013
1.777323
1.748062
1.695762
1.767037
1.697271
1.690353
1.697795
1.624462
1.656029
1.638057
1.632626
1.673439
1.672804
1.626506
1.620666
1.613888
1.633492
1.627810
1.619113
1.608068
1.642956
1.603219
1.618231
1.620581
1.646845
1.618116
1.614440
1.590374
1.573039
1.623727
1.578880
1.582780
1.578168
1.586120
1.588237
1.553107
1.565784
1.605943
1.563440
1.567766
1.587518
1.618700
1.569139
1.574201
1.575693
1.555208
1.587956
1.562047
1.549074
1.548496
1.540723
1.553237
1.546380
1.547075
1.563922
1.556472
1.544963
1.551935
1.563314
1.561605
1.566762
1.549277
1.568762
1.550572
1.528057
1.560460
1.550077
1.524578
1.526883
1.553673
1.538533
1.546185
1.550682
1.567443
1.556138
1.545464
1.531394
1.546471
1.570346
1.552995
1.524290
1.540386
1.548163
1.538576
1.532429
1.532869
1.527773
1.516137
1.547720
1.543717
1.542649
1.547604
1.545514
1.537384
1.530909
1.521617
1.527487
1.537304
1.543494
1.517028
1.563945
1.529223
1.557001
1.509569
1.535681
1.532066
1.531606
1.536749
1.541309
1.538046
1.524880
1.531294
1.513402
1.534311
1.505009
1.535314
1.540346
1.522035
1.546566
1.534640
1.529884
1.521679
1.546547
1.527278
1.514730
1.507893
1.504027
1.530277
1.518831
1.532379
1.498631
1.524213
1.522510
1.534802
1.525701
1.515276
1.528662
1.506413
1.520159
1.507780
1.537501
1.510474
1.532671
1.515108
1.508148
1.509484
1.523815
1.522619
1.517686
1.520662
1.513072
1.504584
1.506376
1.506301
1.517548
1.503420
1.515543
1.538334
1.523715
1.496575
1.507145
1.529732
1.510013
1.514540
1.515028
1.495260
1.504191
1.510369
1.477353
1.514180
1.509184
1.503744
1.522759
1.509265
1.489211
1.507175
1.492767
1.502814
1.489296
1.490756
1.496061
1.514887
1.509739
1.500471
1.521417
1.496210
1.502676
1.519293
1.497613
1.488698
1.489618
1.508147
1.519657
1.501851
1.508405
1.498466
1.515051
1.496444
1.516615
1.490461
1.504686
1.499327
1.497282
1.509868
1.501535
1.482814
1.504578
1.483835
1.495808
1.495952
1.490070
1.506127
1.504150
1.495901
1.506632
1.507148
1.509646
1.503918
1.499504
1.515038
1.496780
1.513976
1.482346
1.484761
1.479975
1.487853
1.484050
1.485275
1.479298
1.500002
1.494951
1.505883
1.496909
1.477786
1.511435
1.490232
1.516112
1.510049
1.483744
1.516109
1.486627
1.496234
1.497727
1.494277
1.481950
1.497844
1.477600
1.506240
1.477812
1.491573
1.486629
1.484315
1.490780
1.495643
1.499784
1.484682
1.489762
1.487805
1.486087
1.494488
1.499205
1.476543
1.493686
1.509014
1.489406
1.491497
1.488185
1.496195
1.485847
1.480099
1.486949
1.485785
1.485528
1.476150
1.494296
1.502206
1.498218
1.490968
1.515778
1.483554
1.490984
1.478879
1.485917
1.495657
1.493216
1.486186
1.486967
1.489957
1.494343
1.489175
1.494012
1.502899
1.494640
1.472902
1.485392
1.480094
1.483327
1.503449
1.503558
1.503318
1.497842
1.489885
1.482586
1.503942
1.475354
1.495603
1.494815
1.497999
1.487953
1.483998
1.485843
1.483659
1.478590
1.474680
1.505495
1.476634
1.487654
1.487791
1.482632
1.485769
1.500723
1.494713
1.494984
1.491523
1.485080
1.479827
1.475320
1.482660
1.488398
1.490349
1.473261
1.491685
1.494578
1.497995
1.491106
1.497931
1.484709
1.483141
1.493479
1.495022
1.489292
1.484756
1.509564
1.490860
1.479667
1.506207
1.484323
1.500399
1.479236
1.476114
1.470762
1.481459
1.488145
1.480221
1.499704
1.478063
1.512248
1.475781
1.488483
1.483982
1.469450
1.483067
1.499692
1.491275
1.490640
1.475373
1.473055
1.482370
1.485150
1.492216
1.484872
1.475211
1.497901
1.495617
1.489057
1.486249
1.480839
1.489994
1.478577
1.495687
1.478289
1.497416
1.481022
1.476029
1.480989
1.479118
1.478252
1.489794
1.475269
1.494551
1.483057
1.502770
1.484786
1.479157
1.487687
1.475842
1.495000
1.490476
1.480707
1.475935
1.482715
1.480514
1.484505
1.490370
1.507359
1.480518
1.477067
1.475382
1.470408
1.473165
1.470532
1.491076
1.493742
1.491732
1.508570
1.473106
1.473466
1.491455
1.478280
1.495132
1.477381
1.491428
1.485363
1.472111
1.488670
1.469093
1.487506
1.480926
1.484308
1.492071
1.476229
1.492820
1.472956
1.473242
1.480394
1.483864
1.481962
1.504772
1.475904
1.475862
1.477449
1.482865
1.479120
1.481313
1.495476
1.487607
1.484984
1.475758
1.488866
1.475314
1.494683
1.482321
1.484166
1.491978
1.480843
1.475169
1.482601
1.474355
1.475243
1.474240
1.472899
1.484890
1.488693
1.511546
1.481141
