2.316394
2.317596
2.306740
2.301473
2.291149
2.276367
2.280216
2.302289
2.285871
2.279365
2.321819
2.294747
2.274385
2.345979
2.350233
2.386719
2.314997
2.427265
2.402025
2.435822
2.348053
2.175591
2.178834
2.150678
2.211251
2.381026
2.400487
2.484490
2.563600
2.451931
2.448620
2.434948
2.268945
2.196125
2.159635
2.105600
2.047488
2.031999
1.979506
1.964089
1.968464
2.148303
2.137419
2.045702
1.975733
1.857236
1.817026
1.790313
1.801444
1.816289
1.936528
1.865134
1.897798
1.881355
1.910026
1.847282
1.856237
1.880892
1.853565
1.768949
1.737385
1.697558
1.729995
1.742459
1.721202
1.759939
1.691914
1.685386
1.673037
1.715691
1.679778
1.642934
1.671794
1.671335
1.683542
1.774766
1.684272
1.685393
1.647153
1.657283
1.672888
1.636091
1.614051
1.624964
1.618726
1.591764
1.579779
1.602738
1.591732
1.592633
1.608780
1.598715
1.585199
1.609923
1.576208
1.595994
1.580994
1.601408
1.587391
1.565465
1.610626
1.561317
1.584643
1.575022
1.558393
1.582310
1.574035
1.572116
1.568563
1.573579
1.560181
1.580177
1.599570
1.581551
1.575096
1.557540
1.577674
1.560906
1.569656
1.553771
1.600135
1.562624
1.583562
1.566788
1.621972
1.549252
1.546236
1.549355
1.557878
1.553528
1.539852
1.582611
1.559126
1.550041
1.589670
1.591112
1.540693
1.544408
1.541295
1.569533
1.545491
1.539619
1.532691
1.569707
1.531719
1.580460
1.543310
1.573197
1.566259
1.544291
1.553041
1.557072
1.541185
1.546559
1.527168
1.545311
1.575487
1.544800
1.564502
1.528029
1.524346
1.539104
1.539974
1.540034
1.535269
1.546084
1.522205
1.571832
1.560725
1.554330
1.532886
1.529669
1.529323
1.553698
1.540066
1.555436
1.532657
1.547583
1.528873
1.553496
1.561337
1.533631
1.527820
1.524328
1.541395
1.539916
1.540474
1.539214
1.542574
1.559476
1.546274
1.544947
1.525865
1.523268
1.514449
1.535290
1.522480
1.541340
1.529161
1.521266
1.534109
1.553189
1.519547
1.513104
1.516655
1.529595
1.531783
1.548842
1.538253
1.541106
1.558485
1.534937
1.526921
1.560103
1.554038
1.511381
1.519146
1.518947
1.517733
1.514060
1.557225
1.548249
1.526454
1.530059
1.534209
1.521134
1.530298
1.521938
1.521672
1.521805
1.538866
1.521064
1.521694
1.523944
1.522810
1.519804
1.533318
1.530966
1.544092
1.510928
1.536005
1.552652
1.529465
1.530910
1.521822
1.530194
1.525277
1.549028
1.534531
1.527106
1.511936
1.539532
1.515812
1.523970
1.531657
1.516607
1.522826
1.515050
1.527465
1.505020
1.518627
1.526485
1.509881
1.502976
1.517003
1.496578
1.501337
1.527767
1.514513
1.518832
1.517030
1.506966
1.505569
1.502342
1.515431
1.524189
1.515358
1.523955
1.527912
1.529616
1.514019
1.529706
1.527313
1.549754
1.510164
1.531595
1.514835
1.518551
1.508429
1.527672
1.523883
1.540997
1.498855
1.506568
1.513970
1.520235
1.517637
1.523010
1.515984
1.504174
1.512598
1.509932
1.504827
1.532311
1.492950
1.509940
1.507406
1.514644
1.514693
1.497380
1.501058
1.500899
1.503854
1.500275
1.532923
1.504315
1.537541
1.519530
1.505380
1.515055
1.516104
1.500586
1.501626
1.522547
1.514067
1.535418
1.521115
1.541085
1.501082
1.517559
1.499536
1.535743
1.494613
1.546219
1.508401
1.529502
1.513935
1.503733
1.517702
1.528342
1.520830
1.506083
1.523218
1.503760
1.505795
1.508501
1.527597
1.501377
1.528407
1.522743
1.505776
1.503509
1.522697
1.503419
1.521173
1.495367
1.511455
1.518429
1.503922
1.505282
1.521352
1.522397
1.521623
1.505281
1.525681
1.497765
1.519134
1.508912
1.497428
1.522622
1.505468
1.498977
1.493671
1.504045
1.512078
1.508093
1.511457
1.516859
1.514673
1.519457
1.496646
1.502422
1.505899
1.493245
1.506939
1.520137
1.515454
1.518672
1.511297
1.524542
1.500130
1.526858
1.497995
1.506830
1.488467
1.509543
1.494489
1.506712
1.543838
1.500309
1.497699
1.508863
1.512026
1.499252
1.502002
1.503731
1.500526
1.500583
1.518623
1.513456
1.511616
1.512824
1.488667
1.498055
1.504422
1.494086
1.516218
1.502651
1.502022
1.528537
1.520566
1.492254
1.504452
1.506168
1.500160
1.492839
1.505549
1.523360
1.497063
1.511648
1.501218
1.493852
1.507480
1.497498
1.492938
1.497375
1.501154
1.504095
1.492703
1.488661
1.501763
1.499768
1.486900
1.498810
1.485199
1.509985
1.516766
1.517621
1.522573
1.535489
1.515053
1.492045
1.515685
1.499309
1.507631
1.505999
1.495159
1.526772
1.510882
1.521312
1.524089
1.501707
1.497157
1.500922
1.497885
1.501836
1.513627
1.495817
1.503703
1.489369
1.506625
1.497740
1.489903
1.511088
1.507288
1.498224
1.501744
1.496852
1.503114
1.493810
1.500492
1.521133
1.496711
1.499465
1.492682
1.515845
1.491442
1.491158
1.501112
1.526476
1.501550
1.499422
1.497163
1.496229
1.506688
1.497955
1.504363
1.504062
1.504779
1.496387
