2.300497
2.299511
2.292032
2.286829
2.277823
2.265960
2.261961
2.242916
2.267000
2.238306
2.220272
2.163415
2.183657
2.198211
2.190037
2.127371
2.181352
2.177104
2.217020
2.230416
2.103768
2.037466
1.986932
1.906956
1.884423
1.837243
1.862720
1.884114
1.898489
1.898242
1.929578
1.938118
1.956955
1.958403
1.961804
1.925690
1.856803
1.775512
1.784873
1.789795
1.761488
1.790271
1.757110
1.719869
1.728562
1.731520
1.707326
1.698452
1.703712
1.711720
1.732612
1.738351
1.722417
1.714845
1.691052
1.685549
1.649359
1.673732
1.685605
1.638554
1.664396
1.626584
1.626185
1.605272
1.630650
1.615231
1.660406
1.609969
1.637467
1.638884
1.623392
1.628901
1.622489
1.584671
1.596326
1.613939
1.595726
1.627536
1.581325
1.579438
1.625766
1.628123
1.612100
1.602250
1.587222
1.639429
1.602884
1.568877
1.600326
1.586088
1.632894
1.609307
1.586974
1.599788
1.609013
1.609705
1.599622
1.590510
1.586567
1.576141
1.580188
1.572095
1.590645
1.594070
1.554173
1.567979
1.544315
1.576145
1.571164
1.599987
1.597336
1.593166
1.555818
1.593868
1.593441
1.571521
1.595315
1.555978
1.533003
1.570477
1.567786
1.548156
1.619408
1.560329
1.585686
1.553630
1.576515
1.565477
1.586047
1.554063
1.554894
1.592542
1.559715
1.569733
1.565565
1.549798
1.593200
1.566744
1.549760
1.576798
1.552718
1.552541
1.556292
1.541317
1.553925
1.531725
1.609243
1.555727
1.561625
1.528217
1.570947
1.598382
1.559526
1.550555
1.556882
1.538222
1.550788
1.558385
1.562880
1.552083
1.572166
1.553749
1.549616
1.528833
1.546879
1.535905
1.553387
1.564431
1.569954
1.566302
1.553856
1.555095
1.525207
1.545499
1.541374
1.595015
1.556858
1.534297
1.569249
1.580571
1.558304
1.550717
1.542198
1.555683
1.550922
1.556272
1.557073
1.525580
1.546358
1.541430
1.516550
1.546126
1.546638
1.543082
1.559074
1.542628
1.553314
1.544843
1.547554
1.537283
1.553793
1.556826
1.516269
1.533543
1.537872
1.579213
1.538572
1.556542
1.576038
1.553743
1.541012
1.517034
1.557217
1.540235
1.543501
1.517923
1.524782
1.540302
1.507950
1.522702
1.529018
1.550262
1.545038
1.527527
1.537912
1.535184
1.530323
1.567925
1.544541
1.534058
1.555442
1.539273
1.538014
1.511371
1.528222
1.505592
1.545979
1.512114
1.520917
1.540933
1.514688
1.538541
1.533418
1.521775
1.511747
1.511770
1.515182
1.537283
1.523202
1.520080
1.522683
1.531481
1.509467
1.523084
1.521397
1.508622
1.534475
1.534459
1.534976
1.515760
1.534498
1.520787
1.527896
1.550685
1.538205
1.529342
1.521217
1.530774
1.536277
1.530433
1.505967
1.528463
1.509753
1.536840
1.498109
1.518765
1.520316
1.531735
1.508286
1.535887
1.557029
1.518235
1.503729
1.518818
1.511521
1.520073
1.528980
1.527905
1.520202
1.534389
1.514989
1.512240
1.545199
1.509017
1.530595
1.506034
1.542440
1.513254
1.508403
1.513925
1.540542
1.504695
1.525217
1.523581
1.544721
1.508832
1.508100
1.529182
1.519081
1.522087
1.505664
1.537328
1.519075
1.494505
1.507303
1.516075
1.505281
1.522733
1.506866
1.522690
1.536012
1.516925
1.513023
1.509727
1.513089
1.515666
1.504376
1.514786
1.516751
1.523177
1.512896
1.520086
1.498735
1.536327
1.529585
1.505310
1.512386
1.536219
1.517558
1.492178
1.503889
1.514498
1.487497
1.505428
1.520879
1.516855
1.514566
1.496537
1.524578
1.495024
1.505956
1.526111
1.501239
1.512387
1.509173
1.539965
1.507962
1.511931
1.521083
1.500452
1.526901
1.500762
1.502380
1.520570
1.546463
1.508855
1.511548
1.506140
1.489166
1.507522
1.515284
1.524512
1.518817
1.504632
1.493203
1.529691
1.516924
1.517996
1.521775
1.489671
1.528555
1.504761
1.521138
1.505981
1.506129
1.500211
1.512430
1.515557
1.504193
1.494511
1.501201
1.504151
1.497904
1.532972
1.511779
1.487963
1.512278
1.517850
1.509887
1.507829
1.500438
1.519430
1.492600
1.514625
1.496851
1.518610
1.501783
1.512726
1.493648
1.506011
1.499592
1.505365
1.513010
1.516343
1.499615
1.500625
1.515756
1.545249
1.507071
1.504416
1.519560
1.511509
1.518035
1.513714
1.505196
1.509031
1.501948
1.501354
1.488433
1.534868
1.491629
1.510928
1.505826
1.504948
1.500189
1.498905
1.500892
1.498856
1.489070
1.505781
1.492420
1.494000
1.477155
1.498423
1.490036
1.521901
1.519030
1.499102
1.524577
1.498629
1.490043
1.491892
1.497588
1.495200
1.510838
1.512337
1.496995
1.509730
1.499361
1.508309
1.508119
1.519480
1.487775
1.490722
1.498832
1.501307
1.494953
1.494369
1.482526
1.499518
1.502142
1.490595
1.509429
1.492891
1.501005
1.507834
1.488729
1.510115
1.511149
1.480693
1.490864
1.503453
1.495093
1.488855
1.493599
1.507645
1.482597
1.508139
1.491239
1.512799
1.496587
1.488406
1.500453
1.514164
1.494280
1.507899
1.501084
1.506925
1.500742
1.496589
