2.297990
2.300475
2.295268
2.293951
2.275751
2.265400
2.237256
2.230276
2.210163
2.222589
2.178467
2.222703
2.244226
2.187109
2.107209
2.049480
2.045721
2.019275
2.049268
2.038720
1.972648
1.905904
1.882688
1.813763
1.870709
1.854013
1.751678
1.736810
1.753392
1.729037
1.772784
1.752796
1.766682
1.732814
1.703835
1.716767
1.680011
1.690502
1.661161
1.644423
1.735406
1.652884
1.663997
1.620749
1.648562
1.642347
1.621949
1.648499
1.623845
1.577749
1.623169
1.614810
1.614136
1.619521
1.638256
1.609472
1.611158
1.584447
1.609598
1.637529
1.606212
1.561814
1.597030
1.587339
1.607549
1.592651
1.570343
1.587359
1.580339
1.605724
1.587923
1.586895
1.598503
1.589445
1.588090
1.589267
1.595445
1.575558
1.554416
1.581406
1.575750
1.612435
1.548377
1.575914
1.583043
1.538222
1.564701
1.542992
1.530204
1.574770
1.616676
1.576262
1.562830
1.577952
1.562543
1.538888
1.564846
1.565266
1.561914
1.552876
1.534727
1.540998
1.570533
1.589548
1.533320
1.550533
1.547243
1.543133
1.561378
1.554965
1.525959
1.560948
1.550272
1.551499
1.564359
1.535527
1.532476
1.532996
1.539704
1.568521
1.540070
1.550067
1.531221
1.539139
1.531057
1.542221
1.531527
1.558404
1.548079
1.527071
1.546116
1.541296
1.537238
1.520337
1.553630
1.526617
1.538136
1.528506
1.516809
1.549030
1.534644
1.584116
1.514338
1.554040
1.536824
1.539528
1.523282
1.522669
1.528988
1.518710
1.536353
1.525841
1.506457
1.536348
1.523968
1.540019
1.533655
1.528548
1.544243
1.516517
1.535480
1.535065
1.535782
1.521624
1.503066
1.519607
1.543200
1.529285
1.567493
1.509444
1.506765
1.548127
1.504116
1.521471
1.521695
1.538959
1.544328
1.537051
1.516728
1.512925
1.518157
1.522668
1.526277
1.524735
1.510914
1.530571
1.507837
1.504796
1.513560
1.531894
1.519613
1.510661
1.526305
1.515148
1.524115
1.546354
1.525837
1.527228
1.535899
1.508532
1.512842
1.510053
1.498571
1.527823
1.520885
1.496980
1.503561
1.501698
1.530285
1.553450
1.511208
1.512532
1.532114
1.507820
1.509130
1.501868
1.537134
1.517351
1.500178
1.502568
1.511227
1.541217
1.536515
1.497053
1.506759
1.514511
1.511852
1.518794
1.514851
1.521823
1.512728
1.511550
1.501195
1.506359
1.510896
1.521298
1.497599
1.517062
1.505548
1.516806
1.497160
1.515617
1.513471
1.515836
1.510023
1.508572
1.529392
1.524785
1.506504
1.498292
1.513292
1.499385
1.505420
1.510632
1.487897
1.508298
1.495964
1.500920
1.519262
1.501885
1.503417
1.527141
1.502755
1.521856
1.528132
1.501781
1.521391
1.505846
1.509573
1.517780
1.494597
1.513160
1.490332
1.522665
1.519604
1.492010
1.522705
1.489800
1.505782
1.518226
1.510690
1.497155
1.523431
1.502679
1.480566
1.499349
1.488643
1.504819
1.502732
1.508821
1.497762
1.490736
1.503461
1.496414
1.514276
1.505411
1.490152
1.497863
1.499268
1.506210
1.512404
1.502801
1.483327
1.480658
1.494202
1.495568
1.504731
1.490207
1.505378
1.506460
1.487629
1.502667
1.516494
1.497599
1.480043
1.510013
1.504593
1.510345
1.509264
1.489448
1.488708
1.494399
1.482415
1.480338
1.529490
1.484540
1.498606
1.497574
1.493694
1.515065
1.499090
1.502411
1.511862
1.503577
1.495193
1.501897
1.503180
1.495795
1.492711
1.489685
1.483462
1.501151
1.490287
1.497396
1.506030
1.483753
1.530595
1.508219
1.482884
1.517198
1.476046
1.503839
1.490664
1.486589
1.492217
1.488639
1.504280
1.501535
1.491436
1.506951
1.489151
1.486094
1.482221
1.498490
1.480356
1.495528
1.488958
1.488524
1.489998
1.499017
1.473789
1.491027
1.516231
1.510915
1.490029
1.521403
1.490335
1.492359
1.483639
1.477757
1.509905
1.484207
1.497353
1.504474
1.510359
1.481804
1.488393
1.485114
1.489378
1.488542
1.486881
1.504240
1.493806
1.496732
1.489948
1.491405
1.514737
1.483874
1.484100
1.482112
1.509195
1.505544
1.490353
1.496307
1.497960
1.480543
1.493853
1.485725
1.486345
1.483311
1.494629
1.487235
1.487631
1.491996
1.481086
1.485243
1.501438
1.497564
1.497630
1.493067
1.484583
1.478016
1.489165
1.502925
1.477336
1.491469
1.491251
1.493866
1.484910
1.487439
1.498580
1.479071
1.492314
1.514753
1.496822
1.491362
1.501283
1.475335
1.489457
1.484145
1.480774
1.479734
1.484470
1.497045
1.488706
1.490151
1.501504
1.489055
1.483106
1.492744
1.478911
1.487317
1.498186
1.479730
1.483296
1.489816
1.503675
1.476120
1.488822
1.485955
1.493181
1.478988
1.482022
1.500323
1.477021
1.494918
1.505621
1.482232
1.482204
1.486564
1.479212
1.492539
1.487160
1.483616
1.500508
1.485211
1.484507
1.484683
1.478963
1.488798
1.473262
1.488251
1.485979
1.487016
1.486507
1.499520
1.492011
1.501208
1.490225
1.494642
1.480034
1.482136
1.495221
1.474205
1.482667
1.478332
1.479694
1.480039
1.496803
1.486460
