2.293003
2.292315
2.300613
2.303328
2.302709
2.303080
2.304195
2.302709
2.302585
2.302709
2.302585
2.302585
2.296793
2.301928
2.302585
2.302585
2.302585
2.302585
2.302585
2.302585
2.302585
2.302585
2.302585
2.302585
2.302585
2.302585
2.302585
2.302585
2.302585
2.302585
2.302585
2.302585
2.302585
2.302585
2.302585
2.302585
2.302585
2.302585
2.302585
2.302585
2.302585
2.302585
2.302585
2.302585
2.302585
2.302585
2.302585
2.302585
2.302585
2.302585
2.302585
2.302585
2.302585
2.302585
2.302585
2.302585
2.302585
2.302585
2.302585
2.302585
2.302585
2.302585
2.302585
2.302585
2.302585
2.302585
2.302585
2.302585
2.302585
2.302585
2.302585
2.302585
2.302585
2.302585
2.302585
2.302585
2.302585
2.302585
2.302585
2.302585
2.302585
2.302585
2.302585
2.302585
2.302585
2.302585
2.302585
2.302585
2.302585
2.302585
2.302585
2.302585
2.302585
2.302585
2.302585
2.302585
2.302585
2.302585
2.302585
2.302585
2.302585
2.302585
2.302585
2.302585
2.302585
2.302585
2.302585
2.302585
2.302585
2.302585
2.302709
2.302585
2.302585
2.302585
2.302585
2.302585
2.302709
2.302585
2.302709
2.302585
2.302957
2.302709
2.303311
2.302709
2.302585
2.302957
2.303204
2.303204
2.303576
2.303700
2.305738
2.305400
2.305896
2.307135
2.306144
2.311881
2.312376
2.316209
2.312940
2.315883
2.309482
2.315680
2.325045
2.319260
2.321688
2.327394
2.322310
2.312898
2.311920
2.307647
2.307985
2.317367
2.320873
2.316243
2.305094
2.311817
2.318396
2.314269
2.320814
2.313705
2.311599
2.321153
2.315355
2.314581
2.323654
2.332494
2.351304
2.322444
2.326958
2.312284
2.343131
2.337000
2.346480
2.335567
2.322362
2.287187
2.285508
2.331458
2.340521
2.354676
2.356715
2.377970
2.343294
2.308854
2.308453
2.311412
2.342071
2.356709
2.357786
2.321647
2.328471
2.358344
2.360722
2.368985
2.355692
2.370727
2.378912
2.334406
2.354628
2.392552
2.386650
2.329548
2.302153
2.365898
2.372922
2.391313
2.395561
2.396391
2.372809
2.414468
2.381011
2.319076
2.290216
2.313301
2.334948
2.419377
2.420613
2.376205
2.349692
2.387444
2.406383
2.384818
2.426752
2.445904
2.434681
2.376459
2.345636
2.366189
2.400965
2.433512
2.459391
2.428582
2.377062
2.398819
2.330138
2.331583
2.334465
2.358145
2.394344
2.409803
2.453686
2.434199
2.437227
2.388337
2.362456
2.383750
2.420116
2.417573
2.424719
2.485883
2.481823
2.436235
2.430835
2.381670
2.345773
2.328913
2.354656
2.378432
2.421186
2.456173
2.510733
2.563847
2.561892
2.460676
2.363085
2.363142
2.316370
2.305037
2.312417
2.313478
2.303195
2.273851
2.288170
2.321395
2.338762
2.358483
2.398737
2.424468
2.496760
2.551183
2.575068
2.598629
2.564441
2.523429
2.435477
2.340453
2.310770
2.302605
2.310441
2.317533
2.332828
2.356716
2.422627
2.532221
2.606812
2.691209
2.690719
2.681004
2.622769
2.562020
2.470132
2.415823
2.404706
2.367216
2.344281
2.318391
2.306588
2.303807
2.304409
2.304871
2.304179
2.306076
2.312070
2.319038
2.341681
2.352254
2.362411
2.375871
2.384151
2.398339
2.431005
2.467291
2.458396
2.573410
2.610132
2.665872
2.630766
2.515435
2.532337
2.589313
2.546183
2.500973
2.445984
2.411668
2.397161
2.381767
2.375353
2.343173
2.345335
2.362910
2.359719
2.319285
2.360465
2.371964
2.346490
2.347419
2.324229
2.334547
2.346283
2.358191
2.364808
2.386935
2.457027
2.537608
2.591979
2.617686
2.696781
2.727931
2.729535
2.718386
2.716800
2.671313
2.617671
2.588362
2.562742
2.555590
2.556577
2.565142
2.567612
2.571405
2.579064
2.580577
2.579354
2.589514
2.592502
2.605073
2.606226
2.604163
2.599309
2.582485
2.593962
2.619576
2.634837
2.642319
2.646701
2.664326
2.623561
2.598199
2.610162
2.606646
2.631260
2.646693
2.656064
2.688150
2.732773
2.751449
2.719181
2.705013
2.658314
2.609195
2.602215
2.593687
2.608881
2.612134
2.627622
2.667172
2.685793
2.685270
2.648717
2.639181
2.610664
2.632212
2.638647
2.666797
2.694052
2.677592
2.707672
2.719504
2.716044
2.721408
2.710121
2.673083
2.674822
2.663753
2.692264
2.687978
2.700518
2.714235
2.736108
2.727322
2.735160
2.752238
2.726705
2.727433
2.690160
2.695778
2.669826
2.715666
2.706505
2.714714
2.707414
2.721790
2.677243
2.670260
2.671383
2.700403
2.743234
2.756628
2.713329
2.719450
2.680953
2.702141
2.694281
2.687245
2.688981
2.685012
2.727484
2.703693
2.717042
2.679828
2.696545
2.716716
2.720721
2.650797
2.646014
2.693655
2.708122
2.721446
2.723281
2.699361
2.668138
2.702329
2.738701
2.709064
2.689185
2.631970
2.623324
2.653233
2.659298
2.693585
2.703404
2.712042
2.672161
2.646874
2.613783
2.637180
2.641766
2.695804
2.769559
2.735870
2.649993
2.627142
2.664068
2.663006
2.674829
2.674497
2.654708
2.676050
2.652805
2.693018
