2.310707
2.312066
2.316710
2.331055
2.362763
2.388192
2.400233
2.376251
2.230917
2.284439
2.273413
2.285423
2.297240
2.301116
2.302480
2.302585
2.302585
2.302585
2.301928
2.302129
2.301244
2.300488
2.297397
2.297827
2.298268
2.296864
2.294285
2.294359
2.293869
2.294753
2.292892
2.294559
2.295028
2.293589
2.294284
2.294181
2.296845
2.294977
2.295018
2.294448
2.295061
2.297057
2.294243
2.296556
2.296370
2.294136
2.295898
2.293611
2.295186
2.297532
2.294971
2.295533
2.295269
2.296503
2.296889
2.297170
2.296324
2.295819
2.296046
2.297398
2.294421
2.296330
2.294960
2.295278
2.297170
2.295298
2.297913
2.297804
2.297383
2.295606
2.297174
2.296468
2.297080
2.296428
2.297378
2.297597
2.296730
2.295020
2.296970
2.296858
2.298559
2.295387
2.295141
2.296381
2.295798
2.295959
2.294700
2.296367
2.295057
2.297939
2.297002
2.293523
2.296629
2.294890
2.297184
2.297803
2.296759
2.296179
2.298538
2.297388
2.297730
2.296875
2.297954
2.297098
2.298155
2.297358
2.295667
2.295494
2.296235
2.298178
2.295936
2.296553
2.297716
2.296951
2.294760
2.297340
2.295720
2.296017
2.297127
2.295615
2.296298
2.299198
2.294837
2.296579
2.293862
2.297743
2.294814
2.299002
2.296201
2.297404
2.295925
2.295392
2.294895
2.297506
2.296885
2.296969
2.298079
2.296559
2.297899
2.297410
2.297998
2.297434
2.297948
2.297780
2.296605
2.298564
2.298591
2.297050
2.296036
2.296618
2.295989
2.296135
2.296112
2.296593
2.295135
2.297212
2.298442
2.298981
2.298610
2.297267
2.295323
2.296893
2.298211
2.295630
2.297469
2.298859
2.298009
2.296919
2.296034
2.295946
2.296623
2.298748
2.295584
2.299314
2.297085
2.296082
2.297159
2.295484
2.297937
2.295747
2.296076
2.296186
2.297159
2.296747
2.296262
2.295061
2.296608
2.296526
2.295930
2.298843
2.296119
2.297365
2.298609
2.296435
2.299603
2.294763
2.296743
2.296132
2.295946
2.297304
2.297842
2.298881
2.294758
2.296938
2.296636
2.297902
2.298758
2.297561
2.296829
2.296804
2.297574
2.297518
2.298749
2.296993
2.296637
2.295604
2.296702
2.296658
2.296814
2.298416
2.296934
2.297861
2.295437
2.295541
2.295648
2.295743
2.297249
2.299922
2.296489
2.295936
2.298316
2.298221
2.299162
2.297108
2.297082
2.297241
2.296878
2.299075
2.296514
2.297358
2.296760
2.297271
2.295029
2.296561
2.298330
2.297927
2.296773
2.298088
2.296642
2.295588
2.296363
2.297310
2.297568
2.297376
2.297274
2.297640
2.298523
2.297417
2.294959
2.295964
2.295821
2.295725
2.296298
2.296632
2.298587
2.298486
2.296232
2.296495
2.297655
2.298641
2.297032
2.299091
2.298050
2.296548
2.297154
2.298811
2.295195
2.296157
2.298670
2.299788
2.297409
2.295992
2.296154
2.299140
2.295972
2.296650
2.296809
2.296072
2.297709
2.297907
2.297207
2.296822
2.297580
2.299042
2.295572
2.296061
2.296047
2.294833
2.298114
2.294164
2.296133
2.297744
2.299052
2.297608
2.298198
2.297264
2.296484
2.296423
2.298937
2.298597
2.295935
2.297146
2.297956
2.295278
2.295707
2.298225
2.298948
2.297723
2.296988
2.297598
2.297881
2.296589
2.297878
2.297133
2.297772
2.295306
2.294002
2.296805
2.296311
2.296567
2.298537
2.297272
2.298505
2.298405
2.297547
2.296126
2.297724
2.298020
2.297480
2.298906
2.297248
2.298007
2.295402
2.295623
2.297717
2.296712
2.296631
2.298571
2.297401
2.295585
2.296856
2.297130
2.295914
2.297962
2.297606
2.295839
2.296608
2.299288
2.294291
2.298341
2.297790
2.297145
2.297049
2.298462
2.296679
2.297757
2.296208
2.298186
2.299234
2.294925
2.297548
2.297379
2.295518
2.296212
2.297404
2.297841
2.297466
2.298226
2.297303
2.296490
2.298273
2.297330
2.294658
2.295465
2.297615
2.296647
2.297207
2.294217
2.296839
2.297533
2.292671
2.296592
2.295702
2.297546
2.299133
2.299549
2.296972
2.299206
2.297906
2.293847
2.298485
2.296651
2.294578
2.295066
2.299308
2.298084
2.296924
2.300034
2.295269
2.297655
2.297023
2.297724
2.297024
2.296594
2.297652
2.298634
2.296396
2.300510
2.297530
2.296196
2.297050
2.297305
2.297913
2.296835
2.296520
2.296221
2.298118
2.298339
2.297527
2.297364
2.296196
2.297308
2.295959
2.297316
2.299339
2.294861
2.298916
2.295770
2.298019
2.298441
2.298307
2.298198
2.296321
2.296509
2.296624
2.298021
2.295372
2.297313
2.295778
2.296576
2.297491
2.297711
2.295513
2.297253
2.296143
2.294395
2.298828
2.296817
2.297665
2.298006
2.296236
2.297168
2.295695
2.298069
2.296063
2.297431
2.296817
2.297150
2.296021
2.297083
2.298344
2.295855
2.296532
2.296442
2.298149
2.298909
2.294641
2.295933
2.297851
2.297764
2.294810
2.296000
2.297643
2.298271
2.295678
2.296864
2.297100
2.295172
2.297017
2.297169
2.298733
2.297493
2.297993
2.295338
2.296948
2.297289
2.298707
2.297098
2.297636
2.295787
