2.299780
2.302474
2.304395
2.299601
2.299435
2.298242
2.292147
2.286063
2.269465
2.262003
2.253940
2.238115
2.230746
2.206762
2.198228
2.171113
2.155565
2.146069
2.083452
2.110741
2.074349
2.058017
2.024555
2.007050
1.946287
1.951939
1.915284
1.921847
1.875775
1.863024
1.840237
1.787615
1.800131
1.810658
1.805036
1.788404
1.759595
1.791016
1.757992
1.722335
1.711486
1.768278
1.765526
1.742496
1.711896
1.710701
1.726744
1.728992
1.676367
1.682172
1.673848
1.689697
1.723871
1.690050
1.707094
1.703674
1.695007
1.670562
1.694608
1.696503
1.672370
1.638563
1.626075
1.656801
1.616891
1.664490
1.643245
1.644107
1.641991
1.676887
1.644266
1.618869
1.610584
1.657742
1.643441
1.627164
1.601151
1.644452
1.647762
1.623083
1.619649
1.615912
1.636855
1.639143
1.628783
1.656191
1.642784
1.626916
1.622649
1.620010
1.589217
1.584223
1.580615
1.595931
1.614185
1.623898
1.624773
1.610655
1.621812
1.632155
1.617543
1.628670
1.609584
1.614662
1.623301
1.643801
1.636813
1.619737
1.574903
1.606631
1.607898
1.612305
1.649390
1.606829
1.583341
1.600899
1.590877
1.638175
1.590494
1.566736
1.571036
1.619755
1.603218
1.630976
1.564558
1.605230
1.613840
1.581596
1.542033
1.632958
1.610414
1.583833
1.581970
1.589114
1.610573
1.592468
1.583207
1.583329
1.584923
1.627456
1.562254
1.572226
1.574504
1.613076
1.601839
1.577050
1.589720
1.578819
1.587863
1.567354
1.604853
1.547250
1.602814
1.562500
1.608032
1.572399
1.556664
1.570516
1.549944
1.560961
1.574147
1.579325
1.554879
1.566808
1.572676
1.575638
1.601857
1.601103
1.574037
1.562286
1.567491
1.579084
1.562397
1.571449
1.560676
1.569420
1.564653
1.595108
1.582013
1.586650
1.589178
1.576822
1.590679
1.560265
1.560136
1.549901
1.591220
1.537840
1.572132
1.523594
1.563959
1.576642
1.562449
1.568389
1.557341
1.593783
1.586098
1.591337
1.574753
1.571713
1.573716
1.565571
1.544521
1.543361
1.566785
1.570791
1.556763
1.513370
1.574548
1.564464
1.564994
1.555036
1.564515
1.556788
1.572963
1.561932
1.546628
1.546245
1.536759
1.563945
1.564300
1.526145
1.525548
1.561027
1.515997
1.556302
1.570231
1.573951
1.538646
1.581291
1.557328
1.560325
1.562483
1.536868
1.545228
1.575219
1.564511
1.517120
1.558343
1.565689
1.556939
1.542533
1.537447
1.544081
1.530910
1.545690
1.551262
1.565140
1.546440
1.534763
1.533282
1.558798
1.558767
1.563290
1.549592
1.529270
1.563029
1.545722
1.548636
1.555162
1.549743
1.560043
1.551720
1.552855
1.530589
1.556739
1.569008
1.544844
1.515841
1.521607
1.551193
1.526865
1.530823
1.542284
1.553819
1.531053
1.524478
1.548275
1.546550
1.550462
1.515602
1.529073
1.549482
1.529773
1.542113
1.549080
1.542332
1.519241
1.562741
1.556963
1.542813
1.542254
1.569413
1.544838
1.548038
1.573670
1.537138
1.542652
1.551058
1.538790
1.569079
1.515673
1.556368
1.535266
1.517352
1.549751
1.545792
1.525564
1.538807
1.537276
1.529132
1.534288
1.515363
1.528262
1.525247
1.545356
1.526242
1.537780
1.508788
1.551296
1.520378
1.542013
1.555635
1.564577
1.523371
1.577794
1.533843
1.520761
1.539953
1.539387
1.532750
1.555768
1.547886
1.535289
1.530372
1.535300
1.508309
1.527042
1.545648
1.554180
1.536108
1.569736
1.534494
1.545925
1.536805
1.533163
1.538713
1.520267
1.544034
1.524977
1.538731
1.543153
1.515094
1.536279
1.532717
1.515653
1.528273
1.524204
1.526229
1.538934
1.534446
1.520078
1.546542
1.536820
1.520483
1.537839
1.552878
1.517037
1.533945
1.516360
1.539542
1.558177
1.523366
1.549060
1.524812
1.506742
1.509299
1.550494
1.513536
1.545604
1.519832
1.555482
1.521439
1.535801
1.509477
1.526652
1.525255
1.552595
1.526021
1.511039
1.508701
1.543728
1.506307
1.512441
1.529981
1.536410
1.542123
1.541092
1.546629
1.538594
1.500612
1.527979
1.585909
1.514391
1.544997
1.522805
1.521079
1.525789
1.511375
1.534673
1.522409
1.528315
1.520274
1.532096
1.523313
1.520629
1.490311
1.520314
1.526067
1.534445
1.505904
1.535841
1.514170
1.507175
1.498388
1.531712
1.502423
1.548338
1.526327
1.523699
1.547366
1.529114
1.540339
1.507226
1.510477
1.522457
1.512011
1.514924
1.533418
1.537223
1.521420
1.522404
1.516785
1.528693
1.503080
1.490405
1.518978
1.519103
1.516517
1.553334
1.522015
1.530816
1.530250
1.522760
1.520526
1.527288
1.509329
1.498164
1.522303
1.523384
1.514784
1.516307
1.522565
1.537770
1.507618
1.505622
1.526179
1.511614
1.523830
1.518873
1.556016
1.508371
1.502914
1.508976
1.531140
1.548506
1.520218
1.526732
1.507671
1.523376
1.511014
1.518831
1.505961
1.517229
1.507714
1.539114
1.512198
1.534808
1.500066
1.524443
1.502523
1.514119
1.511917
1.518401
1.489219
1.532253
1.512156
1.510875
1.514737
1.505283
