2.308738
2.311518
2.313474
2.318187
2.318857
2.324150
2.327978
2.308479
2.265356
2.238530
2.215185
2.256356
2.277075
2.304463
2.318694
2.368256
2.375690
2.424919
2.357569
2.318980
2.570342
2.640264
2.548792
2.248554
1.957789
1.864628
1.830382
1.792765
1.781838
1.772848
1.805126
1.853493
1.938878
2.038927
2.092262
2.096720
2.062185
1.955904
1.885842
1.864238
1.827249
1.855305
1.840700
1.901066
2.241030
2.537800
2.522839
2.508492
2.452837
2.325113
2.483625
2.584736
2.569641
2.512389
2.314645
2.067646
2.155744
2.281038
2.407587
2.452010
2.367440
2.138941
1.989295
2.071131
2.201509
2.361724
2.474334
2.491761
2.369793
2.434307
2.498775
2.529836
2.537088
2.517853
2.389186
2.481810
2.495753
2.519069
2.509349
2.456547
2.272583
2.042146
2.192184
2.354798
2.439105
2.459461
2.455164
2.375395
2.138908
2.212778
2.339325
2.446128
2.489755
2.479175
2.482469
2.295710
2.364754
2.461596
2.451998
2.491511
2.297327
2.222667
2.322923
2.416605
2.472780
2.473668
2.169374
2.248947
2.346283
2.459986
2.513452
2.526831
2.543334
2.551451
2.544611
2.524347
2.507210
2.509755
2.510266
2.495520
2.497902
2.508878
2.474488
2.451849
2.484613
2.484460
2.500625
2.505108
2.495573
2.506317
2.501845
2.500330
2.506266
2.497816
2.502045
2.484575
2.473903
2.463647
2.454518
2.443175
2.433357
2.429429
2.420640
2.427809
2.423462
2.422541
2.420192
2.394327
2.357591
2.246789
2.074666
2.014673
2.092680
2.215697
2.372703
2.459095
2.560879
2.577486
2.592341
2.580783
2.584282
2.528927
2.484228
2.417735
2.283785
2.132158
2.193729
2.296179
2.386684
2.441058
2.445963
2.451142
2.436815
2.248357
2.113146
2.180305
2.287968
2.355251
2.410072
2.458912
2.385848
2.268964
2.312737
2.406828
2.467174
2.493164
2.484809
2.489320
2.496244
2.503183
2.504183
2.500657
2.515786
2.513137
2.511813
2.502673
2.503131
2.497913
2.499678
2.492645
2.482366
2.452235
2.417290
2.414836
2.433481
2.445587
2.476785
2.481676
2.423599
2.278778
2.096205
2.208867
2.289783
2.351558
2.426386
2.460114
2.469249
2.468027
2.470324
2.479676
2.478761
2.478240
2.474707
2.465451
2.462656
2.468038
2.472377
2.472169
2.474912
2.482034
2.476605
2.472441
2.474562
2.473937
2.477057
2.481016
2.465734
2.475343
2.484385
2.430267
2.333318
2.294994
2.337752
2.388348
2.431746
2.464053
2.473697
2.477554
2.468382
2.471105
2.412582
2.453024
2.467212
2.481800
2.479730
2.491565
2.498561
2.498024
2.491027
2.492130
2.488401
2.485095
2.482216
2.480392
2.492435
2.494279
2.493412
2.503741
2.495603
2.511018
2.504482
2.509741
2.481969
2.437945
2.451714
2.455241
2.463775
2.430394
2.372538
2.240110
2.267370
2.313891
2.414709
2.445165
2.470726
2.466543
2.469290
2.471122
2.468800
2.478037
2.486163
2.494399
2.483540
2.486904
2.484052
2.478637
2.478122
2.472903
2.470453
2.463053
2.472481
2.479129
2.481368
2.490243
2.502885
2.494736
2.494662
2.494835
2.498357
2.498037
2.482402
2.479453
2.455537
2.391417
2.396365
2.440337
2.452622
2.462874
2.464428
2.380975
2.228300
2.119899
2.177376
2.205425
2.305929
2.363109
2.437094
2.453103
2.457686
2.457091
2.460673
2.464481
2.474490
2.481556
2.479712
2.485438
2.492276
2.494263
2.501642
2.495733
2.499166
2.511981
2.494857
2.497469
2.497765
2.489836
2.484356
2.477793
2.476000
2.472256
2.465735
2.463933
2.460186
2.458079
2.451627
2.452175
2.446378
2.444854
2.444842
2.439765
2.437834
2.433014
2.433347
2.434032
2.429520
2.426978
2.427765
2.421522
2.423553
2.417675
2.412574
2.411057
2.406246
2.398493
2.401645
2.397513
2.395321
2.388187
2.395798
2.373597
2.392740
2.384705
2.380390
2.390768
2.381462
2.382645
2.389270
2.385745
2.377300
2.390939
2.402786
2.418503
2.433364
2.438259
2.435620
2.434432
2.432123
2.427643
2.425246
2.415359
2.419054
2.405526
2.393446
2.390858
2.382565
2.376184
2.377576
2.371472
2.366279
2.354518
2.345919
2.342127
2.345013
2.337865
2.338301
2.346337
2.344950
2.354611
2.336842
2.337141
2.326197
2.329147
2.331082
2.322337
2.321990
2.316690
2.328233
2.322957
2.319557
2.324320
2.317575
2.315554
2.317760
2.331668
2.335205
2.350614
2.350593
2.374579
2.390375
2.400190
2.390732
2.379628
2.362969
2.352306
2.361151
2.332642
2.353808
2.352870
2.339400
2.347141
2.343597
2.347733
2.333760
2.327493
2.309211
2.262245
2.208050
2.131517
1.928935
1.868504
1.934610
2.006904
2.011122
2.153128
2.189105
2.282130
2.342091
2.370519
2.401672
2.407755
2.405194
2.407333
2.398079
2.413754
2.405852
2.366102
2.267439
2.165262
2.087275
2.143963
2.191430
2.294664
2.299615
2.365637
2.403484
2.423387
2.430824
2.429206
2.419885
2.413689
2.424359
2.406188
2.404713
2.401323
2.389136
2.394128
2.376107
2.355861
2.341818
2.276311
