2.306408
2.304719
2.306883
2.302130
2.303455
2.302674
2.300915
2.297814
2.298646
2.278592
2.272161
2.269296
2.267384
2.275573
2.258140
2.267746
2.284444
2.353326
2.311731
2.332059
2.276784
2.244180
2.203189
2.188020
2.176403
2.210541
2.259760
2.259161
2.294926
2.190763
2.075534
2.019535
1.992817
2.028525
2.139911
2.083922
2.062607
1.985743
1.933184
1.946699
1.961291
1.924180
1.969642
1.946247
1.859915
1.864174
1.877411
1.853448
1.820388
1.810665
1.816005
1.865759
1.840215
1.830802
1.820548
1.821170
1.791774
1.814969
1.800135
1.765048
1.766083
1.769706
1.743591
1.743459
1.752550
1.758645
1.747754
1.775942
1.783545
1.742765
1.776051
1.793592
1.728501
1.734307
1.724787
1.723219
1.708540
1.695114
1.736992
1.741207
1.703910
1.714521
1.704280
1.711486
1.687459
1.701636
1.696631
1.684177
1.705563
1.670436
1.718930
1.670466
1.706403
1.669865
1.673772
1.678159
1.710867
1.716527
1.670796
1.688574
1.708632
1.668187
1.655858
1.708938
1.651796
1.669733
1.714665
1.668587
1.660674
1.631738
1.692108
1.665640
1.717964
1.682007
1.708781
1.720185
1.699613
1.658027
1.686752
1.662022
1.642682
1.643155
1.654373
1.649881
1.670701
1.652781
1.662938
1.658130
1.639411
1.676796
1.680005
1.686450
1.691780
1.682038
1.652281
1.623124
1.689589
1.611151
1.658268
1.648349
1.672704
1.628594
1.631948
1.623730
1.611280
1.616245
1.632954
1.644493
1.647365
1.650768
1.605790
1.635041
1.639055
1.663482
1.705184
1.652832
1.606892
1.623168
1.618665
1.617938
1.644650
1.627850
1.665205
1.624629
1.608126
1.642362
1.618277
1.632139
1.636249
1.625191
1.661693
1.615158
1.620843
1.628621
1.609868
1.657011
1.638685
1.633331
1.617059
1.632228
1.631363
1.639323
1.615903
1.627527
1.621387
1.638477
1.635851
1.618748
1.589249
1.619493
1.607815
1.630911
1.609441
1.597411
1.610409
1.621916
1.616527
1.620031
1.629368
1.621028
1.643521
1.572519
1.643328
1.627694
1.649531
1.581451
1.600572
1.640137
1.592040
1.612776
1.619045
1.644203
1.591517
1.664353
1.586528
1.600863
1.592469
1.608498
1.585561
1.606411
1.611820
1.627094
1.613786
1.589755
1.598969
1.608755
1.624269
1.581060
1.616529
1.607764
1.627270
1.595405
1.637865
1.581075
1.598859
1.620882
1.557945
1.618504
1.608093
1.604423
1.598011
1.600348
1.623814
1.599109
1.621309
1.566191
1.605089
1.572105
1.614307
1.587740
1.642968
1.586951
1.588698
1.586147
1.609616
1.590411
1.562595
1.571414
1.582227
1.575765
1.596716
1.552657
1.597567
1.594961
1.623997
1.606953
1.588549
1.600410
1.603740
1.594369
1.596311
1.592498
1.655423
1.600611
1.610407
1.592023
1.557097
1.572052
1.596875
1.596592
1.551288
1.572975
1.594646
1.618968
1.562001
1.587176
1.590275
1.578628
1.604220
1.599980
1.598297
1.584004
1.611387
1.574008
1.595778
1.605504
1.572121
1.597235
1.599361
1.566778
1.570699
1.579725
1.568510
1.557458
1.585972
1.571180
1.572458
1.587286
1.607114
1.614539
1.588825
1.620569
1.579471
1.566386
1.594094
1.557643
1.560338
1.590825
1.563426
1.596573
1.573964
1.612549
1.548793
1.578513
1.601375
1.573840
1.590142
1.569628
1.598582
1.568838
1.536499
1.566067
1.580480
1.581216
1.563688
1.578452
1.571002
1.569670
1.548153
1.562900
1.590926
1.561358
1.596015
1.554335
1.585204
1.562886
1.611883
1.554914
1.608042
1.563751
1.562544
1.608547
1.551536
1.563751
1.572621
1.542520
1.576850
1.571460
1.563639
1.607772
1.547950
1.568183
1.597671
1.555246
1.565835
1.556799
1.576583
1.578858
1.592125
1.552095
1.564402
1.568415
1.574639
1.553654
1.557922
1.587817
1.574109
1.577480
1.541241
1.548404
1.596061
1.569210
1.595663
1.566786
1.570741
1.578466
1.582353
1.567707
1.552743
1.544338
1.598289
1.569390
1.557658
1.541376
1.569462
1.546440
1.558967
1.535426
1.562336
1.570321
1.564097
1.557717
1.568780
1.550643
1.573985
1.546273
1.582355
1.572094
1.569587
1.555350
1.558389
1.593967
1.540730
1.560350
1.541897
1.576076
1.559312
1.550088
1.557351
1.534647
1.588959
1.570968
1.577723
1.581545
1.576194
1.577848
1.558306
1.534928
1.593792
1.559989
1.563163
1.556456
1.556591
1.541465
1.555219
1.557636
1.553406
1.541263
1.531412
1.559295
1.568259
1.525583
1.546010
1.550308
1.570357
1.550429
1.542276
1.534078
1.566653
1.613594
1.533296
1.558221
1.552369
1.572105
1.554922
1.545824
1.527119
1.546628
1.555316
1.538336
1.557404
1.576784
1.577570
1.558620
1.547503
1.553627
1.542764
1.559846
1.557081
1.550898
1.545355
1.552065
1.582772
1.526146
1.542173
1.574870
1.542961
1.551888
1.542519
1.532969
1.543306
1.539464
1.568445
1.542763
1.556449
1.531024
1.548611
1.570343
1.562339
1.557615
1.552274
1.536489
1.594158
1.545776
1.543806
1.554198
1.520603
1.529945
1.536511
1.556011
