2.303328
2.300875
2.291293
2.303892
2.291255
2.277138
2.249029
2.253353
2.238299
2.229095
2.195493
2.186482
2.137256
2.127844
2.047165
1.997054
1.928270
1.882234
1.857184
1.821104
1.795970
1.766734
1.803179
1.753575
1.746568
1.722498
1.698227
1.692845
1.674198
1.687088
1.695493
1.668613
1.642876
1.684267
1.672762
1.645344
1.664001
1.614611
1.665447
1.642322
1.624603
1.640553
1.620000
1.597201
1.572400
1.603495
1.602691
1.641565
1.576084
1.579789
1.594281
1.589988
1.594251
1.559916
1.592714
1.599936
1.580502
1.576734
1.591460
1.596315
1.580674
1.579619
1.565865
1.553801
1.591370
1.564873
1.567170
1.570783
1.566287
1.588480
1.557772
1.542799
1.560573
1.564245
1.528221
1.577672
1.545084
1.571538
1.591033
1.542917
1.543430
1.536055
1.532795
1.560208
1.572237
1.544189
1.531383
1.556990
1.566733
1.535493
1.537575
1.554223
1.541257
1.539757
1.521968
1.527699
1.556929
1.548753
1.530208
1.535288
1.543586
1.522483
1.533940
1.575980
1.556485
1.543414
1.520034
1.536535
1.527493
1.519301
1.516226
1.540095
1.540851
1.490502
1.534868
1.528432
1.528069
1.521112
1.525297
1.525533
1.527426
1.524292
1.516255
1.538462
1.525895
1.529187
1.493288
1.518985
1.521218
1.532111
1.535866
1.518904
1.515930
1.542216
1.523938
1.537571
1.540249
1.548579
1.520820
1.537108
1.531049
1.548312
1.520932
1.523057
1.514050
1.539520
1.517133
1.520069
1.526766
1.551425
1.508819
1.519153
1.520275
1.524964
1.505385
1.513490
1.511694
1.537719
1.531977
1.510877
1.514117
1.508305
1.515192
1.539937
1.508991
1.513595
1.539923
1.517174
1.525922
1.513039
1.522673
1.511540
1.495982
1.495604
1.508101
1.525583
1.488940
1.542057
1.508841
1.536852
1.517844
1.514141
1.508032
1.531657
1.513427
1.493456
1.503709
1.507411
1.517619
1.501619
1.501430
1.504949
1.500434
1.532199
1.509705
1.533228
1.507379
1.508337
1.516371
1.533341
1.506505
1.515158
1.512559
1.520762
1.509077
1.507968
1.499594
1.511266
1.509313
1.521496
1.529331
1.510658
1.530743
1.498941
1.501189
1.492691
1.503855
1.507066
1.534783
1.511617
1.512061
1.504436
1.516388
1.502594
1.490095
1.506040
1.499348
1.488493
1.501677
1.502364
1.491432
1.509405
1.523342
1.495827
1.514837
1.509414
1.522079
1.521165
1.528612
1.520062
1.514169
1.524196
1.506981
1.501018
1.492834
1.510930
1.501485
1.489959
1.512291
1.504361
1.510738
1.499721
1.503549
1.500276
1.489113
1.496613
1.500253
1.494702
1.511407
1.507266
1.503822
1.509354
1.493800
1.491476
1.513650
1.512682
1.504632
1.521691
1.525384
1.499473
1.494359
1.490715
1.517542
1.508425
1.500234
1.506972
1.511405
1.496509
1.497689
1.507163
1.503679
1.504812
1.495464
1.500378
1.510707
1.514753
1.489546
1.505746
1.512349
1.489710
1.522519
1.506731
1.504076
1.497278
1.497950
1.510235
1.480961
1.516464
1.491697
1.521351
1.486391
1.492472
1.522705
1.491282
1.519360
1.504097
1.509039
1.501909
1.499553
1.504419
1.493951
1.518217
1.497498
1.501078
1.498344
1.497328
1.506850
1.483161
1.489905
1.495307
1.507783
1.512287
1.482549
1.504782
1.505256
1.506913
1.483799
1.516229
1.491884
1.526832
1.499866
1.522531
1.516555
1.499313
1.519260
1.483366
1.496986
1.500434
1.487455
1.510232
1.500854
1.504894
1.508111
1.483206
1.489436
1.504955
1.491398
1.497995
1.491696
1.515431
1.491808
1.484543
1.512739
1.503851
1.490881
1.484819
1.500853
1.507940
1.499837
1.499941
1.502139
1.504119
1.520107
1.490132
1.495263
1.504954
1.501963
1.496600
1.506359
1.503545
1.499035
1.493085
1.516285
1.499665
1.504040
1.514789
1.492068
1.502719
1.492305
1.505906
1.495651
1.489810
1.501864
1.509587
1.486738
1.486312
1.483947
1.497913
1.519298
1.496904
1.493950
1.497761
1.493608
1.490301
1.516728
1.500855
1.514468
1.498019
1.514298
1.515155
1.497057
1.495628
1.503232
1.490297
1.492339
1.491919
1.496624
1.500091
1.483683
1.503623
1.483791
1.490358
1.494518
1.513249
1.491961
1.501403
1.483869
1.497898
1.510713
1.488555
1.482788
1.496760
1.492474
1.490537
1.493903
1.492498
1.493019
1.488683
1.489558
1.493710
1.513441
1.518602
1.493888
1.502516
1.484144
1.489924
1.497902
1.485463
1.494622
1.507017
1.479496
1.498683
1.511277
1.485467
1.490542
1.483832
1.505120
1.495078
1.497004
1.493462
1.495021
1.497396
1.512066
1.498761
1.502371
1.483014
1.497651
1.475862
1.486397
1.503236
1.487758
1.529268
1.499057
1.507061
1.490940
1.497475
1.492418
1.495211
1.505275
1.477353
1.476518
1.495316
1.492123
1.491516
1.486248
1.483324
1.498329
1.489035
1.493298
1.503750
1.491833
1.501940
1.497713
1.497882
1.490323
1.504259
1.503926
1.482561
1.483602
1.482016
1.488076
1.491778
1.485895
1.474600
1.493591
1.484952
1.489673
1.488229
1.490608
1.498119
