2.298167
2.300348
2.297041
2.286399
2.288306
2.273690
2.290911
2.279888
2.253384
2.254978
2.255826
2.236317
2.229798
2.234937
2.222595
2.205925
2.196810
2.179938
2.179080
2.171519
2.163992
2.132888
2.131690
2.089441
2.106145
2.035656
2.038972
2.021407
1.976179
1.928159
1.928344
1.873101
1.780654
1.809722
1.725191
1.762057
1.611904
1.636954
1.498335
1.429963
1.401722
1.263433
1.200554
1.141610
1.063110
0.875222
0.940016
0.874413
0.763949
0.678555
0.659409
0.598677
0.565233
0.484173
0.658235
0.566579
0.496887
0.511223
0.427261
0.453597
0.499095
0.393234
0.523914
0.627310
0.417816
0.369446
0.344458
0.341815
0.359935
0.316731
0.392823
0.294974
0.243021
0.342702
0.300618
0.534100
0.579215
0.265462
0.260083
0.296207
0.272040
0.295181
0.334874
0.408691
0.568992
0.371050
0.397498
0.323168
0.354330
0.240771
0.502765
0.408015
0.220546
0.285227
0.470094
0.303294
0.267542
0.200010
0.284282
0.320876
0.332171
0.267621
0.273440
0.207101
0.264865
0.545920
0.401958
0.182696
0.217862
0.214824
0.379909
0.288104
0.186991
0.254824
0.240761
0.419472
0.345314
0.386747
0.179400
0.257425
0.310264
0.205480
0.365150
0.318213
0.294296
0.271129
0.256221
0.244404
0.269277
0.328938
0.264257
0.275749
0.167916
0.307733
0.235452
0.408468
0.263140
0.280990
0.254128
0.248792
0.221024
0.280614
0.205582
0.229071
0.202188
0.226387
0.209697
0.215457
0.221845
0.203528
0.244169
0.112835
0.281087
0.220042
0.312314
0.247630
0.234668
0.216295
0.187154
0.219436
0.312073
0.190216
0.252724
0.256409
0.157866
0.223843
0.186294
0.226615
0.143121
0.180178
0.275164
0.306593
0.369784
0.264858
0.145016
0.116196
0.188915
0.173595
0.194074
0.286360
0.296947
0.230683
0.159575
0.281000
0.123254
0.132189
0.248233
0.264729
0.276328
0.282684
0.240385
0.262321
0.323808
0.193971
0.167086
0.165365
0.143779
0.253840
0.143506
0.154264
0.198530
0.264010
0.305196
0.160102
0.234458
0.152370
0.170443
0.226786
0.168652
0.214730
0.191151
0.223441
0.217538
0.186857
0.268476
0.159444
0.145028
0.176356
0.230384
0.186701
0.183144
0.224227
0.166208
0.240161
0.158976
0.271618
0.182700
0.153422
0.212064
0.149879
0.126591
0.194908
0.133837
0.178354
0.191256
0.224949
0.220043
0.203195
0.168313
0.133827
0.227717
0.224700
0.204001
0.143836
0.184159
0.151164
0.130311
0.205614
0.151789
0.142952
0.172430
0.189361
0.208296
0.147126
0.155632
0.205947
0.189308
0.154947
0.122189
0.252277
0.210235
0.166156
0.158231
0.361399
0.153656
0.274700
0.174495
0.131641
0.213964
0.122617
0.084558
0.170930
0.259139
0.214058
0.116591
0.192949
0.250147
0.227717
0.167542
0.217216
0.204040
0.203682
0.153224
0.110494
0.146312
0.169485
0.097156
0.132476
0.263695
0.085075
0.182401
0.209123
0.100880
0.217193
0.190582
0.157452
0.200079
0.073148
0.145302
0.095017
0.203424
0.113396
0.120446
0.210850
0.123052
0.172965
0.139818
0.048743
0.160063
0.143590
0.122512
0.210197
0.227274
0.139584
0.223454
0.135324
0.211563
0.201177
0.128630
0.166263
0.200455
0.088247
0.118075
0.154328
0.184030
0.158824
0.067831
0.167036
0.132621
0.222282
0.135702
0.151683
0.195395
0.145552
0.102741
0.133125
0.178518
0.157320
0.186326
0.110135
0.081749
0.113979
0.169456
0.132651
0.112933
0.175742
0.169423
0.112237
0.163014
0.188718
0.158416
0.145453
0.097647
0.209538
0.094126
0.168401
0.104807
0.118972
0.155983
0.131935
0.099255
0.126159
0.118183
0.117001
0.080119
0.185549
0.114444
0.211136
0.104707
0.204822
0.113065
0.100028
0.172225
0.093355
0.121574
0.144122
0.146997
0.088835
0.207978
0.234875
0.114781
0.166680
0.071511
0.087440
0.103682
0.138905
0.161780
0.174051
0.141902
0.071778
0.114030
0.116431
0.081150
0.156504
0.101258
0.117075
0.196874
0.112998
0.187724
0.190070
0.179860
0.118204
0.081033
0.060564
0.184452
0.143202
0.119022
0.063233
0.158052
0.185445
0.110094
0.156468
0.119132
0.090343
0.226810
0.074273
0.079280
0.154833
0.179497
0.103391
0.203118
0.048664
0.101455
0.236651
0.129999
0.217060
0.168543
0.138358
0.094050
0.130492
0.098613
0.107266
0.101778
0.079114
0.091644
0.119129
0.129733
0.073282
0.136158
0.086400
0.132476
0.173121
0.056156
0.111626
0.096580
0.131111
0.149894
0.114577
0.084470
0.088813
0.111774
0.113276
0.120314
0.073875
0.103442
0.112564
0.125521
0.098016
0.155623
0.079268
0.114247
0.109913
0.117297
0.091934
0.084434
0.081297
0.123561
0.100175
0.110640
0.121817
0.084043
0.138918
0.134545
0.051851
0.091825
0.109656
0.106763
0.122645
0.153686
0.114306
0.081468
0.044193
0.136084
0.092510
0.153964
0.088116
0.113917
0.070460
0.160405
0.140611
0.112461
0.090586
0.115043
0.118881
0.078156
0.066942
0.152751
0.091927
0.170942
0.126021
