2.304591
2.303999
2.292828
2.284846
2.290258
2.292699
2.298952
2.285337
2.273234
2.254649
2.216724
2.227361
2.216387
2.186403
2.212296
2.203324
2.155775
2.070868
2.002182
1.972946
1.991537
1.968662
1.954071
1.882161
1.875773
1.843367
1.837820
1.796632
1.813330
1.777040
1.775006
1.762663
1.736139
1.732743
1.743214
1.745380
1.746263
1.783942
1.729795
1.703824
1.713244
1.719352
1.657497
1.698690
1.662568
1.697011
1.640808
1.693957
1.685166
1.639319
1.666157
1.660172
1.620231
1.614854
1.614010
1.644622
1.625228
1.615307
1.636709
1.631816
1.633204
1.610827
1.600524
1.621543
1.602811
1.581601
1.610442
1.623785
1.578139
1.592926
1.644983
1.642031
1.613858
1.617335
1.580794
1.605797
1.585539
1.608329
1.597671
1.601526
1.587559
1.585091
1.569167
1.612239
1.581906
1.589872
1.601228
1.569541
1.587406
1.555295
1.584760
1.578459
1.574487
1.587819
1.573078
1.560742
1.619923
1.551979
1.587056
1.563740
1.581323
1.567522
1.549190
1.568062
1.561752
1.574233
1.568956
1.575970
1.561305
1.575036
1.588804
1.555993
1.550590
1.541469
1.563208
1.578820
1.589812
1.564312
1.549857
1.534045
1.550790
1.572841
1.556507
1.541580
1.561635
1.584819
1.557657
1.582034
1.533782
1.528477
1.543776
1.546694
1.548271
1.520739
1.576626
1.547586
1.556251
1.543456
1.560441
1.548292
1.536850
1.553165
1.532748
1.525999
1.553069
1.559279
1.567032
1.563832
1.543495
1.539079
1.545861
1.528406
1.547638
1.537674
1.533881
1.550892
1.543349
1.518136
1.539493
1.529102
1.531684
1.548226
1.547282
1.531521
1.553592
1.520042
1.539790
1.535379
1.551604
1.540114
1.544529
1.559936
1.528950
1.573285
1.532036
1.518579
1.538393
1.547824
1.564069
1.524490
1.540234
1.536789
1.523248
1.556180
1.550532
1.541751
1.513252
1.541481
1.541342
1.530215
1.520179
1.529403
1.526818
1.538586
1.530998
1.535611
1.518471
1.533405
1.515447
1.542602
1.533785
1.512963
1.513735
1.538333
1.521318
1.537799
1.524074
1.544697
1.530722
1.528172
1.528400
1.560034
1.530728
1.561212
1.521716
1.538769
1.534883
1.529491
1.523870
1.522959
1.543234
1.514026
1.530428
1.520301
1.545895
1.533372
1.522832
1.557235
1.514229
1.520916
1.522017
1.519350
1.489078
1.525684
1.516613
1.528057
1.513481
1.526396
1.513212
1.516719
1.512002
1.549077
1.523904
1.554297
1.512969
1.553035
1.526137
1.531894
1.514926
1.524259
1.518629
1.552743
1.519271
1.519081
1.521701
1.536259
1.535670
1.530553
1.537150
1.542137
1.529546
1.496958
1.520889
1.528871
1.525267
1.531736
1.541197
1.547884
1.504889
1.510810
1.523820
1.531632
1.512555
1.537901
1.520725
1.528277
1.499921
1.519493
1.501661
1.512069
1.535373
1.509882
1.522334
1.523475
1.508081
1.516592
1.514727
1.533314
1.519876
1.520784
1.526174
1.529002
1.506672
1.516131
1.519664
1.527502
1.537387
1.515190
1.513928
1.524480
1.515771
1.517012
1.516478
1.514932
1.537198
1.521922
1.523294
1.509831
1.532486
1.499985
1.494962
1.501333
1.525020
1.520533
1.523713
1.528003
1.527991
1.517918
1.516387
1.507667
1.547709
1.512663
1.491249
1.501270
1.530611
1.509974
1.525820
1.497622
1.517881
1.516961
1.523812
1.503814
1.500972
1.537720
1.509155
1.527498
1.501086
1.500273
1.509552
1.503765
1.516439
1.530870
1.498937
1.518014
1.549249
1.519044
1.510311
1.514259
1.541712
1.515542
1.507198
1.499475
1.500041
1.531768
1.504709
1.501071
1.514843
1.509520
1.528897
1.502092
1.515382
1.496559
1.504000
1.508690
1.508429
1.521325
1.511738
1.532459
1.512411
1.503899
1.499190
1.530101
1.518740
1.505430
1.503921
1.512815
1.509073
1.506883
1.521616
1.519996
1.509257
1.511773
1.522544
1.507922
1.498854
1.514434
1.519820
1.521035
1.506850
1.492324
1.492317
1.495543
1.538217
1.500634
1.514563
1.507502
1.506341
1.519244
1.513456
1.511966
1.538302
1.507993
1.510943
1.498324
1.535427
1.521363
1.518418
1.515639
1.522399
1.516360
1.496132
1.507036
1.498899
1.490090
1.506453
1.508758
1.500620
1.513583
1.483455
1.537038
1.498161
1.511995
1.518186
1.509326
1.500454
1.517628
1.495882
1.509822
1.497842
1.501031
1.513338
1.500698
1.526418
1.499786
1.505609
1.511916
1.502585
1.519174
1.518115
1.511474
1.487114
1.506160
1.508076
1.504089
1.510120
1.506622
1.517344
1.518489
1.496081
1.496188
1.527384
1.495692
1.498225
1.486189
1.518679
1.493644
1.505136
1.501469
1.509016
1.487206
1.493780
1.497480
1.498731
1.504866
1.504635
1.518890
1.523461
1.491180
1.510390
1.494084
1.500596
1.493593
1.514749
1.499257
1.540871
1.501077
1.497237
1.490324
1.520171
1.503474
1.500779
1.508247
1.485335
1.491143
1.498618
1.491007
1.515123
1.523974
1.501252
1.516619
1.514368
1.491793
1.510409
1.513471
1.508205
1.512339
1.499946
1.489869
1.496429
1.497981
