2.303665
2.302010
2.293506
2.299829
2.296373
2.287183
2.288479
2.274853
2.278272
2.240549
2.236742
2.229014
2.215907
2.183485
2.195952
2.147969
2.117103
2.087553
2.043580
2.016203
1.952244
1.932169
1.930204
1.904219
1.883108
1.871709
1.845213
1.817493
1.794107
1.784424
1.773214
1.761338
1.756194
1.766545
1.716783
1.729066
1.711661
1.657679
1.733291
1.714850
1.687207
1.699666
1.694979
1.675891
1.671626
1.684782
1.686960
1.679137
1.659586
1.669609
1.638059
1.638956
1.611073
1.671174
1.620816
1.641981
1.631582
1.624431
1.628546
1.661991
1.597906
1.611113
1.627284
1.620819
1.598948
1.650448
1.612817
1.609511
1.617134
1.591424
1.612644
1.590459
1.600276
1.602238
1.614487
1.573192
1.570609
1.612599
1.591889
1.584247
1.596030
1.663204
1.588817
1.560022
1.597762
1.585559
1.574794
1.601929
1.579473
1.606782
1.560671
1.578385
1.550709
1.549729
1.605630
1.610461
1.546300
1.548808
1.564388
1.558335
1.559640
1.602076
1.565907
1.576545
1.553412
1.575293
1.548165
1.541311
1.558789
1.548671
1.555078
1.534229
1.596212
1.539039
1.569061
1.549671
1.583165
1.527781
1.557229
1.540809
1.534553
1.550712
1.544143
1.532165
1.577460
1.542710
1.563037
1.539424
1.556919
1.551462
1.552604
1.528218
1.568474
1.557415
1.543533
1.548478
1.538430
1.563576
1.532914
1.570621
1.555965
1.548748
1.521202
1.563388
1.563374
1.562478
1.555075
1.543143
1.542586
1.539172
1.529061
1.556806
1.524503
1.547251
1.541753
1.533142
1.547217
1.543533
1.538094
1.528155
1.563648
1.554479
1.537278
1.582774
1.546938
1.522976
1.540152
1.519513
1.554549
1.558074
1.546064
1.528983
1.516859
1.558493
1.540614
1.547645
1.546330
1.544585
1.515204
1.519216
1.528160
1.520604
1.526500
1.532693
1.512245
1.518858
1.555250
1.515482
1.545564
1.532274
1.544572
1.527666
1.526196
1.520117
1.517406
1.531211
1.501665
1.512566
1.520879
1.516844
1.534587
1.556306
1.530050
1.535315
1.532547
1.529027
1.540868
1.538127
1.512897
1.536677
1.534423
1.538336
1.525316
1.540825
1.565466
1.505210
1.522220
1.522067
1.517662
1.517703
1.524878
1.543692
1.521092
1.534185
1.541795
1.513127
1.547033
1.513167
1.521828
1.537261
1.537257
1.549148
1.512468
1.526455
1.512164
1.558115
1.524876
1.513005
1.534890
1.534074
1.523101
1.538796
1.531609
1.508586
1.507810
1.526581
1.519022
1.514570
1.524938
1.545520
1.506731
1.513764
1.521260
1.514140
1.525214
1.510219
1.519339
1.541732
1.521631
1.507305
1.520565
1.522142
1.532544
1.525529
1.509160
1.505781
1.521685
1.515171
1.498754
1.508013
1.526111
1.523016
1.522370
1.524331
1.513482
1.537744
1.507808
1.510655
1.509698
1.522080
1.514847
1.560417
1.518064
1.516098
1.510120
1.514413
1.499419
1.513635
1.529622
1.524509
1.526886
1.542978
1.511786
1.509551
1.504083
1.502056
1.513306
1.520062
1.540618
1.511117
1.530298
1.509785
1.539414
1.555916
1.521557
1.532249
1.515310
1.521182
1.502733
1.512624
1.531017
1.521074
1.527813
1.506192
1.521057
1.508496
1.500569
1.506737
1.508911
1.510623
1.492485
1.511307
1.523206
1.531008
1.528608
1.512518
1.503697
1.507498
1.537205
1.522346
1.504602
1.515483
1.510996
1.509292
1.515315
1.515243
1.510393
1.505403
1.511528
1.528678
1.529247
1.506462
1.502757
1.513774
1.510501
1.525050
1.496953
1.519105
1.497524
1.514761
1.507670
1.508056
1.504631
1.497912
1.550875
1.501036
1.530876
1.509984
1.513187
1.501969
1.529024
1.513400
1.515507
1.513044
1.535786
1.512084
1.503506
1.514845
1.507288
1.491362
1.490776
1.504692
1.505684
1.532819
1.498274
1.514490
1.546610
1.511892
1.509380
1.501388
1.514738
1.523517
1.503796
1.494138
1.514495
1.505340
1.504037
1.529547
1.514782
1.520723
1.506440
1.514376
1.494735
1.543914
1.497768
1.522774
1.507217
1.509794
1.495551
1.492373
1.511352
1.511043
1.506943
1.515921
1.505630
1.520172
1.512676
1.511665
1.498387
1.514325
1.492956
1.505243
1.511213
1.499544
1.518094
1.513667
1.517902
1.516287
1.494452
1.528993
1.507718
1.510684
1.490430
1.488664
1.507617
1.499752
1.512221
1.514593
1.516942
1.500822
1.496922
1.511415
1.521178
1.512946
1.496215
1.516241
1.516937
1.513838
1.512137
1.493729
1.494397
1.512971
1.485237
1.515248
1.505684
1.510783
1.513480
1.491284
1.506551
1.513663
1.503193
1.504144
1.490473
1.494371
1.516558
1.493410
1.507463
1.491276
1.505699
1.518364
1.494117
1.492316
1.499849
1.497595
1.496454
1.506744
1.490362
1.499737
1.494126
1.511507
1.502651
1.513477
1.499689
1.499964
1.514933
1.512208
1.503607
1.494743
1.508095
1.505956
1.502270
1.496781
1.491089
1.515589
1.490966
1.536594
1.517111
1.501488
1.502086
1.509240
1.520652
1.489479
1.484788
1.488789
1.495070
1.493116
1.496853
1.503360
1.492208
1.499891
