2.330415
2.323071
2.314306
2.312874
2.298242
2.282023
2.239477
2.235224
2.257403
2.348818
2.239054
2.475577
2.280597
1.935128
1.804629
1.867352
1.854941
1.935799
1.912033
1.932995
1.944853
2.172735
2.328005
2.316250
2.389502
2.329965
2.193333
1.931357
1.793202
1.709121
1.630406
1.624742
1.605031
1.623696
1.603712
1.623857
1.634620
1.671714
1.625816
1.664065
1.655033
1.656695
1.640106
1.660897
1.607269
1.666725
1.642914
1.601564
1.617847
1.626732
1.617967
1.629788
1.581768
1.575192
1.585765
1.579944
1.597243
1.614571
1.647017
1.640814
1.575744
1.566763
1.625991
1.647437
1.678921
1.673563
1.627082
1.664132
1.646028
1.612363
1.618631
1.606412
1.677032
1.621385
1.585662
1.604768
1.619026
1.603551
1.609651
1.589105
1.589536
1.589029
1.566290
1.590766
1.543722
1.605885
1.572596
1.529473
1.583250
1.527590
1.555790
1.583730
1.577217
1.533870
1.605722
1.627392
1.585618
1.560489
1.549461
1.554019
1.566208
1.563717
1.540843
1.553528
1.557468
1.564647
1.565222
1.538898
1.557586
1.535184
1.545950
1.525611
1.555235
1.562413
1.540115
1.548605
1.531636
1.542984
1.528579
1.515032
1.525724
1.560093
1.564160
1.537676
1.540722
1.578701
1.549569
1.553241
1.563577
1.598272
1.590940
1.559477
1.568356
1.592202
1.581129
1.529699
1.526940
1.553137
1.530571
1.515485
1.522361
1.545120
1.537529
1.547906
1.543619
1.546762
1.555443
1.518096
1.521023
1.534897
1.538632
1.552462
1.545874
1.563182
1.561394
1.555709
1.544753
1.528191
1.541676
1.509224
1.532046
1.539059
1.556646
1.557353
1.591712
1.565444
1.575216
1.571553
1.581793
1.599217
1.588589
1.548104
1.521116
1.547713
1.595102
1.584373
1.548300
1.569176
1.566972
1.557397
1.577616
1.580722
1.572805
1.558377
1.531252
1.552232
1.522333
1.544632
1.533509
1.538866
1.535655
1.525897
1.540551
1.552547
1.551566
1.554144
1.562244
1.562609
1.556590
1.529209
1.571981
1.567567
1.551375
1.562358
1.540588
1.532689
1.545304
1.545572
1.513510
1.514708
1.502352
1.543433
1.498568
1.537361
1.542119
1.565812
1.556059
1.541290
1.531465
1.584360
1.613163
1.555401
1.580072
1.576219
1.629236
1.560315
1.556990
1.596686
1.558445
1.548483
1.577074
1.565580
1.532333
1.548695
1.577937
1.559261
1.536572
1.535349
1.557474
1.553549
1.540013
1.528581
1.529928
1.541875
1.532160
1.521651
1.543357
1.539481
1.578889
1.525965
1.540358
1.507405
1.541848
1.548482
1.536551
1.500265
1.540740
1.517877
1.524363
1.567565
1.576323
1.541471
1.569419
1.519787
1.600423
1.572903
1.538463
1.536250
1.562116
1.546497
1.571670
1.554808
1.531638
1.524048
1.538068
1.572380
1.578203
1.514204
1.586520
1.564199
1.547292
1.552894
1.529124
1.526920
1.570382
1.522241
1.563628
1.529301
1.591802
1.518318
1.531620
1.505292
1.555437
1.542422
1.540036
1.573943
1.589571
1.554384
1.510504
1.526293
1.549823
1.549348
1.554416
1.584634
1.535134
1.527640
1.523949
1.521935
1.525669
1.567736
1.584226
1.550842
1.579128
1.562271
1.550150
1.545756
1.543744
1.527866
1.555475
1.548693
1.517028
1.528531
1.538376
1.533122
1.585388
1.559218
1.515628
1.564639
1.548208
1.546363
1.513784
1.518911
1.545186
1.535455
1.528187
1.539895
1.532368
1.507671
1.533301
1.526126
1.530098
1.504201
1.549831
1.531899
1.558870
1.508320
1.557082
1.566185
1.537279
1.533168
1.561751
1.556477
1.553530
1.555508
1.565958
1.527499
1.543391
1.524971
1.551516
1.522882
1.554775
1.547694
1.585757
1.568026
1.575941
1.526899
1.545557
1.576043
1.547833
1.546158
1.565565
1.533897
1.524191
1.575426
1.544387
1.525648
1.562451
1.540697
1.517478
1.551349
1.555994
1.532902
1.585275
1.557551
1.544445
1.576790
1.571953
1.535446
1.522933
1.550102
1.522335
1.541684
1.524530
1.535788
1.533862
1.523562
1.556773
1.524081
1.503280
1.554002
1.509208
1.518285
1.527302
1.535818
1.510776
1.510621
1.499097
1.513347
1.531911
1.539285
1.516501
1.504111
1.533437
1.528711
1.560302
1.511110
1.538706
1.532015
1.508525
1.517127
1.574688
1.487294
1.513175
1.523986
1.480980
1.512520
1.539109
1.546394
1.541968
1.624271
1.531088
1.614967
1.543429
1.544625
1.558157
1.574943
1.588453
1.520197
1.540377
1.498720
1.535211
1.502633
1.539715
1.534296
1.531698
1.515262
1.510464
1.523911
1.534009
1.514530
1.514199
1.565782
1.510580
1.531483
1.522927
1.519035
1.534073
1.532402
1.494100
1.528362
1.542826
1.507997
1.513299
1.544102
1.543833
1.532509
1.508692
1.558163
1.511493
1.481906
1.539981
1.517910
1.522937
1.495018
1.520284
1.496759
1.497251
1.522483
1.514948
1.498401
1.504106
1.528613
1.532319
1.549457
1.532419
1.547977
1.527663
1.504391
1.485420
1.491752
1.517547
1.531171
1.488647
1.535050
1.527389
1.500700
1.511141
1.536083
1.510206
1.503394
