2.305076
2.307823
2.306422
2.308060
2.306902
2.314946
2.319810
2.341165
2.357220
2.354955
2.399287
2.430273
2.414177
2.401490
2.327632
2.369890
2.407620
2.333732
2.302889
2.273901
2.265577
2.320991
2.281553
2.139302
2.041719
2.010103
2.016872
2.011499
1.957760
1.922031
1.908414
1.899432
2.064003
2.214012
2.244125
2.288546
2.241581
2.204987
2.210527
2.249667
2.171226
2.196810
2.158733
2.090155
1.986835
1.813678
1.707478
1.695599
1.739040
1.672794
1.702349
1.681645
1.748647
1.855627
1.796426
1.786543
1.726030
1.729166
1.754206
1.713608
1.731330
1.677907
1.660860
1.706527
1.687045
1.773504
1.678782
1.640808
1.676484
1.656414
1.725315
1.661962
1.648315
1.666722
1.666721
1.672377
1.681971
1.670579
1.642994
1.612366
1.646875
1.637514
1.649650
1.625271
1.602880
1.633859
1.657648
1.671303
1.626437
1.577073
1.605377
1.629906
1.605310
1.598716
1.612787
1.589914
1.597694
1.627582
1.579403
1.615385
1.591621
1.574064
1.603349
1.589373
1.607424
1.572538
1.567809
1.602049
1.562607
1.618525
1.601441
1.615487
1.569250
1.575585
1.577615
1.567682
1.555093
1.577022
1.587674
1.599050
1.578990
1.593095
1.569744
1.568530
1.569932
1.583706
1.570146
1.588002
1.580097
1.551657
1.572548
1.545544
1.611459
1.565900
1.554983
1.563873
1.563249
1.559321
1.558086
1.552244
1.586205
1.584728
1.564665
1.579649
1.566936
1.550669
1.574081
1.551976
1.574403
1.561890
1.552873
1.547882
1.531445
1.553102
1.572960
1.583389
1.543761
1.542214
1.563395
1.542846
1.554539
1.570232
1.563772
1.559589
1.564415
1.551521
1.552229
1.569215
1.545828
1.544020
1.556042
1.549712
1.541097
1.549519
1.552644
1.550253
1.574238
1.540986
1.558837
1.553182
1.528414
1.540451
1.547433
1.544682
1.544662
1.551170
1.544538
1.574251
1.544687
1.539468
1.537673
1.540954
1.543512
1.560653
1.531298
1.555594
1.549220
1.540309
1.541149
1.556605
1.557426
1.529296
1.530329
1.528897
1.553098
1.561891
1.526134
1.553738
1.537655
1.542023
1.585227
1.572337
1.538159
1.557676
1.528320
1.531228
1.551909
1.538095
1.519144
1.536672
1.524321
1.550577
1.547404
1.562082
1.534549
1.548173
1.551695
1.557545
1.521904
1.536591
1.523840
1.537120
1.532192
1.555247
1.526294
1.536240
1.549463
1.553756
1.536882
1.544852
1.541287
1.518252
1.555883
1.526336
1.529941
1.558570
1.551104
1.530424
1.519249
1.527033
1.532800
1.539205
1.538553
1.521291
1.525517
1.531919
1.540032
1.508066
1.540197
1.551438
1.539611
1.544645
1.537397
1.525283
1.515579
1.553571
1.541429
1.542899
1.528615
1.545388
1.525733
1.533435
1.544114
1.513021
1.541333
1.514836
1.513805
1.521056
1.549428
1.558063
1.523110
1.555785
1.527603
1.531287
1.517938
1.511363
1.512250
1.526874
1.524129
1.518367
1.522565
1.524545
1.538756
1.518285
1.522601
1.510186
1.558455
1.527990
1.540676
1.514221
1.501171
1.509220
1.539608
1.533134
1.518357
1.525340
1.511927
1.538795
1.497162
1.524939
1.520338
1.517472
1.523318
1.494646
1.521099
1.523533
1.521619
1.517022
1.515999
1.516460
1.522255
1.519377
1.521483
1.533575
1.521802
1.510006
1.527194
1.514902
1.501141
1.498478
1.555153
1.510208
1.534904
1.534271
1.511843
1.533884
1.513000
1.529009
1.520207
1.537535
1.512286
1.517451
1.522838
1.525150
1.517865
1.521533
1.515389
1.509909
1.511742
1.507983
1.525805
1.509838
1.508910
1.514414
1.525390
1.526969
1.510727
1.529285
1.522705
1.511600
1.505849
1.507965
1.525073
1.522458
1.499845
1.517949
1.509826
1.530037
1.539022
1.532536
1.528244
1.518517
1.509750
1.502970
1.512696
1.534627
1.516210
1.499846
1.510466
1.502200
1.516503
1.517043
1.504550
1.506322
1.500831
1.514667
1.510512
1.502674
1.505355
1.514208
1.513782
1.524041
1.508542
1.519433
1.497840
1.522121
1.498841
1.496722
1.505080
1.514344
1.505258
1.514412
1.539093
1.509427
1.517828
1.526837
1.510854
1.486299
1.513970
1.488954
1.508887
1.505626
1.535029
1.509077
1.536549
1.508635
1.514326
1.503028
1.503711
1.488180
1.498008
1.516275
1.496107
1.492093
1.516991
1.509735
1.515650
1.521135
1.504376
1.500304
1.517087
1.503667
1.480763
1.517049
1.506014
1.527168
1.509645
1.505765
1.502124
1.501266
1.507216
1.497339
1.502605
1.492831
1.523656
1.497054
1.512763
1.495855
1.506918
1.511728
1.505207
1.489846
1.496336
1.488358
1.504933
1.504090
1.494023
1.510941
1.504149
1.502426
1.506618
1.498538
1.504603
1.510427
1.498171
1.488951
1.495520
1.505901
1.511732
1.503650
1.499460
1.516397
1.516164
1.484873
1.522194
1.507934
1.513317
1.507197
1.487795
1.494736
1.489489
1.516224
1.501617
1.509597
1.490937
1.507804
1.485983
1.489966
1.520182
1.490063
1.509030
1.488944
1.485589
1.517665
1.504680
1.495183
1.486192
1.498756
1.497480
1.501089
