2.305269
2.302491
2.296613
2.289120
2.289641
2.268527
2.249091
2.246055
2.233651
2.208402
2.219188
2.185527
2.164108
2.133883
2.093540
2.038605
2.007097
1.916694
1.889773
1.863858
1.843510
1.826632
1.806391
1.748281
1.747043
1.732655
1.739069
1.712106
1.736002
1.722615
1.666135
1.678983
1.698324
1.671428
1.680122
1.655687
1.638095
1.648592
1.648802
1.636104
1.621472
1.648499
1.648277
1.621589
1.614825
1.610412
1.592289
1.579916
1.612537
1.596634
1.564157
1.544701
1.580889
1.632110
1.583041
1.617181
1.580995
1.563515
1.578835
1.572226
1.614748
1.568165
1.555663
1.590295
1.608718
1.582446
1.567669
1.573518
1.548772
1.590257
1.571776
1.584021
1.538885
1.566270
1.550603
1.543837
1.593072
1.562564
1.555381
1.556831
1.576535
1.525626
1.565335
1.532894
1.535889
1.577891
1.547333
1.548067
1.554184
1.546719
1.581250
1.558671
1.551041
1.520433
1.550057
1.542993
1.530821
1.557445
1.559864
1.528125
1.525015
1.518648
1.547236
1.545560
1.520570
1.569350
1.564082
1.537713
1.548008
1.538058
1.539171
1.554510
1.544194
1.562946
1.523919
1.528518
1.512017
1.537943
1.543522
1.542651
1.543122
1.514884
1.521769
1.516160
1.507592
1.550665
1.541248
1.530518
1.532439
1.538471
1.523450
1.548768
1.507076
1.537605
1.537124
1.510231
1.538873
1.552230
1.511549
1.543779
1.498795
1.519093
1.526378
1.532813
1.516718
1.518726
1.521813
1.518964
1.529457
1.518456
1.524756
1.493497
1.526089
1.514236
1.515376
1.518119
1.503497
1.513350
1.508853
1.514627
1.505586
1.534852
1.533277
1.491706
1.519163
1.497611
1.506533
1.514074
1.503485
1.537269
1.514540
1.529147
1.529581
1.538913
1.544832
1.507856
1.509353
1.500730
1.514167
1.489300
1.508463
1.508637
1.510570
1.514581
1.528767
1.504615
1.526988
1.491186
1.509590
1.537010
1.517272
1.506199
1.501109
1.508734
1.513725
1.512923
1.514704
1.507090
1.506954
1.522681
1.512408
1.494917
1.510601
1.513946
1.508476
1.496231
1.511196
1.516214
1.511307
1.500611
1.518034
1.503135
1.506239
1.505349
1.528477
1.515415
1.492800
1.492370
1.514494
1.491218
1.511598
1.507641
1.506110
1.508383
1.500119
1.513901
1.526063
1.476770
1.508468
1.514655
1.513731
1.496027
1.512698
1.489137
1.515665
1.507273
1.513812
1.523713
1.506047
1.498992
1.497759
1.494247
1.510975
1.504099
1.510114
1.494444
1.509635
1.507337
1.496856
1.487588
1.481730
1.500290
1.490168
1.480493
1.491378
1.505035
1.508816
1.492296
1.508653
1.527897
1.496470
1.490121
1.496211
1.486676
1.509839
1.531100
1.510297
1.497173
1.487988
1.517612
1.488097
1.490487
1.507309
1.480660
1.497156
1.484420
1.484438
1.477261
1.489406
1.525298
1.485816
1.482936
1.497310
1.518576
1.493639
1.510291
1.503829
1.487347
1.523155
1.499328
1.496416
1.495977
1.491095
1.498093
1.510191
1.501709
1.519065
1.499870
1.515877
1.496966
1.496316
1.487537
1.498498
1.515037
1.505113
1.508340
1.489282
1.499213
1.508871
1.520658
1.511976
1.503944
1.492721
1.476604
1.494181
1.489142
1.496895
1.506941
1.494005
1.494791
1.494409
1.488357
1.503724
1.482528
1.506086
1.494763
1.476863
1.501899
1.476746
1.522058
1.489227
1.508785
1.492741
1.490561
1.481345
1.492101
1.506420
1.493754
1.486724
1.492059
1.493915
1.492527
1.482269
1.494144
1.482508
1.494709
1.508198
1.502181
1.512467
1.492998
1.498569
1.485239
1.485039
1.490946
1.486300
1.480711
1.522781
1.500754
1.502787
1.493405
1.507930
1.500333
1.479234
1.484489
1.501332
1.492925
1.489425
1.500766
1.500008
1.502633
1.477528
1.515295
1.494236
1.491536
1.482733
1.486510
1.487836
1.482567
1.486481
1.478055
1.493737
1.499278
1.491000
1.487572
1.485412
1.480399
1.490389
1.500286
1.488674
1.486840
1.482299
1.493560
1.500647
1.475977
1.501222
1.476561
1.501711
1.478861
1.495423
1.501645
1.480067
1.514610
1.502854
1.516668
1.483582
1.493020
1.484755
1.491794
1.482160
1.478453
1.498816
1.499203
1.496830
1.475529
1.487743
1.498009
1.478260
1.490493
1.499044
1.507877
1.489416
1.490420
1.490287
1.486092
1.478766
1.494244
1.478182
1.487664
1.514574
1.480409
1.491587
1.488994
1.481770
1.497622
1.502235
1.482758
1.506451
1.497612
1.501436
1.493692
1.480402
1.493758
1.488938
1.476543
1.499200
1.489463
1.486938
1.490406
1.474573
1.480419
1.492367
1.478215
1.488886
1.511038
1.477098
1.476622
1.478405
1.473014
1.489231
1.470634
1.479897
1.485669
1.487929
1.487309
1.494121
1.481552
1.495287
1.480533
1.515922
1.478290
1.485939
1.480389
1.486061
1.483750
1.507558
1.496222
1.495745
1.479011
1.495510
1.504925
1.493075
1.479920
1.504933
1.491798
1.501769
1.480388
1.489586
1.485975
1.484029
1.494141
1.471819
1.491449
1.486297
1.495262
1.480276
1.503268
1.492112
1.494915
1.481670
1.487418
