2.282214
2.269142
2.271276
2.270700
2.272518
2.259604
2.248580
2.234992
2.242615
2.232279
2.220935
2.225606
2.208819
2.205457
2.197731
2.195482
2.170372
2.151836
2.148091
2.140299
2.128153
2.110631
2.105652
2.097112
2.075729
2.025179
2.039111
2.041815
1.954228
1.928823
1.912062
1.900090
1.832529
1.834491
1.819438
1.714579
1.670875
1.558350
1.552441
1.473529
1.426369
1.299518
1.229373
1.164952
1.003429
0.966968
0.946952
0.821864
0.883124
0.865421
0.797820
0.669421
0.617312
0.613542
0.659833
0.643068
0.628264
0.443673
0.390693
0.568727
0.643082
0.459287
0.567215
0.520981
0.613488
0.408824
0.544295
0.433241
0.362874
0.513851
0.476622
0.410214
0.400768
0.283074
0.384896
0.401481
0.368576
0.596215
0.313707
0.418786
0.285717
0.371668
0.377419
0.305535
0.292269
0.398464
0.352910
0.471693
0.518649
0.339885
0.512222
0.337193
0.401869
0.434874
0.473956
0.311832
0.303038
0.324018
0.330217
0.304250
0.368886
0.433679
0.237848
0.381560
0.423950
0.347029
0.278263
0.287133
0.360018
0.321123
0.426867
0.275916
0.289004
0.319982
0.396213
0.372303
0.300803
0.371629
0.356414
0.305497
0.221097
0.373636
0.293313
0.248767
0.154840
0.348278
0.165178
0.335345
0.309805
0.263864
0.279888
0.255091
0.280308
0.212391
0.354969
0.286569
0.326133
0.246565
0.280552
0.286232
0.325564
0.336198
0.274796
0.199579
0.360956
0.272826
0.373289
0.310611
0.311446
0.282224
0.277440
0.292536
0.235203
0.297965
0.345366
0.243173
0.278508
0.341894
0.266470
0.196974
0.213170
0.314822
0.239562
0.266897
0.335703
0.112766
0.208239
0.288062
0.188825
0.360138
0.194338
0.265635
0.315739
0.266043
0.351150
0.203327
0.192812
0.187336
0.482409
0.154035
0.306947
0.180982
0.269499
0.232088
0.270422
0.225526
0.148229
0.335003
0.190918
0.114180
0.242253
0.387901
0.288701
0.241237
0.200162
0.134634
0.185206
0.162270
0.261527
0.266648
0.245372
0.256096
0.196722
0.153934
0.157216
0.274906
0.174241
0.315516
0.239994
0.215296
0.230315
0.219663
0.172149
0.368848
0.373042
0.255654
0.268415
0.169819
0.245915
0.195877
0.130925
0.193306
0.105607
0.269190
0.125290
0.193544
0.143219
0.350379
0.227626
0.230941
0.135692
0.247459
0.114556
0.222395
0.248648
0.312900
0.138910
0.278321
0.207196
0.154707
0.122948
0.247820
0.161387
0.212047
0.130681
0.131530
0.159969
0.123965
0.107387
0.132407
0.169676
0.263952
0.274943
0.224388
0.284317
0.267843
0.250329
0.156708
0.139221
0.176185
0.158612
0.310618
0.124450
0.235528
0.210933
0.073255
0.180612
0.194908
0.213075
0.133676
0.208522
0.171485
0.149368
0.222919
0.173889
0.135950
0.147616
0.258506
0.139932
0.082297
0.151445
0.279677
0.083347
0.249692
0.357990
0.117890
0.168589
0.122939
0.125441
0.178409
0.161252
0.277589
0.152283
0.142434
0.210200
0.166516
0.161592
0.176404
0.280322
0.185941
0.164230
0.189045
0.174254
0.108649
0.082483
0.120340
0.139764
0.102010
0.215422
0.159731
0.149804
0.124763
0.233349
0.207145
0.077631
0.149258
0.097154
0.218889
0.285120
0.205512
0.174982
0.191167
0.177314
0.155391
0.146729
0.079853
0.172468
0.130104
0.256510
0.111226
0.266527
0.159112
0.117415
0.241287
0.166937
0.130039
0.277821
0.068152
0.154992
0.096130
0.084134
0.281606
0.176143
0.184475
0.187520
0.091710
0.204806
0.141832
0.159112
0.246316
0.135549
0.146161
0.220045
0.233358
0.088245
0.106081
0.071804
0.099101
0.169284
0.137597
0.121712
0.130317
0.064194
0.223762
0.119645
0.114198
0.173368
0.157301
0.112899
0.119659
0.069238
0.102209
0.211899
0.181077
0.111784
0.133055
0.106937
0.152326
0.085942
0.201833
0.095861
0.183381
0.101014
0.168930
0.138698
0.060193
0.110155
0.194173
0.088895
0.164453
0.147637
0.190534
0.076167
0.122279
0.128445
0.137443
0.161889
0.161031
0.135902
0.055402
0.281082
0.082530
0.133352
0.107712
0.111282
0.193140
0.292211
0.136472
0.086306
0.108443
0.148502
0.179866
0.079524
0.188593
0.057764
0.128410
0.133969
0.114267
0.082103
0.161704
0.154995
0.072940
0.142251
0.086094
0.134477
0.225005
0.240770
0.105729
0.245680
0.081420
0.110782
0.059808
0.091025
0.114838
0.145170
0.128892
0.182647
0.113593
0.067398
0.069203
0.114186
0.066470
0.234103
0.044712
0.058635
0.203669
0.156624
0.080952
0.073125
0.130948
0.101027
0.159405
0.066012
0.188882
0.183839
0.059689
0.089384
0.075038
0.218259
0.085638
0.108202
0.105590
0.182837
0.084910
0.112776
0.239349
0.082902
0.086493
0.077938
0.144906
0.080734
0.100733
0.153143
0.075798
0.115584
0.118792
0.119655
0.119208
0.085277
0.054900
0.172897
0.108430
0.158759
0.164657
0.140860
0.108559
0.143196
0.064092
0.148910
0.044225
0.182847
0.102995
0.106957
0.077067
0.156033
0.124699
0.144018
0.069943
0.216941
0.127957
