2.295701
2.297226
2.295234
2.296077
2.296697
2.259805
2.229676
2.184720
2.241472
2.292869
2.248692
2.177659
2.301963
2.416783
2.535059
2.574831
2.486253
2.399772
2.258975
2.185271
2.163322
2.182798
2.210440
2.190877
2.139366
2.064867
2.017401
1.969176
1.881636
1.832418
1.820804
1.821516
1.837975
1.800285
1.764020
1.769516
1.821837
1.790118
1.827811
1.838467
1.876506
1.898972
1.876326
1.834849
1.801986
1.830567
1.773980
1.755668
1.757112
1.729983
1.716090
1.640280
1.654510
1.640622
1.681199
1.709777
1.726756
1.772023
1.750930
1.797407
1.780523
1.701715
1.680549
1.670181
1.663660
1.685766
1.657479
1.640295
1.678226
1.677426
1.686362
1.676720
1.661621
1.649817
1.690948
1.640770
1.634064
1.636292
1.670080
1.696642
1.642968
1.648679
1.605892
1.640708
1.625901
1.630072
1.647792
1.646591
1.651016
1.670079
1.633721
1.630369
1.636642
1.647724
1.610333
1.616866
1.636235
1.627259
1.650975
1.619344
1.620536
1.606741
1.598151
1.623436
1.603997
1.600422
1.612754
1.614144
1.582183
1.632996
1.622130
1.588552
1.607315
1.603748
1.590735
1.577329
1.574047
1.592589
1.576559
1.565700
1.597245
1.643266
1.635390
1.620495
1.663037
1.609289
1.605865
1.635666
1.562299
1.590987
1.609835
1.569180
1.596206
1.584496
1.610823
1.601400
1.577506
1.588812
1.596069
1.594068
1.573882
1.574189
1.582453
1.569389
1.574950
1.586579
1.577102
1.583187
1.587470
1.569125
1.570915
1.568358
1.573731
1.571521
1.574744
1.607747
1.590364
1.595748
1.604239
1.582879
1.561916
1.596116
1.586531
1.578081
1.594919
1.605383
1.591083
1.548170
1.560104
1.564689
1.567834
1.571484
1.539258
1.576851
1.570513
1.559627
1.569531
1.597700
1.589598
1.576013
1.577069
1.596276
1.605585
1.562197
1.585651
1.559400
1.577633
1.575638
1.573291
1.582593
1.572336
1.596176
1.569292
1.560498
1.559210
1.567073
1.560710
1.546215
1.552207
1.558495
1.569201
1.571431
1.555912
1.561034
1.582323
1.577590
1.566996
1.558762
1.553673
1.573114
1.582899
1.577226
1.575470
1.552656
1.573739
1.589367
1.583612
1.581860
1.562344
1.580652
1.569341
1.574391
1.584773
1.582621
1.580499
1.580012
1.566517
1.591182
1.570740
1.581804
1.561563
1.586933
1.587358
1.592279
1.587822
1.569663
1.570263
1.569311
1.589948
1.574200
1.587016
1.581612
1.573518
1.571741
1.577771
1.594290
1.592015
1.577216
1.600438
1.579426
1.587541
1.587471
1.575148
1.567375
1.569264
1.574178
1.590115
1.578832
1.585804
1.592403
1.597410
1.607550
1.587116
1.590941
1.587093
1.565484
1.586156
1.569150
1.578919
1.563268
1.585888
1.588143
1.568840
1.573457
1.562347
1.595363
1.574483
1.588337
1.607676
1.584077
1.617289
1.583698
1.582924
1.575456
1.582285
1.580346
1.575408
1.576818
1.583565
1.582622
1.586861
1.590057
1.587727
1.574250
1.577849
1.572236
1.570485
1.580815
1.591470
1.590859
1.584621
1.576929
1.585976
1.593129
1.590684
1.581500
1.595694
1.572659
1.577729
1.573915
1.579066
1.578670
1.567626
1.566103
1.579115
1.581693
1.583514
1.578485
1.587246
1.575505
1.612038
1.577655
1.586610
1.583824
1.576327
1.588605
1.572001
1.590855
1.578056
1.582379
1.578489
1.574045
1.570724
1.572665
1.573270
1.589672
1.603587
1.598750
1.577777
1.583472
1.592239
1.595520
1.583054
1.581007
1.589937
1.602226
1.586285
1.585143
1.575024
1.597551
1.583260
1.588053
1.588493
1.585367
1.570746
1.572914
1.610068
1.588725
1.580352
1.561865
1.563871
1.572699
1.574435
1.571995
1.586005
1.588197
1.598136
1.585575
1.593631
1.613892
1.568420
1.559503
1.576116
1.562549
1.561358
1.555183
1.568241
1.570377
1.596119
1.564628
1.574792
1.561627
1.579680
1.582162
1.568803
1.584772
1.565076
1.568259
1.569756
1.573537
1.559765
1.579134
1.565446
1.579613
1.567173
1.557333
1.570450
1.578417
1.574355
1.567367
1.563456
1.570222
1.564627
1.579880
1.562713
1.583589
1.567788
1.580807
1.571081
1.582587
1.565961
1.568279
1.574042
1.569330
1.594162
1.577773
1.576936
1.598407
1.571650
1.570379
1.580063
1.601037
1.564151
1.584049
1.562405
1.582762
1.569608
1.571315
1.581150
1.582997
1.570076
1.569027
1.567081
1.590824
1.577379
1.570138
1.589112
1.593046
1.570055
1.563248
1.564324
1.567257
1.586944
1.565673
1.582242
1.595110
1.580007
1.574003
1.583816
1.586039
1.583459
1.570597
1.567078
1.592232
1.587321
1.561957
1.579241
1.578097
1.576962
1.566563
1.574440
1.594003
1.577868
1.564823
1.572348
1.562044
1.573417
1.586746
1.561880
1.568782
1.573573
1.574538
1.567483
1.563065
1.564952
1.574378
1.573263
1.577207
1.565684
1.578304
1.579964
1.582677
1.585797
1.569744
1.581698
1.587027
1.574393
1.577741
1.586944
1.569159
1.585855
1.566607
1.591384
1.593145
1.582784
1.569255
1.571745
1.568021
1.596097
1.565575
