2.317159
2.303477
2.302685
2.302685
2.302585
2.302585
2.302585
2.302635
2.302734
2.303081
2.304072
2.304369
2.303477
2.302852
2.299933
2.299230
2.292772
2.264561
2.251144
2.255894
2.266705
2.272981
2.250181
2.207808
2.164526
2.092241
2.033324
2.018426
1.984029
2.146979
2.087240
1.957607
1.865523
1.735101
1.681314
1.710912
1.737047
1.772014
1.767588
1.760914
1.762256
1.685398
1.667935
1.673481
1.647560
1.667585
1.695976
1.725688
1.743941
1.713558
1.692750
1.691188
1.661489
1.728277
1.667159
1.649899
1.642745
1.614809
1.620455
1.633518
1.578270
1.635834
1.655651
1.651142
1.664450
1.646567
1.636967
1.622066
1.621846
1.633750
1.640459
1.641477
1.610958
1.624135
1.593161
1.601494
1.652726
1.578331
1.599660
1.615813
1.597862
1.620887
1.623064
1.632186
1.602217
1.594002
1.601850
1.584398
1.598775
1.635820
1.590828
1.607977
1.614824
1.662956
1.613409
1.590196
1.580035
1.604970
1.571894
1.598679
1.566654
1.594492
1.576169
1.577562
1.594347
1.590385
1.572076
1.582407
1.576381
1.570593
1.570273
1.584867
1.584999
1.577129
1.563129
1.594204
1.560682
1.578088
1.590793
1.595001
1.563889
1.582864
1.590262
1.563342
1.560754
1.570822
1.570720
1.580690
1.535563
1.566532
1.537033
1.547998
1.560523
1.530058
1.560384
1.547186
1.578955
1.586740
1.554675
1.563256
1.543745
1.564090
1.562692
1.529667
1.554126
1.549136
1.533585
1.532549
1.555326
1.548818
1.568794
1.574538
1.562809
1.559866
1.543314
1.541297
1.550382
1.515300
1.526130
1.525464
1.533349
1.531054
1.518841
1.526213
1.537588
1.534904
1.534127
1.566514
1.534613
1.525932
1.542320
1.523090
1.534959
1.545779
1.536988
1.558685
1.530922
1.536637
1.543819
1.575454
1.524113
1.526063
1.526686
1.534911
1.538692
1.519297
1.530565
1.526746
1.541469
1.582731
1.544160
1.547808
1.547125
1.547281
1.543710
1.547064
1.556433
1.530109
1.549473
1.531978
1.537949
1.535253
1.522847
1.519385
1.557287
1.518116
1.545826
1.545691
1.536161
1.513978
1.527562
1.540408
1.534032
1.523345
1.557571
1.532948
1.522220
1.560389
1.546226
1.541904
1.545965
1.520748
1.530984
1.514310
1.532925
1.533976
1.521382
1.530470
1.529979
1.514395
1.521181
1.543273
1.523298
1.540444
1.521178
1.514929
1.529304
1.516601
1.525726
1.519038
1.514767
1.556090
1.560561
1.520254
1.525199
1.524693
1.519931
1.539047
1.512987
1.534341
1.533994
1.509473
1.545509
1.524913
1.548145
1.529257
1.548516
1.512471
1.501258
1.543279
1.516850
1.521706
1.519011
1.503054
1.545177
1.521642
1.529225
1.538598
1.522497
1.522035
1.507135
1.522892
1.538762
1.541355
1.514734
1.520614
1.546065
1.544053
1.517217
1.508177
1.531896
1.526917
1.522237
1.518933
1.520235
1.537964
1.511528
1.528494
1.516827
1.511235
1.529020
1.521254
1.524175
1.517805
1.521744
1.532689
1.530585
1.532807
1.521978
1.537276
1.531590
1.526046
1.513486
1.523885
1.506954
1.509273
1.526412
1.532912
1.511175
1.521764
1.519197
1.514611
1.517590
1.508231
1.518503
1.509779
1.503374
1.545249
1.523119
1.533843
1.528524
1.527929
1.530076
1.517583
1.517983
1.523597
1.528498
1.520691
1.510383
1.535633
1.514166
1.539398
1.539263
1.519184
1.510898
1.503936
1.523306
1.519279
1.528737
1.520244
1.531459
1.516315
1.538329
1.501688
1.513241
1.530410
1.512343
1.523658
1.518929
1.536521
1.530312
1.539347
1.537694
1.530244
1.516225
1.513489
1.519854
1.505197
1.519951
1.517958
1.507743
1.524735
1.510582
1.517698
1.518758
1.528496
1.526075
1.511740
1.530062
1.502599
1.520380
1.498487
1.510118
1.508045
1.508170
1.509372
1.523716
1.527481
1.511683
1.507950
1.510677
1.542475
1.524570
1.541256
1.501373
1.503742
1.512590
1.542639
1.496914
1.510295
1.506577
1.508764
1.517217
1.554642
1.514174
1.509559
1.516637
1.522669
1.503990
1.517829
1.505240
1.517424
1.510320
1.525316
1.511752
1.511298
1.525659
1.508220
1.520731
1.501100
1.511608
1.504516
1.500857
1.509351
1.518755
1.506002
1.497752
1.522533
1.503049
1.508325
1.509917
1.512083
1.523781
1.513942
1.507565
1.528109
1.510669
1.507175
1.517420
1.511184
1.504124
1.516829
1.504384
1.519270
1.509690
1.516448
1.518416
1.531776
1.511339
1.512729
1.501572
1.512920
1.508913
1.497610
1.524155
1.503871
1.503171
1.512402
1.519211
1.513079
1.497338
1.513343
1.515481
1.511087
1.502715
1.520966
1.511093
1.506483
1.512259
1.521069
1.502042
1.525389
1.525612
1.513549
1.502246
1.505933
1.516167
1.504078
1.506811
1.512023
1.510135
1.500879
1.501160
1.504619
1.511012
1.505799
1.527093
1.506377
1.513714
1.506414
1.502443
1.490629
1.503846
1.498489
1.538428
1.502301
1.499244
1.514414
1.502934
1.499619
1.511777
1.509842
1.506047
1.500834
1.500194
1.511983
1.515032
1.494472
1.525925
1.499185
