2.282679
2.272685
2.263885
2.272373
2.262642
2.279376
2.256545
2.256759
2.274426
2.282122
2.251415
2.284059
2.272944
2.281157
2.297094
2.293633
2.320437
2.308389
2.371853
2.329081
2.355242
2.327424
2.392624
2.409383
2.464149
2.544875
2.480451
2.486801
2.483365
2.628350
2.580547
2.664680
2.561275
2.577120
2.472127
2.635628
2.544243
2.653471
2.625383
2.578772
2.448320
2.543868
2.429657
2.585818
2.585385
2.693880
2.623534
2.690028
2.629636
2.738319
2.645919
2.655461
2.596493
2.636860
2.600761
2.531893
2.562244
2.612728
2.476753
2.594465
2.762332
2.643850
2.786551
2.707459
2.729044
2.772973
2.694924
2.649191
2.581645
2.608053
2.472168
2.347108
2.319767
2.376263
2.322864
2.465252
2.372536
2.215871
2.354874
2.350549
2.389337
2.401771
2.425004
2.410957
2.404376
2.332592
2.377773
2.399356
2.286273
2.087924
2.222817
2.177973
2.200542
2.251156
2.071741
2.082602
2.089539
2.061243
2.168833
2.011096
2.142055
2.175142
2.207223
1.971138
2.087792
1.988185
1.964236
2.049203
2.044135
1.992211
2.020399
2.150282
1.859337
1.959998
1.955104
2.038810
2.038057
2.037179
2.049725
2.006518
2.074611
1.919531
1.948348
1.975785
2.182671
2.048031
1.900204
1.920605
1.874993
1.632711
1.812853
1.753141
1.763090
1.820166
1.711921
1.708214
1.733994
1.686215
1.613763
1.606036
1.773234
1.745153
1.699270
1.695451
1.733651
1.849750
1.773533
1.588941
1.498684
1.395794
1.686475
1.534152
1.549006
1.577062
1.704702
1.616295
1.508538
1.565319
1.599043
1.647006
1.481066
1.642346
1.439930
1.449811
1.544641
1.244474
1.319393
1.357586
1.196790
1.280618
1.279504
1.234728
1.209799
1.257097
1.386019
1.382767
1.336119
1.282543
1.363243
1.395894
1.392422
1.333105
1.267388
1.229482
1.214712
1.150919
1.103046
1.153359
1.001406
1.101412
1.119355
1.017961
1.071076
0.870799
0.919459
0.840005
0.837953
0.827770
0.818321
0.913241
0.722948
0.754368
0.760078
0.757234
0.697062
0.681309
0.732484
0.701935
0.707860
0.613377
0.602370
0.670980
0.594678
0.712353
0.714197
0.725848
0.545260
0.573509
0.704911
0.644309
0.721167
0.707561
0.693289
0.587170
0.524114
0.611300
0.691287
0.657887
0.654900
0.626118
0.577205
0.553926
0.568759
0.632232
0.655632
0.560094
0.637649
0.709830
0.605091
0.500729
0.548680
0.556188
0.593535
0.579207
0.498168
0.534782
0.559031
0.519112
0.605629
0.540720
0.500112
0.478782
0.467848
0.573819
0.512886
0.576384
0.428081
0.498440
0.466603
0.563845
0.654927
0.509368
0.446629
0.586516
0.666490
0.546429
0.485112
0.433888
0.557485
0.623096
0.615715
0.585007
0.597956
0.431698
0.529303
0.342777
0.466440
0.462880
0.441675
0.422226
0.399918
0.533090
0.454382
0.496609
0.485389
0.491232
0.360452
0.500561
0.385223
0.482422
0.463953
0.491290
0.444368
0.364851
0.553167
0.517815
0.383196
0.490563
0.511156
0.508426
0.460951
0.497520
0.499857
0.413000
0.414726
0.449425
0.428396
0.443580
0.444181
0.436818
0.453357
0.455598
0.418090
0.449924
0.379226
0.355954
0.505053
0.375067
0.387127
0.420802
0.513703
0.398051
0.467228
0.350505
0.477997
0.535196
0.464773
0.401978
0.497648
0.492978
0.481740
0.414574
0.349330
0.417034
0.378007
0.339207
0.321577
0.459285
0.405658
0.568660
0.536025
0.560277
0.325407
0.446796
0.390743
0.443442
0.370266
0.381557
0.434541
0.595711
0.288943
0.338820
0.449846
0.377339
0.480904
0.471931
0.430715
0.466528
0.348016
0.294595
0.379171
0.384022
0.368407
0.436279
0.386495
0.214765
0.483673
0.447174
0.417427
0.463672
0.423343
0.489563
0.395452
0.370430
0.371846
0.440261
0.319256
0.321539
0.346405
0.566842
0.404232
0.394399
0.316300
0.379310
0.366170
0.379491
0.383295
0.326962
0.262615
0.394914
0.366436
0.368627
0.455504
0.388710
0.361755
0.404097
0.369339
0.330383
0.534073
0.288818
0.307534
0.462467
0.343140
0.412902
0.291949
0.488910
0.411859
0.325555
0.540433
0.378914
0.411206
0.313349
0.451335
0.275457
0.277620
0.307156
0.333685
0.332621
0.371647
0.332976
0.356737
0.326471
0.307828
0.252636
0.351463
0.342026
0.327458
0.417626
0.365245
0.409421
0.371204
0.293404
0.424659
0.340896
0.398907
0.398940
0.320980
0.257352
0.391478
0.326328
0.350748
0.316516
0.479136
0.283178
0.296835
0.406691
0.343190
0.241947
0.303032
0.472099
0.321528
0.341847
0.345137
0.280308
0.351569
0.474241
0.402511
0.417388
0.276125
0.412119
0.331098
0.250368
0.384093
0.436123
0.379707
0.439561
0.502701
0.366668
0.441146
0.403177
0.406668
0.334344
0.386970
0.529424
0.316804
0.226945
0.325554
0.339733
0.292774
0.442254
0.429854
0.300441
0.280316
0.384535
0.355480
0.431636
0.380300
0.346912
0.305173
0.258451
0.325818
0.339849
0.314720
0.330635
0.249970
0.290529
0.361546
0.389895
0.319976
0.310124
