2.309309
2.297723
2.256235
2.239165
2.224072
2.199374
2.204315
2.232437
2.255268
2.258783
2.196961
2.117928
2.071122
2.068041
2.035899
1.913182
1.831189
1.840510
1.882224
1.801793
1.781943
1.755695
1.790105
1.817600
1.755188
1.772538
1.764589
1.797715
1.745455
1.756715
1.736030
1.717153
1.718599
1.699502
1.710783
1.730296
1.719711
1.681789
1.686714
1.697792
1.677683
1.713935
1.689853
1.681564
1.678255
1.629828
1.641644
1.623824
1.672241
1.657721
1.696369
1.679151
1.637004
1.640707
1.706964
1.674522
1.634080
1.635941
1.610184
1.615528
1.574565
1.591951
1.609817
1.641654
1.595002
1.606562
1.610389
1.570349
1.597177
1.588858
1.577952
1.596180
1.576626
1.598321
1.578114
1.609026
1.557653
1.566948
1.557345
1.557870
1.577049
1.623671
1.572626
1.595116
1.538940
1.573485
1.541212
1.554096
1.564129
1.562170
1.572926
1.569713
1.594124
1.562577
1.570629
1.574010
1.574216
1.540700
1.561216
1.555524
1.565474
1.548238
1.600088
1.567276
1.570582
1.580855
1.572160
1.546670
1.522200
1.544446
1.545213
1.533522
1.553188
1.584798
1.545557
1.532873
1.518152
1.539219
1.561881
1.531803
1.547733
1.547807
1.539938
1.552630
1.539485
1.526049
1.524275
1.561393
1.513460
1.555642
1.533974
1.528191
1.532623
1.533092
1.547497
1.583215
1.532956
1.561839
1.530654
1.532887
1.540931
1.508454
1.517153
1.536888
1.547628
1.526152
1.538375
1.556240
1.565191
1.559388
1.531271
1.531525
1.514339
1.508800
1.542359
1.554039
1.515864
1.524747
1.525152
1.528503
1.525069
1.535382
1.538751
1.534332
1.514182
1.517609
1.535208
1.516004
1.526376
1.555229
1.511466
1.528949
1.504579
1.523487
1.530710
1.534524
1.535388
1.538992
1.514965
1.517138
1.498912
1.514602
1.517280
1.528051
1.523820
1.518542
1.523336
1.515623
1.525724
1.505078
1.514256
1.540487
1.507553
1.500196
1.511506
1.508316
1.516629
1.527480
1.528901
1.529339
1.509541
1.521676
1.521143
1.498584
1.512066
1.510646
1.521315
1.504465
1.507582
1.511328
1.544568
1.507345
1.504094
1.515051
1.529300
1.491454
1.522982
1.500569
1.512527
1.530090
1.499891
1.531635
1.498741
1.552698
1.494959
1.529083
1.524694
1.501299
1.501990
1.497053
1.500320
1.495583
1.512800
1.514724
1.504566
1.525231
1.520295
1.491556
1.532515
1.510139
1.505043
1.505906
1.518775
1.525647
1.491506
1.514545
1.493313
1.519625
1.510409
1.489534
1.504025
1.520448
1.525485
1.511904
1.502968
1.492227
1.512293
1.514432
1.506948
1.513849
1.500766
1.518834
1.505825
1.507664
1.483743
1.514328
1.505350
1.490170
1.517016
1.510612
1.537483
1.517393
1.480245
1.494816
1.516063
1.491078
1.501938
1.501493
1.511206
1.497963
1.503359
1.504906
1.511531
1.515887
1.520053
1.491015
1.494096
1.534295
1.498829
1.503414
1.498558
1.513547
1.494394
1.505066
1.493583
1.510819
1.519703
1.492992
1.490608
1.503796
1.495572
1.510342
1.479282
1.492776
1.506446
1.518260
1.492456
1.512652
1.503792
1.480219
1.501932
1.496697
1.492340
1.514851
1.528282
1.497853
1.510033
1.504297
1.474958
1.483077
1.489689
1.508422
1.489984
1.514832
1.516381
1.489584
1.504688
1.501679
1.488408
1.481173
1.499283
1.494958
1.496220
1.509230
1.529142
1.536262
1.505577
1.493407
1.486354
1.478361
1.488891
1.514692
1.500733
1.479971
1.552802
1.485932
1.498471
1.491914
1.500370
1.480117
1.501861
1.512363
1.501315
1.506130
1.501347
1.497051
1.495308
1.493343
1.482409
1.528132
1.503118
1.532198
1.515538
1.487814
1.484957
1.509393
1.501054
1.494319
1.478354
1.485420
1.488715
1.501761
1.537959
1.505451
1.498649
1.479683
1.487617
1.486373
1.492671
1.493203
1.483276
1.512747
1.500643
1.496748
1.511328
1.507707
1.487045
1.492795
1.509196
1.480302
1.486028
1.497304
1.495441
1.495091
1.498421
1.498004
1.495581
1.497146
1.509781
1.472821
1.498070
1.501387
1.504934
1.487917
1.499166
1.485413
1.487806
1.493541
1.493995
1.495859
1.492717
1.487371
1.502648
1.486170
1.489573
1.494654
1.504734
1.490286
1.516082
1.479370
1.484280
1.478361
1.482851
1.489679
1.488496
1.499780
1.498632
1.508622
1.485066
1.493586
1.481891
1.494155
1.502007
1.500397
1.488864
1.500599
1.496942
1.491771
1.478689
1.489678
1.476258
1.507413
1.518623
1.492358
1.512007
1.488907
1.489405
1.497075
1.489986
1.484287
1.491222
1.493531
1.501470
1.489944
1.483033
1.480173
1.501921
1.494665
1.488626
1.492404
1.489870
1.502642
1.482496
1.484103
1.482055
1.512103
1.518241
1.486826
1.488224
1.480323
1.492943
1.480662
1.485308
1.473766
1.488184
1.494962
1.481888
1.502381
1.487546
1.480368
1.483704
1.485331
1.478703
1.503785
1.499630
1.515709
1.485734
1.501493
1.488650
1.479937
1.476350
1.506452
1.493720
1.478548
1.509230
1.491714
1.484145
1.501502
1.477888
1.489400
