2.288498
2.272320
2.290710
2.303125
2.251013
2.269960
2.240703
2.197399
2.209468
2.152644
2.208321
2.197808
2.168784
2.221047
2.183816
2.121832
2.123137
2.057315
2.079128
1.974891
1.917592
1.930428
1.918279
1.880801
1.972699
1.827149
1.872857
1.870123
1.831859
1.586937
1.625277
1.602514
1.554385
1.265890
1.488923
1.202682
1.279707
1.117886
1.140770
1.072371
0.974783
0.927690
1.056306
0.800287
0.995171
0.812034
0.737776
0.825745
0.720721
0.816142
0.772625
0.719201
0.560426
0.519687
0.469880
0.507798
0.513223
0.523626
0.591961
0.427441
0.590302
0.477622
0.467311
0.527145
0.410145
0.491461
0.490776
0.345351
0.400408
0.538297
0.386569
0.358594
0.647772
0.367775
0.439071
0.471510
0.506448
0.398060
0.402683
0.343779
0.353321
0.377800
0.395616
0.501910
0.462315
0.400699
0.353806
0.278214
0.330616
0.423603
0.435485
0.357085
0.394897
0.306500
0.378226
0.480672
0.470996
0.427430
0.347746
0.448690
0.323612
0.500220
0.384324
0.414699
0.365981
0.219715
0.514776
0.356440
0.390335
0.376811
0.297840
0.394263
0.441840
0.514573
0.432307
0.307537
0.302382
0.370137
0.320052
0.308824
0.425666
0.293938
0.422076
0.363110
0.426701
0.351599
0.511057
0.411852
0.273723
0.335274
0.288984
0.250962
0.428501
0.309754
0.294283
0.351373
0.288720
0.435791
0.350315
0.302382
0.322762
0.423654
0.364379
0.388370
0.379015
0.339716
0.278539
0.362914
0.469391
0.504193
0.365499
0.283246
0.191420
0.248249
0.310203
0.315667
0.417965
0.422967
0.236443
0.254493
0.250605
0.393930
0.289844
0.270812
0.297866
0.342082
0.343889
0.374103
0.337046
0.366062
0.318538
0.338318
0.316204
0.221982
0.208203
0.204251
0.284040
0.316048
0.265420
0.337012
0.432843
0.381813
0.393324
0.284249
0.416644
0.365033
0.327635
0.438252
0.294756
0.508611
0.336976
0.426507
0.312193
0.265017
0.335176
0.247937
0.423718
0.246202
0.286463
0.388805
0.288618
0.304816
0.391074
0.349162
0.340145
0.420885
0.501096
0.438515
0.359103
0.219688
0.353068
0.323880
0.352904
0.314449
0.393412
0.229799
0.560255
0.371280
0.558661
0.334495
0.446582
0.359320
0.391473
0.363701
0.363944
0.324163
0.488883
0.249206
0.293114
0.241268
0.342671
0.433167
0.387805
0.338894
0.339610
0.261828
0.333457
0.299658
0.545330
0.302802
0.354135
0.521826
0.387184
0.475609
0.360315
0.230357
0.366052
0.231905
0.236075
0.380259
0.287424
0.405049
0.414089
0.347995
0.207251
0.426577
0.211866
0.301590
0.213745
0.228044
0.242773
0.421210
0.217880
0.269128
0.318143
0.289095
0.250165
0.246454
0.228419
0.366325
0.334300
0.484414
0.399068
0.263339
0.307782
0.305149
0.228995
0.372647
0.407704
0.368201
0.266687
0.253967
0.329576
0.346470
0.260949
0.294352
0.331663
0.424021
0.299986
0.324674
0.331311
0.327489
0.299931
0.494269
0.300681
0.259571
0.287067
0.456965
0.280137
0.325235
0.492961
0.209390
0.264938
0.256388
0.446033
0.291105
0.238672
0.340982
0.339935
0.332184
0.312505
0.361353
0.253638
0.185883
0.254620
0.313997
0.378774
0.290278
0.316448
0.421391
0.250468
0.317500
0.387565
0.274818
0.262399
0.255577
0.368900
0.254358
0.330799
0.315483
0.298067
0.550532
0.308029
0.200008
0.209079
0.336532
0.285860
0.247624
0.217719
0.450752
0.266061
0.124676
0.189272
0.275729
0.293162
0.282850
0.286609
0.240892
0.328908
0.274439
0.192869
0.295257
0.482382
0.169689
0.288936
0.264700
0.328064
0.315086
0.363178
0.204192
0.317561
0.347236
0.287480
0.446570
0.275864
0.392412
0.288091
0.391996
0.254796
0.315685
0.203183
0.270642
0.272710
0.300327
0.299560
0.321899
0.360602
0.233039
0.329121
0.391198
0.327537
0.453302
0.267875
0.181201
0.318729
0.356984
0.309348
0.236139
0.327510
0.391592
0.278693
0.240567
0.381922
0.329382
0.237294
0.330180
0.359541
0.306184
0.443393
0.197998
0.229907
0.540994
0.307927
0.346107
0.240027
0.396086
0.357565
0.217999
0.211036
0.314683
0.328930
0.312560
0.328331
0.204516
0.216086
0.366834
0.208684
0.266867
0.400850
0.249096
0.302046
0.278249
0.319425
0.227399
0.361821
0.354004
0.294576
0.380309
0.262194
0.384247
0.334604
0.208142
0.250313
0.260311
0.250405
0.304928
0.334557
0.309343
0.387688
0.194257
0.431233
0.260274
0.249259
0.280613
0.282787
0.297019
0.188532
0.242136
0.213145
0.271704
0.392640
0.288456
0.248972
0.334810
0.331107
0.280942
0.220813
0.197663
0.271432
0.267221
0.268101
0.270322
0.233133
0.349454
0.328331
0.344793
0.260693
0.391190
0.261566
0.492596
0.208782
0.452217
0.461006
0.426344
0.354967
0.318741
0.233757
0.273481
0.198444
0.393546
0.295614
0.349043
0.348465
0.305332
0.194517
0.304824
0.202486
0.394051
0.299102
0.427026
0.227510
0.398718
0.272912
0.216645
0.207961
0.304862
0.264646
0.337322
0.237663
0.307799
