2.305913
2.304798
2.304443
2.306425
2.306673
2.302585
2.302052
2.298603
2.297917
2.252179
2.221558
2.195305
2.354420
2.468345
2.273406
2.172209
2.454795
2.637924
2.318090
1.973763
1.854315
1.843194
1.796422
1.884529
2.006011
2.093672
2.318188
2.414537
2.371951
2.231394
2.015927
1.836934
1.754371
1.726631
1.702364
1.681294
1.658575
1.633138
1.617762
1.594593
1.607425
1.599874
1.624531
1.665941
1.750426
1.770605
1.834749
1.775234
1.789602
1.719147
1.668945
1.652784
1.652002
1.631653
1.638164
1.628927
1.618005
1.612590
1.608350
1.599830
1.592080
1.600117
1.605151
1.600189
1.594978
1.615950
1.603236
1.614723
1.624752
1.625376
1.591621
1.559772
1.576284
1.586000
1.573943
1.577510
1.599679
1.607109
1.609177
1.610548
1.595323
1.597515
1.611348
1.624387
1.596711
1.619031
1.578963
1.563008
1.542141
1.539280
1.546163
1.527457
1.536962
1.542084
1.540959
1.554092
1.559337
1.540269
1.553782
1.531005
1.565238
1.534513
1.517258
1.521327
1.519261
1.516328
1.523187
1.507522
1.515709
1.519836
1.507494
1.520380
1.555396
1.595141
1.582879
1.568924
1.572338
1.555204
1.546865
1.539707
1.546661
1.558014
1.585197
1.588451
1.574005
1.535073
1.531114
1.535241
1.523873
1.518245
1.504981
1.513480
1.518322
1.525663
1.503584
1.519101
1.539219
1.527973
1.533432
1.525053
1.530071
1.518134
1.545552
1.550877
1.542026
1.540272
1.537286
1.538978
1.512254
1.525527
1.527503
1.516974
1.532749
1.528785
1.525663
1.521252
1.534272
1.515686
1.527357
1.525571
1.529075
1.532076
1.517312
1.522556
1.493777
1.524858
1.511964
1.509246
1.511180
1.498691
1.508683
1.484136
1.505574
1.514835
1.509448
1.506910
1.515919
1.505005
1.487055
1.488961
1.496024
1.495917
1.504731
1.525171
1.528489
1.503256
1.538590
1.512375
1.503613
1.513990
1.502992
1.492558
1.498649
1.516844
1.503769
1.499057
1.503460
1.504752
1.503417
1.512708
1.514468
1.503025
1.507402
1.528634
1.521395
1.530304
1.514127
1.539660
1.549487
1.556240
1.575706
1.564490
1.558801
1.547029
1.546365
1.534186
1.535062
1.536525
1.530247
1.522744
1.519158
1.525858
1.504576
1.504452
1.497245
1.507343
1.510336
1.523103
1.497457
1.508980
1.512617
1.491072
1.498691
1.495643
1.503237
1.493416
1.502510
1.498517
1.506276
1.515967
1.532501
1.495544
1.514195
1.517226
1.507174
1.514531
1.514234
1.523341
1.510203
1.526040
1.518017
1.513806
1.517811
1.512592
1.509207
1.511681
1.503948
1.518483
1.511269
1.501557
1.500724
1.494998
1.516818
1.503345
1.500330
1.488904
1.498462
1.481617
1.492624
1.489248
1.502224
1.508812
1.489725
1.500273
1.491275
1.490253
1.497674
1.497687
1.493351
1.496973
1.476578
1.494218
1.486147
1.479559
1.487624
1.480908
1.477168
1.495995
1.473133
1.482050
1.483381
1.485479
1.487541
1.508110
1.516970
1.531362
1.521932
1.511760
1.523391
1.514606
1.521097
1.510299
1.505354
1.495388
1.503536
1.508490
1.502572
1.515464
1.512406
1.519594
1.523353
1.520313
1.531798
1.523559
1.530599
1.543582
1.522246
1.527340
1.526610
1.520422
1.506855
1.513710
1.527954
1.507710
1.506148
1.500641
1.486424
1.489422
1.478010
1.482015
1.478001
1.477469
1.473292
1.474128
1.476866
1.483872
1.478052
1.473488
1.503175
1.486533
1.476530
1.475303
1.499540
1.491043
1.511159
1.534776
1.538861
1.513560
1.512284
1.503242
1.504662
1.506229
1.496001
1.481738
1.485447
1.501225
1.486190
1.474571
1.476233
1.482546
1.484864
1.479767
1.484403
1.484774
1.481735
1.490751
1.510875
1.499362
1.511278
1.496092
1.493080
1.520063
1.500306
1.504823
1.526737
1.507016
1.504958
1.502870
1.526213
1.500735
1.507670
1.528027
1.545409
1.552355
1.577074
1.577585
1.528248
1.514261
1.508147
1.502451
1.500676
1.509651
1.486684
1.490300
1.485534
1.499143
1.502547
1.494182
1.482989
1.477726
1.490000
1.489709
1.487105
1.470949
1.470563
1.475772
1.475690
1.483360
1.477275
1.486955
1.472316
1.490756
1.492338
1.494677
1.494968
1.492231
1.509971
1.485294
1.521632
1.507221
1.501279
1.507113
1.486406
1.505988
1.499406
1.479945
1.514430
1.492429
1.492560
1.475798
1.486583
1.510819
1.479704
1.484818
1.478940
1.489026
1.491735
1.480674
1.476829
1.473178
1.477240
1.471666
1.482523
1.474046
1.486341
1.481905
1.479113
1.479210
1.478370
1.478240
1.490513
1.482923
1.484483
1.486914
1.478402
1.479237
1.488519
1.481483
1.487181
1.500170
1.499578
1.492694
1.489511
1.494561
1.481221
1.493999
1.482095
1.482273
1.482666
1.476211
1.486243
1.473318
1.487823
1.486753
1.477111
1.481445
1.485065
1.481010
1.479991
1.477116
1.485890
1.480781
1.477984
1.482306
1.488390
1.473071
1.478833
1.481089
1.483658
1.489262
1.473812
1.482983
1.492187
1.471295
1.478584
1.472228
1.484835
1.482150
1.485718
1.475753
