2.301683
2.301062
2.305805
2.298513
2.296397
2.290027
2.287092
2.272890
2.269638
2.248688
2.246399
2.244277
2.299604
2.304308
2.208154
2.161302
2.128625
2.182882
2.057803
2.058327
2.025822
2.073534
2.076151
2.047362
1.981171
1.909435
1.940192
1.957290
1.910349
2.016557
1.870497
1.959349
1.961910
1.959762
1.941104
1.847405
1.942531
1.882430
1.882949
1.846354
1.843177
1.843890
1.857612
1.960510
1.866548
1.877411
1.828672
1.906790
1.831889
1.809971
1.906364
1.849448
1.829547
1.847099
1.858989
1.849154
1.853170
1.912451
1.827839
1.843618
1.863814
1.859865
1.861458
1.914091
1.841417
1.822277
1.796049
1.879324
1.873510
1.823802
1.886316
1.870052
1.855863
1.829421
1.756785
1.901024
1.841789
1.836989
1.850685
1.891991
1.828455
1.862952
1.759688
1.852452
1.853850
1.774958
1.833838
1.870168
1.834379
1.828411
1.844083
1.877525
1.778934
1.762079
1.876729
1.857704
1.876741
1.826813
1.833063
1.785334
1.851423
1.893072
1.793775
1.798033
1.886772
1.824581
1.828423
1.859863
1.836101
1.913270
1.814759
1.818858
1.856874
1.860996
1.821810
1.869132
1.844561
1.830002
1.894533
1.871217
1.856925
1.842573
1.838536
1.844329
1.815106
1.916436
1.810721
1.837865
1.751732
1.852798
1.802375
1.793089
1.806644
1.815833
1.804984
1.914737
1.746821
1.808238
1.831888
1.857173
1.840390
1.812824
1.815559
1.796978
1.812049
1.823508
1.827061
1.730022
1.852284
1.830841
1.839854
1.695033
1.800697
1.812961
1.832382
1.815194
1.775776
1.784145
1.808993
1.842872
1.800262
1.815841
1.834119
1.810903
1.811341
1.777910
1.838872
1.817430
1.820005
1.756241
1.846437
1.803464
1.856032
1.709121
1.815256
1.795763
1.839579
1.757360
1.795102
1.806914
1.780120
1.826528
1.777664
1.834106
1.835534
1.810746
1.810720
1.869107
1.790718
1.897405
1.868646
1.824181
1.792519
1.775800
1.802159
1.850563
1.746858
1.839419
1.815467
1.822698
1.810477
1.785829
1.777789
1.782976
1.795003
1.841011
1.840437
1.755239
1.812839
1.841994
1.857789
1.770731
1.754831
1.795846
1.831008
1.791906
1.796457
1.816265
1.742545
1.729603
1.769337
1.831245
1.832624
1.699935
1.820415
1.772157
1.786342
1.893569
1.749882
1.811765
1.759081
1.780864
1.841099
1.872774
1.878540
1.814200
1.876396
1.792187
1.772335
1.786119
1.786906
1.783100
1.827562
1.826885
1.817656
1.738833
1.815353
1.779927
1.877549
1.746318
1.804218
1.763229
1.782312
1.781440
1.781327
1.791958
1.771051
1.819211
1.812441
1.805157
1.824983
1.778584
1.862870
1.812920
1.772022
1.822078
1.771032
1.771616
1.811556
1.773174
1.790539
1.750471
1.818778
1.817858
1.795893
1.809167
1.834278
1.848427
1.784243
1.810661
1.814714
1.790854
1.812740
1.737978
1.812362
1.762016
1.843513
1.809922
1.786089
1.846762
1.855514
1.823055
1.802721
1.796515
1.781782
1.797790
1.837455
1.807102
1.768685
1.820661
1.813284
1.777811
1.843700
1.811425
1.774797
1.792501
1.761107
1.859541
1.825816
1.845374
1.815687
1.786528
1.791011
1.771994
1.782454
1.814070
1.742768
1.788446
1.783318
1.800374
1.823436
1.762240
1.831431
1.787077
1.863164
1.791593
1.786916
1.737477
1.749347
1.829260
1.765326
1.849442
1.891267
1.814232
1.837398
1.787455
1.735332
1.810146
1.790508
1.839869
1.777340
1.765070
1.844686
1.749274
1.857836
1.803681
1.751420
1.796940
1.729736
1.784945
1.748895
1.770952
1.827348
1.809320
1.835634
1.817326
1.735701
1.777077
1.804474
1.780163
1.778104
1.805031
1.742735
1.806409
1.811412
1.824988
1.818511
1.747355
1.762053
1.806311
1.850913
1.796746
1.787342
1.798963
1.796182
1.808392
1.732708
1.844825
1.900143
1.777965
1.743022
1.843734
1.802187
1.852833
1.805743
1.790788
1.800249
1.736686
1.756611
1.749267
1.675144
1.885695
1.765186
1.790834
1.744020
1.778519
1.803071
1.731421
1.785699
1.790558
1.778389
1.751588
1.832269
1.805591
1.832558
1.801344
1.783748
1.806021
1.804814
1.801614
1.825358
1.788884
1.774792
1.795392
1.857448
1.783479
1.783147
1.858704
1.764887
1.758669
1.817921
1.818625
1.815239
1.752906
1.786737
1.744266
1.797318
1.832825
1.770004
1.795049
1.772642
1.806612
1.793659
1.795832
1.740596
1.829135
1.782925
1.751898
1.897071
1.802708
1.749155
1.818408
1.757404
1.715949
1.853032
1.810064
1.756033
1.823829
1.689924
1.776178
1.753683
1.771341
1.763605
1.796219
1.796915
1.813973
1.729645
1.759884
1.800659
1.787754
1.741094
1.763569
1.780755
1.834829
1.743050
1.773577
1.812705
1.741789
1.797858
1.798581
1.752872
1.733481
1.776153
1.843701
1.836188
1.737675
1.700407
1.708310
1.732548
1.797786
1.837172
1.785268
1.800887
1.704777
1.813259
1.828217
1.871886
1.825582
1.846973
1.808933
1.796998
1.786592
1.819525
1.852016
1.749692
1.771968
1.848871
1.799061
1.802512
1.747889
