2.299621
2.288189
2.293692
2.310404
2.290046
2.276261
2.262898
2.258724
2.235180
2.225957
2.205228
2.198794
2.163592
2.161016
2.131235
2.121475
2.084039
2.058407
2.050770
1.992156
1.953349
1.916631
1.902880
1.815266
1.764825
1.715677
1.637601
1.577257
1.489474
1.440462
1.363307
1.234900
1.154697
1.099364
0.990430
0.890633
0.933471
0.755286
0.777219
0.754690
0.685170
0.587158
0.734590
0.534483
0.440303
0.505390
0.541459
0.385690
0.492544
0.388185
0.482617
0.327703
0.427818
0.414804
0.559147
0.377558
0.305638
0.373218
0.480802
0.328544
0.318750
0.451271
0.285596
0.475604
0.378203
0.351913
0.372182
0.511387
0.434052
0.317447
0.480252
0.373275
0.252298
0.419741
0.282849
0.471975
0.496160
0.290590
0.436124
0.448760
0.352543
0.328413
0.249154
0.281566
0.309988
0.360388
0.414275
0.308333
0.302785
0.194732
0.281980
0.312520
0.340652
0.255668
0.234988
0.343446
0.371076
0.307666
0.351975
0.266043
0.362626
0.277976
0.258744
0.362414
0.337596
0.375165
0.205440
0.278919
0.313955
0.248422
0.345261
0.296638
0.269663
0.306021
0.283258
0.377951
0.179201
0.163479
0.279224
0.346950
0.343318
0.298559
0.177548
0.294597
0.193747
0.280023
0.159983
0.193595
0.315786
0.235331
0.246849
0.324936
0.343624
0.262269
0.285021
0.138927
0.259104
0.264833
0.178895
0.207063
0.303983
0.423024
0.345075
0.421154
0.226131
0.342243
0.223493
0.195960
0.217793
0.292745
0.392463
0.312058
0.222299
0.297524
0.235584
0.246823
0.280319
0.198882
0.350714
0.197826
0.298115
0.181802
0.266388
0.197109
0.145420
0.225319
0.180218
0.228268
0.213617
0.208228
0.202063
0.123179
0.254808
0.216056
0.137740
0.228948
0.349853
0.269411
0.304595
0.272213
0.255414
0.224334
0.266879
0.200190
0.244245
0.202675
0.251192
0.218274
0.220054
0.264925
0.195576
0.107517
0.176424
0.162545
0.172580
0.230941
0.250312
0.179859
0.194157
0.232102
0.190037
0.213335
0.152365
0.315497
0.186433
0.270418
0.244090
0.221299
0.159333
0.194443
0.223189
0.209901
0.259639
0.268718
0.211775
0.230970
0.128655
0.239965
0.218347
0.159213
0.185563
0.233739
0.237459
0.183644
0.179698
0.265535
0.167217
0.165109
0.155594
0.221671
0.263120
0.270588
0.094819
0.340913
0.201819
0.174880
0.280788
0.113424
0.167266
0.198493
0.189236
0.223190
0.170921
0.157296
0.153514
0.270974
0.127233
0.227243
0.260675
0.143855
0.226650
0.202121
0.113757
0.206332
0.268486
0.280005
0.260351
0.122550
0.098711
0.129606
0.121769
0.154592
0.311001
0.060326
0.191841
0.177371
0.142278
0.108613
0.179473
0.188435
0.186207
0.179204
0.165757
0.239753
0.225341
0.150603
0.183172
0.184921
0.125068
0.207877
0.123661
0.218364
0.210128
0.198589
0.159952
0.156235
0.213433
0.155493
0.150560
0.218945
0.114964
0.232447
0.166904
0.147035
0.166602
0.164492
0.189633
0.210034
0.163498
0.137443
0.153913
0.196146
0.152275
0.228296
0.142854
0.162957
0.177525
0.174874
0.153739
0.124377
0.137748
0.062006
0.075500
0.148159
0.135031
0.127445
0.181551
0.090849
0.116523
0.293127
0.202986
0.193506
0.167479
0.215688
0.200190
0.158508
0.149346
0.152158
0.092591
0.198247
0.063496
0.148760
0.238248
0.175094
0.161882
0.131914
0.135476
0.182131
0.123745
0.101403
0.181638
0.163120
0.100197
0.179665
0.184115
0.120933
0.203392
0.103006
0.146795
0.242624
0.259784
0.156165
0.157430
0.229137
0.143712
0.105613
0.049554
0.097727
0.116221
0.116859
0.059165
0.069987
0.115299
0.104999
0.185032
0.125065
0.172043
0.082862
0.196206
0.165792
0.134388
0.132673
0.268710
0.236662
0.096040
0.143246
0.162913
0.113450
0.134138
0.180069
0.123444
0.172066
0.123445
0.248162
0.186940
0.115212
0.104255
0.075623
0.189556
0.220401
0.289630
0.059606
0.129124
0.135760
0.188708
0.064732
0.068976
0.173158
0.109149
0.165874
0.139949
0.160740
0.075071
0.101230
0.102390
0.182961
0.130223
0.198178
0.158047
0.093871
0.067583
0.187753
0.137349
0.134194
0.103600
0.104317
0.291908
0.117186
0.060730
0.145158
0.222349
0.079694
0.104543
0.117454
0.119855
0.140427
0.104483
0.079971
0.160786
0.193025
0.165923
0.147650
0.094968
0.097106
0.138106
0.132716
0.178028
0.120937
0.134023
0.171603
0.102771
0.203682
0.158814
0.179096
0.094431
0.122301
0.085906
0.115721
0.133920
0.103689
0.120343
0.100529
0.107618
0.172216
0.105344
0.068785
0.086243
0.145773
0.107616
0.110086
0.079815
0.045630
0.100085
0.111412
0.090793
0.177404
0.202712
0.217071
0.175124
0.082425
0.135199
0.166436
0.079509
0.136706
0.179415
0.123266
0.111141
0.113383
0.136869
0.062522
0.096252
0.214676
0.091599
0.093752
0.112245
0.155408
0.104396
0.065013
0.145411
0.137662
0.114384
0.071029
0.104591
0.073449
0.169132
0.165149
0.078886
0.133768
0.115576
0.097962
