2.298272
2.297153
2.298644
2.298590
2.295810
2.280886
2.285895
2.288158
2.282650
2.265694
2.265482
2.262264
2.249525
2.251476
2.249741
2.225359
2.218288
2.222159
2.203780
2.205022
2.200356
2.183984
2.181977
2.174752
2.160336
2.143728
2.148318
2.144720
2.119289
2.109018
2.093531
2.082343
2.063408
2.040533
2.029818
2.006657
1.970086
1.938773
1.921485
1.914737
1.893589
1.783768
1.764761
1.823992
1.763049
1.615609
1.604921
1.620799
1.536404
1.540645
1.313514
1.415459
1.385726
1.220398
1.269267
1.118666
1.126347
0.935659
1.045909
0.979832
0.940551
0.777406
0.871831
0.767842
0.702977
0.670260
0.768695
0.504450
0.672418
0.623205
0.625496
0.529865
0.549235
0.503309
0.483569
0.521612
0.394185
0.406753
0.407896
0.450278
0.455198
0.372114
0.453590
0.506584
0.398062
0.558564
0.404466
0.432893
0.441151
0.438586
0.303360
0.392657
0.258542
0.471094
0.342234
0.492231
0.336689
0.423386
0.337649
0.457034
0.454874
0.206945
0.369960
0.354679
0.416259
0.335704
0.483148
0.385962
0.315272
0.454288
0.478222
0.411115
0.353450
0.330834
0.315997
0.295998
0.431004
0.324976
0.280096
0.273742
0.285875
0.395537
0.385994
0.383191
0.350123
0.346646
0.307620
0.287622
0.365659
0.480378
0.296002
0.435334
0.311080
0.359267
0.349648
0.395107
0.382559
0.317710
0.371181
0.287609
0.274331
0.206521
0.262217
0.281253
0.295708
0.304294
0.381103
0.277655
0.310972
0.410687
0.402858
0.290519
0.297099
0.304807
0.432937
0.383891
0.351396
0.363487
0.247960
0.336352
0.267857
0.364286
0.269460
0.295040
0.313744
0.354440
0.397857
0.243790
0.266213
0.216792
0.313816
0.449023
0.237023
0.250060
0.277788
0.347358
0.213276
0.324232
0.265207
0.299850
0.358399
0.289714
0.282488
0.242501
0.200132
0.225457
0.234469
0.538218
0.351817
0.339990
0.305848
0.361844
0.355879
0.264656
0.289960
0.277915
0.202498
0.302189
0.302650
0.224903
0.277837
0.198187
0.341740
0.269257
0.308130
0.239809
0.319907
0.312879
0.300855
0.209545
0.243576
0.174354
0.286158
0.259150
0.437419
0.207930
0.373249
0.202482
0.250622
0.336470
0.392313
0.385628
0.306104
0.294514
0.398996
0.236875
0.232260
0.198472
0.294200
0.229634
0.264437
0.351033
0.395917
0.309247
0.219254
0.254079
0.170192
0.273423
0.244353
0.245332
0.221693
0.319400
0.330473
0.290978
0.304065
0.259900
0.241984
0.199199
0.372401
0.334700
0.319504
0.257740
0.231694
0.261333
0.294984
0.181492
0.266159
0.189796
0.231611
0.344176
0.190774
0.233276
0.268402
0.315386
0.307178
0.244963
0.242862
0.450439
0.216219
0.372197
0.199524
0.220363
0.204085
0.159261
0.192215
0.273517
0.281014
0.191679
0.182180
0.163307
0.181318
0.263518
0.229924
0.262567
0.285147
0.277463
0.210513
0.224318
0.234442
0.358179
0.271275
0.263474
0.266472
0.437819
0.325690
0.229229
0.204854
0.295024
0.220573
0.211022
0.340081
0.253071
0.349681
0.278871
0.332890
0.251933
0.353865
0.141123
0.218876
0.218243
0.322556
0.191321
0.243641
0.219828
0.271195
0.300483
0.138672
0.307729
0.245186
0.230874
0.175208
0.260919
0.329569
0.245995
0.269980
0.230815
0.246879
0.152101
0.293886
0.310893
0.213784
0.360296
0.163421
0.236368
0.326156
0.231722
0.208941
0.237413
0.277677
0.171949
0.213997
0.139282
0.129858
0.192257
0.334617
0.264861
0.172392
0.225568
0.285517
0.335688
0.202764
0.191066
0.273213
0.194499
0.203556
0.208112
0.242502
0.322631
0.205793
0.137498
0.182817
0.217208
0.284706
0.225470
0.314831
0.187063
0.207488
0.189526
0.203523
0.314259
0.221373
0.286523
0.222262
0.314045
0.240089
0.266274
0.219243
0.220208
0.205127
0.168539
0.311663
0.309748
0.271303
0.188981
0.253793
0.216199
0.220042
0.174665
0.193451
0.148342
0.261194
0.143648
0.169896
0.188444
0.330904
0.239230
0.308454
0.193854
0.197534
0.246763
0.119142
0.169465
0.197203
0.201865
0.168089
0.097472
0.289146
0.228038
0.191269
0.234051
0.235668
0.395963
0.347292
0.195203
0.269697
0.180528
0.225849
0.202363
0.224264
0.217756
0.167648
0.220780
0.202229
0.120078
0.249081
0.272320
0.221927
0.227586
0.217534
0.247425
0.120124
0.231962
0.276059
0.207492
0.249740
0.127648
0.161300
0.210898
0.203547
0.197788
0.270101
0.189685
0.215837
0.140607
0.185295
0.153017
0.188175
0.189827
0.378781
0.166561
0.233388
0.236411
0.135237
0.358117
0.178756
0.300358
0.146692
0.197032
0.234301
0.149360
0.237956
0.208196
0.188968
0.271524
0.331174
0.167389
0.175748
0.217441
0.204375
0.170443
0.229340
0.384076
0.131460
0.179881
0.194469
0.161411
0.260773
0.222935
0.155786
0.201285
0.152169
0.187421
0.201505
0.192228
0.187341
0.213469
0.202117
0.179268
0.254498
0.281449
0.206129
0.191593
0.110816
0.219045
0.101856
0.230893
0.180898
0.310713
0.180446
0.147323
