2.303579
2.304429
2.300707
2.309991
2.315685
2.334744
2.349055
2.395841
2.330816
2.261186
2.248384
2.265580
2.270946
2.265995
2.240422
2.226958
2.201365
2.220437
2.214542
2.176569
2.141511
2.127578
2.162341
2.152381
2.155293
2.123692
2.127226
2.071717
2.087139
2.082469
2.077285
2.062471
2.068857
2.035606
2.045985
2.014294
2.014078
2.077120
2.106284
2.099533
2.092724
2.047795
2.000859
1.990319
1.975182
1.987461
1.981184
2.019099
2.043713
2.023576
1.999281
1.901754
1.837572
1.827156
1.821499
1.868176
1.859993
1.822199
1.853820
1.791368
1.770932
1.797333
1.838617
1.852567
1.771691
1.783999
1.750700
1.742945
1.782307
1.747592
1.746936
1.751658
1.753485
1.758090
1.720294
1.736078
1.696298
1.714195
1.720663
1.718592
1.696991
1.719439
1.711741
1.694896
1.686636
1.723611
1.679052
1.685894
1.692517
1.668501
1.698096
1.697827
1.680759
1.677855
1.704802
1.685532
1.656580
1.656145
1.671853
1.673159
1.663894
1.652248
1.656823
1.643752
1.646292
1.672487
1.673837
1.650401
1.640523
1.637334
1.634799
1.660740
1.670454
1.632074
1.658729
1.622860
1.652086
1.648475
1.645108
1.642358
1.630263
1.632990
1.633468
1.649668
1.667136
1.628295
1.617795
1.619634
1.638354
1.657434
1.636080
1.652674
1.623297
1.616680
1.636996
1.631679
1.611108
1.621104
1.628632
1.609605
1.610248
1.618097
1.618838
1.630429
1.614454
1.612355
1.616854
1.613550
1.620578
1.603036
1.620847
1.600103
1.609743
1.617656
1.604899
1.632459
1.619789
1.621966
1.589874
1.605592
1.611179
1.620990
1.631835
1.601354
1.611467
1.624410
1.602889
1.616419
1.619511
1.588490
1.610395
1.609267
1.608371
1.614961
1.612510
1.612211
1.598074
1.592367
1.620506
1.610416
1.612401
1.606283
1.627927
1.603592
1.611834
1.624336
1.616616
1.596229
1.591704
1.621901
1.642602
1.632458
1.611795
1.583898
1.605852
1.609157
1.592036
1.599266
1.575519
1.604473
1.585738
1.596112
1.585415
1.602527
1.611313
1.601211
1.603389
1.592898
1.587769
1.608899
1.591188
1.604388
1.606489
1.589325
1.588856
1.578327
1.572403
1.596007
1.599568
1.595694
1.582580
1.589936
1.580303
1.582997
1.621663
1.582820
1.591519
1.597829
1.581758
1.592280
1.583435
1.635990
1.588523
1.588329
1.605476
1.598540
1.584874
1.583096
1.587555
1.586291
1.571688
1.582061
1.595978
1.576205
1.583993
1.582350
1.585390
1.566892
1.593318
1.582902
1.594036
1.597344
1.567784
1.574360
1.606028
1.595279
1.586059
1.588352
1.597219
1.595840
1.597656
1.603806
1.607520
1.602662
1.612537
1.610128
1.583423
1.599824
1.594625
1.584856
1.595113
1.590266
1.570792
1.597874
1.597285
1.601119
1.584130
1.613143
1.611070
1.592968
1.595019
1.579470
1.593438
1.593578
1.576806
1.591431
1.604927
1.575854
1.607639
1.587369
1.597500
1.604837
1.605975
1.581149
1.599693
1.595081
1.598376
1.587926
1.589980
1.602039
1.605728
1.613324
1.595345
1.583388
1.613623
1.605562
1.583337
1.595937
1.591026
1.590951
1.577652
1.608213
1.595294
1.583307
1.579420
1.584288
1.613077
1.576533
1.608548
1.597841
1.601719
1.601063
1.579481
1.587936
1.593502
1.590073
1.590896
1.603091
1.584357
1.588253
1.587086
1.596095
1.595106
1.580655
1.583549
1.587006
1.607455
1.604778
1.597007
1.603473
1.611922
1.591771
1.592716
1.609645
1.610124
1.598294
1.580438
1.590577
1.594198
1.582179
1.605932
1.593056
1.592934
1.597259
1.591296
1.609382
1.587489
1.573955
1.589493
1.583932
1.590640
1.604425
1.582214
1.599571
1.580104
1.592254
1.595420
1.592172
1.583194
1.598772
1.581698
1.609937
1.576724
1.592617
1.567452
1.586233
1.598207
1.598665
1.580173
1.586880
1.564081
1.598373
1.568558
1.574034
1.573575
1.576470
1.574981
1.573405
1.597176
1.563880
1.583138
1.580885
1.596051
1.571015
1.564035
1.571094
1.560280
1.574319
1.592831
1.601346
1.577860
1.590869
1.577865
1.591604
1.594681
1.572777
1.599168
1.570304
1.585198
1.583350
1.571619
1.575699
1.602598
1.564095
1.574273
1.570946
1.596070
1.564036
1.578785
1.565761
1.583979
1.579314
1.581107
1.569238
1.571093
1.590030
1.581654
1.562304
1.589027
1.563682
1.586254
1.570434
1.564213
1.579329
1.580750
1.591299
1.575377
1.565230
1.575974
1.587672
1.581951
1.577709
1.580895
1.583057
1.571903
1.572314
1.587708
1.581895
1.597885
1.584693
1.584000
1.595083
1.576208
1.588683
1.566399
1.591110
1.572719
1.571986
1.583986
1.580557
1.592087
1.581401
1.582905
1.576634
1.584408
1.586645
1.580238
1.564433
1.604092
1.577503
1.594735
1.597342
1.593956
1.608290
1.573735
1.585853
1.574699
1.584449
1.591679
1.583017
1.585768
1.572177
1.579040
1.569124
1.584363
1.570773
1.582984
1.606343
1.598865
1.585689
1.588118
1.577979
1.596861
1.586079
1.591360
1.605745
1.590757
1.641435
1.614320
1.618485
