2.302413
2.301316
2.303723
2.307173
2.302629
2.300339
2.302274
2.305200
2.300093
2.305959
2.306266
2.304975
2.305050
2.301017
2.304277
2.299305
2.301630
2.301599
2.300416
2.301912
2.300999
2.305405
2.304918
2.301389
2.301358
2.298112
2.297117
2.299806
2.296768
2.297920
2.300646
2.295696
2.296175
2.297749
2.297624
2.296937
2.301123
2.298916
2.297797
2.295659
2.295899
2.299055
2.301991
2.297012
2.297954
2.299057
2.296155
2.297673
2.298816
2.296297
2.291689
2.297984
2.289939
2.297592
2.293260
2.293371
2.290774
2.294143
2.293064
2.290224
2.290241
2.291107
2.290194
2.292348
2.287838
2.289979
2.289772
2.289441
2.290877
2.289958
2.288161
2.285896
2.284032
2.288545
2.286896
2.287210
2.285931
2.279535
2.276833
2.281629
2.283174
2.277509
2.280498
2.277920
2.283667
2.277386
2.275829
2.280591
2.280950
2.278080
2.275862
2.275061
2.275303
2.270148
2.261847
2.262953
2.259610
2.246398
2.261115
2.260759
2.255766
2.270329
2.250164
2.245192
2.248497
2.260300
2.258375
2.252952
2.254144
2.232198
2.226597
2.235722
2.220055
2.230111
2.200865
2.217910
2.249750
2.202089
2.233921
2.203114
2.221625
2.192695
2.179742
2.181321
2.228299
2.194655
2.147696
2.178542
2.194998
2.168319
2.112133
2.125224
2.161047
2.210365
2.115976
2.161124
2.088465
2.207909
2.178722
2.113415
2.127256
2.081080
2.162889
2.151330
2.067512
2.079322
2.107919
2.058330
2.049101
2.056406
2.027411
2.049739
1.976655
2.065675
1.995360
2.145147
1.967182
1.973236
2.042781
2.065017
2.045044
2.008101
2.016778
1.964494
1.930396
2.024818
2.057914
1.973384
2.066406
1.985747
2.019120
2.010828
1.946501
2.023655
1.955873
2.052881
1.943512
1.952220
2.063702
1.930009
1.979312
2.013495
2.002710
1.836211
1.971775
1.988882
2.034837
1.866017
1.941820
1.998956
1.926175
1.879014
1.903686
1.802003
2.024056
1.862575
2.116475
1.862410
1.928833
1.814628
1.893772
1.885462
1.821688
1.868155
1.892979
2.018574
1.899144
1.939819
1.858850
1.855451
1.858871
1.948928
1.983563
1.877561
1.924765
1.978256
1.854295
1.726239
1.946540
1.968762
1.882821
1.893361
1.846445
1.829820
1.805407
1.874736
1.867413
1.878432
1.834081
1.789039
1.817565
1.841747
1.824609
1.781039
1.868416
1.839597
1.813746
1.956186
1.833892
1.900568
1.857039
1.825959
1.846136
1.795782
1.784991
1.913842
1.807417
1.774633
1.925742
1.853705
1.896685
1.826650
1.719202
1.767697
1.728883
1.527880
1.717658
1.682851
1.577566
1.779908
1.742435
1.804284
1.704025
1.706180
1.812753
1.927519
1.799619
1.642472
1.783693
1.831137
1.857404
1.708899
1.691406
1.689667
1.856613
1.868797
1.790615
1.805953
1.719184
1.701433
1.657264
1.820635
1.704717
1.830977
1.844432
1.797395
1.765103
1.844564
1.649151
1.666950
1.751970
1.808846
1.722445
1.722075
1.665071
1.844204
1.603896
1.643903
1.695806
1.699038
1.927181
1.667063
1.709513
1.633760
1.697413
1.696267
1.641154
1.684298
1.634558
1.694666
1.780602
1.645873
1.848700
1.631745
1.568044
1.740811
1.779779
1.621739
1.635866
2.027906
1.725050
1.608652
1.679716
1.696246
1.660305
1.697410
1.586437
1.565170
1.769691
1.794496
1.621146
1.649469
1.676458
1.633977
1.718446
1.596861
1.676520
1.635556
1.665433
1.660808
1.683657
1.647039
1.651365
1.642015
1.761488
1.615472
1.844103
1.734829
1.698374
1.631819
1.753457
1.487617
1.744621
1.559204
1.813275
1.754182
1.592244
1.667091
1.655805
1.484291
1.608540
1.621838
1.628582
1.593201
1.582108
1.598957
1.583651
1.580820
1.552008
1.787693
1.707913
1.773924
1.636558
1.608322
1.641467
1.628580
1.645540
1.906669
1.858957
1.584419
1.761708
1.782493
1.555290
1.639958
1.759596
1.688222
1.654607
1.585067
1.546438
1.672429
1.657282
1.617421
1.510123
1.703816
1.657191
1.547199
1.539170
1.589362
1.650104
1.630536
1.545134
1.648201
1.656164
1.598007
1.509984
1.669378
1.521660
1.512792
1.582311
1.639149
1.560197
1.570586
1.562313
1.521273
1.666669
1.519192
1.521615
1.512054
1.424537
1.619564
1.552757
1.711736
1.531623
1.565552
1.574635
1.595875
1.596611
1.408905
1.619058
1.491067
1.479578
1.606366
1.598591
1.531862
1.648093
1.541448
1.569815
1.628364
1.532246
1.507339
1.562529
1.592708
1.541634
1.478195
1.581475
1.582641
1.545510
1.429011
1.429509
1.556391
1.533139
1.470467
1.504477
1.565446
1.485095
1.818942
1.580988
1.656789
1.519167
1.493673
1.631811
1.450909
1.642951
1.636969
1.544233
1.530887
1.647593
1.486335
1.441527
1.574608
1.512914
1.609942
1.439824
1.406849
1.464388
1.636401
1.389417
1.418411
1.490469
1.552139
1.544772
1.423276
1.546614
1.615129
1.579818
1.612243
1.418818
1.526072
1.558446
1.469377
1.424786
1.406144
1.359311
1.364141
1.558103
1.573603
1.454299
1.494049
1.447740
1.501903
1.432864
1.419458
1.656340
1.566805
1.461630
1.497266
1.446302
1.614207
1.514879
1.483834
1.532880
1.558386
1.598505
1.442513
1.593929
1.542304
1.342862
1.500364
1.433511
1.386841
1.597313
1.574952
1.543206
1.629013
1.348131
1.516760
1.518571
1.475751
1.417477
1.491691
1.434691
1.549407
1.620099
1.467938
1.326964
1.471834
1.434971
1.385907
1.416190
1.400004
1.546214
1.458849
1.377407
1.653727
1.425061
1.474433
1.376607
1.316654
1.526992
1.634748
1.428757
1.488079
1.457409
1.501768
1.458985
1.484064
1.465087
1.456841
1.517069
1.358568
1.463286
1.244083
1.613627
1.477556
1.474214
1.540450
1.315916
1.491418
1.478722
1.254361
1.502235
1.452357
1.485896
1.418842
1.450790
1.309616
1.488817
1.455569
1.437504
1.208014
1.395407
1.438532
1.444742
1.626960
1.502506
1.352741
1.541010
1.256841
1.391145
1.276776
1.514868
1.451477
1.389443
1.431003
1.528538
1.447390
1.234878
1.484731
1.442577
1.457036
1.457587
1.389625
1.511885
1.434811
1.392845
1.319379
1.521981
1.377444
1.358679
1.397125
1.504914
1.559825
1.442378
1.280224
1.421728
1.369043
1.553994
1.420891
1.371401
1.373678
1.389724
1.338999
1.495392
1.533212
1.382659
1.303425
1.400742
1.322604
1.478108
1.471794
1.399670
1.385750
1.403472
1.590029
1.269976
1.412980
1.449103
1.654865
1.382841
1.994916
1.426621
1.674334
1.404867
1.510485
1.374489
1.405522
1.501750
1.337585
1.419984
1.469942
1.408555
1.540149
1.349368
1.372272
1.388516
1.330072
1.302014
1.421588
1.390079
1.266957
1.415078
1.413330
1.417505
1.354579
1.354330
1.379574
1.322388
1.423056
1.349285
1.431274
1.305972
1.231745
1.218222
1.408287
1.324673
1.298832
1.353280
1.444598
1.385736
1.264366
1.477824
1.256425
1.374634
1.533797
1.333087
1.288492
1.305754
1.533907
1.459587
1.453236
1.405460
1.321618
1.508739
1.207748
1.188491
1.332810
1.413860
1.443682
1.354675
1.344473
1.436723
1.315189
1.362101
1.314643
1.319172
1.243806
1.373636
1.412997
1.250792
1.310805
1.391574
1.324614
1.294657
1.542059
1.463383
1.406283
1.381641
1.349172
1.346939
1.452742
1.375685
1.313303
1.289810
1.344918
1.401765
1.218837
1.390900
1.395863
1.380506
1.388185
1.264596
1.308092
1.473475
1.317524
1.251940
1.126286
1.349449
1.267018
1.179899
1.359390
1.209175
1.176215
1.351224
1.333108
1.355009
1.342289
1.417042
1.331879
1.348257
1.350996
1.355266
1.226816
1.361325
1.221992
1.325276
1.278080
1.262170
1.365484
1.259156
1.342418
1.220344
1.313509
1.556640
1.275262
1.334729
1.412646
1.392630
1.153744
1.376326
1.371281
1.333053
1.222331
1.411203
1.216450
1.314119
1.354986
1.291468
1.240916
1.316793
1.183370
1.424955
1.256340
1.369544
1.331182
1.273318
1.223673
1.374698
1.413769
1.395339
1.308165
1.356878
1.376304
1.325507
1.242857
1.488034
1.518054
1.277986
1.233366
1.087214
0.999363
1.343338
1.375517
1.317447
1.434180
1.320504
1.279701
1.403538
1.289085
1.398479
1.515516
1.203260
1.353743
1.330943
1.336811
1.349552
1.318776
1.333572
1.319103
1.230583
1.369234
1.173484
1.318522
1.268749
1.127163
1.203070
1.216355
1.314611
1.236292
1.061902
1.193012
1.212520
1.563040
1.367496
1.295550
1.344997
1.293345
1.416243
1.309147
1.394496
1.318352
1.246718
1.228969
1.231050
1.240583
1.204109
1.297980
1.274331
1.340179
1.429578
1.326156
1.241220
1.201247
1.208858
1.248348
1.165345
1.237515
1.158567
1.266567
1.204468
1.229435
1.326694
1.322733
1.383674
1.164042
1.278811
1.296810
1.176912
1.165309
1.260242
1.408309
1.157184
1.127566
1.282790
1.145161
1.200235
1.282692
1.248845
1.226572
1.181247
1.300605
1.230119
1.183348
1.404408
1.347180
1.144388
1.136441
1.193400
1.293414
1.297433
1.452167
1.276839
1.313144
1.128716
1.222013
1.075447
1.253850
1.239391
1.167246
1.282863
1.287608
1.179436
1.335571
1.263964
1.166239
1.190157
1.249022
1.315664
1.273284
1.112504
1.117094
1.346339
1.371775
1.147147
1.380367
1.219917
1.253423
1.322292
1.195132
1.074636
1.109288
1.293955
1.280884
1.076039
1.216149
1.318199
1.238958
1.238122
1.202256
1.343959
1.232740
1.308918
1.214860
1.111983
1.200720
1.128505
1.216948
1.233218
1.166986
1.151889
1.217493
1.145994
1.114443
1.170078
1.318071
1.143356
1.172456
1.235565
1.223957
1.193534
1.276476
1.185435
1.208626
1.167841
1.188944
1.145737
1.243410
0.993018
1.155226
1.159834
1.145314
1.270239
1.158990
0.996701
1.181899
1.232770
1.173132
1.284927
1.281418
1.241424
1.178267
1.211979
1.143197
1.316188
1.174702
1.138003
1.209231
1.336698
1.276746
1.173537
1.044419
1.208161
1.189400
1.275955
1.145953
1.323251
1.287593
1.102272
1.216843
1.083460
1.205219
1.232055
1.413381
1.277896
1.226836
1.422766
1.182837
1.354420
1.209867
1.327146
1.084405
1.371025
1.210214
1.067579
1.193456
1.217554
1.132573
1.172972
1.141520
1.290239
1.163143
1.269321
1.284430
1.089723
1.089469
1.297755
0.952575
1.109479
1.094544
1.024991
1.156549
1.101092
1.391852
1.060758
0.741264
1.005898
0.990255
1.141869
1.174587
1.137330
1.146518
1.091693
1.281183
1.049831
1.055063
1.237300
1.143730
1.093723
1.168776
1.209000
1.241146
1.286832
1.274892
1.081848
1.165714
1.150159
1.133779
1.129563
1.319937
1.218513
1.164993
1.113858
1.205605
1.126576
1.139990
1.172700
1.138358
1.147984
1.201081
1.208927
1.173552
1.184636
1.053913
1.256225
0.976612
1.171584
1.083102
1.057824
1.125818
1.078936
1.073072
1.046473
1.263468
1.043597
1.026488
1.323484
1.140396
1.169428
1.351436
1.001555
1.132176
1.088779
1.075923
1.186583
1.281935
1.178887
1.076598
1.142929
1.013707
1.091758
1.132915
1.315396
1.121349
0.892839
1.093088
1.236828
1.098013
1.149174
1.220117
1.119044
1.100520
1.079245
1.146901
1.032466
1.067497
1.075407
1.010754
1.165270
1.066641
1.151284
1.245219
1.110726
1.260168
1.130646
1.034168
1.186620
1.064671
1.077467
1.029574
1.087544
1.160806
1.168910
1.045124
1.104185
1.097837
1.037963
1.040608
1.212447
1.208591
1.014620
1.162740
0.898234
1.026192
1.134277
1.073377
1.116207
1.268736
1.000969
1.169041
1.063050
1.038131
1.094630
1.216634
1.106566
1.044072
0.894004
1.087695
1.068323
0.922472
1.087147
1.128911
1.073620
1.380054
1.216397
0.954063
0.931462
1.191891
1.131343
1.186402
1.129980
1.129363
1.041289
1.007953
0.977562
1.200160
1.010362
1.210516
0.977800
1.004407
1.162159
1.094915
1.063906
0.986950
1.064092
1.036768
1.095648
1.135744
1.092225
1.014698
1.069090
1.155891
1.016459
1.139078
1.213748
1.116941
1.113725
1.151404
0.982024
0.933283
1.271554
1.105408
1.047615
1.074677
1.017473
1.036527
0.918809
1.108242
0.985686
1.059852
1.167560
1.173195
1.042331
1.257080
1.241376
1.091719
1.031589
1.168155
0.967451
1.221534
1.046188
1.089539
1.046774
1.148190
0.943457
1.077523
0.865478
0.636576
1.245211
0.957185
1.025579
0.983965
1.170250
1.240504
0.898354
1.186567
1.002925
1.039966
0.957816
0.988705
1.019103
1.035464
0.968423
1.187693
1.013710
0.925200
1.121449
1.018144
1.080806
1.012784
1.036499
0.923463
0.976791
1.042048
1.129762
1.063873
1.037097
0.966431
0.949674
0.872914
1.100035
0.947257
0.987089
1.086070
1.077831
1.071285
1.147246
1.016387
1.028609
0.971830
1.045429
1.272331
1.146903
1.076959
1.026919
1.036444
1.094184
0.975417
1.058749
0.882145
1.026820
1.054889
0.888997
1.208117
1.040246
0.988584
1.129913
1.174833
0.938792
0.928701
1.182585
0.973009
1.017554
1.048654
1.016490
1.169671
1.026322
1.206721
1.219071
1.153855
1.084584
1.062299
1.128770
1.033011
0.968388
1.040079
0.933943
1.158604
1.010779
0.932687
0.965849
0.893655
1.109454
1.039366
0.924842
0.915894
1.044580
1.043358
1.074447
0.848209
0.949434
1.022846
1.058246
1.080686
1.018689
0.911534
0.934164
1.111193
1.121754
1.036900
1.188429
1.082935
0.948079
1.096485
1.107494
1.045250
0.989257
1.112484
1.039945
1.157079
0.956276
0.957303
0.849984
0.956662
1.005167
1.004356
1.008594
0.917763
0.982374
1.152604
1.032170
0.991323
1.069988
0.956693
1.005927
0.971000
0.925948
1.115249
1.014679
0.820802
1.113392
1.010745
0.968392
1.015826
1.073831
0.952748
1.018345
0.963012
0.967283
1.019610
1.002891
0.971117
1.024872
1.016072
1.062630
0.908428
1.060328
1.069908
0.969621
0.948677
1.091401
1.021606
0.840654
0.967459
0.937947
1.112685
0.968472
1.093394
0.965426
0.951376
1.114276
0.917266
1.072186
0.950801
1.035437
0.987742
0.888363
0.880474
0.977163
1.061927
1.121707
0.922649
1.024036
0.862841
0.963827
1.042743
0.994464
0.904746
0.896688
0.888329
1.016535
0.848252
0.957936
1.076687
0.942096
0.973119
1.042469
0.912463
1.104125
0.822774
1.035167
1.108153
1.049340
0.876147
0.993905
1.023973
0.811783
0.997456
0.827366
1.036688
0.934109
0.967549
0.831838
0.970710
0.947479
1.164816
0.994013
0.757524
0.955870
0.916794
0.954617
0.961390
0.948406
0.976026
0.928039
1.125049
1.002425
1.109607
1.051462
0.987630
0.960110
1.210458
0.947262
0.962912
0.964844
1.104296
0.959272
0.967723
0.972390
1.036462
0.963075
0.974173
1.127547
0.899714
0.880324
0.909914
0.945430
0.807473
0.887255
1.001979
0.873907
0.899230
0.937600
1.040036
0.977242
0.860246
0.955104
0.777995
0.997944
0.982305
1.092522
0.966554
1.036532
0.875476
0.936377
1.214480
0.962392
1.096925
0.851522
0.862759
0.908916
0.971376
1.021195
0.798787
0.885736
0.932936
1.082795
0.867922
0.892403
1.060481
0.921913
0.968674
0.846660
0.989743
0.895026
0.977794
1.098671
0.939206
0.856450
0.907677
0.780828
0.867195
0.903430
0.865687
1.012047
1.063398
1.008839
0.922116
0.907714
1.118301
0.872746
1.011760
1.073103
0.997763
0.816454
0.937549
0.833021
1.120923
0.899300
0.790478
0.921755
0.947147
0.913569
0.816588
0.844772
0.945754
0.940824
0.833136
0.900488
0.892412
0.946789
0.916954
1.057806
0.982284
1.000129
0.960699
0.948886
1.108594
0.939051
0.940880
1.103540
0.968545
0.981850
1.000749
0.832751
0.782246
1.086322
0.965675
0.918223
0.938629
0.958119
0.957633
0.847774
0.840718
0.885595
0.853017
0.887163
0.772833
0.996053
1.000159
0.935373
0.907915
1.132638
0.902112
0.965488
0.941075
0.943250
1.019610
0.970715
0.567750
0.894799
0.871817
0.848643
0.820152
1.000736
0.817577
0.928965
0.810467
0.845518
0.900703
0.860762
0.901149
0.810237
0.916043
1.023068
0.932448
0.758574
1.108086
0.838238
0.869422
0.917058
0.772399
0.909514
0.930330
1.006662
1.151908
1.113784
1.038441
0.933476
0.863263
0.938407
1.049517
0.810080
0.921729
0.832262
1.065923
0.899599
0.851004
1.054938
0.817879
0.847857
0.986040
0.830725
0.759386
0.900595
0.884190
0.996574
0.960612
0.915629
0.889652
0.883724
0.751691
1.012427
1.019484
0.847622
1.005873
0.954526
0.999405
0.908362
0.874784
0.897303
0.932876
0.753791
0.978573
0.842368
0.907666
0.906992
0.937911
0.840042
0.912499
0.893951
0.918890
0.835864
0.941408
0.920523
0.896437
0.985646
0.855492
0.971350
0.735974
1.048880
0.992153
0.910049
1.081084
0.943253
0.746058
0.698323
0.840825
0.957927
0.750137
0.839550
0.953891
0.920903
1.007949
0.819726
0.915951
0.984613
0.675508
0.994850
0.799538
0.981427
0.909940
0.842865
0.789386
0.807733
0.876628
0.902457
0.910546
1.025164
0.784855
0.707525
0.962330
0.912458
0.932484
0.895850
1.017516
0.762866
0.947055
0.873058
0.873159
0.969333
0.774296
0.779365
0.973484
0.885062
0.857480
0.810107
1.054335
0.721339
0.830286
0.944598
0.795400
0.855240
0.967840
0.860737
0.859763
0.972203
0.789675
0.766446
1.007674
0.804762
0.950288
0.930819
0.812284
0.701542
0.847283
0.940921
0.790413
0.897252
0.822474
0.821514
0.940027
0.981932
0.830477
1.084918
0.884189
0.823752
0.857585
0.878500
0.869526
0.983441
0.775275
0.994373
0.838777
0.960518
0.898429
1.041531
1.049419
0.882052
0.827037
0.791449
0.942302
0.849606
0.885696
0.859311
0.845697
0.837503
0.851008
0.888426
0.818422
0.960666
0.853338
0.958163
0.959523
0.911855
0.922978
0.785988
0.904149
0.719363
1.024454
0.872863
0.980901
0.824353
0.985841
0.795335
0.816637
0.846658
0.822810
0.699928
0.914287
0.792756
0.904846
0.813175
0.844252
0.830684
0.971078
0.793298
1.027507
0.934828
0.752822
0.897954
0.848261
0.862049
0.872111
0.887003
1.056743
1.041887
0.802847
0.926429
0.777561
0.800370
0.903180
0.768051
0.750980
0.834681
0.768831
0.797681
0.872352
0.906851
1.029093
0.957772
0.701467
0.899319
0.810012
0.794670
0.878883
0.916427
1.047272
0.754306
0.913163
0.857471
0.787247
0.655243
0.808030
0.749252
1.059623
0.903171
0.828927
0.976907
0.865022
0.996645
0.706637
0.771809
0.811420
0.996525
0.818472
0.816984
0.882040
0.844751
0.945467
0.913477
0.851146
1.090947
0.845133
0.927403
0.731017
0.896640
0.847436
0.969035
0.729330
0.913815
0.827307
0.791840
0.827695
0.870298
0.784615
0.651823
0.792281
0.938989
0.751762
0.922234
0.838644
0.797645
0.835743
0.760886
0.980197
0.792441
0.523425
0.780487
0.814888
0.949482
0.893453
0.912553
0.732150
0.880319
0.822165
0.716382
0.939770
0.707675
0.837704
0.757572
0.776328
0.860149
0.958063
0.851128
0.880586
0.888143
0.791901
0.872414
0.833190
0.931846
0.890561
0.663178
0.796407
0.939637
0.881902
0.833455
0.806840
0.886126
1.121212
0.857465
0.733775
1.068762
0.998810
0.808395
0.641364
1.093719
0.772521
0.799150
0.811491
0.844959
0.829653
0.780432
0.731793
0.935776
0.888667
0.663822
0.767146
0.808754
0.844923
0.802452
0.886613
0.661985
0.883713
0.878202
0.748364
0.753341
0.842114
0.760564
0.777911
0.810414
0.700992
0.687042
0.783474
0.787374
0.870621
0.646837
0.895852
0.780319
0.731046
0.934013
0.731972
0.816849
0.826553
0.894862
0.990768
0.733920
0.863332
0.806878
0.952932
0.828817
0.811252
0.905117
0.849776
0.816767
0.904013
0.820785
0.814899
0.829780
0.895612
0.743615
0.669889
0.721200
0.527739
0.861568
0.858184
0.885128
0.957807
0.738818
0.784603
0.632215
0.867918
0.860659
0.819345
0.959529
0.862317
0.859893
0.753467
0.722896
0.774003
0.848612
0.746526
1.022090
0.649968
0.725831
0.877028
0.642872
0.950539
0.669403
0.925398
0.953726
0.866096
0.791942
0.908711
0.989765
0.590942
0.787818
0.841853
0.710139
0.821493
0.740283
0.765555
0.735022
0.892554
0.646074
0.801626
0.922348
0.806985
0.942397
0.761141
0.765464
0.868123
0.712904
0.831238
0.912267
0.712721
0.834893
0.781386
0.866667
0.807711
0.794679
0.821156
0.842476
0.778461
0.627620
0.727624
0.773462
0.909725
0.804638
0.719877
0.811906
0.869775
0.746090
1.065711
0.585938
0.674601
0.829999
0.914178
0.851009
0.809265
0.773318
0.909450
0.806764
0.850446
0.819988
0.846631
0.710738
0.821563
0.805689
0.804350
0.822102
0.795937
0.628231
0.858412
0.738056
0.853538
0.678757
0.823838
0.722553
0.776921
0.846866
0.891776
0.803205
0.785622
0.652663
0.778484
0.786227
0.671317
0.785657
0.668091
0.910142
0.619351
0.702709
0.805134
0.905378
0.763449
0.758451
0.773203
0.873251
0.662228
0.855495
0.852788
0.825762
0.715747
0.804711
0.742145
0.602132
0.924545
0.682883
0.763145
0.750193
0.975037
0.949077
0.632975
0.749930
0.783735
0.732557
0.734039
0.722462
0.918613
0.859493
0.642283
0.851401
0.891243
0.795280
0.825827
0.833270
0.793422
0.737544
0.786932
0.636412
0.605380
0.786424
0.744217
0.730141
0.712852
0.789842
0.906461
0.708781
0.860756
0.953465
0.665642
0.807142
0.505443
0.724031
0.670180
0.753688
0.792711
0.831005
0.719812
0.873717
0.816009
0.572780
0.633928
0.718320
0.723217
0.844527
0.859065
0.708590
0.813154
0.752542
0.784083
0.788486
0.751663
0.763025
0.853091
0.914956
0.643070
0.783649
0.834035
0.788592
0.694539
0.893209
0.750337
0.703004
0.866725
0.683660
0.733876
0.737507
0.776201
1.005477
0.847395
0.595279
0.952939
0.702527
0.789585
0.717867
0.852001
0.763149
0.799772
0.848538
0.702697
0.591446
0.581568
0.765097
0.817778
0.711411
0.814635
0.822301
0.638343
0.800295
0.750815
0.801223
0.770958
0.652334
0.648179
0.697917
0.720779
0.746645
0.602493
0.806305
0.715354
0.856753
0.876294
0.573259
0.911703
0.680702
0.720629
0.800442
0.805151
0.672954
0.708594
0.686895
0.628489
0.704409
0.668947
0.639721
0.779154
0.637146
0.783510
0.829435
0.707236
0.667250
0.785961
0.704174
0.844769
0.915035
0.877096
0.718906
0.806962
0.710136
0.700898
0.753141
0.701319
0.693644
0.867425
0.745964
0.821510
0.742637
0.800575
0.752863
0.712458
0.779225
0.627065
0.617029
0.574699
0.647990
0.777900
0.648020
0.715361
0.801625
0.789047
0.723078
0.823787
0.742472
0.768973
0.810293
0.711607
0.681081
0.711025
0.788536
0.750200
0.720506
0.741189
0.741127
0.567865
0.595593
0.783181
0.802114
0.876017
0.778459
0.749573
0.709742
0.691497
0.627758
0.757668
0.754675
0.795505
0.694225
0.739100
0.657468
0.634725
0.852634
0.734323
0.649094
0.875024
0.681704
0.704384
0.777589
0.802769
0.677374
0.843051
0.705615
0.986128
0.601264
0.657726
0.662774
0.665682
0.594023
0.852810
0.704902
0.750615
0.730072
0.653234
0.793328
0.825057
0.627464
0.741373
0.741887
0.543017
0.726337
0.721357
0.697030
0.955740
0.731085
0.811814
0.585891
0.626868
0.733757
0.737971
0.887609
0.814474
0.540713
0.758478
0.819026
0.800591
0.780331
0.759866
0.725034
0.795902
0.757849
0.723817
0.696971
0.746145
0.839021
0.519812
0.790279
0.593633
0.740517
0.732126
0.716408
0.641081
0.816921
0.758424
0.675185
0.706350
0.544906
0.624720
0.750877
0.760274
0.899339
0.555245
0.771664
0.673059
0.807050
0.784877
0.695309
0.935832
0.743716
0.775016
0.742738
0.735223
0.861271
0.846861
0.735807
0.549698
0.662729
0.634377
0.648518
0.752728
0.738251
0.767549
0.670563
0.750759
0.588233
0.768538
0.794017
0.587143
0.518818
0.726420
0.822274
0.746765
0.631024
0.690285
0.618660
0.796748
0.581791
0.707759
0.623079
1.041433
0.695367
0.831775
0.793252
0.732760
0.621299
0.703351
0.735058
0.686249
0.702131
0.812208
0.781846
0.585553
0.740855
0.677939
0.515377
0.624041
0.610829
0.677234
0.868698
0.529030
0.688041
0.748528
0.819808
0.645196
0.677326
0.623089
0.782598
0.877811
0.491128
0.686584
0.913369
0.503672
0.648215
0.709636
0.542674
0.707619
0.753971
0.537270
0.714181
0.685226
0.741048
0.789923
0.632069
0.726423
0.644231
0.678556
0.594961
0.564513
0.711847
0.702009
0.641340
0.633857
0.875732
0.813890
0.577363
0.715762
0.933012
0.684531
0.722320
0.615821
0.694873
0.688389
0.723940
0.667615
0.665485
0.662477
0.635441
0.746390
0.748503
0.684795
0.731874
0.572189
0.700618
0.569250
0.897049
0.656526
0.555216
0.669329
0.605432
0.680168
0.779157
0.716015
0.677281
0.743585
0.799507
0.588083
0.710419
0.647867
0.689856
0.934751
0.688722
0.743388
0.764983
0.724781
0.711671
0.655311
0.592362
0.651043
0.666059
0.620985
0.639150
0.834854
0.735180
0.811680
0.640343
0.685988
0.701896
0.719199
0.666466
0.694033
0.768288
0.598809
0.766866
0.672917
0.662555
0.480209
0.746799
0.752418
0.735600
0.649260
0.493254
0.643514
0.725021
0.907768
0.797599
0.676801
0.696824
0.733629
0.669657
0.667944
0.764914
0.631620
0.686694
0.660455
0.525558
0.780536
0.593232
0.796525
0.666055
0.680222
0.743955
0.627375
0.575177
0.626769
0.575982
0.763295
0.633749
0.634396
0.582504
0.681764
0.631722
0.700907
0.613788
0.603442
0.679803
0.577416
0.715695
0.699692
0.653797
0.587768
0.671962
0.551147
0.601657
0.833693
0.766182
0.583292
0.760167
0.761881
0.724357
0.691027
0.695529
0.718054
0.685032
0.698919
0.596644
0.648378
0.635559
0.955978
0.765560
0.621031
0.673975
0.756109
0.515915
0.604561
0.798505
0.667493
0.768772
0.555856
0.555578
0.603608
0.600045
0.772433
0.683321
0.758646
0.615903
0.737724
0.651626
0.460072
0.649333
0.630247
0.649443
0.508614
0.773934
0.716149
0.668314
0.708247
0.710678
0.623613
0.693118
0.647226
0.675090
0.634104
0.713868
0.671047
0.551160
0.744965
0.778394
0.570706
0.783646
0.600651
0.497786
0.681763
0.754730
0.803935
0.754906
0.616356
0.695465
0.626685
0.591895
0.563097
0.582302
0.596911
0.690645
0.713489
0.592286
0.750974
0.912780
0.716612
0.449488
0.720893
0.766769
0.664246
0.820504
0.619793
0.694941
0.640345
0.764675
0.625133
0.641679
0.705118
0.708388
0.633528
0.560623
0.759893
0.804128
0.666469
0.679379
0.615209
0.679301
0.706032
0.636443
0.724403
0.752093
0.640045
0.702266
0.727878
0.628685
0.733074
0.760036
0.602638
0.680819
0.833727
0.677050
0.550194
0.601078
0.463699
0.778915
0.630620
0.517096
0.667223
0.572203
0.685838
0.567907
0.666876
0.570892
0.742968
0.552378
0.573154
0.602353
0.709502
0.613349
0.636719
0.621096
0.720094
0.556027
0.664661
0.655739
0.649899
0.501020
0.691685
0.844553
0.628132
0.683604
0.665172
0.524251
0.754650
0.563027
0.620902
0.574959
0.778891
0.539673
0.645660
0.813081
0.709164
0.686649
0.692214
0.665700
0.695311
0.537149
0.477803
0.728012
0.798616
0.568577
0.716237
0.663262
0.552121
0.584426
0.763659
0.645444
0.645920
0.709488
0.548309
0.826781
0.682325
0.601227
0.714690
0.569688
0.821326
0.550028
0.715290
0.690675
0.638620
0.604601
0.716731
0.567621
0.537156
0.594450
0.529521
0.602456
0.595171
0.615067
0.604988
0.642954
0.571784
0.726908
0.616244
0.612898
0.734218
0.638524
0.615712
0.630589
0.713759
0.513611
0.716805
0.557989
0.677285
0.693765
0.513546
0.490071
0.616722
0.631903
0.621599
0.730692
0.593466
0.575592
0.580164
0.645587
0.724518
0.677824
0.496704
0.508297
0.816197
0.674620
0.575408
0.484319
0.514796
0.632246
0.587601
0.550649
0.760162
0.791600
0.531762
0.577865
0.641324
0.549552
0.784464
0.685405
0.654822
0.670127
0.576907
0.655415
0.544535
0.643787
0.617356
0.651655
0.647495
0.812622
0.625183
0.720752
0.597475
0.622310
0.647546
0.713551
0.629267
0.536172
0.476083
0.666051
0.572239
0.545205
0.792339
0.717910
0.703249
0.716038
0.579869
0.571452
0.543251
0.486303
0.723971
0.620607
0.549721
0.539719
0.639299
0.640589
0.639710
0.587795
0.690295
0.596500
0.559738
0.618757
0.504438
0.631243
0.670336
0.652053
0.756268
0.741429
0.472900
0.585307
0.403552
0.514129
0.528784
0.508614
0.497528
0.623579
0.573727
0.561377
0.642789
0.609590
0.504013
0.660216
0.624107
0.609389
0.677371
0.723999
0.706058
0.566743
0.535973
0.585929
0.613104
0.727233
0.517326
0.663070
0.589014
0.552086
0.638419
0.607853
0.592583
0.527170
0.581142
0.683341
0.463250
0.623186
0.553417
0.465757
0.626327
0.642256
0.682924
0.637772
0.609025
0.658375
0.464883
0.621828
0.577670
0.608888
0.672715
0.536274
0.512472
0.530937
0.566776
0.727673
0.697145
0.791305
0.636569
0.710527
0.497391
0.589312
0.616236
0.809194
0.630985
0.598778
0.583459
0.663934
0.899414
0.664918
0.641651
0.592353
0.597534
0.425894
0.788010
0.618556
0.589026
0.585803
0.497983
0.654330
0.593989
0.399522
0.546696
0.488951
0.497633
0.593225
0.690709
0.676187
0.445689
0.710758
0.647829
0.621203
0.834669
0.605110
0.480035
0.518763
0.652054
0.695994
0.666419
0.510498
0.668485
0.589740
0.512711
0.545023
0.607880
0.530399
0.527931
0.598094
0.550021
0.501432
0.593824
0.599543
0.656720
0.698064
0.517914
0.494363
0.535594
0.483943
0.705990
0.584597
0.507366
0.699264
0.714550
0.565356
0.740364
0.750745
0.668257
0.441145
0.791530
0.637724
0.723474
0.518199
0.809362
0.643573
0.551501
0.635850
0.663267
0.504516
0.552546
0.735745
0.582748
0.596419
0.578060
0.656698
0.657911
0.797893
0.630179
0.702667
0.465500
0.706458
0.565344
0.609582
0.677739
0.529397
0.614377
0.585052
0.465913
0.759175
0.704731
0.671100
0.495873
0.530945
0.567432
0.529695
0.669578
0.681129
0.610152
0.661318
0.703357
0.578964
0.481039
0.689028
0.683409
0.646717
0.474706
0.563461
0.520190
0.708250
0.549737
0.635246
0.697423
0.642395
0.511194
0.585743
0.536893
0.764874
0.564638
0.569516
0.680097
0.565557
0.572228
0.651388
0.490138
0.657762
0.507320
0.499208
0.562819
0.530318
0.704294
0.550680
0.563906
0.557048
0.688868
0.487100
0.713831
0.478221
0.745830
0.710530
0.554688
0.658128
0.676460
0.601712
0.715056
0.749700
0.687599
0.545038
0.607869
0.518226
0.532078
0.550851
0.563814
0.646431
0.620532
0.515901
0.456804
0.564116
0.513925
0.664249
0.517995
0.597586
0.645204
0.529907
0.619860
0.534717
0.551565
0.582087
0.556307
0.548205
0.525701
0.583897
0.481821
0.483797
0.646496
0.616658
0.585828
0.460469
0.635571
0.532520
0.516844
0.620830
0.573686
0.582299
0.607820
0.735870
0.633940
0.627578
0.570919
0.492575
0.607802
0.571358
0.603803
0.622359
0.480945
0.554148
0.488547
0.543206
0.747590
0.606970
0.488860
0.461195
0.563178
0.659569
0.587277
0.505470
0.671397
0.440815
0.627223
0.633546
0.647474
0.802827
0.672438
0.572092
0.750509
0.622752
0.607308
0.472479
0.557017
0.490640
0.385957
0.556806
0.578722
0.562841
0.516598
0.657716
0.610971
0.594256
0.538826
0.625904
0.572651
0.656778
0.513829
0.688896
0.523665
0.504202
0.550365
0.555094
0.496453
0.546978
0.785130
0.613599
0.434220
0.722496
0.428533
0.545172
0.668115
0.662634
0.828954
0.480376
0.703788
0.524225
0.637507
0.570724
0.450852
0.566163
0.937823
0.700733
0.540748
0.459872
0.622189
0.725184
0.558567
0.691154
0.620835
0.678049
0.431938
0.632179
0.561116
0.614254
0.476069
0.531968
0.526023
0.545791
0.649304
0.568343
0.474718
0.471206
0.470835
0.624011
0.545928
0.728503
0.452561
0.690179
0.496436
0.631829
0.563905
0.567775
0.540668
0.568917
0.576002
0.524000
0.566890
0.595818
0.470552
0.575438
0.491834
0.622252
0.505769
0.516397
0.554264
0.513140
0.517855
0.549430
0.646785
0.530681
0.691878
0.572463
0.735950
0.535164
0.556299
0.578256
0.609041
0.456793
0.726986
0.455596
0.408237
0.626352
0.591115
0.630242
0.560201
0.479611
0.585062
0.620943
0.672036
0.582238
0.621231
0.660615
0.734498
0.599034
0.581236
0.521058
0.637124
0.519746
0.492177
0.584941
0.554738
0.621688
0.645352
0.558790
0.598780
0.496422
0.477749
0.544991
0.475147
0.611588
0.627744
0.425200
0.539760
0.601778
0.515665
0.551136
0.381963
0.582104
0.594398
0.559692
0.492160
0.604268
0.499281
0.700591
0.515410
0.658763
0.455780
0.776180
0.554416
0.629111
0.585148
0.468808
0.467035
0.577435
0.557772
0.466014
0.483482
0.625968
0.638300
0.501870
0.633859
0.547692
0.590856
0.485010
0.646953
0.562203
0.612680
0.563850
0.301159
0.488097
0.544225
0.561948
0.450250
0.606618
0.593630
0.421340
0.469023
0.602064
0.562534
0.569245
0.748994
0.496416
0.581205
0.543898
0.568183
0.467914
0.515281
0.604798
0.528789
0.657506
0.609937
0.459467
0.499271
0.592388
0.487191
0.455766
0.465808
0.601457
0.550325
0.573441
0.648370
0.458966
0.534575
0.581295
0.448280
0.570689
0.430546
0.625621
0.590298
0.600799
0.498399
0.531042
0.559563
0.592954
0.577467
0.479879
0.512883
0.701071
0.665334
0.671465
0.634497
0.696626
0.539702
0.629778
0.648277
0.503825
0.478515
0.469172
0.424636
0.542927
0.466311
0.594262
0.684021
0.658259
0.544489
0.611113
0.607915
0.517365
0.542913
0.613103
0.479894
0.608393
0.594918
0.474655
0.408690
0.567735
0.516990
0.416787
0.473134
0.643306
0.506999
0.574036
0.571755
0.560912
0.486072
0.636937
0.515877
0.588926
0.419376
0.536363
0.480462
0.531549
0.532576
0.581528
0.497756
0.482899
0.622763
0.420513
0.676936
0.509414
0.525590
0.622447
0.469841
0.340501
0.648948
0.493744
0.524327
0.579966
0.429747
0.495353
0.719524
0.475025
0.519148
0.649287
0.603877
0.611327
0.573424
0.490479
0.611276
0.548142
0.501989
0.532700
0.397179
0.691932
0.604971
0.533038
0.681369
0.491686
0.539280
0.513695
0.406762
0.500522
0.687252
0.398013
0.658823
0.710696
0.389619
0.512589
0.537361
0.821952
0.523813
0.682727
0.655969
0.655505
0.531862
0.574295
0.448092
0.591555
0.538600
0.512519
0.533835
0.570928
0.599822
0.419485
0.384081
0.588404
0.489136
0.590192
0.510783
0.876207
0.465406
0.511882
0.550226
0.783529
0.512450
0.643716
0.582172
0.433787
0.575168
0.452251
0.488132
0.458915
0.483274
0.563888
0.411504
0.578915
0.533621
0.565221
0.443584
0.546046
0.580102
0.639261
0.534706
0.499625
0.592061
0.594350
0.375423
0.555733
0.592788
0.618109
0.765419
0.512150
0.565566
0.760127
0.556175
0.530665
0.355830
0.441701
0.470627
0.488018
0.550077
0.471611
0.587440
0.591994
0.662714
0.462191
0.465429
0.447397
0.478476
0.458704
0.452447
0.539057
0.593938
0.639424
0.454449
0.498930
0.570998
0.496308
0.598176
0.615726
0.612099
0.545997
0.357925
0.599401
0.499434
0.603344
0.578376
0.508666
0.464455
0.387829
0.529041
0.492505
0.509993
0.647911
0.715063
0.538172
0.556128
0.543540
0.565865
0.550208
0.481308
0.556240
0.561758
0.464358
0.445247
0.590135
0.525900
0.421216
0.431319
0.491926
0.448635
0.520477
0.612249
0.537600
0.600307
0.473116
0.589719
0.621676
0.554915
0.435127
0.591097
0.519014
0.522886
0.519460
0.546826
0.466159
0.560544
0.603114
0.627205
0.397195
0.648041
0.476463
0.544180
0.485375
0.471461
0.553401
0.451016
0.533957
0.649566
0.514924
0.629218
0.383579
0.464392
0.549926
0.480647
0.597299
0.499579
0.556222
0.568055
0.607639
0.555123
0.467469
0.683984
0.434545
0.482041
0.514317
0.532719
0.646066
0.528823
0.495667
0.512082
0.429579
0.586529
0.455173
0.446900
0.504238
0.534121
0.538558
0.506862
0.738097
0.476355
0.442726
0.410664
0.466949
0.501534
0.519674
0.460263
0.401847
0.391708
0.547550
0.493593
0.447260
0.649774
0.459622
0.443536
0.393965
0.661658
0.467367
0.524609
0.443926
0.452313
0.473595
0.542524
0.481832
0.366651
0.538770
0.570397
0.459014
0.491144
0.726922
0.432594
0.466278
0.670495
0.529900
0.545736
0.520181
0.636972
0.474092
0.528965
0.573507
0.386479
0.475959
0.503875
0.480192
0.485542
0.399004
0.612601
0.585023
0.614543
0.562158
0.565728
0.571004
0.709643
0.531714
0.537529
0.548282
0.492421
0.558861
0.409342
0.405883
0.395457
0.436464
0.385763
0.569311
0.481191
0.558917
0.438071
0.475809
0.458792
0.441932
0.507054
0.483687
0.277035
0.476974
0.625514
0.512423
0.514569
0.567744
0.652544
0.483500
0.573006
0.479190
0.552330
0.402049
0.522480
0.446574
0.548881
0.587146
0.431292
0.635878
0.524959
0.516156
0.435954
0.487425
0.532440
0.450470
0.593268
0.528673
0.512838
0.544211
0.460452
0.459557
0.433597
0.462102
0.693768
0.410563
0.562587
0.472638
0.489842
0.471540
0.391509
0.462498
0.509095
0.433107
0.459484
0.693735
0.525949
0.690941
0.541314
0.471236
0.501033
0.431116
0.527122
0.474687
0.485033
0.518702
0.411795
0.472162
0.586376
0.561535
0.463425
0.606992
0.479901
0.564213
0.542257
0.342378
0.529775
0.644854
0.398718
0.565434
0.451119
0.396526
0.441604
0.427126
0.543817
0.515843
0.631383
0.474963
0.563442
0.454094
0.481912
0.433715
0.462155
0.535729
0.528116
0.437632
0.374617
0.443297
0.453505
0.585838
0.562043
0.542575
0.559181
0.592962
0.464791
0.341109
0.526542
0.525343
0.467432
0.471579
0.554649
0.523636
0.439462
0.415696
0.494740
0.497943
0.350792
0.711948
0.420822
0.646225
0.530904
0.594244
0.394231
0.418201
0.399682
0.541513
0.407865
0.513726
0.481124
0.533169
0.552738
0.436972
0.522050
0.481644
0.528035
0.539135
0.429552
0.449647
0.514532
0.401795
0.250623
0.505020
0.444908
0.332397
0.366117
0.599511
0.403333
0.622240
0.438352
0.482441
0.550895
0.377767
0.422502
0.433381
0.461151
0.535000
0.563673
0.683276
0.513371
0.495017
0.515669
0.502296
0.499017
0.477000
0.550602
0.380247
0.679128
0.427093
0.463382
0.418857
0.508952
0.528425
0.654403
0.507733
0.475270
0.588324
0.523714
0.493374
0.505272
0.382791
0.476197
0.444234
0.476179
0.552165
0.541243
0.419217
0.531232
0.501329
0.443226
0.593072
0.470696
0.467513
0.408838
0.518110
0.417709
0.418845
0.431905
0.569935
0.538871
0.442617
0.476176
0.563405
0.518251
0.496430
0.328150
0.554899
0.482439
0.443422
0.435050
0.447574
0.574381
0.619135
0.644571
0.450790
0.467417
0.438264
0.396545
0.476848
0.433627
0.405548
0.481960
0.503745
0.509488
0.546313
0.566126
0.502351
0.398670
0.641972
0.406758
0.568653
0.447715
0.349524
0.454608
0.501545
0.362171
0.500301
0.265572
0.551828
0.478251
0.412759
0.405727
0.336036
0.432041
0.410612
0.673451
0.404363
0.435753
0.487284
0.646183
0.391765
0.487766
0.431325
0.446380
0.414195
0.559069
0.480518
0.469140
0.442492
0.374146
0.472792
0.539565
0.380593
0.462860
0.467200
0.459744
0.428532
0.447900
0.363283
0.442244
0.395764
0.443226
0.411408
0.488762
0.461946
0.459526
0.421585
0.402770
0.378205
0.543053
0.465070
0.470269
0.552968
0.450731
0.532176
0.433753
0.457999
0.595289
0.331048
0.460634
0.570862
0.325277
0.525446
0.490461
0.485850
0.395857
0.577186
0.393616
0.470569
0.333159
0.516083
0.500936
0.363442
0.471730
0.533955
0.510596
0.449258
0.412384
0.414681
0.458726
0.520493
0.519618
0.505303
0.408003
0.438288
0.569172
0.458916
0.487084
0.354169
0.549006
0.492993
0.606706
0.526217
0.409095
0.555278
0.425932
0.403640
0.477900
0.463557
0.417720
0.446179
0.624138
0.476556
0.617696
0.447616
0.577290
0.502621
0.364159
0.463975
0.407613
0.393245
0.549517
0.602669
0.499102
0.426128
0.486418
0.480638
0.458448
0.458115
0.460304
0.390945
0.391228
0.433687
0.522690
0.372976
0.457868
0.419783
0.469257
0.495663
0.460857
0.425599
0.337832
0.430259
0.514952
0.532777
0.679301
