2.305342
2.303093
2.296036
2.274397
2.280409
2.278319
2.274836
2.276075
2.263758
2.267771
2.276891
2.305943
2.329462
2.300082
2.313990
2.262781
2.187430
2.154242
2.111272
2.111350
2.050251
2.011459
1.874450
1.911130
1.914862
1.926261
1.868537
1.864317
1.837502
1.817407
1.753470
1.789452
1.752715
1.790479
1.806522
1.802073
1.781257
1.731967
1.738126
1.719906
1.754361
1.754666
1.702048
1.698660
1.708156
1.746758
1.731617
1.695062
1.730053
1.717528
1.692349
1.691850
1.678366
1.680028
1.711610
1.711211
1.706779
1.706947
1.704403
1.725403
1.665401
1.713245
1.681445
1.685908
1.658090
1.682587
1.682289
1.694008
1.708294
1.688129
1.663931
1.706463
1.679226
1.670306
1.670778
1.641637
1.660018
1.686846
1.667205
1.646963
1.701358
1.651737
1.696840
1.658195
1.621058
1.648378
1.661809
1.643093
1.645643
1.644201
1.656672
1.666959
1.667566
1.651908
1.684980
1.644205
1.652685
1.650195
1.631174
1.639038
1.621783
1.662262
1.638942
1.638905
1.658615
1.664738
1.648358
1.657616
1.655020
1.648773
1.631341
1.621719
1.617933
1.675151
1.653084
1.656589
1.637074
1.620397
1.636885
1.624230
1.639860
1.650225
1.646209
1.634852
1.613434
1.631643
1.653106
1.626871
1.645022
1.632681
1.660259
1.661539
1.651447
1.643110
1.640290
1.632552
1.643819
1.634717
1.650874
1.633801
1.659189
1.659742
1.641541
1.628384
1.638329
1.627710
1.633490
1.657903
1.641371
1.636813
1.653613
1.635734
1.632544
1.630892
1.603368
1.628024
1.636735
1.622154
1.684353
1.662992
1.662304
1.643906
1.657472
1.648268
1.622221
1.622258
1.639134
1.652084
1.649484
1.614626
1.635646
1.649315
1.649726
1.627487
1.645371
1.625135
1.601879
1.643245
1.621129
1.599629
1.628172
1.626482
1.611176
1.610401
1.625447
1.604763
1.621666
1.609365
1.624191
1.593084
1.612582
1.623497
1.635026
1.627330
1.600675
1.615710
1.597889
1.588931
1.589108
1.627620
1.625838
1.598944
1.613094
1.614181
1.607292
1.611523
1.636354
1.614595
1.596949
1.592853
1.605377
1.627381
1.618683
1.615656
1.603333
1.620101
1.636632
1.622020
1.610350
1.590697
1.609019
1.607087
1.593560
1.597627
1.595161
1.606838
1.594661
1.610502
1.595029
1.629725
1.621763
1.604838
1.593681
1.607311
1.627798
1.623692
1.592461
1.608035
1.588794
1.626014
1.616211
1.607658
1.602824
1.581024
1.623571
1.611946
1.610721
1.582525
1.588998
1.590710
1.600156
1.604913
1.595808
1.610865
1.592627
1.585979
1.584222
1.617432
1.586364
1.596726
1.595042
1.588094
1.587742
1.574272
1.592723
1.597389
1.633212
1.584107
1.604782
1.591910
1.585353
1.581046
1.595255
1.588627
1.565186
1.592578
1.598842
1.596659
1.597927
1.585756
1.589391
1.593924
1.584325
1.606938
1.578321
1.581647
1.596555
1.603086
1.594599
1.587913
1.598080
1.602004
1.594119
1.601654
1.579873
1.603747
1.571755
1.603368
1.600666
1.600785
1.601993
1.609582
1.578383
1.573483
1.608719
1.590594
1.608727
1.599945
1.590674
1.594919
1.586280
1.590767
1.599793
1.582022
1.595343
1.581054
1.592046
1.618861
1.601203
1.608678
1.612269
1.594973
1.603830
1.581980
1.593245
1.583888
1.586821
1.576042
1.577530
1.581793
1.599146
1.598930
1.644507
1.595982
1.617299
1.605955
1.560949
1.564231
1.584278
1.574850
1.581560
1.571037
1.578272
1.590550
1.577005
1.570817
1.561368
1.586857
1.570002
1.587898
1.573820
1.599983
1.610991
1.577838
1.569447
1.574084
1.581833
1.558979
1.550407
1.577411
1.588551
1.597935
1.627470
1.607491
1.574979
1.567760
1.559572
1.578725
1.561761
1.564788
1.557525
1.569326
1.569285
1.562675
1.586241
1.569665
1.603779
1.575742
1.566722
1.541680
1.571188
1.552911
1.572137
1.556288
1.574303
1.561281
1.575407
1.576490
1.555347
1.550102
1.563684
1.549223
1.554275
1.559437
1.578555
1.572599
1.586849
1.564571
1.572337
1.570248
1.577045
1.590196
1.602135
1.577909
1.555926
1.536406
1.536216
1.545614
1.565757
1.574360
1.552147
1.540473
1.547343
1.560612
1.552379
1.546858
1.540229
1.540128
1.555292
1.574521
1.549228
1.562672
1.563001
1.554656
1.533218
1.540496
1.532470
1.532342
1.542487
1.547369
1.560480
1.578001
1.580995
1.559981
1.571270
1.540031
1.570741
1.531372
1.526276
1.512354
1.530258
1.559852
1.548135
1.548114
1.539656
1.533694
1.538164
1.557090
1.534370
1.556626
1.536017
1.535590
1.531010
1.530299
1.531537
1.509216
1.526249
1.527410
1.519612
1.526978
1.545454
1.536840
1.537764
1.528744
1.528933
1.528722
1.526518
1.528286
1.550138
1.546586
1.543349
1.525239
1.548609
1.535379
1.542027
1.518621
1.527235
1.540369
1.539242
1.522088
1.531320
1.523486
1.522327
1.527016
1.538893
1.523363
1.507806
1.547891
1.557959
1.543564
1.557083
1.563232
1.557074
1.548390
1.546736
1.513224
1.504049
1.525074
1.510514
1.517012
