2.295859
2.301852
2.303452
2.302957
2.302709
2.303080
2.302957
2.302585
2.302585
2.302585
2.302585
2.302585
2.302585
2.302585
2.302585
2.302585
2.302585
2.302585
2.302585
2.302585
2.302585
2.302585
2.302585
2.302585
2.302585
2.302585
2.302585
2.302585
2.302585
2.302585
2.302585
2.302585
2.302585
2.302585
2.302585
2.302585
2.302585
2.302585
2.302585
2.302585
2.302585
2.302585
2.302585
2.302585
2.302585
2.302585
2.302585
2.302585
2.302585
2.302585
2.302585
2.302585
2.302585
2.302585
2.302585
2.302585
2.302585
2.302585
2.302585
2.302585
2.302585
2.302585
2.302585
2.302585
2.302585
2.302585
2.302585
2.302585
2.302585
2.302585
2.302585
2.302585
2.302585
2.302585
2.302585
2.302585
2.301928
2.300613
2.293489
2.296631
2.294559
2.260685
2.259088
2.282465
2.251269
2.267442
2.295849
2.207384
2.244480
2.299313
2.292287
2.232316
2.269842
2.269334
2.173801
2.165212
2.259441
2.127268
2.231851
2.344304
2.305639
2.138024
2.224451
2.284791
2.343353
2.437580
2.436296
2.299015
2.112347
2.104902
1.979864
1.935807
1.958713
1.915269
1.854735
1.884045
1.860876
1.937788
2.013905
1.967757
1.927307
1.912941
1.804775
1.859530
1.794051
1.707982
1.700427
1.732182
1.756484
1.742561
1.745247
1.799128
1.808751
1.781203
1.820553
1.771366
1.711059
1.692091
1.687106
1.742076
1.691111
1.746329
1.707290
1.722886
1.670710
1.740457
1.691402
1.693588
1.641363
1.762534
1.708876
1.723604
1.671327
1.681564
1.676025
1.665896
1.696586
1.666621
1.658559
1.662578
1.708125
1.681117
1.679505
1.651858
1.716792
1.637453
1.671182
1.625210
1.640242
1.607590
1.647979
1.659437
1.627787
1.649404
1.623599
1.651129
1.652658
1.623878
1.638740
1.675449
1.633072
1.643218
1.699709
1.673060
1.665639
1.636566
1.622758
1.645929
1.638560
1.606370
1.643962
1.661334
1.698594
1.629007
1.618363
1.623312
1.624536
1.651067
1.628579
1.630761
1.615322
1.639335
1.646534
1.656061
1.647261
1.638258
1.614812
1.607718
1.622149
1.634042
1.609341
1.621793
1.638356
1.636359
1.609495
1.611089
1.655745
1.596852
1.623683
1.626115
1.614345
1.641942
1.605695
1.666093
1.653232
1.634978
1.603791
1.645217
1.632724
1.624753
1.632817
1.603663
1.602968
1.595918
1.603799
1.573418
1.573444
1.596185
1.604478
1.636471
1.625105
1.567115
1.587046
1.608761
1.621061
1.588468
1.627051
1.590721
1.619954
1.624315
1.632160
1.625785
1.625247
1.585748
1.581198
1.597904
1.589910
1.627043
1.581136
1.620380
1.583465
1.609920
1.575695
1.614209
1.624134
1.636547
1.646143
1.627761
1.632080
1.631601
1.590055
1.617704
1.589423
1.591685
1.588862
1.616993
1.573980
1.614276
1.631944
1.569192
1.582497
1.605080
1.554575
1.594737
1.579391
1.630170
1.599779
1.588073
1.611771
1.584573
1.620967
1.577287
1.591448
1.579623
1.560189
1.572526
1.557071
1.588729
1.569515
1.596808
1.625180
1.598441
1.595890
1.609736
1.571894
1.611796
1.586560
1.586007
1.601816
1.581998
1.582260
1.575569
1.580300
1.575999
1.582876
1.573365
1.572618
1.595324
1.564631
1.600026
1.572800
1.620738
1.570594
1.607072
1.586982
1.538218
1.594861
1.587734
1.581545
1.589290
1.584217
1.573261
1.542521
1.605481
1.612641
1.550698
1.577051
1.569040
1.592841
1.614997
1.605753
1.542080
1.572745
1.578866
1.563206
1.588377
1.625581
1.542247
1.574056
1.587049
1.562756
1.632601
1.622470
1.611547
1.570138
1.597944
1.585598
1.591671
1.599800
1.571616
1.578690
1.567714
1.575662
1.541693
1.582082
1.534920
1.583028
1.592343
1.572647
1.584801
1.562142
1.593495
1.593783
1.609812
1.584359
1.593294
1.563217
1.570896
1.566348
1.592155
1.546314
1.577429
1.580488
1.596207
1.598177
1.543643
1.587874
1.579534
1.571765
1.598725
1.606969
1.586930
1.572103
1.546905
1.559688
1.650372
1.593226
1.537415
1.580310
1.593269
1.549833
1.568195
1.596313
1.583315
1.553598
1.579391
1.536019
1.560536
1.528948
1.614774
1.537235
1.575513
1.542454
1.570756
1.553149
1.533749
1.568425
1.533778
1.565573
1.552837
1.571380
1.592460
1.534513
1.567169
1.566276
1.600054
1.583316
1.576051
1.560260
1.551167
1.547561
1.581140
1.569293
1.586387
1.617890
1.585845
1.605792
1.551070
1.574957
1.540252
1.586206
1.571270
1.519591
1.545384
1.531428
1.544770
1.564759
1.560700
1.590089
1.562789
1.596404
1.565615
1.565479
1.600694
1.584533
1.606609
1.567367
1.554137
1.575661
1.588884
1.583259
1.565903
1.557749
1.594616
1.559423
1.556287
1.540130
1.571270
1.564089
1.549931
1.557130
1.597954
1.586688
1.560421
1.529357
1.580528
1.565002
1.561106
1.581813
1.607719
1.550687
1.578181
1.592063
1.566041
1.625751
1.544116
1.589685
1.585719
1.561501
1.555526
1.549004
1.556208
1.535441
1.568291
1.554466
1.545930
1.601752
1.534668
1.558605
1.560305
