2.313950
2.294543
2.276567
2.278178
2.221063
2.185944
2.147108
2.056573
1.977440
1.925693
1.817139
1.764685
1.763740
1.747323
1.749928
1.697029
1.657461
1.730037
1.685479
1.680572
1.686450
1.631938
1.672598
1.634115
1.638503
1.641645
1.647718
1.665583
1.696707
1.596722
1.598557
1.702342
1.608256
1.613714
1.584715
1.692497
1.638568
1.615194
1.622848
1.616161
1.629219
1.604040
1.625285
1.558060
1.593990
1.614751
1.606371
1.627998
1.627011
1.651663
1.580482
1.583506
1.617555
1.559995
1.593518
1.583485
1.563719
1.581396
1.575596
1.578323
1.529006
1.540829
1.593556
1.539326
1.539624
1.519167
1.529117
1.550605
1.568222
1.519638
1.529805
1.540452
1.514290
1.525783
1.536530
1.535196
1.529985
1.538445
1.506343
1.509685
1.522163
1.510599
1.505550
1.491787
1.501720
1.513513
1.502813
1.517564
1.511562
1.502467
1.538705
1.506342
1.490818
1.527106
1.522258
1.499241
1.514664
1.502304
1.527724
1.503270
1.511972
1.492482
1.498021
1.487364
1.496306
1.491740
1.501486
1.512108
1.496679
1.480784
1.495466
1.501527
1.513437
1.507512
1.494657
1.499316
1.499845
1.484154
1.495625
1.531400
1.477257
1.492053
1.511882
1.502975
1.503166
1.482221
1.504835
1.502713
1.493082
1.515430
1.512125
1.500000
1.494828
1.492467
1.500794
1.503106
1.483430
1.512394
1.494503
1.483617
1.501378
1.492137
1.492081
1.482826
1.479241
1.501660
1.526584
1.494034
1.492526
1.495949
1.478952
1.475839
1.482168
1.500586
1.493687
1.477098
1.505211
1.508104
1.489945
1.484999
1.493392
1.499478
1.483841
1.506639
1.489661
1.495441
1.491308
1.478764
1.498254
1.477302
1.493129
1.490481
1.490580
1.477890
1.487684
1.474864
1.496773
1.492962
1.484442
1.501701
1.491436
1.489721
1.488430
1.488133
1.492380
1.493384
1.487482
1.486074
1.488046
1.500841
1.494406
1.483527
1.478233
1.493855
1.505530
1.469855
1.476170
1.483140
1.478080
1.478058
1.467296
1.499515
1.474176
1.486917
1.473409
1.474378
1.474998
1.492371
1.501366
1.482126
1.479606
1.493972
1.504679
1.477696
1.508600
1.495796
1.485966
1.501474
1.483619
1.504230
1.487015
1.489850
1.494070
1.478122
1.486193
1.483228
1.473717
1.498520
1.473874
1.480368
1.477451
1.483862
1.490798
1.496851
1.487649
1.488441
1.494748
1.482986
1.474959
1.483223
1.484409
1.478656
1.474134
1.486543
1.485343
1.505618
1.491442
1.485164
1.475077
1.489464
1.496439
1.481078
1.477625
1.512263
1.486177
1.467226
1.488467
1.472470
1.477425
1.470404
1.490681
1.481506
1.482967
1.471063
1.480754
1.473110
1.477442
1.468410
1.468345
1.488062
1.481954
1.466835
1.475970
1.485096
1.474943
1.481912
1.493462
1.467629
1.475869
1.482517
1.486610
1.486915
1.487655
1.491714
1.476272
1.485638
1.479551
1.477269
1.484055
1.489949
1.475076
1.477050
1.485560
1.473591
1.490685
1.500840
1.479148
1.485576
1.488316
1.474412
1.480215
1.476501
1.488759
1.508359
1.484452
1.469297
1.479792
1.474490
1.488146
1.472520
1.477699
1.478427
1.487595
1.480131
1.474687
1.474310
1.489512
1.486659
1.492341
1.495442
1.487744
1.477849
1.496151
1.472944
1.478992
1.476618
1.469616
1.478079
1.502589
1.471413
1.480948
1.479457
1.469113
1.485497
1.480138
1.479630
1.482143
1.474734
1.475396
1.478116
1.478236
1.471984
1.473397
1.481485
1.487783
1.491596
1.476445
1.497189
1.471428
1.473068
1.469607
1.469092
1.475766
1.482531
1.478565
1.492250
1.483302
1.479174
1.487171
1.489850
1.477599
1.482395
1.478070
1.472731
1.477391
1.478388
1.471687
1.487569
1.470271
1.475764
1.478281
1.469656
1.483348
1.491757
1.470518
1.486290
1.479533
1.485096
1.476918
1.478080
1.477319
1.488256
1.472228
1.476152
1.475611
1.492489
1.480765
1.470077
1.477527
1.484903
1.511154
1.472471
1.482297
1.493776
1.484719
1.477107
1.467720
1.478089
1.471457
1.467487
1.474533
1.478516
1.477524
1.486581
1.470715
1.469686
1.468864
1.477169
1.467287
1.470550
1.469980
1.483572
1.476847
1.469167
1.474509
1.481174
1.469312
1.497310
1.470116
1.464505
1.485727
1.472281
1.468109
1.487279
1.479055
1.479825
1.468756
1.479735
1.463289
1.468910
1.477906
1.472466
1.469232
1.478663
1.480947
1.482837
1.468705
1.478541
1.469820
1.478121
1.463222
1.489251
1.475032
1.474232
1.475540
1.481793
1.479462
1.485765
1.479381
1.482569
1.486466
1.469690
1.491544
1.485541
1.481524
1.488448
1.476862
1.469116
1.479712
1.475534
1.473490
1.469553
1.479841
1.468502
1.472228
1.472928
1.492898
1.470901
1.467004
1.473937
1.488838
1.471218
1.470925
1.491321
1.469201
1.468614
1.487619
1.474383
1.486354
1.476403
1.472993
1.472348
1.469530
1.479924
1.477393
1.467791
1.478694
1.477792
1.485289
1.473943
1.476409
1.480747
1.478185
1.482021
1.468343
1.468899
1.467918
1.469516
1.490952
1.478466
