2.303028
2.289700
2.296696
2.301152
2.290530
2.268269
2.271793
2.254267
2.218475
2.201504
2.198703
2.075969
2.081600
2.044038
2.018261
1.937129
1.903564
1.911928
1.903868
1.841558
1.805458
1.798330
1.825810
1.762898
1.773030
1.736693
1.717589
1.726852
1.735695
1.758356
1.701913
1.700853
1.692184
1.693365
1.763957
1.667775
1.631792
1.651380
1.685789
1.683145
1.653439
1.654131
1.672463
1.620203
1.678107
1.617728
1.650109
1.662566
1.649615
1.634714
1.630442
1.599635
1.672532
1.631298
1.660813
1.671161
1.639769
1.634983
1.631625
1.613123
1.636603
1.602425
1.645248
1.632124
1.576684
1.604768
1.616315
1.580351
1.625336
1.644363
1.626026
1.632148
1.681595
1.620904
1.617975
1.587218
1.585461
1.577062
1.608213
1.628126
1.617519
1.594603
1.618523
1.618654
1.608597
1.600060
1.549365
1.628296
1.584700
1.598567
1.605734
1.606496
1.595904
1.624308
1.601568
1.644769
1.651638
1.661389
1.621713
1.572783
1.576592
1.620473
1.589283
1.590562
1.671104
1.601663
1.573781
1.602137
1.573921
1.581134
1.584571
1.550045
1.609986
1.648230
1.556288
1.588633
1.589859
1.567716
1.611442
1.605165
1.600799
1.601869
1.571675
1.556486
1.599644
1.607142
1.623082
1.605729
1.602359
1.605503
1.608877
1.607825
1.604518
1.605132
1.568599
1.608948
1.598599
1.567425
1.593179
1.621085
1.559917
1.569064
1.589913
1.595927
1.588233
1.613107
1.631404
1.586213
1.564106
1.601343
1.634190
1.543404
1.600211
1.633963
1.609657
1.521300
1.577894
1.591961
1.613472
1.553707
1.568597
1.600105
1.620214
1.588709
1.585930
1.608349
1.602337
1.601866
1.589962
1.585514
1.554333
1.579162
1.560534
1.580365
1.558171
1.570682
1.592501
1.568893
1.590077
1.575103
1.597630
1.580527
1.572583
1.574661
1.591663
1.562692
1.605248
1.645745
1.587408
1.582394
1.574533
1.605547
1.571920
1.573705
1.591564
1.621826
1.572127
1.586944
1.608619
1.573629
1.565163
1.569097
1.575877
1.565670
1.609041
1.593585
1.559951
1.601920
1.566707
1.563594
1.575122
1.587162
1.590470
1.593798
1.568246
1.605542
1.558256
1.621772
1.594568
1.579445
1.602717
1.568142
1.599357
1.589137
1.614855
1.538780
1.567837
1.594369
1.639058
1.618363
1.602912
1.534541
1.557728
1.591553
1.553679
1.629505
1.554421
1.566956
1.569484
1.585397
1.545972
1.557916
1.589711
1.599919
1.601578
1.569240
1.601573
1.600958
1.589164
1.549910
1.564212
1.569340
1.579142
1.610349
1.566347
1.603567
1.601270
1.570162
1.589748
1.575462
1.561988
1.615952
1.613489
1.566884
1.585911
1.539558
1.565920
1.578376
1.583667
1.558747
1.585666
1.584937
1.545697
1.589745
1.588367
1.574692
1.567864
1.631589
1.576813
1.543857
1.615923
1.588729
1.640949
1.563282
1.555204
1.563251
1.551093
1.532263
1.608292
1.567976
1.562241
1.581770
1.564335
1.600095
1.566909
1.577939
1.564752
1.585190
1.587595
1.629307
1.591684
1.571474
1.553437
1.618402
1.583720
1.568919
1.528658
1.612233
1.597199
1.557655
1.592908
1.575460
1.579553
1.570485
1.546135
1.578488
1.539931
1.601633
1.545957
1.548488
1.618727
1.581006
1.595405
1.621987
1.575441
1.569227
1.612835
1.633477
1.535307
1.590343
1.559577
1.576945
1.585113
1.606121
1.577546
1.601708
1.572888
1.547967
1.577407
1.570557
1.555999
1.556972
1.619753
1.581484
1.524452
1.575617
1.576311
1.551196
1.554311
1.532462
1.583471
1.556218
1.569108
1.570539
1.572800
1.580656
1.561838
1.521956
1.551817
1.604465
1.558754
1.571307
1.573399
1.570468
1.585030
1.582838
1.573445
1.567369
1.534474
1.547489
1.519840
1.531014
1.551712
1.526304
1.507709
1.519334
1.530382
1.509136
1.523048
1.505561
1.511835
1.516609
1.508980
1.508272
1.506557
1.521169
1.516555
1.504468
1.510509
1.523995
1.487673
1.499625
1.531429
1.497343
1.500577
1.486482
1.500960
1.497014
1.514579
1.486538
1.494604
1.506416
1.500754
1.497802
1.492934
1.507984
1.505772
1.515879
1.499009
1.491042
1.493258
1.496091
1.545107
1.512267
1.522089
1.500455
1.523969
1.491373
1.499799
1.511380
1.497002
1.498378
1.508563
1.495456
1.491975
1.527060
1.496927
1.487477
1.485830
1.490336
1.490868
1.499350
1.511127
1.494379
1.499534
1.526030
1.506790
1.507630
1.492312
1.491676
1.490628
1.493633
1.502283
1.505839
1.504352
1.499008
1.526584
1.551245
1.539367
1.540825
1.534117
1.507873
1.498392
1.497795
1.514818
1.497543
1.508085
1.504379
1.512834
1.507446
1.488838
1.497301
1.505685
1.502804
1.485116
1.507803
1.519363
1.524256
1.532206
1.509988
1.507091
1.508633
1.504791
1.511906
1.523527
1.486133
1.498415
1.502592
1.511567
1.494183
1.487342
1.511599
1.483640
1.488612
1.504643
1.502129
1.498034
1.496547
1.512332
1.523971
1.510021
1.509320
1.510124
1.497172
1.495795
1.495839
1.487524
1.496442
1.488075
1.514880
