2.302993
2.267098
2.252367
2.234874
2.219690
2.230952
2.211759
2.148495
2.037742
1.995987
1.905328
1.751312
1.678397
1.635868
1.671507
1.643742
1.624627
1.574666
1.632971
1.612503
1.589533
1.688116
1.618533
1.528548
1.570883
1.614850
1.620542
1.590068
1.561485
1.602928
1.576807
1.563124
1.565706
1.575803
1.568123
1.586924
1.579158
1.560088
1.527667
1.550809
1.558454
1.586925
1.561492
1.533698
1.531511
1.557816
1.525752
1.520266
1.550041
1.573268
1.539298
1.507588
1.547457
1.536140
1.529161
1.545733
1.530225
1.537803
1.559996
1.539326
1.530807
1.534889
1.517170
1.521870
1.570644
1.514790
1.548194
1.530226
1.541134
1.522425
1.526706
1.545438
1.533427
1.546460
1.512997
1.516691
1.508964
1.539607
1.523356
1.528538
1.531713
1.520677
1.528635
1.529468
1.530386
1.520223
1.519822
1.517857
1.509364
1.511688
1.526693
1.520892
1.507955
1.528616
1.518574
1.509039
1.537907
1.495392
1.494139
1.528301
1.526516
1.531416
1.520907
1.505668
1.519422
1.508779
1.518914
1.512214
1.504984
1.486950
1.494757
1.506940
1.486147
1.502626
1.504217
1.525877
1.508973
1.517244
1.529502
1.500460
1.500918
1.495191
1.521658
1.502852
1.505836
1.490401
1.496948
1.495986
1.506258
1.509137
1.515200
1.498352
1.519982
1.511173
1.515869
1.508097
1.490670
1.507681
1.504030
1.531222
1.507939
1.500698
1.492213
1.490559
1.503601
1.505519
1.493277
1.499206
1.508020
1.499691
1.526665
1.517081
1.499363
1.495710
1.494691
1.497108
1.498689
1.500852
1.510469
1.498526
1.502593
1.528169
1.501241
1.498267
1.495261
1.492073
1.497783
1.484350
1.488488
1.505941
1.479857
1.503094
1.518665
1.500457
1.511156
1.500508
1.498411
1.507425
1.495040
1.502072
1.492747
1.501199
1.494137
1.512494
1.485659
1.487967
1.499344
1.515611
1.500452
1.490777
1.495428
1.499864
1.494565
1.498860
1.493153
1.485053
1.498699
1.490004
1.507067
1.537432
1.512274
1.488144
1.496999
1.489622
1.481417
1.485911
1.506177
1.510916
1.498113
1.488734
1.498527
1.507119
1.487384
1.493422
1.495948
1.501114
1.489513
1.502195
1.504108
1.494281
1.502953
1.484289
1.495561
1.500950
1.490558
1.502298
1.498253
1.499617
1.487747
1.489138
1.485986
1.502884
1.489519
1.488469
1.500859
1.500004
1.492722
1.491027
1.491680
1.490711
1.493041
1.490942
1.492304
1.497628
1.488799
1.513894
1.494263
1.493125
1.489229
1.488351
1.481908
1.489732
1.500368
1.492645
1.483600
1.488904
1.499905
1.485917
1.511648
1.492885
1.482546
1.501715
1.496848
1.484934
1.482046
1.497525
1.491168
1.492285
1.486275
1.500031
1.503110
1.499458
1.492718
1.488316
1.490908
1.482992
1.486417
1.497542
1.495726
1.480034
1.502290
1.511370
1.480999
1.478604
1.494599
1.483728
1.486420
1.477154
1.507638
1.488720
1.486549
1.484354
1.498917
1.509243
1.497563
1.485158
1.483175
1.483194
1.503978
1.487747
1.487262
1.484150
1.490240
1.493036
1.481553
1.488460
1.491130
1.488162
1.495768
1.488536
1.485709
1.482701
1.490598
1.480746
1.489962
1.484748
1.483133
1.490651
1.491129
1.502613
1.498586
1.478526
1.511344
1.493834
1.491597
1.486650
1.482033
1.480925
1.485239
1.482330
1.493232
1.502218
1.492756
1.490948
1.492791
1.481274
1.493409
1.491164
1.483210
1.487133
1.485005
1.490797
1.489956
1.484511
1.495434
1.502050
1.479564
1.490269
1.488368
1.494518
1.478875
1.488868
1.484963
1.481590
1.499023
1.490875
1.481681
1.486645
1.486280
1.495468
1.486141
1.498053
1.491620
1.488612
1.486427
1.482112
1.478220
1.481133
1.490201
1.501997
1.492620
1.491647
1.485157
1.486071
1.481429
1.497371
1.491315
1.492238
1.491986
1.476626
1.485887
1.490430
1.487651
1.478033
1.492854
1.489589
1.497363
1.486510
1.494730
1.479994
1.483992
1.489492
1.485924
1.479739
1.483927
1.494308
1.477885
1.484259
1.487007
1.484898
1.485636
1.502996
1.481678
1.483784
1.486406
1.490270
1.479042
1.485721
1.481764
1.479541
1.492536
1.489659
1.483566
1.487462
1.500834
1.485383
1.473935
1.496197
1.483657
1.479886
1.495984
1.482630
1.488804
1.492854
1.480623
1.492062
1.483755
1.484198
1.483027
1.490567
1.481682
1.480452
1.486907
1.478844
1.490736
1.494632
1.492921
1.484223
1.478615
1.487129
1.481332
1.483182
1.489413
1.494581
1.491656
1.479303
1.487613
1.485988
1.485241
1.478568
1.487700
1.478099
1.489294
1.489808
1.489646
1.487146
1.492134
1.482373
1.486744
1.478745
1.480461
1.486995
1.489600
1.490873
1.480094
1.489817
1.485590
1.486164
1.477128
1.481526
1.484749
1.500541
1.482123
1.479755
1.486168
1.487795
1.484656
1.481091
1.486874
1.486331
1.480372
1.486666
1.476999
1.479889
1.484137
1.486663
1.496351
1.478842
1.480395
1.482438
1.489723
1.482851
1.494035
1.486147
1.488686
1.485798
1.481432
1.483177
1.482840
1.481771
