2.306068
2.305396
2.304915
2.306798
2.305503
2.302826
2.304140
2.304081
2.306704
2.304984
2.305674
2.309052
2.305165
2.309027
2.314557
2.318696
2.296377
2.282925
2.279943
2.258767
2.249617
2.246289
2.215815
2.216952
2.221028
2.217641
2.227371
2.185272
2.197494
2.219255
2.210800
2.181360
2.236070
2.186402
2.168157
2.255304
2.264540
2.151633
2.090142
2.036819
2.051950
2.086006
2.174721
2.338750
2.327999
2.258989
2.257885
2.255202
2.304950
2.163638
2.105244
1.995528
2.044902
2.076216
2.061349
2.126882
2.001262
1.989173
2.002998
2.026380
2.136249
2.179036
2.202000
2.218341
2.209782
2.206897
2.235602
2.230301
2.169092
2.237592
2.206707
2.213789
2.205083
2.188060
2.217722
2.265969
2.158827
2.206490
2.174207
2.081420
2.004124
1.857450
1.758353
1.715033
1.769477
1.749900
1.735117
1.751808
1.747770
1.782178
1.731315
1.784212
1.854329
1.981999
1.984968
2.172485
2.155203
2.124551
2.012484
2.049335
1.926163
1.909929
1.857830
1.804930
1.778894
1.730705
1.760086
1.707612
1.742237
1.712440
1.716047
1.718878
1.725497
1.758611
1.732021
1.730203
1.742794
1.771875
1.778014
1.749117
1.705716
1.787321
1.706397
1.760133
1.739657
1.757224
1.764869
1.789404
1.743803
1.765299
1.746833
1.711884
1.746228
1.719299
1.677670
1.716745
1.672340
1.723423
1.670009
1.668558
1.672996
1.684201
1.653315
1.714031
1.687751
1.702557
1.715722
1.730644
1.706048
1.715428
1.677750
1.667823
1.685575
1.680138
1.655602
1.698207
1.673103
1.697610
1.664013
1.658709
1.697093
1.658459
1.677923
1.644407
1.632172
1.638048
1.665606
1.672701
1.641516
1.686417
1.694326
1.659160
1.696580
1.676673
1.650505
1.693960
1.669245
1.685874
1.637282
1.698708
1.649782
1.652159
1.650524
1.639567
1.685442
1.610218
1.626703
1.656165
1.640862
1.625542
1.639283
1.653291
1.641518
1.615721
1.622751
1.616001
1.609901
1.657338
1.631115
1.650994
1.639320
1.613007
1.629043
1.675513
1.619780
1.653617
1.668847
1.639282
1.669345
1.650540
1.615461
1.652233
1.624537
1.612981
1.628991
1.620299
1.617082
1.613474
1.629260
1.625696
1.594444
1.635942
1.618461
1.663759
1.668821
1.643905
1.655885
1.686260
1.609337
1.592982
1.613214
1.622475
1.627365
1.628320
1.605069
1.581036
1.613539
1.600565
1.629323
1.667756
1.608270
1.642334
1.609838
1.609497
1.615912
1.604930
1.652630
1.624141
1.613001
1.588631
1.621027
1.611411
1.609617
1.599061
1.594693
1.602503
1.577366
1.606740
1.627802
1.661780
1.634417
1.603421
1.612118
1.588203
1.610834
1.603183
1.616358
1.553670
1.630195
1.604881
1.599947
1.593232
1.592109
1.575080
1.573308
1.608986
1.573791
1.596717
1.607081
1.597984
1.609292
1.608542
1.593097
1.639404
1.558629
1.588496
1.597269
1.614462
1.586594
1.602332
1.571551
1.569785
1.588522
1.594480
1.618575
1.587910
1.603788
1.626460
1.610580
1.606608
1.604865
1.608590
1.623156
1.606194
1.588627
1.576128
1.589229
1.586771
1.569219
1.604636
1.612713
1.613090
1.586116
1.586202
1.580077
1.607475
1.593756
1.590789
1.581995
1.600332
1.570810
1.573691
1.587231
1.603019
1.585169
1.591819
1.600925
1.564148
1.581923
1.590249
1.583064
1.586508
1.601645
1.569804
1.609889
1.590912
1.580607
1.582995
1.602145
1.579111
1.568109
1.543097
1.597824
1.588641
1.589253
1.602962
1.589063
1.548635
1.576278
1.634472
1.582266
1.564088
1.578520
1.604073
1.567163
1.585378
1.571469
1.572291
1.593876
1.563549
1.557520
1.557020
1.609197
1.584181
1.548881
1.567876
1.589177
1.587039
1.568643
1.549249
1.563868
1.580136
1.556202
1.590159
1.574082
1.568216
1.564476
1.583521
1.584199
1.604835
1.563376
1.577508
1.589033
1.565351
1.575861
1.564297
1.557169
1.582886
1.550289
1.517994
1.573139
1.566157
1.579947
1.542562
1.564244
1.585388
1.595139
1.572838
1.575869
1.567786
1.579598
1.570143
1.558010
1.555288
1.540526
1.566375
1.584829
1.563329
1.584720
1.562119
1.562908
1.574997
1.571714
1.563230
1.585598
1.587669
1.563137
1.570515
1.575896
1.566925
1.581908
1.575522
1.551882
1.563546
1.567629
1.565889
1.572315
1.537120
1.625576
1.576359
1.541951
1.572526
1.552570
1.589840
1.555933
1.577264
1.578298
1.567522
1.569157
1.544017
1.544619
1.541823
1.556318
1.546390
1.546659
1.576837
1.555048
1.543182
1.579490
1.590371
1.540342
1.567950
1.573277
1.559430
1.539745
1.552748
1.578018
1.547899
1.561602
1.547915
1.561707
1.565378
1.549652
1.551919
1.569272
1.559092
1.543212
1.546639
1.557489
1.576789
1.554593
1.552110
1.548547
1.568185
1.563084
1.572734
1.542641
1.569009
1.530396
1.575344
1.557713
1.538486
1.535595
1.537994
1.547977
1.547534
1.541821
1.550386
1.566749
1.593995
1.569196
1.583748
1.554728
1.552369
1.575355
1.572251
1.547165
1.563205
1.573257
1.548531
