2.295697
2.293653
2.280998
2.262357
2.235533
2.229836
2.226831
2.224147
2.246178
2.176563
2.095487
2.061163
2.040632
1.988447
1.916310
1.926564
1.880030
1.813386
1.828108
1.871279
1.814194
1.802085
1.753277
1.718085
1.703187
1.678015
1.705625
1.684107
1.681859
1.655416
1.699450
1.662475
1.666316
1.645640
1.648179
1.676725
1.603702
1.698805
1.649700
1.691161
1.613947
1.667920
1.614909
1.635505
1.635160
1.678807
1.672569
1.627759
1.618487
1.658509
1.616066
1.649615
1.637974
1.618388
1.606958
1.631074
1.632076
1.635302
1.598456
1.664978
1.641652
1.624362
1.591178
1.604669
1.643957
1.613500
1.624240
1.671310
1.617811
1.627127
1.626999
1.634673
1.593111
1.615083
1.575958
1.611606
1.622919
1.556078
1.631995
1.632269
1.592652
1.587600
1.590056
1.601153
1.618440
1.568898
1.585660
1.647117
1.626761
1.577023
1.586742
1.621459
1.629415
1.637150
1.603888
1.592433
1.643308
1.585079
1.626568
1.587484
1.599897
1.573377
1.587221
1.571654
1.603077
1.589838
1.531726
1.590293
1.575161
1.593639
1.561138
1.577298
1.579377
1.647136
1.595327
1.584022
1.581448
1.576916
1.623017
1.578284
1.577664
1.580182
1.557439
1.565716
1.569446
1.600562
1.602064
1.557411
1.546243
1.608275
1.536681
1.545876
1.565480
1.601473
1.575266
1.536214
1.559659
1.603871
1.584292
1.624176
1.603652
1.522729
1.531718
1.571510
1.551053
1.579429
1.526908
1.572157
1.564241
1.548609
1.576665
1.566005
1.565968
1.552208
1.572464
1.569159
1.583013
1.577845
1.557376
1.601511
1.551516
1.579402
1.609539
1.566490
1.533695
1.579759
1.577741
1.562209
1.578047
1.580365
1.568542
1.580369
1.575990
1.564748
1.540249
1.562573
1.615631
1.541844
1.565465
1.549255
1.578083
1.533771
1.554103
1.583611
1.545915
1.577380
1.553822
1.564203
1.550804
1.511417
1.552029
1.540141
1.571140
1.567083
1.564245
1.561962
1.576946
1.572561
1.590861
1.583161
1.553451
1.554872
1.534210
1.522498
1.522843
1.572125
1.563232
1.520808
1.545344
1.556075
1.536120
1.515459
1.566191
1.581688
1.558481
1.574862
1.553060
1.557546
1.560413
1.577820
1.554222
1.593012
1.556468
1.587976
1.580726
1.556808
1.568336
1.558061
1.560138
1.527959
1.562765
1.574760
1.552258
1.564490
1.543565
1.544190
1.559115
1.560200
1.551876
1.552897
1.558682
1.545363
1.551284
1.571770
1.538333
1.546773
1.584113
1.537596
1.507391
1.567754
1.574435
1.539757
1.540860
1.542843
1.575402
1.527464
1.550693
1.581623
1.559647
1.541510
1.578846
1.515431
1.546058
1.560820
1.554128
1.582187
1.562970
1.554852
1.543013
1.552802
1.600824
1.550854
1.552838
1.564433
1.538240
1.547693
1.533229
1.553079
1.574803
1.546233
1.555087
1.579038
1.551499
1.548753
1.525679
1.526852
1.519632
1.534626
1.526275
1.530158
1.559766
1.576122
1.535653
1.570097
1.551423
1.508991
1.505806
1.524643
1.530264
1.542981
1.544572
1.548246
1.538643
1.534367
1.549121
1.564127
1.550279
1.520616
1.527836
1.536394
1.575764
1.508190
1.566735
1.563996
1.554903
1.535642
1.524390
1.531957
1.547079
1.543255
1.520822
1.498621
1.525724
1.540894
1.535758
1.572220
1.549606
1.550177
1.547547
1.536368
1.514332
1.542422
1.528245
1.538733
1.540241
1.531493
1.528085
1.507352
1.584999
1.531946
1.563020
1.616225
1.541909
1.516918
1.522734
1.524014
1.555535
1.516178
1.557483
1.528849
1.534099
1.555232
1.515948
1.546869
1.541719
1.542625
1.569250
1.566200
1.523384
1.541785
1.516460
1.502427
1.532463
1.545443
1.544129
1.552983
1.542081
1.554058
1.523146
1.546546
1.529701
1.513173
1.532409
1.574715
1.533805
1.561672
1.544284
1.531320
1.520670
1.625624
1.550105
1.538167
1.536284
1.511699
1.536571
1.571142
1.548086
1.523058
1.535482
1.540552
1.538763
1.528499
1.512547
1.550003
1.537633
1.524079
1.564101
1.583158
1.530372
1.563928
1.526195
1.522506
1.541010
1.548007
1.539056
1.506045
1.533255
1.519728
1.544683
1.554175
1.524100
1.520812
1.516721
1.539714
1.523631
1.549328
1.527814
1.525091
1.510496
1.515976
1.546142
1.512813
1.574318
1.524467
1.529325
1.554204
1.517797
1.528184
1.503665
1.563089
1.519241
1.559756
1.498053
1.532891
1.552342
1.515877
1.539698
1.533229
1.562727
1.553485
1.538657
1.528867
1.526896
1.521818
1.524444
1.536033
1.522446
1.541406
1.535157
1.515913
1.521222
1.540651
1.533221
1.565823
1.536466
1.529921
1.548485
1.526635
1.538069
1.553447
1.529971
1.536072
1.520161
1.519571
1.540270
1.530035
1.543478
1.542583
1.519099
1.514660
1.516128
1.547881
1.526460
1.489170
1.507808
1.519151
1.589361
1.529605
1.570637
1.507437
1.523981
1.518562
1.537255
1.526754
1.501173
1.524352
1.521667
1.517048
1.535134
1.545683
1.558941
1.554137
1.523659
1.534689
1.519370
1.520711
1.507179
1.547734
1.539681
1.505523
