2.299298
2.301886
2.285236
2.243255
2.293366
2.267074
2.263841
2.293012
2.257472
2.288020
2.313115
2.282788
2.292134
2.363171
2.341103
2.366369
2.354418
2.426843
2.506167
2.544723
2.505850
2.492808
2.561756
2.590584
2.646922
2.587190
2.624937
2.708501
2.706954
2.503042
2.573163
2.491857
2.263397
2.359541
2.341209
2.292008
2.347293
2.125540
2.155015
2.078784
2.178461
2.119537
2.099926
2.026646
2.016297
2.024804
2.080523
2.010338
2.102825
2.119238
2.127730
2.141562
2.001687
2.113293
2.080287
2.086785
2.039701
2.027036
1.992867
1.812377
1.928986
1.941490
1.914181
1.983838
1.830154
1.918242
1.943354
1.899743
1.777736
1.949844
2.006682
1.973642
1.936265
1.908821
1.891106
1.694372
1.838063
1.781706
1.637697
1.795188
1.652548
1.672200
1.572774
1.528383
1.533421
1.532036
1.609331
1.715519
1.509639
1.477746
1.527984
1.571262
1.428426
1.444188
1.336441
1.430398
1.478674
1.508553
1.395055
1.449434
1.117222
1.272879
1.266304
1.239848
1.351561
1.494899
1.421192
1.256996
1.321675
1.612506
1.458766
1.392388
1.221608
1.233334
1.417654
1.206252
1.511447
1.317044
1.016353
1.086142
0.987858
1.287973
1.200304
1.160872
1.284843
1.148846
1.182886
1.070811
1.327524
1.124141
0.996845
1.178735
0.997969
1.140133
1.132476
0.978593
0.919692
0.988765
1.183997
0.836465
1.005852
1.042624
0.905461
1.063687
0.933441
1.055983
0.921064
1.008790
1.009563
0.735163
0.842696
1.171616
0.956122
0.734466
0.916090
0.863686
0.814949
0.747990
0.873273
0.899164
0.837739
0.891454
0.752482
0.966425
0.725849
0.681932
0.858698
0.795696
0.834025
0.694101
0.774748
0.692391
0.688281
0.741340
0.650585
0.636332
0.685829
0.721754
0.617506
0.709861
0.748227
0.599371
0.813478
0.587397
0.628470
0.632979
0.724261
0.619635
0.687987
0.605110
0.620939
0.782382
0.720053
0.748832
0.543807
0.585920
0.628103
0.525576
0.596776
0.631698
0.611819
0.601256
0.534646
0.614570
0.658589
0.596985
0.578820
0.543158
0.462824
0.624010
0.644907
0.455977
0.631697
0.626886
0.512121
0.614195
0.478264
0.572168
0.557691
0.612529
0.499370
0.476134
0.552123
0.569605
0.599931
0.473158
0.637354
0.483653
0.488552
0.761910
0.455671
0.474085
0.523256
0.395637
0.408675
0.638216
0.520877
0.501669
0.452041
0.524553
0.502397
0.503940
0.442718
0.444747
0.454121
0.449054
0.498495
0.597950
0.486488
0.546078
0.482807
0.490160
0.455379
0.601475
0.468101
0.449183
0.511596
0.525533
0.549124
0.535069
0.498223
0.443991
0.500789
0.410433
0.490903
0.557069
0.394132
0.508757
0.548549
0.477419
0.597343
0.409327
0.427723
0.413804
0.489134
0.441023
0.374217
0.518414
0.417487
0.413996
0.405409
0.404048
0.528176
0.425974
0.508014
0.441144
0.483564
0.445088
0.403473
0.503143
0.544950
0.450149
0.435059
0.547305
0.413844
0.374638
0.455626
0.453427
0.393654
0.507675
0.550199
0.469472
0.366098
0.355749
0.400504
0.312962
0.481467
0.428253
0.396279
0.365301
0.320548
0.621227
0.430798
0.452414
0.454834
0.329840
0.442150
0.532331
0.350937
0.435327
0.398803
0.370239
0.392135
0.354605
0.381410
0.429691
0.505287
0.474106
0.350619
0.505883
0.327303
0.397734
0.361556
0.393676
0.357399
0.377558
0.346623
0.443312
0.430063
0.387322
0.408646
0.388986
0.473799
0.419954
0.279461
0.316962
0.337860
0.447209
0.304529
0.398625
0.335381
0.408555
0.351900
0.282852
0.406475
0.383466
0.363518
0.334877
0.501479
0.451063
0.407765
0.353527
0.374395
0.424442
0.395044
0.360029
0.382528
0.459333
0.441420
0.406229
0.528872
0.358139
0.377297
0.357144
0.341758
0.398671
0.307286
0.363469
0.428056
0.437979
0.357065
0.369811
0.288907
0.397053
0.359597
0.343096
0.449398
0.307421
0.329803
0.411440
0.461576
0.417978
0.361732
0.397358
0.365820
0.469316
0.440539
0.443042
0.365331
0.464884
0.305026
0.286727
0.291707
0.264275
0.339869
0.400569
0.318026
0.518383
0.281111
0.305558
0.326899
0.335537
0.370357
0.300111
0.424813
0.448949
0.293292
0.401377
0.310940
0.339679
0.473109
0.250477
0.345052
0.461153
0.414141
0.307981
0.315406
0.308405
0.306118
0.296771
0.330394
0.372464
0.317725
0.363475
0.271793
0.449032
0.405956
0.241091
0.382336
0.362877
0.356493
0.314600
0.493166
0.370147
0.356460
0.326834
0.216577
0.442818
0.322984
0.248630
0.348413
0.293948
0.404421
0.314071
0.343574
0.206860
0.352330
0.301093
0.303277
0.396700
0.288384
0.255211
0.357188
0.302480
0.278014
0.313759
0.378929
0.444273
0.246492
0.311777
0.329421
0.244509
0.509575
0.349968
0.421230
0.340526
0.318645
0.290121
0.328426
0.351465
0.305273
0.298208
0.268815
0.455818
0.286725
0.504585
0.275874
0.224082
0.272060
0.386086
0.292221
0.233742
0.310800
0.284220
0.233104
0.285239
0.226736
0.385212
0.339609
0.379685
