2.300830
2.296269
2.298110
2.288020
2.278207
2.278422
2.263727
2.256824
2.248849
2.249503
2.258113
2.236743
2.205526
2.179205
2.168571
2.159609
2.150891
2.150674
2.171599
2.110063
2.047762
1.984108
2.006265
1.945371
1.961466
1.921262
1.862214
1.876882
1.837613
1.839385
1.825014
1.840735
1.846566
1.826994
1.787481
1.793443
1.841240
1.826035
1.712933
1.757822
1.719961
1.726930
1.777362
1.743610
1.717492
1.703044
1.733371
1.716701
1.706788
1.665291
1.661770
1.652718
1.719497
1.636907
1.669956
1.647567
1.638073
1.641058
1.623831
1.622476
1.640065
1.639516
1.631229
1.695751
1.618016
1.624285
1.627369
1.636189
1.623985
1.638926
1.640401
1.624135
1.623294
1.594215
1.579494
1.597859
1.593613
1.616255
1.598676
1.626727
1.588125
1.596136
1.608904
1.588219
1.607551
1.587366
1.582604
1.588279
1.587954
1.615306
1.591464
1.575015
1.608472
1.591790
1.591096
1.572931
1.590237
1.590455
1.600410
1.627109
1.581033
1.591870
1.633367
1.583087
1.577412
1.632129
1.556486
1.551390
1.582288
1.581767
1.626190
1.592811
1.569942
1.608369
1.575755
1.593441
1.582039
1.562544
1.572078
1.537826
1.608224
1.579106
1.564791
1.557317
1.560983
1.582808
1.627895
1.570289
1.639331
1.593119
1.611692
1.594883
1.549376
1.551832
1.568401
1.588403
1.592778
1.557793
1.571870
1.581472
1.538596
1.598214
1.561858
1.565878
1.562679
1.563059
1.558461
1.575914
1.581920
1.569236
1.562332
1.540890
1.547819
1.566524
1.548875
1.548435
1.557552
1.568428
1.557885
1.560618
1.595091
1.572681
1.546338
1.557460
1.527440
1.564136
1.531395
1.576172
1.550461
1.560933
1.555159
1.567360
1.521185
1.572485
1.548210
1.527280
1.531246
1.547627
1.540880
1.552575
1.590352
1.538327
1.541642
1.533568
1.531090
1.529678
1.552710
1.521172
1.557668
1.565788
1.524803
1.556149
1.545113
1.555086
1.517747
1.541650
1.564788
1.524465
1.521735
1.543097
1.519766
1.571143
1.547225
1.533662
1.538638
1.524156
1.555317
1.519689
1.528780
1.529423
1.537349
1.526977
1.522271
1.518754
1.537107
1.550131
1.531522
1.561139
1.514994
1.528114
1.547809
1.576676
1.509599
1.523866
1.517450
1.562042
1.539928
1.566413
1.510771
1.535157
1.548210
1.520592
1.526580
1.505157
1.537648
1.540096
1.550904
1.529619
1.576470
1.524325
1.538048
1.523511
1.523122
1.536108
1.536009
1.512693
1.525192
1.527619
1.518521
1.520646
1.552397
1.535637
1.559208
1.528027
1.518906
1.536163
1.521532
1.536978
1.516014
1.519487
1.522130
1.513348
1.512982
1.529227
1.512534
1.536203
1.550463
1.527829
1.517601
1.532747
1.509431
1.505741
1.506675
1.527073
1.527606
1.521588
1.507056
1.503650
1.529214
1.520266
1.523601
1.537242
1.529048
1.544784
1.504483
1.548462
1.508791
1.512219
1.513219
1.525958
1.533973
1.509474
1.509017
1.523206
1.517071
1.526097
1.504606
1.520847
1.518042
1.543211
1.527909
1.514873
1.521723
1.515319
1.514365
1.537751
1.526058
1.500063
1.513120
1.511615
1.523504
1.500904
1.522876
1.516471
1.502696
1.510517
1.504987
1.537488
1.507247
1.533797
1.515165
1.523342
1.528819
1.557021
1.512095
1.521063
1.530030
1.529675
1.505463
1.520453
1.511355
1.502410
1.514042
1.509625
1.519535
1.492789
1.496887
1.512862
1.506025
1.515199
1.494066
1.492900
1.514973
1.510961
1.509627
1.488130
1.495269
1.529967
1.529586
1.512911
1.513682
1.495454
1.500254
1.496595
1.487780
1.519195
1.523332
1.500168
1.514901
1.533300
1.491617
1.495956
1.528272
1.512339
1.518112
1.514880
1.530191
1.497367
1.486295
1.525857
1.530135
1.506344
1.503664
1.488654
1.512737
1.510709
1.510805
1.530328
1.497351
1.522191
1.490251
1.506913
1.507884
1.496235
1.501378
1.536943
1.508937
1.509001
1.523810
1.513516
1.495006
1.507581
1.509182
1.516580
1.499610
1.506381
1.496759
1.528840
1.493407
1.494732
1.496263
1.518750
1.518430
1.516268
1.512572
1.498138
1.503203
1.490867
1.521397
1.496770
1.507901
1.492305
1.496391
1.518193
1.498406
1.501123
1.512698
1.483867
1.508325
1.495232
1.506376
1.492152
1.505368
1.493025
1.510650
1.484631
1.484765
1.497009
1.500011
1.517466
1.498694
1.512475
1.503312
1.513074
1.512190
1.515042
1.517357
1.498300
1.507502
1.495895
1.511622
1.495256
1.514322
1.506412
1.523717
1.508401
1.486984
1.483205
1.509615
1.518926
1.503345
1.486276
1.504026
1.506359
1.493423
1.488943
1.500352
1.501718
1.510008
1.519378
1.502612
1.495378
1.504614
1.508486
1.476863
1.493707
1.529134
1.524702
1.492423
1.489311
1.505372
1.488299
1.489936
1.482468
1.480493
1.490279
1.524164
1.485043
1.505353
1.499382
1.511249
1.492126
1.492385
1.497688
1.488311
1.481723
1.515089
1.508522
1.492657
1.503325
1.503594
1.504775
1.524157
1.514847
1.496009
1.492447
1.489922
1.491644
1.505549
1.486255
