2.305534
2.304670
2.295438
2.300304
2.304213
2.289178
2.254369
2.227080
2.220133
2.224850
2.180015
2.140834
2.085062
2.180885
2.079076
2.019727
2.033460
1.974595
1.926593
1.992970
1.966757
1.975212
1.962807
1.929906
1.932065
1.852496
1.838231
1.800870
1.834732
1.777986
1.804240
1.737446
1.733456
1.777076
1.733796
1.714657
1.677114
1.780263
1.761650
1.710458
1.750285
1.693878
1.686549
1.686008
1.651871
1.656233
1.652991
1.653700
1.635651
1.607669
1.636310
1.645974
1.668288
1.659360
1.665628
1.618242
1.667527
1.644954
1.622753
1.629217
1.641799
1.614826
1.633586
1.610647
1.600493
1.615946
1.606786
1.615822
1.624588
1.603824
1.616129
1.619136
1.588633
1.641560
1.661280
1.646055
1.601795
1.613486
1.613945
1.657366
1.620467
1.632141
1.632309
1.641585
1.658156
1.629522
1.632154
1.644002
1.631490
1.631554
1.668778
1.607359
1.643652
1.632644
1.675606
1.613589
1.613569
1.605047
1.583477
1.619757
1.632543
1.606108
1.614661
1.593808
1.616175
1.619785
1.630106
1.575068
1.634179
1.626472
1.633709
1.555120
1.593056
1.569153
1.606406
1.623430
1.630742
1.620047
1.654740
1.569255
1.611484
1.614913
1.596670
1.575153
1.628053
1.627851
1.607685
1.589872
1.596003
1.598517
1.612764
1.577067
1.588306
1.625628
1.636017
1.603684
1.606850
1.606773
1.618138
1.580404
1.620639
1.607155
1.597179
1.579049
1.582341
1.625102
1.591374
1.594761
1.567198
1.609550
1.647073
1.606222
1.602323
1.589767
1.570724
1.584250
1.588460
1.593430
1.601976
1.591293
1.583660
1.602800
1.568653
1.561402
1.579078
1.589609
1.574948
1.591082
1.584183
1.582962
1.561325
1.598605
1.617625
1.564281
1.615637
1.571718
1.585974
1.575551
1.581652
1.555308
1.595943
1.625974
1.591211
1.557057
1.557438
1.565127
1.574239
1.560169
1.561052
1.552832
1.601433
1.591695
1.571305
1.568564
1.582833
1.550422
1.560307
1.552551
1.552171
1.563733
1.589341
1.566796
1.561119
1.541109
1.572223
1.560223
1.584170
1.548266
1.559002
1.580177
1.554091
1.571348
1.576570
1.604251
1.530711
1.561848
1.515322
1.600868
1.564663
1.572502
1.542091
1.568930
1.591279
1.566335
1.581760
1.565699
1.578758
1.533286
1.553306
1.569266
1.585106
1.575365
1.545982
1.565064
1.562327
1.618248
1.611534
1.620839
1.603636
1.553460
1.559064
1.548657
1.561809
1.534768
1.579272
1.571586
1.627045
1.590884
1.601475
1.555613
1.516452
1.518013
1.588415
1.585064
1.576867
1.560107
1.601690
1.597441
1.551531
1.589453
1.597453
1.580899
1.574455
1.565093
1.549211
1.546305
1.592113
1.538339
1.563041
1.537703
1.519942
1.566605
1.580359
1.572067
1.537416
1.560863
1.545034
1.544668
1.573743
1.531321
1.539770
1.560946
1.560003
1.555596
1.579033
1.557936
1.558087
1.554595
1.552676
1.535874
1.547738
1.555526
1.559644
1.509650
1.589333
1.555325
1.578115
1.538551
1.547455
1.572956
1.577796
1.596676
1.559474
1.563517
1.569829
1.582579
1.565496
1.589328
1.538360
1.537356
1.566446
1.560272
1.567343
1.557204
1.537131
1.545772
1.570133
1.555320
1.611969
1.564796
1.571694
1.560391
1.564558
1.571215
1.562605
1.607057
1.572634
1.537090
1.543798
1.558577
1.574434
1.564298
1.580134
1.604407
1.589494
1.563242
1.565406
1.596986
1.574774
1.570590
1.554391
1.536457
1.586950
1.557471
1.561510
1.550153
1.549767
1.600199
1.558959
1.547962
1.560263
1.576674
1.546752
1.549152
1.533635
1.569183
1.532989
1.545584
1.546893
1.566576
1.616325
1.587687
1.578225
1.583825
1.593496
1.547791
1.569929
1.544229
1.562554
1.553004
1.582863
1.592113
1.566914
1.540840
1.531672
1.587362
1.547275
1.550685
1.567155
1.552718
1.582640
1.605560
1.556929
1.547993
1.571290
1.562034
1.544778
1.571076
1.555714
1.605727
1.559798
1.581886
1.577044
1.573587
1.529154
1.545851
1.554804
1.560710
1.598556
1.549581
1.576447
1.556986
1.586662
1.574682
1.543199
1.561468
1.537114
1.574568
1.579140
1.553403
1.545804
1.577946
1.558136
1.528379
1.561050
1.552686
1.575223
1.545859
1.560266
1.587431
1.600019
1.566046
1.538914
1.568846
1.545332
1.587173
1.542616
1.530752
1.545777
1.608830
1.577624
1.553685
1.570654
1.575196
1.544523
1.537422
1.572098
1.564380
1.565115
1.574504
1.593325
1.550439
1.572125
1.579991
1.598345
1.562603
1.534987
1.542509
1.545285
1.555027
1.580399
1.555624
1.560446
1.553605
1.563505
1.544473
1.545307
1.564121
1.550333
1.539669
1.541402
1.509753
1.553387
1.582721
1.590621
1.560424
1.583795
1.533836
1.548216
1.559473
1.546939
1.540197
1.563841
1.561240
1.551934
1.543051
1.614216
1.573377
1.564007
1.549606
1.564061
1.574965
1.553138
1.566466
1.569993
1.556982
1.603669
1.575794
1.589920
1.575787
1.539660
1.550325
1.578198
1.523242
1.547970
1.546519
1.597878
1.566272
1.574240
1.531365
