2.305303
2.304725
2.322275
2.326081
2.309081
2.311799
2.344176
2.399314
2.408653
2.383087
2.257764
2.132583
2.141745
2.093658
2.079083
2.055996
1.980677
1.927637
1.892369
2.018856
2.238151
2.304873
2.335897
2.291439
2.230466
2.125808
1.875788
1.779062
1.759611
1.722227
1.720198
1.733212
1.743317
1.706815
1.806651
1.831367
1.812097
1.813079
1.790073
1.736578
1.719465
1.721524
1.683065
1.697962
1.675878
1.671793
1.693835
1.671999
1.684152
1.648976
1.623523
1.616987
1.606517
1.664499
1.591993
1.594297
1.587564
1.581101
1.602367
1.603576
1.583548
1.597552
1.577696
1.591682
1.582963
1.582625
1.597885
1.582915
1.598943
1.608446
1.597126
1.595466
1.632639
1.626477
1.602092
1.631437
1.595062
1.630933
1.633073
1.622743
1.639735
1.652970
1.633948
1.627108
1.640372
1.621614
1.615495
1.706402
1.643445
1.660636
1.642600
1.618889
1.629709
1.624831
1.610756
1.583430
1.608973
1.621401
1.611652
1.616593
1.611585
1.602608
1.604807
1.584094
1.600229
1.583175
1.585678
1.579535
1.570907
1.573380
1.574103
1.542700
1.538107
1.536495
1.558379
1.547886
1.560320
1.556199
1.574539
1.557825
1.541721
1.563846
1.537488
1.562691
1.565877
1.579453
1.571161
1.590138
1.585606
1.549487
1.560142
1.554172
1.556146
1.557150
1.555298
1.554793
1.559726
1.562985
1.559420
1.543931
1.549291
1.542310
1.548366
1.564244
1.576650
1.557043
1.574501
1.579138
1.576148
1.565186
1.561955
1.574230
1.579291
1.555615
1.570849
1.564344
1.546019
1.552588
1.540720
1.572953
1.577035
1.576148
1.585252
1.583043
1.571384
1.558286
1.560348
1.549610
1.585612
1.575158
1.590899
1.579425
1.553608
1.554671
1.559854
1.568200
1.562904
1.573005
1.570916
1.557470
1.560774
1.576397
1.580814
1.580591
1.560225
1.582344
1.575259
1.576351
1.561571
1.571563
1.570951
1.587969
1.566338
1.581704
1.582040
1.581895
1.558726
1.577846
1.568350
1.582611
1.595074
1.545860
1.545858
1.558094
1.569717
1.572900
1.569406
1.559264
1.540154
1.576414
1.558850
1.562701
1.559521
1.560497
1.550683
1.566024
1.542626
1.551584
1.556141
1.562631
1.565760
1.536245
1.562977
1.573507
1.550199
1.543682
1.550115
1.572976
1.590027
1.569533
1.557467
1.595170
1.602290
1.605356
1.615604
1.592848
1.624262
1.618145
1.581222
1.580086
1.575516
1.555453
1.568886
1.557136
1.565822
1.555641
1.564386
1.556841
1.552941
1.541384
1.541752
1.559885
1.559818
1.565602
1.574104
1.599062
1.577439
1.574988
1.585484
1.583837
1.568907
1.562730
1.576819
1.569132
1.574256
1.579261
1.586457
1.577577
1.581061
1.577248
1.582387
1.579948
1.589052
1.565817
1.593289
1.574319
1.565673
1.617405
1.576115
1.567705
1.592656
1.586157
1.586816
1.596929
1.595662
1.608063
1.660911
1.631412
1.605912
1.580107
1.633778
1.624388
1.624299
1.640330
1.645037
1.638513
1.605194
1.609011
1.595691
1.596399
1.584845
1.590669
1.588678
1.575148
1.568599
1.574062
1.585966
1.577272
1.585879
1.579381
1.574649
1.547681
1.586815
1.564268
1.564710
1.540838
1.555413
1.567698
1.599483
1.584720
1.578396
1.578615
1.554102
1.552099
1.532619
1.550106
1.537646
1.548491
1.570589
1.561852
1.574021
1.545344
1.548560
1.551196
1.572016
1.552817
1.555498
1.548515
1.561615
1.552554
1.540093
1.543249
1.530910
1.538701
1.538325
1.539308
1.532511
1.538702
1.534476
1.531641
1.523768
1.537248
1.517039
1.530118
1.532675
1.547500
1.515785
1.511199
1.529302
1.534296
1.538586
1.519248
1.525248
1.531724
1.532172
1.541135
1.521231
1.535469
1.549647
1.546136
1.541599
1.540246
1.532415
1.533451
1.527357
1.550237
1.535198
1.543798
1.532867
1.528528
1.518623
1.530562
1.522600
1.541634
1.578257
1.562725
1.538756
1.541268
1.520484
1.532918
1.533016
1.515464
1.540951
1.549840
1.570395
1.555267
1.561058
1.542414
1.560856
1.530906
1.521573
1.544644
1.569292
1.563331
1.564383
1.562379
1.554703
1.570747
1.572134
1.556346
1.554863
1.575644
1.565451
1.535316
1.534322
1.544352
1.544186
1.545482
1.563323
1.564531
1.551071
1.554678
1.558341
1.549464
1.547181
1.525608
1.557658
1.549107
1.564437
1.553875
1.557841
1.552365
1.557515
1.562713
1.530651
1.538843
1.544937
1.548268
1.563345
1.572248
1.555202
1.609381
1.549363
1.578907
1.562473
1.552472
1.559939
1.560830
1.576385
1.551387
1.548056
1.541141
1.537893
1.539217
1.558522
1.573862
1.535138
1.548617
1.555114
1.530972
1.528455
1.527706
1.545683
1.547733
1.569582
1.575206
1.572799
1.547742
1.551299
1.564177
1.556011
1.565426
1.544650
1.531293
1.537296
1.563329
1.567505
1.558628
1.558041
1.564493
1.558965
1.561742
1.558126
1.539501
1.552271
1.542249
1.558637
1.553161
1.549789
1.552812
1.556149
1.564859
1.563473
1.558490
1.539727
1.528149
1.542431
1.542752
1.550732
1.556286
