2.305882
2.308545
2.310105
2.308115
2.307822
2.312307
2.314721
2.318238
2.320545
2.314415
2.320431
2.299822
2.289949
2.280282
2.315055
2.326149
2.308564
2.307675
2.343042
2.325417
2.280994
2.178186
2.060145
1.973900
2.012880
1.961081
1.913500
1.946493
1.959789
2.032233
2.329867
2.345266
2.320127
2.321788
2.336374
2.224248
2.104823
1.974528
1.864106
1.792598
1.812447
1.773492
1.784054
1.792649
1.809195
1.790659
1.857250
1.845465
1.856477
1.822657
1.816332
1.750238
1.729141
1.724318
1.708442
1.759369
1.736345
1.746273
1.753114
1.764839
1.727123
1.735397
1.769102
1.755236
1.759080
1.766248
1.721879
1.730913
1.714647
1.666193
1.698429
1.708296
1.730903
1.696328
1.702699
1.689295
1.697588
1.704334
1.709570
1.677503
1.670372
1.684406
1.758033
1.673558
1.694163
1.705867
1.731474
1.695057
1.675607
1.657606
1.661881
1.694875
1.710418
1.688063
1.701285
1.692043
1.672004
1.659528
1.700180
1.675349
1.675248
1.676498
1.657982
1.669216
1.668255
1.692150
1.695010
1.658205
1.679555
1.678750
1.713894
1.661296
1.672544
1.642879
1.636389
1.680696
1.645781
1.649862
1.640310
1.671472
1.639304
1.675604
1.637601
1.648767
1.647908
1.637242
1.657927
1.685191
1.649374
1.626325
1.641931
1.682470
1.667297
1.650535
1.626890
1.692757
1.645424
1.649554
1.641598
1.633565
1.629670
1.618100
1.653965
1.678267
1.674980
1.680045
1.658168
1.651888
1.653927
1.638486
1.652271
1.659938
1.636834
1.597343
1.631290
1.639215
1.633717
1.656662
1.602466
1.674266
1.665784
1.621723
1.629652
1.641280
1.673105
1.646463
1.623066
1.627689
1.630089
1.603852
1.622158
1.623561
1.672104
1.621157
1.641347
1.615150
1.597086
1.634541
1.597193
1.594240
1.619962
1.642975
1.651108
1.628626
1.624937
1.625475
1.601585
1.616213
1.600727
1.652681
1.619793
1.627087
1.610280
1.616509
1.675644
1.635211
1.612215
1.629942
1.589050
1.600427
1.620295
1.601541
1.649334
1.580979
1.621413
1.596338
1.628919
1.589785
1.595592
1.597206
1.612463
1.617875
1.602336
1.583333
1.624913
1.624908
1.585379
1.583504
1.623846
1.613916
1.602625
1.604387
1.561386
1.602804
1.582228
1.633041
1.582896
1.593527
1.584804
1.575979
1.589335
1.612296
1.606843
1.612749
1.598454
1.592997
1.575664
1.604285
1.579746
1.604547
1.635157
1.628742
1.585362
1.573640
1.561600
1.588805
1.559601
1.665059
1.597946
1.610805
1.594531
1.595757
1.590656
1.601308
1.605541
1.602292
1.623163
1.550120
1.578729
1.564561
1.587775
1.589397
1.539392
1.558354
1.596200
1.579374
1.593148
1.585936
1.584051
1.603524
1.572152
1.588778
1.588615
1.591209
1.578510
1.589969
1.596456
1.585303
1.543573
1.562258
1.555221
1.561350
1.570207
1.575599
1.594686
1.608895
1.560229
1.610848
1.575195
1.605815
1.574956
1.568083
1.560640
1.559328
1.565585
1.585042
1.578658
1.578722
1.578078
1.567015
1.575529
1.594624
1.601474
1.591415
1.563783
1.530430
1.551674
1.574644
1.585719
1.575364
1.572484
1.595534
1.549069
1.549469
1.578617
1.560768
1.559168
1.594760
1.620964
1.572402
1.575401
1.569454
1.584374
1.568144
1.605811
1.605818
1.581866
1.554829
1.565081
1.576490
1.557166
1.557958
1.542552
1.537635
1.530685
1.585338
1.565552
1.571583
1.569515
1.527035
1.577179
1.585595
1.551440
1.587179
1.603545
1.592748
1.549700
1.559152
1.564570
1.554552
1.557590
1.574474
1.531799
1.559248
1.553850
1.572320
1.572299
1.596139
1.563282
1.557039
1.573057
1.556579
1.552663
1.586974
1.538215
1.532891
1.560283
1.543298
1.555885
1.582260
1.548691
1.557413
1.540562
1.575283
1.581875
1.561747
1.563842
1.558432
1.550178
1.594011
1.554456
1.537496
1.571831
1.546073
1.553822
1.568640
1.539148
1.564524
1.535789
1.546140
1.565385
1.540330
1.547932
1.570250
1.556759
1.548484
1.546907
1.546594
1.540347
1.548994
1.549624
1.557979
1.575507
1.578163
1.550225
1.571402
1.560578
1.582142
1.564176
1.591174
1.532130
1.556367
1.554416
1.548522
1.554418
1.549847
1.532260
1.553545
1.546720
1.549601
1.564550
1.552661
1.550976
1.560057
1.560068
1.567809
1.550368
1.579609
1.551177
1.559300
1.539012
1.544347
1.546801
1.536410
1.557600
1.561386
1.544477
1.536091
1.540353
1.564373
1.534913
1.575677
1.549919
1.554030
1.533157
1.530533
1.531654
1.542892
1.550115
1.547284
1.575107
1.525072
1.560743
1.534206
1.533913
1.532913
1.531591
1.538000
1.559590
1.561477
1.522640
1.526745
1.524726
1.532136
1.537939
1.549533
1.542645
1.569959
1.586629
1.552619
1.560449
1.573093
1.525740
1.571408
1.533532
1.524721
1.535099
1.524239
1.564535
1.523313
1.545619
1.529200
1.533533
1.547591
1.549119
1.543474
1.536136
1.559367
1.530868
1.543268
1.536636
1.554538
1.542602
1.534189
1.552927
1.528697
1.543392
1.525188
1.539220
1.558709
