2.331993
2.320312
2.283328
2.301677
2.278629
2.329997
2.273735
2.125334
2.371631
2.406785
2.077034
2.152399
1.859653
1.807795
1.843462
2.034106
1.807209
1.669457
1.683999
1.687355
1.806029
1.959810
1.899182
1.795057
1.752042
1.756250
1.727651
1.664583
1.573174
1.585436
1.614274
1.677742
1.703122
1.745734
1.867795
1.837599
1.818569
1.821101
1.788202
1.766527
1.707497
1.685378
1.632532
1.647088
1.687636
1.684022
1.644446
1.664231
1.706884
1.634123
1.629621
1.668487
1.659577
1.662168
1.601092
1.574860
1.557557
1.558087
1.569875
1.571486
1.584837
1.600761
1.623766
1.664888
1.661238
1.641119
1.675200
1.610013
1.586694
1.575345
1.559856
1.583513
1.599091
1.627426
1.599135
1.567857
1.570884
1.549709
1.582420
1.568640
1.570728
1.539862
1.548608
1.531827
1.519567
1.538247
1.530285
1.538562
1.528471
1.550009
1.532038
1.543880
1.612161
1.594269
1.580281
1.589760
1.573430
1.609420
1.564958
1.549659
1.554187
1.540153
1.510145
1.524350
1.527924
1.526706
1.520415
1.522825
1.524209
1.557627
1.553645
1.541383
1.538267
1.547663
1.571531
1.588204
1.561910
1.566339
1.537058
1.558413
1.512620
1.537181
1.517912
1.522247
1.530039
1.539010
1.544343
1.554540
1.496965
1.507781
1.523663
1.515870
1.545503
1.522321
1.523375
1.526357
1.541812
1.531083
1.555370
1.572793
1.560423
1.579273
1.560494
1.543670
1.551807
1.569797
1.528236
1.504177
1.530237
1.511402
1.527460
1.509838
1.517444
1.513273
1.514513
1.532893
1.528501
1.547062
1.535321
1.531141
1.543497
1.550245
1.542682
1.559396
1.546262
1.534448
1.527985
1.518205
1.525745
1.529126
1.518355
1.506257
1.505606
1.494393
1.499305
1.497714
1.489721
1.514059
1.490216
1.512664
1.520782
1.506595
1.512256
1.525949
1.514010
1.503839
1.500028
1.498832
1.497807
1.524356
1.503289
1.512410
1.501880
1.499441
1.515711
1.508339
1.516408
1.510660
1.536606
1.504409
1.515500
1.487369
1.511158
1.492814
1.503710
1.495156
1.485015
1.484326
1.502259
1.491660
1.502612
1.507353
1.496138
1.506396
1.500671
1.513806
1.490597
1.493512
1.497878
1.505548
1.508610
1.528177
1.486080
1.495681
1.480792
1.485898
1.484896
1.501493
1.484613
1.499786
1.487878
1.510430
1.495618
1.496436
1.514338
1.491657
1.486136
1.491828
1.496262
1.492292
1.489887
1.520952
1.509624
1.480591
1.489611
1.498340
1.511687
1.493115
1.488362
1.496760
1.493933
1.495964
1.483031
1.506654
1.490208
1.513911
1.481506
1.492807
1.504256
1.492187
1.504314
1.497345
1.495974
1.497992
1.481336
1.503774
1.495849
1.492082
1.502078
1.499327
1.491802
1.510820
1.493872
1.494246
1.488724
1.494114
1.488983
1.480794
1.486607
1.490773
1.488325
1.481775
1.498429
1.515030
1.500079
1.517443
1.534737
1.532841
1.531719
1.561093
1.541437
1.561529
1.531838
1.522700
1.515735
1.528356
1.511417
1.489793
1.509310
1.521020
1.497659
1.495840
1.512322
1.519510
1.501542
1.498377
1.496760
1.519984
1.513773
1.502761
1.510608
1.523767
1.495505
1.500588
1.474848
1.496986
1.481521
1.510228
1.502899
1.492034
1.487145
1.495425
1.471189
1.496487
1.500131
1.497600
1.488295
1.481194
1.490506
1.502854
1.494690
1.487280
1.499076
1.499402
1.518352
1.522465
1.483834
1.493274
1.522904
1.491557
1.500030
1.488984
1.524705
1.480362
1.498685
1.510967
1.504363
1.521958
1.523488
1.510660
1.511707
1.504532
1.501242
1.489363
1.482924
1.501069
1.485720
1.476758
1.481061
1.491864
1.481987
1.479773
1.506591
1.474649
1.483817
1.474697
1.486160
1.471030
1.475832
1.474828
1.484295
1.494500
1.471214
1.490428
1.502840
1.513370
1.491167
1.495352
1.497736
1.482475
1.505478
1.514773
1.498666
1.499449
1.489147
1.529145
1.483870
1.497219
1.486794
1.472012
1.478352
1.483313
1.486979
1.478459
1.478977
1.488145
1.484555
1.496576
1.491739
1.495396
1.480899
1.503969
1.514495
1.526600
1.537555
1.545767
1.525331
1.533605
1.522513
1.539545
1.556667
1.511719
1.503470
1.477620
1.485859
1.506129
1.481662
1.470784
1.488275
1.472631
1.477840
1.495903
1.506666
1.520226
1.523273
1.511538
1.494583
1.501080
1.478739
1.486764
1.482769
1.484335
1.483391
1.516209
1.494420
1.487885
1.485069
1.501850
1.515630
1.489424
1.507546
1.499871
1.505341
1.493983
1.505246
1.516672
1.523690
1.502425
1.506649
1.489100
1.504930
1.495642
1.492811
1.494819
1.483177
1.510366
1.506143
1.490094
1.490076
1.505384
1.488819
1.491898
1.496515
1.478166
1.496015
1.490904
1.515184
1.555109
1.543633
1.548253
1.538354
1.548012
1.527871
1.527683
1.534310
1.515591
1.501027
1.538898
1.497133
1.497838
1.491427
1.495291
1.475650
1.496753
1.492306
1.480281
1.491470
1.476952
1.484097
1.511900
1.484366
1.515766
1.487117
1.497563
1.496631
1.494280
1.491871
1.481588
1.486783
1.483554
