2.302499
2.301142
2.291598
2.290563
2.280726
2.272470
2.250663
2.248074
2.246123
2.244583
2.209323
2.166263
2.173642
2.105189
2.103530
2.090050
2.031469
2.025657
1.981239
1.907577
1.883153
1.875871
1.876443
1.853208
1.771964
1.810276
1.809613
1.761100
1.745243
1.782384
1.783346
1.774309
1.738424
1.699201
1.699361
1.692883
1.757388
1.707884
1.719399
1.711026
1.671786
1.625714
1.693733
1.674568
1.717459
1.682519
1.673086
1.687075
1.653898
1.659650
1.666533
1.668423
1.685606
1.667208
1.699279
1.656189
1.655763
1.658319
1.710478
1.680770
1.609352
1.663542
1.607660
1.653965
1.701460
1.656612
1.668334
1.641669
1.689639
1.643562
1.640468
1.675497
1.613423
1.639458
1.656744
1.587665
1.626228
1.650403
1.700019
1.632676
1.671423
1.662187
1.626663
1.636899
1.630026
1.635933
1.634371
1.631820
1.594758
1.636964
1.659883
1.628785
1.613628
1.630271
1.643989
1.684820
1.599148
1.649614
1.579491
1.619866
1.636645
1.592708
1.598205
1.609174
1.629672
1.631126
1.659183
1.604846
1.597452
1.622701
1.585962
1.628135
1.660899
1.638277
1.680119
1.656319
1.645924
1.617095
1.607995
1.600924
1.589170
1.637538
1.604137
1.576916
1.613720
1.588093
1.576502
1.614979
1.549652
1.595890
1.573330
1.572250
1.567021
1.578001
1.566426
1.557690
1.591577
1.550276
1.587677
1.559646
1.563333
1.565480
1.584085
1.557632
1.555592
1.530312
1.539077
1.565909
1.551709
1.552458
1.561014
1.545293
1.564186
1.591771
1.543931
1.536888
1.540135
1.564566
1.556706
1.531497
1.556826
1.556418
1.550680
1.535265
1.541592
1.562032
1.567758
1.539657
1.551831
1.527238
1.545921
1.545273
1.559303
1.552627
1.539461
1.573212
1.543921
1.549819
1.520597
1.573995
1.543481
1.539240
1.524324
1.532314
1.547907
1.530385
1.542490
1.540800
1.546556
1.532851
1.541647
1.531617
1.548310
1.511557
1.537762
1.546457
1.539884
1.513854
1.553204
1.532029
1.555863
1.541756
1.580521
1.556222
1.537966
1.537016
1.539987
1.540302
1.535596
1.549666
1.554647
1.529229
1.522006
1.542347
1.547457
1.531160
1.525704
1.532965
1.555327
1.507143
1.543402
1.530129
1.539721
1.515767
1.516975
1.538120
1.551314
1.505942
1.516438
1.525341
1.541269
1.561048
1.518366
1.534532
1.515012
1.530231
1.515495
1.562196
1.513611
1.523474
1.530275
1.534548
1.533243
1.533502
1.509644
1.554168
1.522984
1.508449
1.510767
1.532321
1.556886
1.531871
1.529932
1.525336
1.532433
1.507320
1.534493
1.527011
1.539454
1.535352
1.534047
1.515882
1.525896
1.531860
1.522825
1.506938
1.522670
1.538473
1.518703
1.525841
1.507574
1.522438
1.554823
1.524812
1.514461
1.514745
1.525066
1.523521
1.510776
1.527497
1.508395
1.533875
1.519101
1.539463
1.517256
1.506198
1.508570
1.511941
1.534481
1.519537
1.526386
1.515678
1.542738
1.528072
1.537440
1.525769
1.524088
1.538626
1.534494
1.514130
1.507862
1.515691
1.517503
1.530787
1.516936
1.520335
1.511445
1.513645
1.509087
1.530605
1.525876
1.518355
1.530222
1.498935
1.511978
1.504820
1.528511
1.496938
1.539679
1.511166
1.515164
1.502974
1.518623
1.531749
1.514657
1.516939
1.512875
1.526651
1.510010
1.515173
1.506621
1.512685
1.513384
1.517085
1.524150
1.530745
1.509183
1.505004
1.514462
1.502965
1.517683
1.531014
1.504322
1.528503
1.514761
1.518519
1.488346
1.532130
1.505360
1.500282
1.520779
1.503397
1.516830
1.523245
1.510751
1.507563
1.514091
1.504297
1.517695
1.507961
1.513251
1.508454
1.525489
1.503647
1.501269
1.511813
1.501043
1.507655
1.511742
1.506192
1.510682
1.499801
1.509704
1.536691
1.511730
1.520452
1.495013
1.513758
1.501645
1.524716
1.491962
1.526103
1.530822
1.511110
1.485968
1.522509
1.503214
1.513069
1.506213
1.505694
1.494619
1.506007
1.503953
1.505392
1.514276
1.507838
1.490679
1.497248
1.493654
1.496178
1.511005
1.509548
1.504332
1.509490
1.488166
1.514982
1.514245
1.488509
1.504538
1.504121
1.521472
1.491611
1.521954
1.506436
1.528935
1.496712
1.499195
1.485421
1.518358
1.495996
1.500690
1.505020
1.506083
1.522116
1.504399
1.512774
1.484759
1.518296
1.503896
1.494191
1.503228
1.535344
1.488091
1.509573
1.502108
1.492939
1.515093
1.506760
1.491822
1.487245
1.492609
1.489845
1.484699
1.498611
1.496998
1.509203
1.488433
1.519816
1.517084
1.503275
1.484999
1.499675
1.521767
1.498276
1.498440
1.519293
1.512347
1.492495
1.503131
1.495149
1.508973
1.493317
1.502767
1.493083
1.514048
1.493705
1.505076
1.485110
1.518457
1.492694
1.488608
1.501103
1.503419
1.497078
1.480762
1.509879
1.492198
1.488335
1.498161
1.504739
1.487936
1.496804
1.496292
1.491382
1.493086
1.528370
1.508055
1.505396
1.510410
1.481759
1.490732
1.484336
1.512336
1.509807
1.512964
1.491219
1.494410
1.511317
1.513245
1.502846
