2.305520
2.303452
2.302671
2.302957
2.302585
2.303328
2.302709
2.302709
2.301928
2.302585
2.302585
2.302585
2.302585
2.302585
2.302585
2.302585
2.302585
2.302585
2.302585
2.302585
2.302585
2.302585
2.302585
2.302585
2.302585
2.302585
2.302585
2.302585
2.302585
2.302585
2.302585
2.302585
2.302585
2.302585
2.302585
2.302585
2.302585
2.302585
2.302585
2.302585
2.302585
2.302585
2.302585
2.302585
2.302585
2.302585
2.302051
2.301928
2.301394
2.301356
2.299060
2.293825
2.262600
2.287968
2.305060
2.331282
2.347667
2.376117
2.380415
2.420657
2.461127
2.414733
2.333001
2.235065
2.213499
2.203717
2.351632
2.577745
2.497168
2.555608
2.417727
2.263865
2.233581
2.272212
2.374840
2.551582
2.544608
2.607087
2.431914
2.479684
2.556844
2.576224
2.517360
2.546929
2.450559
2.574355
2.534898
2.535757
2.537778
2.537850
2.545212
2.609063
2.569133
2.504735
2.585035
2.590560
2.578361
2.595297
2.621714
2.553348
2.565598
2.541803
2.532062
2.535465
2.574424
2.572718
2.555532
2.526895
2.491703
2.492250
2.494659
2.523798
2.573237
2.636031
2.638594
2.514414
2.523519
2.604664
2.607571
2.663083
2.592258
2.621669
2.635074
2.583431
2.656268
2.619078
2.702230
2.576934
2.591323
2.646592
2.611722
2.593855
2.696489
2.614633
2.663367
2.652434
2.598636
2.640745
2.676221
2.620704
2.608550
2.607764
2.615226
2.646222
2.655085
2.641429
2.647814
2.578251
2.576225
2.660044
2.585452
2.616510
2.620328
2.651667
2.603583
2.592709
2.464032
2.577378
2.650379
2.593323
2.634750
2.468586
2.478880
2.529452
2.696951
2.633040
2.498899
2.639965
2.510844
2.526969
2.674017
2.593699
2.582730
2.529782
2.479328
2.571616
2.627601
2.617156
2.545319
2.559439
2.552232
2.592020
2.599460
2.536486
2.604875
2.569826
2.598571
2.606475
2.573793
2.510473
2.545548
2.449486
2.436545
2.512186
2.528589
2.534746
2.524140
2.405221
2.422712
2.370621
2.418283
2.407910
2.460387
2.461892
2.435302
2.345799
2.280601
2.251138
2.315520
2.310221
2.311657
2.428297
2.388601
2.450439
2.379887
2.433630
2.339751
2.255896
2.270942
2.178044
2.169541
2.129835
2.114062
2.106895
2.140770
2.168905
2.178796
2.308855
2.328939
2.368134
2.333838
2.265675
2.295972
2.347415
2.274566
2.263482
2.283406
2.301710
2.280414
2.252350
2.221174
2.254363
2.171706
2.246758
2.267773
2.204122
2.155609
2.257728
2.338819
2.377399
2.417392
2.385973
2.419158
2.474368
2.414579
2.442965
2.343731
2.371053
2.341823
2.248109
2.309428
2.306941
2.261029
2.282433
2.286995
2.273106
2.288736
2.287132
2.246159
2.225974
2.154891
2.105781
2.058889
1.985955
1.960543
1.931874
1.957572
1.988976
2.050700
2.128497
2.189975
2.250849
2.275681
2.266515
2.313513
2.350333
2.385484
2.264623
2.230781
2.200009
2.163028
2.132723
2.118427
2.190055
2.277093
2.319295
2.339892
2.294395
2.312678
2.265669
2.240603
2.260553
2.274663
2.242310
2.286130
2.186076
2.191778
2.201527
2.209188
2.187872
2.191743
2.255447
2.167053
2.140957
2.213780
2.229259
2.231378
2.245271
2.278390
2.239602
2.242978
2.220485
2.173568
2.122924
2.126567
2.142035
2.146956
2.169205
2.172151
2.227829
2.188230
2.178304
2.128187
2.064985
2.050172
1.977008
2.025704
2.106334
2.029628
2.138047
2.171478
2.109775
2.123761
2.141371
2.149181
2.138961
2.083619
2.013218
2.114981
2.207770
2.154417
2.133930
2.066588
2.094452
2.066914
2.001627
1.987291
1.899845
1.997755
2.039028
2.053346
2.083555
2.057005
2.113415
2.142715
2.217350
2.230288
2.311931
2.272156
2.233802
2.354882
2.282922
2.291209
2.336924
2.302868
2.315161
2.302919
2.257480
2.290261
2.334904
2.258514
2.294343
2.303177
2.272854
2.251230
2.319613
2.321973
2.266035
2.258405
2.221711
2.258132
2.211846
2.212107
2.237972
2.192896
2.248701
2.217304
2.232038
2.197027
2.272029
2.222443
2.231154
2.277483
2.238534
2.275712
2.326163
2.264279
2.212921
2.275930
2.231245
2.248880
2.200964
2.221965
2.270063
2.261162
2.243549
2.230584
2.268505
2.281992
2.299112
2.264110
2.286367
2.268195
2.276514
2.236387
2.242353
2.249030
2.278769
2.260582
2.256896
2.247796
2.240901
2.183937
2.244218
2.184984
2.212643
2.203168
2.180836
2.220462
2.208419
2.201623
2.255128
2.219673
2.170152
2.269165
2.172251
2.236759
2.251281
2.228913
2.200976
2.184022
2.211337
2.169747
2.200269
2.205605
2.202272
2.215643
2.235816
2.201097
2.212812
2.221149
2.192084
2.180182
2.159427
2.214587
2.229898
2.256232
2.237230
2.205525
2.218422
2.210380
2.218130
2.262924
2.253490
2.290621
2.210596
2.258842
2.262540
2.264130
2.290530
2.238829
2.263641
2.273761
2.278265
2.245446
2.284289
2.271790
2.258193
2.249748
2.223696
2.278415
2.268818
2.263312
2.204810
2.233653
2.264934
2.253967
2.264371
2.268039
2.231437
