2.301376
2.297873
2.290495
2.297132
2.287461
2.280009
2.247601
2.245867
2.238696
2.176943
2.201097
2.173095
2.122556
2.071359
2.087585
2.002614
1.946739
1.913132
1.926273
1.857517
1.909421
1.857717
1.858817
1.812950
1.860968
1.898031
1.798453
1.826838
1.754645
1.726898
1.783384
1.815990
1.743077
1.810778
1.791486
1.798640
1.737059
1.792689
1.751458
1.694727
1.755069
1.672004
1.694055
1.724867
1.711573
1.745869
1.712699
1.684820
1.772370
1.719373
1.722110
1.712397
1.666784
1.711165
1.698440
1.706211
1.761144
1.740026
1.721628
1.701947
1.717405
1.726692
1.687751
1.734253
1.741312
1.734687
1.708261
1.691540
1.679282
1.657879
1.654770
1.725779
1.676658
1.700216
1.747348
1.788447
1.678349
1.726567
1.684362
1.700941
1.668601
1.664044
1.680135
1.729410
1.716125
1.709959
1.683177
1.701161
1.736545
1.680331
1.692791
1.709805
1.699465
1.660943
1.680995
1.673063
1.700436
1.711719
1.672628
1.702044
1.677418
1.654826
1.659532
1.667902
1.642072
1.709638
1.641814
1.631369
1.669086
1.682742
1.670884
1.677566
1.708772
1.709085
1.650488
1.696220
1.720338
1.706415
1.674889
1.662900
1.667619
1.699221
1.728375
1.651955
1.694751
1.668841
1.680962
1.651939
1.686654
1.641601
1.655226
1.667179
1.660892
1.681854
1.682264
1.687329
1.687318
1.688381
1.654865
1.630006
1.679629
1.622218
1.728463
1.663318
1.671914
1.651042
1.687270
1.623997
1.664099
1.628646
1.678363
1.678167
1.680428
1.650344
1.650040
1.635345
1.621371
1.640486
1.685666
1.677005
1.719036
1.681498
1.664286
1.659482
1.674119
1.628629
1.644907
1.709658
1.627188
1.697031
1.626365
1.617582
1.719128
1.650986
1.687495
1.643078
1.653789
1.636506
1.701453
1.689840
1.653283
1.659760
1.658267
1.639349
1.633876
1.592511
1.682950
1.723765
1.663613
1.737940
1.663718
1.624277
1.683268
1.676197
1.633940
1.649055
1.665754
1.721630
1.640402
1.622930
1.689511
1.678358
1.624642
1.644763
1.670602
1.660378
1.669949
1.618461
1.672380
1.662436
1.652367
1.612106
1.661415
1.637364
1.622046
1.689354
1.658834
1.652112
1.665541
1.652881
1.621781
1.671604
1.694047
1.652271
1.626896
1.664967
1.666107
1.787802
1.623120
1.670331
1.651906
1.661488
1.599935
1.622993
1.682950
1.614704
1.633061
1.663289
1.680153
1.642672
1.639153
1.670564
1.611342
1.713678
1.669039
1.627637
1.637981
1.732282
1.646390
1.672279
1.670107
1.578715
1.662584
1.625971
1.630944
1.640281
1.723929
1.695140
1.648821
1.665680
1.678490
1.630754
1.628252
1.628276
1.684753
1.699613
1.715821
1.649639
1.654478
1.708241
1.667317
1.626087
1.619822
1.616594
1.631759
1.672042
1.683166
1.653935
1.635563
1.636030
1.654179
1.684162
1.650168
1.675694
1.621174
1.601699
1.702890
1.669845
1.679240
1.674454
1.634727
1.649587
1.609521
1.686616
1.637060
1.665123
1.635130
1.645828
1.651322
1.614074
1.599341
1.638898
1.616164
1.670656
1.639398
1.643374
1.615218
1.624343
1.677214
1.631719
1.654202
1.657788
1.660929
1.685468
1.598041
1.675640
1.664368
1.660852
1.674105
1.646829
1.614347
1.628086
1.655302
1.690788
1.679574
1.619257
1.621593
1.668180
1.619588
1.690678
1.638554
1.659955
1.667402
1.696299
1.625055
1.640588
1.552154
1.706929
1.647413
1.661296
1.611784
1.614232
1.599072
1.717788
1.655977
1.670671
1.660639
1.648940
1.646412
1.690601
1.598628
1.652349
1.668712
1.661677
1.623167
1.626220
1.696464
1.644598
1.643962
1.594651
1.657967
1.669873
1.590058
1.637700
1.620894
1.646487
1.654847
1.566137
1.605100
1.663459
1.615265
1.701146
1.664073
1.643086
1.665328
1.619897
1.711713
1.637197
1.667038
1.621104
1.666237
1.611306
1.586310
1.599603
1.618721
1.663616
1.631341
1.679918
1.629362
1.676282
1.642242
1.677534
1.607871
1.643602
1.660383
1.654557
1.656031
1.620788
1.606986
1.641761
1.575772
1.662599
1.686488
1.636599
1.643942
1.656930
1.666067
1.634008
1.638280
1.647059
1.658969
1.620350
1.647509
1.627158
1.692191
1.614909
1.700937
1.678670
1.665130
1.647313
1.596313
1.635116
1.710621
1.678998
1.631301
1.719439
1.654179
1.600688
1.624960
1.626785
1.612150
1.651458
1.609029
1.653389
1.643805
1.654544
1.644544
1.638642
1.630220
1.623049
1.718711
1.651538
1.665741
1.633791
1.651856
1.637860
1.639535
1.584737
1.665555
1.614328
1.623415
1.608339
1.591256
1.660880
1.665840
1.604288
1.610261
1.595859
1.680563
1.661224
1.647356
1.639981
1.654062
1.644048
1.610679
1.637237
1.666682
1.639536
1.660678
1.650352
1.697276
1.660494
1.626989
1.659337
1.629811
1.663853
1.652339
1.582572
1.641029
1.626700
1.631677
1.631819
1.636528
1.603298
1.620551
1.598643
1.662486
1.687897
1.650605
1.636297
1.633440
1.608130
1.680167
1.649105
1.638011
1.648888
1.628782
1.678488
1.658123
1.641070
