2.311923
2.299839
2.280372
2.267133
2.270859
2.261794
2.162421
2.157025
2.103139
2.032918
1.885193
1.900549
1.843775
1.820582
1.759300
1.739372
1.711380
1.700622
1.689049
1.671306
1.674794
1.648327
1.629673
1.628829
1.622870
1.654581
1.585244
1.609512
1.584048
1.607947
1.632920
1.566663
1.565927
1.570356
1.576995
1.583069
1.587254
1.552174
1.590155
1.554971
1.562565
1.567828
1.574959
1.566926
1.551417
1.562538
1.568233
1.561880
1.553882
1.566171
1.546534
1.566204
1.544050
1.539425
1.565002
1.533752
1.543645
1.530438
1.545275
1.511485
1.566949
1.527192
1.538585
1.557550
1.552848
1.547174
1.548812
1.554430
1.554470
1.534196
1.526402
1.543589
1.524897
1.534231
1.527820
1.520291
1.559451
1.546889
1.529128
1.504711
1.513242
1.522026
1.534407
1.505226
1.518258
1.508636
1.555928
1.528275
1.542891
1.529122
1.511590
1.506208
1.524056
1.525799
1.515578
1.494414
1.525917
1.498921
1.529361
1.519165
1.520847
1.509913
1.511914
1.535496
1.566326
1.529522
1.495755
1.503853
1.505985
1.511300
1.502230
1.507308
1.532783
1.506176
1.502812
1.503562
1.506429
1.510366
1.503240
1.505643
1.504656
1.518413
1.521669
1.533435
1.526915
1.510854
1.526985
1.506765
1.495981
1.508403
1.518767
1.514973
1.511329
1.500585
1.496694
1.498543
1.498820
1.541842
1.521531
1.508585
1.506768
1.495994
1.493497
1.514808
1.513995
1.494129
1.499815
1.514694
1.483103
1.507223
1.515170
1.523669
1.522124
1.507609
1.544634
1.497391
1.517595
1.508162
1.500328
1.508664
1.486650
1.489480
1.504120
1.489208
1.501914
1.509528
1.502219
1.524679
1.487329
1.502331
1.492290
1.497374
1.519072
1.501335
1.484599
1.491817
1.498224
1.478592
1.528214
1.500726
1.508638
1.485497
1.509104
1.506519
1.502617
1.495468
1.503377
1.490555
1.494193
1.486078
1.490817
1.497244
1.496869
1.504945
1.496528
1.506006
1.507993
1.498356
1.492477
1.489487
1.479409
1.496895
1.502080
1.504932
1.497172
1.487307
1.503371
1.483609
1.497401
1.500050
1.498549
1.502116
1.487096
1.494185
1.485756
1.512829
1.494437
1.501619
1.498617
1.505647
1.495525
1.498642
1.528330
1.490959
1.496776
1.506801
1.510369
1.491064
1.484138
1.507829
1.480107
1.502920
1.504750
1.504098
1.494092
1.504371
1.500804
1.496621
1.504315
1.483585
1.503418
1.516944
1.499128
1.493018
1.478645
1.492489
1.501487
1.498482
1.489451
1.505955
1.500233
1.497259
1.494237
1.496555
1.481324
1.495175
1.490463
1.484050
1.494420
1.486131
1.482540
1.483898
1.489609
1.483339
1.492493
1.498181
1.492671
1.493529
1.486856
1.492031
1.500937
1.485873
1.491049
1.502712
1.492082
1.476697
1.488782
1.502667
1.496525
1.485733
1.514292
1.487383
1.487624
1.493742
1.485085
1.500474
1.490655
1.487004
1.491671
1.493207
1.488998
1.489658
1.494741
1.485240
1.474818
1.487665
1.479137
1.482699
1.488425
1.487479
1.495226
1.492681
1.476808
1.494455
1.476843
1.484469
1.491714
1.481726
1.484724
1.491665
1.484195
1.492223
1.487851
1.489352
1.485311
1.473552
1.479445
1.498685
1.495129
1.492829
1.480584
1.497386
1.470466
1.485939
1.485752
1.489156
1.486941
1.481723
1.492371
1.505764
1.479587
1.513017
1.494743
1.486377
1.490247
1.484764
1.480851
1.483225
1.486415
1.482870
1.483451
1.488838
1.495010
1.474968
1.485960
1.492589
1.508373
1.473898
1.492038
1.492662
1.473620
1.482228
1.486294
1.496669
1.486166
1.496358
1.475067
1.478258
1.486954
1.495394
1.489484
1.481498
1.481104
1.503138
1.481962
1.488279
1.473935
1.479576
1.479880
1.487385
1.483081
1.481384
1.476262
1.483929
1.488810
1.472861
1.492543
1.477712
1.489649
1.472399
1.473217
1.478918
1.482695
1.497390
1.486975
1.486537
1.471033
1.487560
1.488820
1.499353
1.475284
1.487203
1.483615
1.480068
1.482147
1.495793
1.477909
1.489122
1.475016
1.508050
1.474466
1.475789
1.482679
1.483880
1.476521
1.481911
1.491938
1.481912
1.484867
1.487786
1.485499
1.473667
1.493900
1.491835
1.472253
1.488567
1.482574
1.483110
1.472102
1.482030
1.472611
1.481144
1.483905
1.476931
1.477638
1.481167
1.485595
1.483040
1.473302
1.479154
1.484671
1.489326
1.490937
1.487584
1.481940
1.482635
1.490491
1.484647
1.478213
1.490502
1.481016
1.486845
1.478309
1.481124
1.476537
1.488514
1.475639
1.476647
1.485556
1.487134
1.482089
1.480759
1.474312
1.498654
1.489505
1.478532
1.486873
1.484712
1.479606
1.478424
1.481569
1.481879
1.480233
1.483139
1.474969
1.478655
1.468859
1.487018
1.482157
1.475861
1.470802
1.478085
1.474131
1.484804
1.483401
1.493178
1.498686
1.490814
1.478112
1.475684
1.477909
1.483031
1.481265
1.480135
1.490030
1.487861
1.480663
1.485124
1.482364
1.478612
1.479300
1.471034
1.482767
1.502065
1.477559
1.486042
1.472643
1.481694
1.484876
1.473589
