2.305806
2.312838
2.345222
2.410836
2.553328
2.469341
2.180163
2.234936
2.206242
2.214680
2.225220
2.229916
2.233273
2.235401
2.236515
2.237014
2.237232
2.237178
2.237287
2.237232
2.236987
2.237287
2.237287
2.237287
2.237287
2.237287
2.237287
2.237287
2.237287
2.237287
2.237287
2.237287
2.237287
2.237287
2.237287
2.237287
2.237287
2.237287
2.237287
2.237287
2.237287
2.237287
2.237287
2.237287
2.237287
2.237287
2.237287
2.237287
2.237287
2.237287
2.237287
2.237287
2.237287
2.237287
2.237287
2.237287
2.237287
2.237287
2.237287
2.237287
2.237287
2.237287
2.237287
2.237287
2.237287
2.237287
2.237287
2.237287
2.237287
2.237287
2.237287
2.237287
2.237287
2.237287
2.237287
2.237287
2.237287
2.237287
2.237287
2.237287
2.237287
2.237287
2.237287
2.237287
2.237287
2.237287
2.237287
2.237287
2.237287
2.237287
2.237287
2.237287
2.237287
2.237287
2.237287
2.237287
2.237287
2.237287
2.237287
2.237287
2.237287
2.237287
2.237287
2.237287
2.237287
2.237287
2.237287
2.237287
2.237287
2.237287
2.237287
2.237287
2.237287
2.237287
2.237287
2.237287
2.237287
2.237287
2.237287
2.237287
2.237287
2.237287
2.237287
2.237287
2.237287
2.237287
2.237287
2.237287
2.237287
2.237287
2.237287
2.237287
2.237287
2.237287
2.237287
2.237287
2.237287
2.237287
2.237287
2.237287
2.237287
2.237287
2.237232
2.237287
2.237287
2.237287
2.237287
2.237287
2.237287
2.237287
2.237287
2.237287
2.237287
2.237287
2.237287
2.237287
2.237287
2.237232
2.237287
2.237287
2.237287
2.237287
2.237287
2.237287
2.237287
2.237287
2.237287
2.237287
2.237287
2.237287
2.237287
2.237287
2.237287
2.237287
2.237287
2.237287
2.237287
2.237287
2.237287
2.237287
2.237287
2.237287
2.237287
2.237287
2.237287
2.237287
2.237287
2.237287
2.237287
2.237287
2.237232
2.237287
2.237287
2.237287
2.237287
2.237287
2.237287
2.237287
2.237287
2.237287
2.237287
2.237287
2.237287
2.237287
2.237287
2.237287
2.237287
2.237287
2.237287
2.237287
2.237287
2.237287
2.237287
2.237287
2.237287
2.237287
2.237287
2.237287
2.237287
2.237287
2.237287
2.237287
2.237287
2.237287
2.237287
2.237287
2.237287
2.237287
2.237287
2.237287
2.237287
2.237287
2.237287
2.237287
2.237287
2.237287
2.237287
2.237287
2.237287
2.237287
2.237287
2.237287
2.237287
2.237287
2.237287
2.237287
2.237287
2.237287
2.237287
2.237287
2.237287
2.237287
2.237287
2.237287
2.237287
2.237287
2.237232
2.237287
2.237287
2.237287
2.237287
2.237287
2.237287
2.237287
2.237287
2.237287
2.237287
2.237287
2.237287
2.237287
2.237287
2.237287
2.237287
2.237287
2.237287
2.237287
2.237287
2.237287
2.237287
2.237287
2.237287
2.237287
2.237287
2.237287
2.237287
2.237287
2.237287
2.237287
2.237287
2.237287
2.237287
2.237287
2.237287
2.237287
2.237287
2.237287
2.237287
2.237287
2.237287
2.237287
2.237287
2.237287
2.237287
2.237287
2.237287
2.237287
2.237287
2.237287
2.237287
2.237287
2.237287
2.237287
2.237287
2.237287
2.237287
2.237287
2.237287
2.237287
2.237287
2.237287
2.237287
2.237287
2.237287
2.237287
2.237287
2.237287
2.237287
2.237287
2.237287
2.237287
2.237287
2.237287
2.237287
2.237287
2.237287
2.237287
2.237287
2.237287
2.237287
2.237287
2.237287
2.237287
2.237287
2.237287
2.237287
2.237287
2.237287
2.237287
2.237287
2.237287
2.237287
2.237287
2.237287
2.237287
2.237287
2.237287
2.237287
2.237287
2.237287
2.237287
2.237287
2.237287
2.237287
2.237287
2.237287
2.237287
2.237287
2.237287
2.237287
2.237287
2.237287
2.237287
2.237287
2.237287
2.237287
2.237287
2.237287
2.237287
2.237287
2.237287
2.237287
2.237287
2.237287
2.237287
2.237287
2.237287
2.237287
2.237287
2.237287
2.237287
2.237287
2.237287
2.237287
2.237287
2.237287
2.237287
2.237287
2.237287
2.237287
2.237287
2.237287
2.237287
2.237287
2.237287
2.237287
2.237287
2.237287
2.237287
2.237287
2.237287
2.237287
2.237287
2.237287
2.237287
2.237287
2.237287
2.237287
2.237287
2.237287
2.237287
2.237287
2.237287
2.237287
2.237287
2.237287
2.237287
2.237287
2.237287
2.237287
2.237287
2.237287
2.237287
2.237287
2.237287
2.237287
2.237287
2.237287
2.237287
2.237287
2.237287
2.237287
2.237287
2.237287
2.237287
2.237287
2.237287
2.237287
2.237287
2.237287
2.237287
2.237287
2.237287
2.237287
2.237287
2.237287
2.237287
2.237287
2.237287
2.237287
2.237287
2.237287
2.237287
2.237287
2.237287
2.237287
2.237287
2.237287
2.237287
2.237287
2.237287
2.237287
2.237287
2.237287
2.237287
2.237287
2.237287
2.237287
2.237287
2.237287
2.237287
2.237287
2.237287
2.237287
2.237287
2.237287
2.237287
2.237287
2.237287
2.237287
2.237287
2.237287
2.237287
2.237287
2.237287
2.237287
2.237287
2.237287
2.237287
2.237287
2.237287
