2.302550
2.304078
2.306601
2.303280
2.301509
2.303988
2.303008
2.300950
2.298411
2.299966
2.299054
2.298471
2.289532
2.297082
2.289092
2.282751
2.278101
2.289393
2.270449
2.271252
2.260537
2.263473
2.271172
2.256746
2.243537
2.211023
2.208344
2.205368
2.195165
2.199557
2.146852
2.149158
2.162077
2.182627
2.150112
2.111092
2.114229
2.097337
2.077250
2.047304
2.015861
2.008985
2.011795
2.023092
1.967447
1.939027
1.926240
1.941678
1.892708
1.897837
1.920940
1.896137
1.891487
1.899006
1.870758
1.862021
1.873694
1.842511
1.832114
1.829555
1.817858
1.821802
1.810635
1.803526
1.793808
1.783851
1.795270
1.751278
1.773915
1.752246
1.774816
1.752303
1.741897
1.799361
1.760461
1.738271
1.756232
1.747382
1.786669
1.781706
1.743464
1.745427
1.729368
1.700054
1.716237
1.720585
1.715438
1.769401
1.741580
1.753419
1.730899
1.738372
1.710424
1.699585
1.700273
1.694262
1.723358
1.722336
1.712855
1.717260
1.720911
1.718038
1.684872
1.714547
1.711620
1.703851
1.664946
1.716936
1.709391
1.698602
1.693635
1.690949
1.693547
1.731902
1.716370
1.708067
1.719212
1.697675
1.680365
1.694769
1.675131
1.704673
1.676931
1.706870
1.661433
1.734023
1.668825
1.681665
1.628652
1.684531
1.681356
1.666681
1.674525
1.674026
1.684196
1.661595
1.665748
1.666985
1.683266
1.681247
1.681581
1.626270
1.679304
1.686447
1.675135
1.669491
1.665160
1.657609
1.637408
1.626150
1.671550
1.604882
1.622095
1.643402
1.668565
1.637916
1.637992
1.634297
1.664454
1.676608
1.626129
1.630984
1.684689
1.620917
1.657603
1.641218
1.638273
1.630415
1.615878
1.632175
1.651120
1.654168
1.668110
1.631058
1.638456
1.640879
1.655600
1.608990
1.645066
1.657841
1.624467
1.625241
1.613177
1.653399
1.656960
1.633879
1.632421
1.701056
1.644242
1.693558
1.612254
1.676096
1.621693
1.617213
1.635868
1.639843
1.629133
1.624653
1.655529
1.609205
1.614284
1.602726
1.618064
1.614096
1.609884
1.620642
1.641375
1.640126
1.611633
1.663900
1.592757
1.640514
1.592494
1.594369
1.622250
1.615437
1.609301
1.661358
1.620172
1.568376
1.623075
1.632589
1.626660
1.609709
1.593936
1.591765
1.607913
1.609468
1.607435
1.613292
1.565396
1.612283
1.621385
1.604268
1.655195
1.576479
1.601529
1.603218
1.579363
1.616060
1.592724
1.627554
1.585908
1.601930
1.626622
1.606856
1.617861
1.580257
1.594518
1.594853
1.589519
1.588277
1.581788
1.589682
1.605681
1.604343
1.612978
1.630902
1.593548
1.576684
1.583893
1.587728
1.606189
1.592782
1.607222
1.612620
1.607520
1.577679
1.601411
1.578877
1.597216
1.599743
1.600827
1.592970
1.573225
1.592941
1.618702
1.589223
1.554893
1.618135
1.620709
1.600276
1.614571
1.562080
1.577216
1.576324
1.615654
1.575411
1.617562
1.585515
1.608678
1.607334
1.570599
1.581564
1.571037
1.593282
1.575335
1.560019
1.590431
1.583916
1.574867
1.556802
1.577448
1.566152
1.609239
1.567900
1.613791
1.604632
1.592491
1.624639
1.599248
1.571553
1.590829
1.560778
1.569330
1.578760
1.548622
1.573450
1.561224
1.582155
1.556088
1.577945
1.598301
1.579429
1.590003
1.601055
1.570790
1.534669
1.571724
1.552525
1.602658
1.591704
1.567345
1.576568
1.564648
1.542298
1.573108
1.602239
1.585442
1.579620
1.561619
1.583492
1.589171
1.574047
1.582500
1.588698
1.544729
1.574057
1.555216
1.555773
1.567620
1.581429
1.578563
1.587370
1.551960
1.610830
1.569250
1.565825
1.573750
1.605037
1.578000
1.558238
1.562913
1.587540
1.559269
1.573047
1.586321
1.549005
1.575288
1.569403
1.565716
1.576181
1.570278
1.549642
1.579885
1.549478
1.543209
1.559152
1.562096
1.529127
1.563422
1.585831
1.529367
1.565080
1.567310
1.537508
1.558466
1.569971
1.568253
1.601053
1.563062
1.567493
1.577466
1.562205
1.559338
1.536622
1.581173
1.576160
1.565613
1.555188
1.588417
1.533838
1.561866
1.553924
1.537646
1.567620
1.552499
1.564571
1.546427
1.583256
1.594500
1.535529
1.548291
1.530912
1.553839
1.560233
1.580609
1.575446
1.552285
1.557596
1.594727
1.556446
1.586044
1.546502
1.559032
1.559095
1.606860
1.564207
1.532261
1.555159
1.546587
1.560134
1.546999
1.544857
1.545742
1.585908
1.561640
1.550269
1.545638
1.572098
1.558700
1.562840
1.557540
1.531150
1.576800
1.551621
1.535685
1.536034
1.568127
1.523902
1.554347
1.537974
1.536181
1.539759
1.555446
1.529701
1.540107
1.554613
1.530442
1.587384
1.573730
1.539829
1.547567
1.557093
1.527193
1.549684
1.562713
1.548904
1.548299
1.547362
1.546967
1.560317
1.524195
1.588071
1.558848
1.530537
1.516388
1.525632
1.539310
1.569684
1.555972
1.552510
1.566614
1.524561
1.532293
1.550959
1.572582
1.560463
1.556205
1.551861
1.574594
1.544286
1.530183
1.574009
1.554891
1.554355
1.540759
1.560123
1.549086
1.551907
