2.306009
2.306243
2.307268
2.304753
2.306646
2.305541
2.303241
2.307112
2.299171
2.302564
2.273500
2.222908
2.210470
2.175628
2.165070
2.106943
2.076323
2.070740
2.105747
2.171394
2.146720
2.184026
2.091514
2.078809
2.060641
2.048519
2.041835
1.914081
1.846045
1.810209
1.809970
1.836071
1.797678
1.878355
1.869774
1.853205
1.825609
1.750172
1.771695
1.739913
1.737622
1.752103
1.779208
1.817849
1.737912
1.725445
1.709921
1.743456
1.803440
1.716808
1.777227
1.726197
1.727304
1.765477
1.746964
1.701596
1.660355
1.678062
1.665826
1.625094
1.671462
1.651937
1.670384
1.776525
1.749214
1.803953
1.805676
1.836780
1.794766
1.788951
1.806109
1.779861
1.830778
1.785186
1.737473
1.720363
1.733990
1.697105
1.693450
1.696111
1.692946
1.706238
1.696699
1.733976
1.700462
1.703584
1.662721
1.698895
1.681723
1.660855
1.669306
1.672327
1.695133
1.691060
1.664181
1.670842
1.655341
1.662720
1.689955
1.672065
1.667251
1.692414
1.643794
1.640088
1.670587
1.675041
1.694789
1.661311
1.629996
1.659292
1.645984
1.645071
1.625769
1.614927
1.628495
1.656091
1.624972
1.664094
1.632318
1.645309
1.633275
1.608762
1.630048
1.660736
1.627274
1.615771
1.565916
1.635888
1.632719
1.602929
1.595688
1.651540
1.631750
1.650261
1.661500
1.599211
1.618617
1.583230
1.621702
1.606743
1.638735
1.607736
1.652877
1.604140
1.649455
1.607741
1.643615
1.602957
1.594820
1.645055
1.588246
1.610764
1.607305
1.604403
1.603056
1.589208
1.595626
1.589419
1.600097
1.583543
1.609809
1.598629
1.590124
1.609108
1.632108
1.641886
1.599534
1.598430
1.612613
1.592570
1.620128
1.571257
1.595451
1.598511
1.632135
1.584362
1.565526
1.571243
1.586686
1.560181
1.580993
1.631681
1.578301
1.571952
1.615628
1.612925
1.632227
1.606919
1.600065
1.611318
1.629992
1.607018
1.593610
1.616388
1.595829
1.589016
1.570457
1.588108
1.572794
1.560260
1.567300
1.542479
1.559731
1.598619
1.571723
1.583205
1.586485
1.598108
1.587754
1.608867
1.590135
1.562340
1.596184
1.590156
1.572886
1.558711
1.579746
1.571291
1.552904
1.583588
1.551628
1.564558
1.594246
1.572072
1.576436
1.538460
1.574132
1.614367
1.579175
1.581978
1.571556
1.586845
1.573918
1.557724
1.576793
1.599895
1.552077
1.587544
1.534998
1.574363
1.573682
1.562252
1.564495
1.573639
1.584512
1.570882
1.552226
1.560892
1.553127
1.546642
1.555885
1.582701
1.548630
1.567106
1.584947
1.577196
1.556939
1.586607
1.573708
1.576176
1.581904
1.547590
1.572301
1.575700
1.557913
1.580922
1.566783
1.540095
1.567100
1.544277
1.536338
1.578766
1.583208
1.565550
1.546999
1.565848
1.532202
1.540957
1.583371
1.573918
1.581544
1.575477
1.588841
1.552799
1.544541
1.584708
1.548994
1.557946
1.528497
1.555514
1.587745
1.607250
1.582580
1.593094
1.531191
1.570593
1.542702
1.572213
1.537826
1.529701
1.541925
1.519463
1.548471
1.546563
1.525729
1.549575
1.526608
1.566210
1.567334
1.551053
1.574074
1.537913
1.583247
1.530967
1.536754
1.554128
1.538724
1.546342
1.531845
1.550724
1.548324
1.567321
1.542090
1.514336
1.521582
1.579671
1.546747
1.538305
1.549625
1.519567
1.533821
1.564432
1.550994
1.544741
1.552986
1.549455
1.555575
1.542412
1.526256
1.525703
1.528824
1.513503
1.541381
1.524255
1.546120
1.543473
1.523372
1.517569
1.521767
1.567432
1.526191
1.559682
1.532800
1.536039
1.542502
1.551310
1.534015
1.570043
1.513576
1.520554
1.554432
1.541220
1.556376
1.565090
1.522836
1.513581
1.541191
1.524439
1.522124
1.559521
1.533644
1.556194
1.525048
1.563014
1.530642
1.515594
1.520108
1.548599
1.545002
1.550228
1.538813
1.544243
1.553665
1.540651
1.544633
1.525399
1.555511
1.508678
1.512641
1.522924
1.527000
1.527062
1.525600
1.528676
1.529698
1.553028
1.532460
1.519756
1.533861
1.527404
1.525079
1.534280
1.530433
1.526752
1.530208
1.518111
1.546099
1.528514
1.558875
1.532038
1.538544
1.545118
1.514987
1.522706
1.518097
1.524057
1.515486
1.532998
1.524955
1.513787
1.516409
1.511734
1.529207
1.506265
1.505330
1.516100
1.532278
1.519445
1.530387
1.533301
1.508631
1.517413
1.522305
1.531949
1.522520
1.515877
1.532545
1.511860
1.562016
1.512421
1.552473
1.541766
1.517715
1.537558
1.528321
1.546272
1.537413
1.529921
1.537871
1.515678
1.515955
1.541799
1.532336
1.548393
1.544623
1.526855
1.526840
1.519538
1.511557
1.543022
1.523448
1.504515
1.511940
1.525523
1.513847
1.497522
1.525835
1.524236
1.513864
1.512854
1.529886
1.533187
1.509668
1.525831
1.507255
1.543091
1.545112
1.524708
1.523236
1.516000
1.531634
1.525625
1.513678
1.535373
1.520580
1.537972
1.544539
1.518114
1.552174
1.532512
1.510380
1.515207
1.507655
1.512390
1.496434
1.523063
1.502894
1.527435
1.514845
1.523914
