2.303345
2.298300
2.291157
2.274333
2.267729
2.260175
2.231402
2.206432
2.197436
2.164690
2.141908
2.151520
2.171319
2.176510
2.208379
2.169125
2.111155
2.081963
2.046781
1.974666
1.922261
1.918736
1.851231
1.863460
1.849317
1.846313
1.842184
1.793814
1.817943
1.774369
1.756281
1.778406
1.726988
1.773025
1.743082
1.698993
1.706559
1.718974
1.705953
1.684274
1.686080
1.695324
1.680384
1.668096
1.648604
1.694404
1.657714
1.665326
1.634043
1.673169
1.691258
1.654892
1.635960
1.627486
1.632979
1.672317
1.627743
1.629871
1.653551
1.646862
1.626426
1.633702
1.650629
1.652816
1.630752
1.637885
1.645015
1.599742
1.633125
1.622349
1.636117
1.633307
1.620617
1.622146
1.655993
1.623550
1.641651
1.654977
1.639711
1.620535
1.626873
1.620376
1.625535
1.648292
1.606130
1.607341
1.612626
1.603670
1.605510
1.621370
1.616508
1.603255
1.606930
1.611628
1.601013
1.600815
1.632047
1.605095
1.610520
1.602559
1.609902
1.588812
1.599751
1.583482
1.611322
1.623114
1.603569
1.613052
1.605896
1.597358
1.599130
1.598287
1.603940
1.596010
1.587608
1.604925
1.606207
1.586227
1.608259
1.595492
1.604918
1.628364
1.619517
1.591283
1.603232
1.630199
1.586794
1.575348
1.620027
1.577648
1.582628
1.600605
1.592981
1.594005
1.594322
1.600613
1.607629
1.595537
1.610205
1.583204
1.602213
1.599021
1.592505
1.613966
1.591693
1.630594
1.603481
1.590659
1.601413
1.586710
1.595002
1.603637
1.591210
1.603642
1.599880
1.622749
1.614743
1.604579
1.600698
1.589231
1.588078
1.586110
1.582436
1.578272
1.590664
1.613330
1.583682
1.580141
1.590700
1.583666
1.587810
1.586232
1.588410
1.582295
1.602419
1.571876
1.590495
1.579741
1.583534
1.620403
1.601911
1.608079
1.583475
1.594982
1.603006
1.599056
1.584414
1.587737
1.586697
1.586390
1.574869
1.587429
1.590224
1.592013
1.584112
1.588207
1.578055
1.573565
1.564162
1.588127
1.584954
1.593610
1.594160
1.583672
1.576825
1.589439
1.580372
1.598427
1.608906
1.594457
1.587776
1.581255
1.595879
1.573822
1.580098
1.583463
1.585704
1.592139
1.573443
1.577954
1.591705
1.609311
1.621389
1.599847
1.592351
1.579267
1.569922
1.590104
1.561702
1.571106
1.581917
1.584080
1.589497
1.574437
1.588326
1.581142
1.589965
1.606787
1.577084
1.585141
1.579288
1.576627
1.581975
1.577478
1.584736
1.566429
1.584587
1.591826
1.573940
1.579528
1.576488
1.598341
1.579273
1.588283
1.592102
1.574221
1.561179
1.582485
1.582292
1.578569
1.569688
1.578069
1.584420
1.575946
1.577340
1.593981
1.583941
1.569331
1.562171
1.568525
1.585276
1.583032
1.571466
1.571508
1.590918
1.587458
1.569008
1.580983
1.576532
1.571015
1.582705
1.579465
1.567905
1.562130
1.560608
1.565599
1.582044
1.564209
1.584329
1.576553
1.578203
1.576075
1.566755
1.584186
1.567617
1.571519
1.581151
1.582695
1.567970
1.582006
1.582368
1.564849
1.572076
1.566013
1.586292
1.561937
1.594442
1.569777
1.598466
1.577373
1.592160
1.574886
1.560381
1.568187
1.570803
1.583917
1.564004
1.570662
1.561474
1.557522
1.558333
1.564605
1.569695
1.590527
1.581778
1.571709
1.572105
1.565424
1.580723
1.570390
1.558053
1.567397
1.570685
1.574545
1.565494
1.558838
1.563188
1.566541
1.563722
1.566533
1.557762
1.565369
1.558657
1.561809
1.570109
1.575720
1.558707
1.558678
1.577875
1.563841
1.559840
1.575062
1.580950
1.599625
1.560126
1.584422
1.579687
1.585181
1.562439
1.565209
1.570007
1.556429
1.560112
1.557819
1.563206
1.558511
1.586806
1.571123
1.554448
1.561081
1.565558
1.537381
1.552304
1.545537
1.554573
1.553356
1.550066
1.544990
1.556831
1.542946
1.553553
1.542866
1.560493
1.556692
1.558822
1.571831
1.552189
1.559149
1.538645
1.555890
1.538661
1.542596
1.558777
1.552727
1.555488
1.552997
1.555055
1.560618
1.541247
1.553691
1.542782
1.536252
1.545465
1.550926
1.532164
1.550367
1.542341
1.542699
1.542170
1.543585
1.541960
1.563272
1.575303
1.540815
1.535574
1.540362
1.553066
1.538239
1.544308
1.529375
1.530535
1.538820
1.543952
1.538794
1.564518
1.552630
1.539612
1.549285
1.544104
1.547325
1.549999
1.580711
1.547537
1.549330
1.549964
1.531103
1.519851
1.536964
1.544389
1.525236
1.531591
1.540593
1.534832
1.542539
1.540419
1.516255
1.537413
1.530095
1.528505
1.526754
1.530506
1.545853
1.531968
1.534529
1.520122
1.527760
1.529774
1.509579
1.533367
1.524655
1.539919
1.534392
1.526059
1.527752
1.524111
1.505478
1.527885
1.519470
1.515560
1.516793
1.523415
1.515452
1.512959
1.515632
1.540021
1.517404
1.515101
1.535022
1.520265
1.524082
1.526093
1.501834
1.509877
1.518415
1.514204
1.506221
1.506808
1.511596
1.511570
1.503693
1.503055
1.524880
1.529675
1.498304
1.519853
1.528321
1.527553
1.520732
1.531886
1.514281
