2.300723
2.300812
2.294573
2.285631
2.275093
2.272943
2.261389
2.237490
2.215486
2.221034
2.171677
2.202418
2.164456
2.134072
2.069268
2.091249
2.044927
2.080626
2.074862
2.076440
2.081388
2.069923
2.028949
1.945954
1.915943
1.876121
1.794102
1.833725
1.829429
1.848084
1.804664
1.797231
1.774299
1.758370
1.725422
1.723242
1.761505
1.722947
1.721841
1.718842
1.695549
1.673023
1.706742
1.676859
1.685535
1.685239
1.698787
1.670231
1.683524
1.660404
1.672047
1.676881
1.644192
1.650324
1.655393
1.644676
1.700951
1.641223
1.638268
1.621508
1.628956
1.661522
1.618077
1.620787
1.637862
1.640208
1.587437
1.613443
1.615728
1.612890
1.618366
1.621727
1.655623
1.574076
1.619855
1.595952
1.637570
1.632885
1.579862
1.644127
1.600440
1.594584
1.628102
1.605204
1.617250
1.627191
1.611514
1.584581
1.599159
1.582916
1.591449
1.592484
1.624823
1.590461
1.596525
1.582176
1.574280
1.585678
1.580839
1.606688
1.606342
1.567297
1.550279
1.578026
1.574253
1.593054
1.594417
1.549199
1.593683
1.561933
1.583898
1.558408
1.565188
1.572115
1.580767
1.585776
1.557073
1.600527
1.575159
1.579774
1.582618
1.567302
1.555785
1.589904
1.568722
1.542902
1.523376
1.556682
1.590681
1.544242
1.544809
1.580711
1.545836
1.546604
1.560241
1.559201
1.531369
1.556122
1.552706
1.562333
1.556948
1.570296
1.567424
1.549296
1.559092
1.562665
1.560298
1.559775
1.544717
1.542475
1.577492
1.558313
1.568857
1.580930
1.566914
1.558077
1.545243
1.559095
1.558834
1.535236
1.565040
1.550581
1.559603
1.538875
1.586010
1.526421
1.550122
1.557482
1.543152
1.537587
1.542126
1.542910
1.542875
1.532593
1.553657
1.532935
1.568247
1.528314
1.529754
1.525519
1.558194
1.526324
1.538651
1.550357
1.565235
1.523786
1.522464
1.524119
1.548536
1.548301
1.558094
1.525478
1.564218
1.536185
1.539518
1.533306
1.532789
1.564707
1.527173
1.563936
1.517536
1.542294
1.534646
1.530910
1.535249
1.529727
1.539816
1.531958
1.528555
1.531448
1.517839
1.522961
1.524101
1.528925
1.532351
1.550610
1.531212
1.521290
1.553502
1.545494
1.535028
1.548126
1.532434
1.551062
1.519427
1.531427
1.557868
1.557438
1.525826
1.548493
1.525335
1.524747
1.522281
1.550095
1.545772
1.529984
1.536444
1.533736
1.521626
1.512792
1.507097
1.517594
1.524193
1.518001
1.525898
1.537337
1.528666
1.522791
1.533634
1.535961
1.521338
1.509291
1.511834
1.532989
1.520599
1.523586
1.514431
1.523126
1.516155
1.528864
1.551380
1.506762
1.507272
1.512192
1.516587
1.525136
1.507998
1.511357
1.516060
1.539598
1.534356
1.529537
1.547620
1.516183
1.542673
1.495918
1.521882
1.502178
1.504723
1.510104
1.514735
1.532462
1.522342
1.516642
1.513842
1.521537
1.513106
1.536141
1.511582
1.535805
1.507878
1.523122
1.507283
1.506547
1.526292
1.525425
1.497227
1.510710
1.528880
1.513616
1.514925
1.523794
1.525582
1.498922
1.504854
1.508764
1.502873
1.510861
1.505262
1.525658
1.534029
1.510764
1.510750
1.526872
1.518803
1.497404
1.518766
1.517697
1.500361
1.518811
1.520974
1.522353
1.513854
1.500780
1.537626
1.529092
1.517069
1.497144
1.509620
1.521187
1.499290
1.522154
1.502990
1.508456
1.506680
1.499476
1.502624
1.534191
1.497445
1.508894
1.515554
1.527470
1.495982
1.513152
1.510958
1.530739
1.513408
1.498196
1.514582
1.532599
1.494254
1.486046
1.512735
1.505924
1.503583
1.506785
1.505300
1.526561
1.496923
1.494907
1.502113
1.512388
1.521798
1.512676
1.515634
1.491706
1.522377
1.538347
1.503980
1.521670
1.507185
1.524962
1.518051
1.504414
1.498595
1.520799
1.510433
1.499100
1.498406
1.518402
1.505061
1.501273
1.501453
1.517267
1.505995
1.505278
1.505533
1.511471
1.491172
1.517404
1.512359
1.510303
1.518129
1.510003
1.497537
1.516531
1.507469
1.500169
1.532265
1.496530
1.495280
1.518358
1.499774
1.508584
1.500230
1.517315
1.516262
1.499074
1.527738
1.499706
1.506652
1.506372
1.511594
1.497279
1.492813
1.500189
1.509772
1.503212
1.509750
1.487406
1.507665
1.511552
1.503593
1.496826
1.510015
1.500883
1.514170
1.527624
1.507926
1.519156
1.496494
1.499876
1.515222
1.501004
1.506348
1.515252
1.505204
1.484895
1.506676
1.498480
1.495031
1.517784
1.519490
1.498945
1.511951
1.501303
1.503853
1.490159
1.507227
1.520463
1.506862
1.498698
1.504159
1.489684
1.505578
1.532470
1.500664
1.526156
1.498445
1.505815
1.507161
1.493295
1.493939
1.498798
1.512955
1.513595
1.504409
1.499839
1.507404
1.499538
1.505106
1.489590
1.507440
1.520417
1.499879
1.490298
1.500180
1.504340
1.493327
1.509478
1.524311
1.498283
1.491544
1.506071
1.517702
1.517108
1.510371
1.511355
1.499942
1.484254
1.502377
1.502385
1.515689
1.497712
1.490528
1.499826
1.508419
1.517182
1.498855
1.497079
