2.300048
2.296892
2.297546
2.288181
2.272775
2.278151
2.266265
2.261006
2.251701
2.251183
2.237507
2.243634
2.207098
2.185679
2.189406
2.213256
2.211372
2.181366
2.224819
2.236504
2.252853
2.182834
2.151511
2.060839
2.132733
2.144468
2.152998
2.193331
2.062950
2.014479
1.958861
1.911694
1.944263
1.866447
1.877128
1.840449
1.894838
1.910999
1.901149
2.040997
2.026376
2.051432
2.107236
2.052355
2.007241
1.914586
1.840610
1.807508
1.809513
1.751931
1.738734
1.759825
1.813257
1.746991
1.754122
1.746497
1.780345
1.800741
1.791929
1.750300
1.784156
1.747172
1.741188
1.756651
1.755594
1.727145
1.718893
1.698707
1.721480
1.698840
1.700601
1.695077
1.690766
1.667061
1.642973
1.684338
1.682223
1.694706
1.675457
1.712093
1.646022
1.673203
1.680726
1.640043
1.671557
1.653571
1.649475
1.696388
1.632589
1.703517
1.635743
1.624810
1.662546
1.650298
1.661481
1.644325
1.651560
1.629583
1.673197
1.693427
1.644399
1.648805
1.701686
1.674153
1.631902
1.701738
1.623919
1.610644
1.667038
1.635798
1.664778
1.688431
1.631558
1.678761
1.637804
1.640181
1.638689
1.641611
1.667367
1.600592
1.716697
1.645237
1.626565
1.624121
1.628011
1.653227
1.642669
1.629953
1.643009
1.570050
1.620123
1.657550
1.620355
1.599663
1.621224
1.654688
1.648968
1.630411
1.608769
1.660565
1.590897
1.677016
1.605492
1.616042
1.615786
1.635671
1.638544
1.657578
1.685009
1.654266
1.624778
1.639115
1.630264
1.634193
1.646676
1.622185
1.621107
1.607283
1.605446
1.624612
1.645334
1.666171
1.619651
1.628368
1.603122
1.633283
1.603732
1.612516
1.592459
1.639391
1.609007
1.630822
1.604640
1.617791
1.638604
1.583334
1.602387
1.638720
1.587547
1.604768
1.647754
1.591394
1.602452
1.582044
1.646648
1.628848
1.630946
1.604409
1.591733
1.622453
1.578330
1.623278
1.611254
1.611925
1.575387
1.591672
1.642262
1.581469
1.581629
1.589547
1.601273
1.646622
1.649260
1.605988
1.624711
1.592764
1.622677
1.615626
1.587241
1.602730
1.618961
1.601260
1.575568
1.592946
1.604666
1.613829
1.614523
1.650334
1.581215
1.607501
1.626474
1.666291
1.571901
1.593055
1.570359
1.623945
1.593672
1.639910
1.599689
1.607017
1.601099
1.591967
1.568304
1.555220
1.607678
1.598682
1.599686
1.610068
1.665967
1.590018
1.623347
1.594888
1.627995
1.604909
1.596160
1.569098
1.584561
1.587599
1.620888
1.565825
1.632720
1.591199
1.594151
1.586235
1.628574
1.604560
1.561969
1.604007
1.584916
1.615567
1.586722
1.583318
1.584159
1.604581
1.548680
1.583104
1.605321
1.576660
1.562671
1.580900
1.591331
1.611413
1.607026
1.600419
1.588760
1.576076
1.593933
1.553429
1.611592
1.598005
1.573389
1.625800
1.617889
1.582237
1.584609
1.589059
1.549547
1.592376
1.580662
1.579348
1.642174
1.561549
1.584131
1.587296
1.588987
1.570470
1.586794
1.570513
1.564397
1.616724
1.589937
1.566460
1.611875
1.564004
1.594309
1.585946
1.620972
1.572085
1.547912
1.567325
1.617155
1.558047
1.570487
1.592082
1.587107
1.604727
1.578980
1.647334
1.616821
1.603942
1.573696
1.621219
1.562079
1.630685
1.602800
1.577451
1.582283
1.608779
1.548278
1.572026
1.593125
1.575535
1.597996
1.621353
1.605014
1.550625
1.585039
1.582314
1.573304
1.584251
1.563530
1.562951
1.577587
1.570625
1.554741
1.539060
1.595318
1.603140
1.583561
1.559735
1.547812
1.589769
1.551479
1.579144
1.558265
1.587579
1.599378
1.562171
1.592338
1.573321
1.567605
1.564106
1.595826
1.590067
1.591926
1.592220
1.580148
1.572903
1.555016
1.604488
1.558333
1.584130
1.567682
1.560862
1.576873
1.554978
1.544376
1.593284
1.556288
1.566144
1.536949
1.566145
1.583264
1.536027
1.558680
1.576082
1.587590
1.575970
1.580139
1.577312
1.546731
1.555633
1.569625
1.604016
1.549808
1.590506
1.567712
1.589724
1.578312
1.574621
1.566953
1.602635
1.579465
1.585070
1.572267
1.566278
1.587909
1.556906
1.593266
1.566923
1.552596
1.560051
1.574616
1.564983
1.531494
1.538795
1.581488
1.521837
1.571767
1.556674
1.573980
1.555701
1.557895
1.571774
1.554287
1.581238
1.540334
1.556119
1.567710
1.536386
1.550153
1.580066
1.594520
1.580283
1.567089
1.553416
1.594261
1.575240
1.548558
1.598382
1.569004
1.553325
1.546635
1.581368
1.601005
1.589876
1.557420
1.525524
1.563939
1.582361
1.571556
1.530295
1.568612
1.586283
1.605679
1.531717
1.583569
1.547849
1.572986
1.596484
1.546319
1.576969
1.582474
1.558038
1.520054
1.562417
1.594848
1.585482
1.573925
1.537395
1.621207
1.529999
1.548252
1.557037
1.552611
1.542242
1.570635
1.543323
1.565363
1.569675
1.586165
1.544730
1.536102
1.555958
1.562237
1.550311
1.591795
1.552741
1.572208
1.565885
1.577783
1.533250
1.566063
1.549860
1.522135
1.544150
1.567426
1.567408
1.578070
1.517507
