2.270244
2.306153
2.302883
2.303279
2.302833
2.306053
2.315840
2.330829
2.341732
2.354071
2.359710
2.350172
2.340047
2.272912
2.239663
2.240015
2.237461
2.184007
2.101582
2.108696
2.028259
1.977242
1.963909
1.962968
1.905923
1.938597
1.973818
1.926051
1.926475
1.948543
1.929762
1.889341
1.906109
1.819823
1.814667
1.771292
1.759983
1.751598
1.751118
1.732415
1.657936
1.632634
1.658945
1.632876
1.654164
1.730634
1.833512
1.822336
1.930001
1.958418
1.931971
1.884731
1.882201
1.905012
1.903242
1.853663
1.774324
1.699767
1.703254
1.690102
1.672866
1.681475
1.623817
1.652143
1.645653
1.655221
1.658364
1.683158
1.688358
1.720346
1.721935
1.761994
1.794743
1.840412
1.958034
2.062203
2.159807
2.163209
2.155304
2.158915
2.158477
2.130514
2.110613
2.081461
2.027151
2.063256
2.064692
2.116200
2.197940
2.245129
2.273014
2.267409
2.250903
2.216681
2.152293
2.110110
2.084308
2.134108
2.185999
2.224333
2.217160
2.250131
2.213793
2.219311
2.190518
2.167936
2.123885
2.110148
2.104287
2.092042
2.176606
2.248609
2.274251
2.305951
2.317488
2.325687
2.286180
2.253687
2.200588
2.228925
2.207615
2.203650
2.200008
2.236426
2.238653
2.248904
2.267902
2.254095
2.201870
2.219213
2.209978
2.191711
2.238392
2.269216
2.287545
2.291641
2.289777
2.268627
2.248976
2.180540
2.162800
2.190309
2.212641
2.231720
2.202039
1.954346
1.658653
1.549144
1.516867
1.514625
1.505702
1.534863
1.550608
1.632206
1.594518
1.658894
1.623963
1.645754
1.591606
1.632876
1.592295
1.610082
1.584116
1.598033
1.545740
1.531191
1.585414
1.550211
1.592353
1.577028
1.618256
1.593724
1.597704
1.554947
1.603552
1.581292
1.585397
1.567737
1.574174
1.588460
1.588878
1.578916
1.570336
1.559206
1.543637
1.585649
1.579541
1.551975
1.553405
1.568175
1.568199
1.579251
1.583739
1.563513
1.578614
1.568278
1.555249
1.562825
1.551196
1.545298
1.537305
1.578657
1.569888
1.553823
1.571390
1.540282
1.559251
1.555622
1.575221
1.573738
1.569769
1.540124
1.551800
1.546024
1.558677
1.600246
1.565620
1.553924
1.576321
1.568254
1.540097
1.568936
1.576951
1.570797
1.553518
1.545180
1.531127
1.541126
1.527768
1.547046
1.544669
1.532008
1.559576
1.535922
1.550566
1.551384
1.565717
1.545094
1.547911
1.568612
1.553866
1.532125
1.554387
1.541459
1.537413
1.540024
1.568063
1.556233
1.547372
1.546352
1.539979
1.542948
1.541443
1.568107
1.549522
1.531812
1.540359
1.548628
1.561918
1.537697
1.542833
1.548314
1.543405
1.585980
1.546328
1.532787
1.524940
1.542502
1.544965
1.528249
1.543696
1.548467
1.523033
1.537029
1.543725
1.527548
1.543787
1.540893
1.539536
1.536285
1.539570
1.534364
1.528237
1.562451
1.548486
1.555034
1.557720
1.525536
1.536478
1.535103
1.535044
1.518111
1.538486
1.537078
1.551467
1.518988
1.528043
1.558458
1.565476
1.524772
1.530121
1.555311
1.547611
1.560382
1.545720
1.572441
1.530667
1.543144
1.530293
1.542403
1.573252
1.581409
1.541420
1.546558
1.542521
1.561246
1.545504
1.603226
1.587145
1.606137
1.578978
1.593245
1.589393
1.587440
1.567941
1.571902
1.550433
1.544628
1.548230
1.542640
1.543952
1.594152
1.576397
1.560468
1.531298
1.555796
1.539577
1.542631
1.538807
1.549143
1.586020
1.582212
1.557385
1.551452
1.539060
1.526010
1.562494
1.553278
1.583933
1.569739
1.554061
1.579253
1.571985
1.644747
1.594805
1.547008
1.555461
1.539941
1.531392
1.547718
1.544847
1.540706
1.557790
1.562165
1.565085
1.556177
1.564149
1.558325
1.520806
1.536813
1.537815
1.556686
1.549712
1.562710
1.577776
1.604664
1.563523
1.589658
1.539514
1.544706
1.570122
1.537912
1.572890
1.555308
1.551803
1.561678
1.554399
1.554318
1.548668
1.520593
1.546271
1.521240
1.578459
1.543913
1.566607
1.567981
1.598528
1.594041
1.588171
1.589885
1.569647
1.550411
1.528957
1.536103
1.545788
1.548727
1.556193
1.577339
1.553681
1.556991
1.567118
1.549260
1.554503
1.558855
1.567600
1.545077
1.535578
1.549355
1.542796
1.535499
1.562507
1.576393
1.537241
1.550590
1.539960
1.548568
1.563899
1.541564
1.581386
1.568493
1.544865
1.546403
1.569549
1.559000
1.560977
1.529296
1.550840
1.556359
1.580388
1.546556
1.541884
1.550442
1.561303
1.543679
1.525874
1.542135
1.567397
1.548533
1.573793
1.530170
1.551211
1.541997
1.536582
1.534950
1.561404
1.547577
1.535159
1.525499
1.541544
1.525428
1.569716
1.555361
1.522473
1.523078
1.536631
1.549138
1.543696
1.558514
1.555819
1.567354
1.538285
1.549522
1.526522
1.548638
1.550591
1.563068
1.577729
1.546908
1.569226
1.544544
1.546004
1.530560
1.548188
1.573855
1.523480
1.524246
1.547895
1.532567
1.523741
1.535427
1.527704
1.565930
1.568151
1.572371
1.557329
1.565425
1.537661
1.528173
1.550966
1.526552
