2.291125
2.299346
2.309561
2.314200
2.275636
2.244809
2.349170
2.391798
2.351047
2.266254
2.170281
2.167797
2.142803
2.153742
2.167376
2.166559
2.143256
2.145602
2.120039
2.101125
2.119215
2.168722
2.292894
2.334617
2.263835
2.063185
2.078351
2.096492
2.038355
2.127645
2.193062
2.236809
2.196823
2.143256
2.141576
2.143419
2.170016
2.646074
2.856530
2.906727
2.915492
2.952358
2.911233
2.908554
2.862628
2.824604
2.761565
2.530139
2.196408
2.048653
1.995420
2.001070
1.967228
1.965777
1.983413
2.010985
2.030879
2.032351
2.037334
2.035861
2.012170
2.066553
2.050181
2.078415
2.077197
2.054225
2.043945
2.068572
2.022047
1.986007
1.965174
1.956968
1.943473
1.927561
1.921465
1.939053
1.925548
1.933303
1.912872
1.898005
1.905218
1.891501
1.895814
1.895236
1.915558
1.937086
1.941765
1.972445
1.965639
1.979108
1.979867
1.955051
1.976212
1.952507
1.936361
1.935091
1.917850
1.902835
1.915643
1.901965
1.898318
1.899756
1.905249
1.912772
1.880637
1.889398
1.873852
1.851275
1.838847
1.833442
1.828653
1.827327
1.862494
1.862419
1.863054
1.848986
1.805507
1.803503
1.783687
1.777131
1.769113
1.732351
1.707130
1.726980
1.715730
1.703803
1.706201
1.718140
1.763427
1.764623
1.718995
1.722031
1.714368
1.690694
1.694754
1.676012
1.695644
1.708058
1.688287
1.693180
1.698801
1.706905
1.691691
1.691838
1.672564
1.714499
1.679383
1.695433
1.695941
1.683625
1.694897
1.680545
1.685655
1.706372
1.689984
1.682272
1.677557
1.690519
1.672718
1.672481
1.662653
1.666719
1.663485
1.665747
1.684298
1.663692
1.683611
1.671996
1.674344
1.685384
1.661898
1.659993
1.682287
1.671746
1.653125
1.673835
1.661996
1.666670
1.644853
1.665045
1.645582
1.644756
1.671479
1.664782
1.665831
1.668549
1.654423
1.655115
1.671107
1.661103
1.638155
1.647081
1.650466
1.663463
1.646454
1.635193
1.666197
1.648640
1.634200
1.650060
1.639527
1.642427
1.663725
1.639553
1.644745
1.655396
1.645300
1.649002
1.649316
1.636385
1.647011
1.649714
1.650863
1.648352
1.634950
1.648664
1.640145
1.626972
1.657570
1.634023
1.658710
1.637318
1.640624
1.657399
1.638934
1.637173
1.636015
1.632755
1.645709
1.656108
1.646562
1.636709
1.625191
1.635168
1.649413
1.618848
1.636343
1.641347
1.637315
1.635155
1.628339
1.647593
1.638862
1.642842
1.637937
1.637336
1.628673
1.631997
1.637051
1.644882
1.661782
1.632179
1.630020
1.635156
1.634085
1.630188
1.639282
1.620833
1.618919
1.634174
1.635356
1.637248
1.626479
1.628850
1.627831
1.634843
1.634182
1.630874
1.641324
1.623918
1.633833
1.627557
1.605553
1.649374
1.625920
1.633969
1.637638
1.626899
1.623138
1.624794
1.620538
1.626307
1.607878
1.639984
1.625743
1.622513
1.611945
1.615608
1.623996
1.627535
1.610592
1.608786
1.623438
1.625834
1.614146
1.629347
1.636116
1.643131
1.615595
1.629665
1.623601
1.620604
1.625873
1.621886
1.624233
1.607780
1.612037
1.611639
1.626524
1.611885
1.619016
1.626516
1.623406
1.613433
1.616639
1.615421
1.627436
1.615194
1.623743
1.640787
1.630691
1.610286
1.611045
1.623592
1.634378
1.622696
1.623319
1.624731
1.619092
1.618015
1.622280
1.627046
1.613714
1.620067
1.627377
1.608364
1.616903
1.620317
1.623443
1.621548
1.621793
1.609167
1.614688
1.641672
1.604686
1.629605
1.615744
1.632846
1.631343
1.615047
1.615553
1.618626
1.623634
1.622475
1.608284
1.619629
1.617172
1.610936
1.618812
1.614225
1.626381
1.624466
1.602529
1.618108
1.626254
1.612434
1.625499
1.613450
1.613842
1.627508
1.606295
1.626868
1.612372
1.616293
1.611577
1.606552
1.611957
1.621760
1.607103
1.605378
1.625641
1.624555
1.626188
1.615271
1.622829
1.613508
1.604555
1.609707
1.617844
1.611060
1.605420
1.621987
1.620343
1.608464
1.616339
1.614451
1.607147
1.611345
1.615181
1.619805
1.611634
1.620653
1.625596
1.609939
1.615368
1.630148
1.611087
1.602633
1.619591
1.604200
1.629961
1.618453
1.620456
1.607938
1.601626
1.606168
1.618188
1.607611
1.634054
1.609218
1.624368
1.611801
1.618630
1.624504
1.617457
1.605461
1.610687
1.616703
1.608661
1.601730
1.615402
1.611810
1.610062
1.600811
1.606447
1.616208
1.616682
1.630507
1.602724
1.605594
1.595758
1.610303
1.616039
1.601624
1.605195
1.623946
1.622064
1.605354
1.600377
1.609013
1.621672
1.610696
1.622050
1.609674
1.606285
1.596537
1.611619
1.616714
1.621287
1.604292
1.612960
1.603424
1.620580
1.622952
1.605622
1.610655
1.614152
1.611272
1.610806
1.606572
1.607992
1.602691
1.600903
1.609001
1.622470
1.621460
1.613890
1.613941
1.600209
1.599251
1.605194
1.606319
1.595490
1.616737
1.592376
1.615265
1.597872
1.618478
1.601546
1.614362
1.603907
1.586576
1.577234
1.534664
1.527964
1.507571
1.515617
1.570002
1.631426
1.612547
