2.300830
2.298348
2.300465
2.300165
2.298193
2.299546
2.298727
2.294287
2.295602
2.292848
2.278252
2.284953
2.281120
2.266705
2.269693
2.269117
2.282217
2.275109
2.267521
2.260594
2.262691
2.268340
2.270876
2.226207
2.234372
2.219887
2.221624
2.223941
2.218977
2.233047
2.202650
2.190211
2.203125
2.195000
2.206296
2.233986
2.230660
2.223396
2.153382
2.166919
2.157149
2.212713
2.225202
2.190612
2.116411
2.053077
2.042098
2.047108
2.052148
1.991454
2.007111
1.933006
1.951625
1.940598
2.014234
1.900874
1.942646
1.904229
1.852087
1.840159
1.902337
1.905000
1.954971
1.966143
1.907973
1.889079
1.890708
1.890732
1.914625
1.994074
1.933249
1.904523
1.844722
1.814242
1.799244
1.895805
1.817345
1.838317
1.785790
1.826076
1.757476
1.801969
1.857503
1.841013
1.947138
1.879817
1.849026
1.775402
1.731074
1.802833
1.763922
1.737118
1.789178
1.771980
1.838785
1.802375
1.764407
1.759579
1.771731
1.764794
1.714681
1.710832
1.761211
1.717576
1.699180
1.816439
1.704932
1.697614
1.734241
1.703226
1.737852
1.742642
1.701951
1.730043
1.702233
1.680453
1.667259
1.651106
1.673072
1.624007
1.739149
1.695010
1.688713
1.681482
1.714101
1.709941
1.695669
1.678268
1.693682
1.611514
1.662531
1.674605
1.640676
1.608665
1.651036
1.668691
1.665897
1.646783
1.642347
1.691840
1.610800
1.696055
1.622924
1.620561
1.630938
1.633886
1.635490
1.642365
1.699253
1.652793
1.616878
1.636971
1.644937
1.622437
1.641781
1.628154
1.627516
1.621511
1.609357
1.641916
1.683437
1.682118
1.614403
1.634521
1.594885
1.627792
1.609163
1.620767
1.610651
1.668155
1.608589
1.630098
1.603844
1.617410
1.642230
1.596233
1.608042
1.631348
1.608567
1.611835
1.654323
1.580365
1.596829
1.592165
1.643066
1.636843
1.632174
1.597157
1.597118
1.631383
1.585293
1.612355
1.614827
1.623886
1.572011
1.592766
1.628844
1.585004
1.576944
1.593566
1.607648
1.657939
1.645107
1.610728
1.620136
1.590738
1.617736
1.607158
1.565344
1.589334
1.612105
1.612101
1.575361
1.584888
1.599090
1.624906
1.600677
1.652250
1.559986
1.586966
1.614717
1.672289
1.564031
1.592742
1.565590
1.613255
1.577974
1.623141
1.587467
1.616286
1.599555
1.591184
1.573152
1.566577
1.605658
1.613958
1.600040
1.594525
1.660669
1.581496
1.623964
1.576100
1.628699
1.602579
1.588937
1.561390
1.580291
1.583059
1.605159
1.555997
1.621067
1.579308
1.582445
1.588121
1.617502
1.594461
1.562215
1.601342
1.584307
1.618499
1.583727
1.589272
1.584011
1.605886
1.552792
1.570978
1.609277
1.577917
1.568162
1.576657
1.585829
1.604905
1.598578
1.588543
1.575373
1.576302
1.586726
1.543043
1.593121
1.590929
1.580619
1.612382
1.609645
1.576896
1.574241
1.584053
1.543109
1.586134
1.569701
1.600429
1.647532
1.563850
1.579623
1.601069
1.588352
1.555556
1.575755
1.576913
1.551560
1.622996
1.590152
1.558183
1.584748
1.555742
1.555252
1.554069
1.592103
1.562265
1.552266
1.556728
1.613328
1.541944
1.558354
1.584012
1.573309
1.594761
1.574814
1.643863
1.604771
1.601735
1.561303
1.617524
1.556571
1.627409
1.592876
1.565360
1.576348
1.602552
1.542276
1.571069
1.585138
1.574194
1.595565
1.621597
1.606667
1.535771
1.577807
1.573300
1.566831
1.573156
1.552534
1.556893
1.573984
1.576079
1.556932
1.536332
1.594196
1.602495
1.580818
1.556917
1.545692
1.592489
1.554741
1.582686
1.555872
1.595371
1.602439
1.564748
1.588735
1.580128
1.563969
1.560309
1.590506
1.580389
1.574964
1.575704
1.573168
1.561319
1.551352
1.591631
1.554816
1.582443
1.567081
1.554913
1.562596
1.552252
1.539984
1.593974
1.551215
1.559035
1.536501
1.570036
1.587378
1.536342
1.559975
1.572510
1.579964
1.568618
1.572596
1.579844
1.540568
1.556123
1.569647
1.604773
1.547142
1.584420
1.564796
1.584995
1.580423
1.585343
1.563275
1.604238
1.582410
1.582875
1.570208
1.561038
1.573160
1.553153
1.577572
1.564350
1.550971
1.561412
1.576825
1.560886
1.533793
1.535748
1.577520
1.517815
1.564961
1.553103
1.575282
1.557975
1.567797
1.578889
1.556889
1.578749
1.539445
1.552184
1.562977
1.533830
1.547215
1.576886
1.586422
1.580147
1.560217
1.552919
1.592377
1.571688
1.543369
1.592770
1.572830
1.555293
1.544351
1.586468
1.597979
1.590431
1.554560
1.526924
1.565082
1.583206
1.567262
1.526708
1.567511
1.578607
1.603845
1.539108
1.574069
1.538596
1.567073
1.604907
1.541629
1.565411
1.579170
1.561473
1.518126
1.558122
1.588381
1.578606
1.559063
1.529268
1.612417
1.524598
1.542848
1.550816
1.549791
1.545922
1.570642
1.544250
1.562191
1.561222
1.581978
1.543254
1.534428
1.555061
1.563325
1.552443
1.595307
1.556748
1.570112
1.557592
1.572382
1.525463
1.562156
1.535610
1.515182
1.543372
1.573905
1.572280
1.593232
1.519689
