2.304574
2.294118
2.301534
2.287326
2.282988
2.252836
2.256590
2.240730
2.187817
2.207597
2.155622
2.146073
2.068794
2.053513
1.981872
1.950671
1.862827
1.896930
1.846640
1.812062
1.810318
1.757064
1.808295
1.711946
1.732491
1.715910
1.714482
1.742208
1.713708
1.669124
1.656069
1.650678
1.728080
1.701379
1.672765
1.690324
1.647220
1.716654
1.693039
1.663056
1.629396
1.600933
1.642187
1.648197
1.613776
1.622941
1.646227
1.615673
1.604663
1.604490
1.679909
1.634528
1.677496
1.641940
1.602535
1.596731
1.602911
1.628117
1.641260
1.617294
1.675111
1.634940
1.618183
1.579822
1.566201
1.594114
1.628678
1.601263
1.618657
1.629074
1.622876
1.600514
1.581076
1.645628
1.622749
1.621615
1.636881
1.600608
1.611969
1.568171
1.597614
1.613742
1.613007
1.594323
1.579284
1.653919
1.582082
1.651205
1.585844
1.596672
1.585037
1.609336
1.585802
1.613683
1.646069
1.584409
1.591616
1.570504
1.618359
1.570157
1.620461
1.570720
1.598728
1.569103
1.550595
1.554250
1.583712
1.599423
1.553528
1.579168
1.604198
1.607673
1.562863
1.620563
1.596120
1.566261
1.577157
1.644359
1.596287
1.560971
1.584337
1.589134
1.571527
1.547447
1.583299
1.579870
1.563578
1.608677
1.573513
1.588148
1.568393
1.580637
1.605878
1.572201
1.612564
1.613727
1.562975
1.607002
1.576252
1.592285
1.573941
1.575672
1.581925
1.591209
1.587016
1.582693
1.577085
1.561475
1.565009
1.587289
1.581047
1.605144
1.561692
1.587830
1.566355
1.569637
1.579546
1.576940
1.601245
1.573952
1.555442
1.575908
1.580044
1.608222
1.556126
1.566958
1.546702
1.570795
1.577715
1.580043
1.560693
1.592820
1.590227
1.569858
1.555754
1.531169
1.589136
1.584389
1.536920
1.575825
1.620591
1.587463
1.625749
1.582098
1.572264
1.579109
1.577119
1.584478
1.575001
1.573089
1.554578
1.583058
1.576567
1.573417
1.568514
1.616721
1.584957
1.548650
1.571239
1.581295
1.585605
1.584091
1.553765
1.545067
1.544538
1.568851
1.579615
1.586975
1.598978
1.537616
1.543253
1.586675
1.569310
1.562493
1.545456
1.584805
1.605112
1.585872
1.541101
1.547289
1.586904
1.573596
1.564939
1.536631
1.556022
1.597328
1.609272
1.631170
1.547150
1.564170
1.563388
1.568870
1.552008
1.554371
1.574183
1.561280
1.578304
1.565538
1.577508
1.560556
1.537838
1.550805
1.590117
1.570846
1.560501
1.563950
1.590464
1.527380
1.568923
1.598473
1.569721
1.586626
1.571068
1.549809
1.558815
1.580105
1.559159
1.571266
1.590250
1.568604
1.603073
1.621430
1.574889
1.549438
1.582583
1.534987
1.563868
1.601647
1.561890
1.560908
1.568362
1.567257
1.574484
1.575306
1.539752
1.539426
1.575159
1.590660
1.537377
1.580646
1.579772
1.571574
1.593889
1.554332
1.547289
1.550592
1.581017
1.559954
1.619860
1.551638
1.562103
1.572171
1.568120
1.573362
1.547740
1.558371
1.577218
1.522213
1.544522
1.571308
1.552836
1.579108
1.543333
1.535924
1.575235
1.579612
1.554405
1.562311
1.545433
1.567004
1.620157
1.624369
1.550614
1.548002
1.533501
1.559723
1.573130
1.548016
1.605991
1.604581
1.563033
1.600521
1.524060
1.562212
1.572132
1.547369
1.566837
1.535609
1.548510
1.544446
1.581918
1.547222
1.586944
1.526444
1.571930
1.550056
1.598683
1.565106
1.538954
1.536801
1.571673
1.565796
1.577155
1.572155
1.524811
1.560402
1.563252
1.585881
1.552937
1.523459
1.568640
1.576119
1.581575
1.569706
1.578856
1.618598
1.538418
1.565645
1.543164
1.553946
1.509938
1.539762
1.528443
1.548905
1.558170
1.559769
1.546029
1.592541
1.603116
1.551048
1.575008
1.576935
1.561561
1.605329
1.559917
1.541805
1.526640
1.639033
1.543744
1.532576
1.543920
1.559922
1.546248
1.521343
1.592136
1.616475
1.558270
1.563608
1.568690
1.550681
1.578696
1.591260
1.577858
1.549301
1.533277
1.555701
1.574575
1.592632
1.580629
1.529084
1.515441
1.554278
1.583891
1.568507
1.598185
1.537048
1.538054
1.576631
1.522734
1.525960
1.569394
1.593507
1.582653
1.540227
1.536513
1.545018
1.596309
1.544923
1.570003
1.546367
1.564889
1.585914
1.537965
1.541335
1.560109
1.550185
1.565544
1.551185
1.578233
1.549638
1.551188
1.542905
1.572461
1.590547
1.543134
1.579787
1.569916
1.548581
1.558493
1.537533
1.605424
1.553655
1.534943
1.563067
1.598278
1.550369
1.565536
1.566480
1.553660
1.580610
1.590375
1.537582
1.514676
1.553598
1.572815
1.594269
1.537953
1.578629
1.545867
1.571225
1.566886
1.567459
1.574427
1.517183
1.555528
1.583579
1.569357
1.548372
1.581320
1.533210
1.546612
1.572677
1.548350
1.572572
1.527007
1.567155
1.541744
1.576245
1.568291
1.565368
1.552448
1.581216
1.603145
1.546974
1.560280
1.526728
1.527301
1.549670
1.566499
1.581735
1.564371
1.512682
1.568090
1.602977
1.558895
1.551125
1.542994
1.553662
1.555387
1.559237
