2.294678
2.289635
2.263979
2.210654
2.191539
2.316725
2.151358
2.174829
2.207033
2.304153
2.093431
2.060843
2.066139
2.046578
2.047694
1.975868
1.945633
1.989707
1.952904
1.827028
1.781649
1.834094
1.802438
1.713136
1.703657
1.691871
1.712364
1.705340
1.697939
1.632766
1.625021
1.633915
1.616480
1.658685
1.663578
1.598316
1.610581
1.636016
1.627957
1.583829
1.597107
1.587695
1.589115
1.577783
1.582686
1.627031
1.589588
1.590778
1.549641
1.582409
1.587364
1.572439
1.554075
1.568129
1.552650
1.589864
1.567467
1.557584
1.565219
1.567940
1.554105
1.552833
1.560928
1.550667
1.545069
1.548545
1.557766
1.534524
1.564587
1.542757
1.556773
1.541637
1.533840
1.546479
1.572650
1.539716
1.548602
1.574238
1.558447
1.542422
1.539906
1.546648
1.548614
1.565800
1.523694
1.547202
1.546832
1.532053
1.536865
1.548083
1.546465
1.532944
1.545544
1.550662
1.537990
1.534360
1.557479
1.523636
1.526609
1.530240
1.547809
1.528579
1.528007
1.519861
1.539570
1.549909
1.534698
1.541465
1.550731
1.526797
1.524994
1.539339
1.534912
1.537117
1.527926
1.539368
1.533007
1.514474
1.542715
1.529178
1.544825
1.563791
1.552057
1.531867
1.539511
1.557700
1.525569
1.522163
1.533951
1.533013
1.518589
1.532457
1.534085
1.521497
1.533439
1.529455
1.538318
1.526531
1.545204
1.519061
1.532095
1.519968
1.518060
1.545557
1.526951
1.553990
1.533562
1.531484
1.529151
1.533544
1.530127
1.529175
1.527876
1.535383
1.533236
1.543773
1.548800
1.544162
1.539374
1.551102
1.528908
1.524565
1.530527
1.522961
1.534392
1.558882
1.521295
1.514426
1.563106
1.528358
1.559369
1.547388
1.537766
1.545374
1.575639
1.531130
1.542571
1.523588
1.535589
1.562062
1.539977
1.535568
1.529497
1.527853
1.541111
1.543620
1.528775
1.515116
1.519017
1.519825
1.506420
1.525326
1.515331
1.516955
1.510514
1.518057
1.507736
1.504302
1.504064
1.525759
1.521687
1.537349
1.524204
1.512207
1.516104
1.526528
1.521957
1.521993
1.534301
1.516779
1.523910
1.508297
1.529609
1.507440
1.517732
1.512881
1.510742
1.517316
1.497909
1.505471
1.534073
1.547346
1.550310
1.517591
1.544838
1.518445
1.511522
1.518238
1.516018
1.515033
1.524300
1.517976
1.518932
1.507486
1.531147
1.529672
1.524944
1.527701
1.511015
1.521453
1.519174
1.522236
1.523109
1.509067
1.520058
1.508665
1.522918
1.517221
1.517419
1.513047
1.513741
1.526219
1.517157
1.519285
1.525320
1.510045
1.506479
1.515869
1.519892
1.517873
1.511308
1.522110
1.516117
1.520468
1.516169
1.521911
1.522784
1.510347
1.496649
1.511790
1.529929
1.526191
1.508794
1.513527
1.534137
1.529217
1.511751
1.521395
1.513730
1.505867
1.521609
1.529749
1.514858
1.527266
1.502743
1.508362
1.522121
1.512643
1.528442
1.524358
1.533723
1.515800
1.518996
1.556456
1.513630
1.522533
1.527525
1.538799
1.538427
1.526761
1.538073
1.513850
1.522969
1.512503
1.525323
1.513022
1.541563
1.514484
1.543752
1.519481
1.540216
1.549786
1.512734
1.516145
1.511102
1.538026
1.516116
1.516798
1.504032
1.503535
1.501701
1.510546
1.515901
1.537607
1.531003
1.507929
1.518368
1.503254
1.518402
1.517446
1.506970
1.512671
1.510544
1.510070
1.506281
1.504444
1.517905
1.515518
1.511632
1.504885
1.510879
1.514751
1.510441
1.508404
1.516187
1.510866
1.520735
1.503546
1.518476
1.509396
1.518250
1.520207
1.516922
1.533478
1.512884
1.511282
1.511122
1.523458
1.519117
1.520213
1.517449
1.512704
1.511119
1.515251
1.504978
1.515893
1.523314
1.516918
1.504665
1.516325
1.523354
1.506105
1.525185
1.518347
1.519651
1.526057
1.512922
1.504838
1.510784
1.498310
1.509500
1.513068
1.513547
1.509928
1.511340
1.531872
1.516140
1.516644
1.510013
1.507973
1.504903
1.506070
1.518066
1.517352
1.514365
1.510960
1.517252
1.521680
1.512546
1.505216
1.503025
1.504629
1.504749
1.520566
1.514247
1.504668
1.511007
1.511280
1.517372
1.506404
1.534344
1.529893
1.534844
1.511676
1.507191
1.512193
1.516712
1.499328
1.513535
1.508213
1.504444
1.502277
1.511933
1.509236
1.522767
1.530999
1.511099
1.514237
1.513228
1.507736
1.503905
1.536725
1.505508
1.496833
1.515348
1.520541
1.498442
1.503463
1.524518
1.509490
1.508726
1.504361
1.511996
1.512125
1.517537
1.501258
1.530035
1.509772
1.515548
1.514715
1.505895
1.517569
1.509674
1.518467
1.502450
1.517501
1.517602
1.496605
1.510816
1.502238
1.540320
1.518384
1.515476
1.512131
1.515979
1.504639
1.506901
1.517732
1.515290
1.505324
1.517883
1.510028
1.500719
1.508214
1.528094
1.513362
1.505560
1.508936
1.509720
1.515905
1.507712
1.498670
1.509476
1.511019
1.510031
1.502715
1.498912
1.505447
1.510302
1.507517
1.502948
1.509549
1.521729
1.497779
1.497389
1.498852
1.510706
1.511844
1.526444
1.510700
