0.1641
0.6719
0.9297
0.9844
0.5703
0.7500
0.5859
0.5156
0.5469
0.0000
0.0000
0.0000
0.0000
0.9766
1.0000
0.9922
1.0000
1.0000
1.0000
1.0000
1.0000
1.0000
1.0000
1.0000
1.0000
1.0000
1.0000
1.0000
1.0000
1.0000
1.0000
1.0000
1.0000
1.0000
1.0000
1.0000
1.0000
1.0000
1.0000
1.0000
1.0000
1.0000
1.0000
1.0000
1.0000
1.0000
1.0000
1.0000
1.0000
1.0000
1.0000
1.0000
1.0000
1.0000
1.0000
1.0000
1.0000
1.0000
1.0000
1.0000
1.0000
1.0000
1.0000
1.0000
1.0000
1.0000
1.0000
1.0000
1.0000
1.0000
1.0000
1.0000
1.0000
1.0000
1.0000
1.0000
1.0000
1.0000
1.0000
1.0000
1.0000
1.0000
1.0000
1.0000
1.0000
1.0000
1.0000
1.0000
1.0000
1.0000
1.0000
1.0000
1.0000
1.0000
1.0000
1.0000
1.0000
1.0000
1.0000
1.0000
1.0000
1.0000
1.0000
1.0000
1.0000
1.0000
1.0000
1.0000
1.0000
1.0000
1.0000
1.0000
1.0000
1.0000
1.0000
1.0000
1.0000
1.0000
1.0000
1.0000
1.0000
1.0000
1.0000
1.0000
1.0000
1.0000
1.0000
1.0000
1.0000
1.0000
1.0000
1.0000
1.0000
1.0000
1.0000
1.0000
1.0000
1.0000
1.0000
1.0000
1.0000
1.0000
1.0000
1.0000
1.0000
1.0000
1.0000
1.0000
1.0000
1.0000
1.0000
1.0000
1.0000
1.0000
1.0000
1.0000
1.0000
1.0000
1.0000
1.0000
1.0000
1.0000
1.0000
1.0000
1.0000
1.0000
1.0000
1.0000
1.0000
1.0000
1.0000
1.0000
1.0000
0.9922
1.0000
1.0000
1.0000
1.0000
1.0000
1.0000
1.0000
1.0000
1.0000
1.0000
1.0000
0.9922
1.0000
1.0000
1.0000
1.0000
1.0000
1.0000
1.0000
1.0000
1.0000
1.0000
1.0000
1.0000
1.0000
1.0000
1.0000
1.0000
1.0000
1.0000
1.0000
1.0000
1.0000
1.0000
1.0000
1.0000
1.0000
1.0000
1.0000
1.0000
1.0000
1.0000
1.0000
1.0000
1.0000
1.0000
1.0000
1.0000
1.0000
1.0000
1.0000
1.0000
1.0000
1.0000
1.0000
1.0000
1.0000
1.0000
1.0000
1.0000
1.0000
0.9922
0.9922
1.0000
0.9922
1.0000
1.0000
1.0000
1.0000
1.0000
1.0000
0.9844
1.0000
1.0000
1.0000
1.0000
1.0000
1.0000
1.0000
1.0000
0.9922
1.0000
1.0000
1.0000
1.0000
0.9922
1.0000
1.0000
1.0000
1.0000
1.0000
0.9844
1.0000
1.0000
1.0000
1.0000
1.0000
0.9844
0.9922
1.0000
0.9922
1.0000
0.9922
0.9922
1.0000
1.0000
1.0000
1.0000
1.0000
1.0000
0.9922
0.9922
1.0000
1.0000
1.0000
0.9922
1.0000
1.0000
0.9922
1.0000
0.9922
0.9922
1.0000
1.0000
1.0000
1.0000
1.0000
0.9922
1.0000
1.0000
0.9922
1.0000
1.0000
1.0000
1.0000
0.9922
0.9922
1.0000
1.0000
0.9922
1.0000
1.0000
1.0000
0.9922
1.0000
1.0000
1.0000
0.9922
1.0000
1.0000
0.9922
1.0000
1.0000
1.0000
1.0000
1.0000
1.0000
0.9922
1.0000
1.0000
0.9922
0.9922
1.0000
1.0000
0.9922
1.0000
1.0000
1.0000
1.0000
1.0000
0.9922
0.9922
1.0000
1.0000
1.0000
1.0000
1.0000
1.0000
1.0000
1.0000
1.0000
1.0000
1.0000
1.0000
0.9844
1.0000
1.0000
0.9922
0.9922
0.9922
1.0000
1.0000
0.9922
1.0000
1.0000
1.0000
0.9922
1.0000
1.0000
1.0000
1.0000
1.0000
1.0000
1.0000
0.9922
1.0000
1.0000
1.0000
0.9922
1.0000
1.0000
1.0000
1.0000
1.0000
1.0000
1.0000
0.9922
1.0000
1.0000
1.0000
0.9844
1.0000
1.0000
0.9922
1.0000
0.9922
1.0000
0.9922
1.0000
0.9922
1.0000
0.9922
1.0000
1.0000
1.0000
1.0000
1.0000
0.9922
0.9922
0.9922
0.9922
1.0000
1.0000
1.0000
1.0000
1.0000
1.0000
1.0000
1.0000
1.0000
1.0000
1.0000
0.9922
1.0000
0.9922
1.0000
0.9844
0.9844
0.9922
0.9922
1.0000
1.0000
1.0000
1.0000
1.0000
1.0000
0.9922
1.0000
1.0000
1.0000
1.0000
0.9922
0.9922
1.0000
0.9922
1.0000
1.0000
0.9922
0.9922
0.9922
0.9766
1.0000
1.0000
1.0000
0.9766
0.9922
1.0000
1.0000
1.0000
1.0000
1.0000
1.0000
1.0000
1.0000
1.0000
0.9922
0.9922
0.9844
1.0000
1.0000
0.9922
1.0000
1.0000
0.9844
0.9844
1.0000
1.0000
1.0000
1.0000
0.9922
1.0000
0.9922
1.0000
1.0000
0.9922
1.0000
0.9922
1.0000
0.9922
1.0000
0.9922
1.0000
1.0000
1.0000
0.9922
0.9922
