2.306663
2.298768
2.285426
2.274666
2.270953
2.305252
2.239720
2.202409
2.252698
2.287112
2.303468
2.227923
2.132926
2.091303
2.162086
2.061503
1.993973
2.017045
1.965333
1.963862
1.959193
1.950697
1.923396
1.900273
1.904034
1.841392
1.826854
1.862851
1.823635
1.821420
1.797342
1.774231
1.758168
1.750164
1.748117
1.712129
1.712677
1.752363
1.780822
1.791402
1.783424
1.718769
1.767199
1.719110
1.694562
1.740132
1.708336
1.756584
1.715479
1.753395
1.695737
1.714581
1.718758
1.726532
1.676392
1.746549
1.696939
1.705399
1.657039
1.754394
1.745298
1.688761
1.649946
1.705720
1.672553
1.706506
1.690227
1.659916
1.700358
1.720553
1.685155
1.692318
1.679332
1.676077
1.709585
1.668999
1.693232
1.681826
1.691654
1.656615
1.724063
1.679331
1.657159
1.641205
1.653094
1.641629
1.647205
1.625466
1.668194
1.714055
1.665196
1.627937
1.653700
1.660488
1.661126
1.657673
1.619645
1.626164
1.647475
1.681240
1.593451
1.584330
1.672459
1.711866
1.604398
1.643064
1.649912
1.641835
1.724343
1.665599
1.620043
1.617401
1.638767
1.654117
1.649370
1.582461
1.592882
1.649609
1.649002
1.609275
1.573370
1.615133
1.607893
1.620090
1.641999
1.654380
1.685765
1.668550
1.657781
1.644506
1.624701
1.627035
1.664896
1.622346
1.632383
1.631750
1.640703
1.642568
1.657826
1.590954
1.634756
1.651096
1.642918
1.615596
1.666597
1.678745
1.624082
1.637140
1.630243
1.678559
1.735713
1.656670
1.618115
1.660302
1.638245
1.698647
1.684466
1.643046
1.596843
1.594117
1.600507
1.630581
1.666234
1.595121
1.617844
1.579101
1.624370
1.610333
1.656671
1.641334
1.623399
1.628428
1.640300
1.626414
1.603335
1.667911
1.634674
1.641064
1.631903
1.584583
1.558431
1.623858
1.599900
1.574233
1.594231
1.586431
1.641748
1.613014
1.590219
1.613990
1.659032
1.627116
1.597790
1.636251
1.627940
1.635373
1.580337
1.609658
1.591616
1.650352
1.634456
1.660488
1.624277
1.648026
1.591102
1.590797
1.562155
1.615262
1.607364
1.610697
1.625242
1.627585
1.654825
1.607732
1.614516
1.613630
1.632191
1.563117
1.606603
1.615470
1.607365
1.651152
1.609476
1.628671
1.570384
1.616937
1.579632
1.605126
1.638898
1.640851
1.595402
1.615961
1.667764
1.620527
1.648403
1.625250
1.660054
1.624473
1.599910
1.623616
1.659018
1.635609
1.612568
1.620052
1.590672
1.677039
1.614440
1.617643
1.623461
1.639794
1.652684
1.608699
1.609579
1.672712
1.635035
1.620612
1.604446
1.653044
1.692098
1.637890
1.626609
1.629939
1.582972
1.622508
1.603719
1.636660
1.681272
1.655748
1.611323
1.622136
1.648496
1.637239
1.670918
1.655470
1.622227
1.635442
1.634762
1.621568
1.588221
1.621995
1.616339
1.653510
1.656810
1.673720
1.671550
1.599441
1.624268
1.626613
1.623335
1.611653
1.634112
1.596052
1.594690
1.655103
1.616153
1.613822
1.593645
1.649292
1.667185
1.636251
1.629233
1.588373
1.626638
1.652190
1.639670
1.633655
1.603515
1.630910
1.611270
1.639452
1.596899
1.614773
1.652629
1.628275
1.640100
1.640810
1.599968
1.650135
1.640111
1.632513
1.637002
1.620742
1.700650
1.659524
1.630386
1.624648
1.635906
1.628928
1.608413
1.607409
1.637482
1.634898
1.628804
1.622656
1.621805
1.628409
1.643054
1.614082
1.633266
1.621667
1.632374
1.626966
1.675734
1.618020
1.595543
1.627857
1.615874
1.619266
1.653534
1.645739
1.644129
1.687230
1.683145
1.684216
1.621364
1.660002
1.618235
1.632829
1.594400
1.636131
1.659829
1.602843
1.626131
1.626692
1.667972
1.646977
1.624875
1.583569
1.598527
1.633592
1.614249
1.614525
1.628676
1.607090
1.608546
1.626451
1.645975
1.608790
1.594599
1.602226
1.597405
1.593438
1.683691
1.651675
1.638196
1.617260
1.595152
1.590661
1.617631
1.640950
1.637467
1.601847
1.583676
1.570886
1.618995
1.631864
1.632834
1.637786
1.636720
1.589247
1.640324
1.608484
1.632220
1.596292
1.647122
1.618278
1.610703
1.623253
1.623479
1.611191
1.592679
1.572787
1.537481
1.630152
1.598725
1.622036
1.654072
1.610148
1.616642
1.606426
1.641551
1.596091
1.644020
1.627672
1.607971
1.591962
1.571883
1.573455
1.616154
1.623787
1.631102
1.606477
1.623395
1.605629
1.578502
1.621984
1.641377
1.632845
1.641612
1.599372
1.583380
1.646294
1.642705
1.626243
1.606681
1.583326
1.562991
1.630119
1.580799
1.603215
1.565537
1.629171
1.633164
1.598223
1.639334
1.645777
1.639443
1.605876
1.685121
1.641943
1.612509
1.639500
1.611707
1.621689
1.611987
1.645809
1.593849
1.612162
1.602748
1.614394
1.591483
1.611133
1.617208
1.629108
1.630208
1.647331
1.606824
1.595657
1.629012
1.593798
1.587902
1.637266
1.625305
1.637914
1.645692
1.616964
1.638748
1.606686
1.619828
1.593219
1.577224
1.612442
1.613236
1.606835
1.611346
1.628340
1.618593
1.638015
1.623834
1.612565
