2.305799
2.303331
2.303734
2.301428
2.304859
2.302640
2.289224
2.293461
2.283728
2.291363
2.284202
2.287886
2.284510
2.278232
2.268453
2.254437
2.253298
2.248560
2.240727
2.238392
2.227562
2.224931
2.215210
2.206083
2.186182
2.184228
2.185360
2.146343
2.159876
2.143770
2.144854
2.098867
2.127774
2.105016
2.087820
2.072121
2.050814
2.097671
2.041570
2.037157
2.046557
2.020931
2.022398
1.995585
1.948465
1.946070
1.945869
1.887902
1.870514
1.913415
1.858600
1.885181
1.884904
1.846692
1.850608
1.846715
1.818927
1.836791
1.838120
1.782032
1.790408
1.783045
1.829157
1.792339
1.773574
1.799029
1.797077
1.766845
1.765117
1.769304
1.783999
1.764074
1.765487
1.759749
1.775022
1.706865
1.765218
1.753179
1.768380
1.737467
1.708807
1.693760
1.711296
1.733070
1.768350
1.685704
1.699171
1.739627
1.717680
1.695348
1.699788
1.696668
1.719581
1.731529
1.694906
1.685462
1.704419
1.725628
1.668856
1.682752
1.704204
1.695883
1.683612
1.684275
1.706652
1.709994
1.682341
1.675904
1.682398
1.713561
1.713763
1.681666
1.679234
1.647635
1.660232
1.641580
1.694167
1.682941
1.633550
1.692298
1.672663
1.685486
1.668510
1.664533
1.665079
1.652677
1.621760
1.662805
1.686748
1.697981
1.666063
1.636185
1.653578
1.650829
1.624664
1.641030
1.616832
1.639551
1.631620
1.651459
1.633987
1.655039
1.655698
1.603252
1.654398
1.652543
1.650739
1.652034
1.622463
1.612483
1.658370
1.636710
1.651402
1.646460
1.648913
1.628049
1.662794
1.618184
1.630331
1.628065
1.602737
1.640794
1.634918
1.598809
1.610745
1.607564
1.632850
1.622187
1.615780
1.615625
1.610823
1.655252
1.639074
1.588896
1.632429
1.598016
1.618187
1.611978
1.606187
1.604343
1.610476
1.590906
1.616852
1.616839
1.613690
1.650023
1.594919
1.625555
1.645366
1.602866
1.604919
1.601853
1.617326
1.594413
1.600552
1.588583
1.603626
1.601603
1.619696
1.658187
1.622588
1.604139
1.617587
1.609489
1.633207
1.583498
1.588294
1.613733
1.592793
1.587104
1.603763
1.605580
1.630432
1.594921
1.590406
1.610653
1.610365
1.625983
1.583279
1.582347
1.571751
1.591840
1.596043
1.604311
1.579306
1.597373
1.590762
1.547969
1.594325
1.596923
1.604735
1.649443
1.630324
1.592317
1.600044
1.591235
1.591316
1.552982
1.587594
1.587405
1.589663
1.589424
1.612224
1.585103
1.595305
1.597732
1.605726
1.568662
1.580327
1.597953
1.597486
1.593897
1.580861
1.595732
1.560050
1.543363
1.560967
1.580576
1.569738
1.569929
1.580585
1.579230
1.606040
1.598504
1.586920
1.554426
1.588034
1.569752
1.574963
1.583499
1.587219
1.573761
1.583170
1.601537
1.570899
1.562838
1.593714
1.581393
1.590254
1.592977
1.588236
1.569251
1.602920
1.598814
1.576116
1.573377
1.566556
1.604012
1.575473
1.582631
1.572175
1.572185
1.566639
1.574554
1.559074
1.553403
1.566591
1.577805
1.546580
1.569502
1.575719
1.581574
1.563280
1.598973
1.543482
1.547886
1.562350
1.559663
1.569683
1.559561
1.573554
1.582013
1.569258
1.590072
1.574313
1.561034
1.598162
1.566900
1.563681
1.537203
1.586191
1.556586
1.590477
1.563071
1.573204
1.576342
1.586520
1.554746
1.570167
1.550243
1.582534
1.579433
1.565413
1.596488
1.568894
1.572945
1.536591
1.577009
1.566203
1.590366
1.550239
1.567756
1.565122
1.556654
1.571251
1.569360
1.572102
1.540442
1.547150
1.548701
1.521540
1.548486
1.584422
1.560303
1.565193
1.546451
1.552345
1.552370
1.543420
1.567176
1.569490
1.593475
1.579009
1.547663
1.576893
1.580819
1.551098
1.559779
1.566550
1.562998
1.541472
1.558791
1.579321
1.557045
1.562959
1.568035
1.555064
1.557538
1.568891
1.602072
1.540467
1.557032
1.553713
1.581118
1.540326
1.559589
1.548092
1.549322
1.540339
1.569543
1.565691
1.562571
1.559325
1.579866
1.556217
1.541914
1.535206
1.556361
1.562464
1.588713
1.537460
1.556520
1.538190
1.545269
1.557871
1.576566
1.567808
1.539360
1.541419
1.546089
1.561974
1.540070
1.536912
1.574663
1.567828
1.556815
1.552131
1.523027
1.536815
1.559791
1.547272
1.542191
1.548566
1.567077
1.565304
1.572226
1.567773
1.536605
1.544521
1.541968
1.553515
1.556811
1.525846
1.555065
1.535694
1.542385
1.547189
1.539549
1.557450
1.569158
1.554175
1.577406
1.531253
1.572350
1.559375
1.533399
1.509309
1.529482
1.538422
1.552696
1.577994
1.551327
1.544378
1.512859
1.550473
1.578019
1.545943
1.553955
1.543613
1.561688
1.534321
1.536606
1.549465
1.551424
1.522130
1.527635
1.531693
1.550918
1.551651
1.539934
1.556962
1.542857
1.540403
1.558859
1.533589
1.535320
1.546736
1.551030
1.560591
1.527478
1.524242
1.543452
1.554890
1.538171
1.542422
1.528853
1.541244
1.540945
1.540713
1.549538
1.539987
1.551640
1.584816
1.526084
1.539453
1.581304
1.574791
1.540553
1.517545
1.545476
