2.337144
2.341870
2.338604
2.334008
2.322197
2.315434
2.310443
2.296589
2.294553
2.280699
2.253954
2.252205
2.243360
2.213915
2.203133
2.203814
2.227669
2.159078
2.171238
2.145789
2.150307
2.121086
2.112406
2.100686
2.109885
2.163085
2.070073
2.089879
2.117725
2.090099
2.071091
2.122441
2.133474
2.040098
2.136219
2.141912
2.120648
2.224493
2.103149
2.116313
2.061734
2.041699
2.029056
1.927771
1.993475
1.937284
1.923882
1.816340
1.725454
1.751409
1.835539
1.658980
1.751791
1.720871
1.736808
1.827973
1.581632
1.574620
1.491745
1.476793
1.461179
1.383027
1.494905
1.296332
1.395117
1.161315
1.105593
1.197931
1.049683
1.087072
0.907813
1.087803
1.050714
0.916370
1.065886
0.824484
0.772927
0.789917
0.714731
0.855665
0.672879
0.773607
0.817066
0.704962
0.814815
0.663330
0.727226
0.633671
0.447112
0.592440
0.605804
0.743320
0.579425
0.723198
0.677633
0.600287
0.518483
0.502375
0.473493
0.417276
0.552896
0.538946
0.468181
0.641768
0.531614
0.544776
0.396402
0.589999
0.519761
0.491411
0.527706
0.376663
0.585165
0.356146
0.419096
0.504756
0.448037
0.561152
0.508930
0.520450
0.350801
0.494481
0.415843
0.582548
0.454901
0.452012
0.655354
0.422095
0.326071
0.431652
0.432167
0.442083
0.405589
0.447838
0.360516
0.513475
0.462052
0.499546
0.353397
0.376341
0.473058
0.452092
0.482909
0.518229
0.496268
0.555369
0.376846
0.354093
0.497001
0.552311
0.713984
1.443271
1.506130
1.018098
0.645480
0.687452
0.787420
0.720302
0.795503
0.473635
0.764354
0.872768
0.976119
0.913912
0.779732
0.752464
0.708552
0.645783
0.512931
0.470557
0.309580
0.524311
0.382684
0.505044
0.366373
0.547670
0.477890
0.560582
0.368717
0.437782
0.388370
0.303402
0.323467
0.443616
0.355309
0.440660
0.265859
0.524315
0.421147
0.243433
0.318893
0.276809
0.320590
0.373707
0.478070
0.266660
0.294760
0.316580
0.380603
0.462652
0.298853
0.345645
0.323011
0.366230
0.358937
0.239714
0.379033
0.422987
0.342447
0.301207
0.246220
0.367781
0.274319
0.334786
0.251336
0.168454
0.357820
0.292079
0.260364
0.395898
0.441264
0.462792
0.285438
0.298354
0.303137
0.302486
0.336087
0.196257
0.331011
0.252345
0.359913
0.248742
0.270024
0.585681
0.347402
0.340070
0.307679
0.229073
0.216174
0.234334
0.211012
0.202345
0.293063
0.218768
0.282453
0.232694
0.338124
0.223400
0.247116
0.465931
0.336513
0.264461
0.369424
0.210630
0.265331
0.292263
0.210927
0.356980
0.224449
0.310811
0.337642
0.179714
0.394906
0.257294
0.307323
0.202906
0.305302
0.293257
0.170194
0.244968
0.240821
0.297850
0.233463
0.344911
0.262700
0.261075
0.355091
0.261238
0.260758
0.275234
0.177083
0.197948
0.179204
0.157625
0.204780
0.221504
0.202746
0.390819
0.297202
0.243860
0.215806
0.218668
0.220933
0.366172
0.261832
0.290179
0.200625
0.229724
0.268689
0.224419
0.328330
0.222921
0.212610
0.373618
0.231754
0.207544
0.199268
0.193616
0.248335
0.224365
0.271007
0.302503
0.164096
0.257686
0.165298
0.380388
0.192281
0.207981
0.231059
0.149430
0.280198
0.293093
0.292248
0.131485
0.208467
0.257606
0.239821
0.259124
0.183088
0.286657
0.206070
0.254659
0.220739
0.119535
0.232379
0.218574
0.159523
0.153943
0.260411
0.222565
0.220937
0.136818
0.256082
0.196111
0.154393
0.212642
0.165751
0.200143
0.192313
0.199135
0.209578
0.253970
0.329270
0.220554
0.188973
0.269003
0.149528
0.129702
0.242200
0.145407
0.230727
0.269733
0.192234
0.190237
0.241225
0.202809
0.209522
0.182051
0.219818
0.164123
0.200499
0.197433
0.218728
0.126788
0.248146
0.185690
0.202315
0.280882
0.140825
0.337663
0.182369
0.127957
0.166486
0.181493
0.221150
0.113358
0.210876
0.208290
0.221482
0.274429
0.145342
0.180101
0.164884
0.196912
0.220150
0.222389
0.127458
0.168826
0.225319
0.151646
0.243898
0.159821
0.124405
0.213022
0.109463
0.141717
0.127271
0.288309
0.163180
0.145036
0.165830
0.225905
0.334873
0.176499
0.158307
0.268926
0.322054
0.164280
0.122738
0.148124
0.342746
0.109725
0.142165
0.201328
0.213975
0.258752
0.162148
0.124515
0.214655
0.272552
0.119431
0.100361
0.122840
0.161979
0.159580
0.280767
0.136453
0.217799
0.141947
0.157193
0.138355
0.169590
0.176207
0.170200
0.117583
0.129818
0.212728
0.155031
0.211490
0.185016
0.202325
0.222916
0.148786
0.086979
0.190613
0.230655
0.120940
0.107868
0.203560
0.106646
0.173658
0.173095
0.263600
0.200409
0.186649
0.184882
0.122128
0.153026
0.209168
0.125513
0.196324
0.110638
0.288785
0.178358
0.248490
0.152787
0.121760
0.193625
0.216876
0.145902
0.168003
0.217714
0.203456
0.128105
0.174351
0.071393
0.108834
0.101984
0.112212
0.162621
0.078170
0.206084
0.176687
0.177747
0.113090
0.162055
0.108023
0.291751
0.230307
0.146653
