2.306102
2.305001
2.302264
2.306315
2.306177
2.303300
2.303040
2.301566
2.303328
2.303204
2.301480
2.303576
2.302547
2.302654
2.303328
2.304939
2.302919
2.306425
2.306016
2.304787
2.306466
2.305172
2.305351
2.307430
2.306329
2.306187
2.305939
2.301899
2.304798
2.303452
2.303204
2.302957
2.303700
2.304319
2.302929
2.303769
2.306425
2.301862
2.306387
2.303176
2.304987
2.303262
2.303748
2.303042
2.303452
2.302833
2.303081
2.303328
2.303043
2.303328
2.303397
2.305029
2.303910
2.304777
2.304443
2.303576
2.302833
2.302957
2.303080
2.302833
2.302709
2.302585
2.302585
2.302585
2.302709
2.302709
2.302709
2.302957
2.302052
2.302709
2.302957
2.302957
2.303204
2.302833
2.303080
2.303081
2.303452
2.303204
2.303452
2.303452
2.302671
2.303204
2.303700
2.303204
2.302957
2.302957
2.302423
2.303414
2.303576
2.302957
2.303080
2.302833
2.303080
2.302175
2.302709
2.302585
2.302833
2.303204
2.302957
2.302709
2.302833
2.303452
2.303328
2.303576
2.303081
2.302833
2.302833
2.302957
2.302709
2.302299
2.302052
2.302709
2.302709
2.303081
2.303081
2.302709
2.302957
2.302709
2.302957
2.302709
2.303080
2.302957
2.302585
2.302709
2.302585
2.302833
2.302709
2.302833
2.301928
2.303081
2.301928
2.302585
2.302709
2.302585
2.302585
2.302585
2.302709
2.302585
2.302709
2.302957
2.302833
2.302709
2.302709
2.302709
2.302833
2.302957
2.303080
2.302833
2.302957
2.302709
2.302709
2.302585
2.302585
2.302585
2.302585
2.302709
2.302585
2.302585
2.302709
2.302585
2.302585
2.302709
2.302585
2.302585
2.302709
2.302709
2.302709
2.302585
2.302585
2.302585
2.302833
2.302585
2.302585
2.302585
2.301928
2.302585
2.302585
2.301928
2.302585
2.302585
2.302585
2.302585
2.302833
2.302709
2.302585
2.302585
2.302585
2.302585
2.302709
2.302585
2.302709
2.302585
2.302585
2.302709
2.302585
2.302585
2.302585
2.302709
2.302709
2.302957
2.302585
2.302709
2.302709
2.302709
2.302585
2.302709
2.302585
2.302585
2.302585
2.302585
2.302585
2.302833
2.302585
2.302585
2.302585
2.302585
2.302585
2.302585
2.302585
2.302585
2.302585
2.302585
2.302709
2.302585
2.302709
2.302585
2.302709
2.302585
2.302585
2.302585
2.302585
2.302585
2.302585
2.302585
2.302585
2.302585
2.302585
2.302585
2.302585
2.302585
2.302585
2.302585
2.302585
2.302585
2.302585
2.302585
2.302585
2.302585
2.302585
2.302585
2.302585
2.302585
2.302957
2.303081
2.302833
2.303204
2.302957
2.302585
2.302833
2.302585
2.302833
2.302585
2.302709
2.302585
2.302585
2.302585
2.302709
2.302585
2.302585
2.302585
2.302585
2.302585
2.302585
2.302585
2.302585
2.302585
2.302709
2.302585
2.302585
2.302585
2.302585
2.302585
2.302585
2.302585
2.302585
2.302709
2.302585
2.302585
2.302585
2.302585
2.302585
2.302585
2.302585
2.302709
2.302585
2.302585
2.302585
2.302585
2.302585
2.302585
2.302585
2.302585
2.302585
2.302585
2.302585
2.302585
2.302585
2.302585
2.302585
2.302709
2.302585
2.302957
2.302709
2.302585
2.302585
2.302709
2.302585
2.302585
2.302585
2.302585
2.302585
2.302585
2.302585
2.302585
2.302585
2.302585
2.302585
2.302585
2.302585
2.302585
2.302585
2.302585
2.302585
2.302585
2.302585
2.302585
2.302585
2.302585
2.302585
2.302585
2.302585
2.302585
2.302585
2.302585
2.302585
2.302709
2.302585
2.302585
2.302585
2.302585
2.302585
2.302585
2.302585
2.302709
2.302585
2.302585
2.302585
2.302585
2.302585
2.302585
2.302585
2.302585
2.302585
2.302585
2.302585
2.302585
2.302585
2.302585
2.302585
2.302585
2.302585
2.302585
2.302585
2.302585
2.302585
2.302585
2.302585
2.302585
2.302585
2.302585
2.302585
2.302585
2.302585
2.302585
2.302585
2.302709
2.302585
2.302585
2.302585
2.302585
2.302585
2.302585
2.302585
2.302585
2.302585
2.302585
2.302585
2.302585
2.302585
2.302585
2.302585
2.302585
2.302585
2.302585
2.302585
2.302709
2.302585
2.302585
2.302585
2.302585
2.302585
2.302585
2.302585
2.302585
2.302585
2.302585
2.302585
2.302585
2.302585
2.302585
2.302585
2.302585
2.302585
2.302585
2.302585
2.302585
2.302585
2.302585
2.302585
2.302585
2.302585
2.302585
2.302709
2.302585
2.302585
2.302585
2.302585
2.302585
2.302585
2.302585
2.302585
2.302585
2.302585
2.302585
2.302585
2.302585
2.302585
2.302585
2.302585
2.302585
2.302585
2.302585
2.302585
2.302709
2.302585
2.302585
2.302585
2.302585
2.302585
2.302585
2.302585
2.302585
2.302585
2.302585
2.302585
2.302585
2.302585
2.302585
2.302585
2.302585
2.302585
2.302585
2.302585
2.302585
2.302585
2.302585
2.302585
2.302585
2.302585
2.302585
2.302585
2.302585
2.302585
2.302585
2.302585
2.302585
2.302585
2.302585
2.302585
2.302585
2.302585
2.302585
2.302585
2.302585
2.302585
2.302585
2.302585
2.302585
2.302585
2.302585
