2.306999
2.303539
2.302772
2.301796
2.300893
2.298002
2.276699
2.267804
2.258901
2.267687
2.235568
2.226645
2.194293
2.274908
2.262483
2.136750
2.066626
2.063825
2.020045
2.060983
2.042164
1.942741
1.921285
1.960289
1.962225
1.878559
1.855640
1.862859
1.870800
1.864092
1.797785
1.788870
1.764329
1.667814
1.740063
1.793099
1.755588
1.697475
1.669293
1.703204
1.711242
1.650649
1.711169
1.747130
1.707009
1.691639
1.716215
1.698696
1.643983
1.665802
1.689941
1.638108
1.668605
1.613917
1.638906
1.633118
1.650429
1.603698
1.655545
1.620713
1.637465
1.631298
1.615447
1.611695
1.628815
1.583777
1.618157
1.605912
1.569661
1.613376
1.593914
1.583558
1.558903
1.594086
1.560227
1.597305
1.577320
1.610663
1.622607
1.604253
1.578450
1.581386
1.570859
1.552424
1.580700
1.597389
1.602297
1.593716
1.614056
1.619435
1.550641
1.560229
1.557012
1.565011
1.569736
1.588094
1.590151
1.571239
1.606787
1.570176
1.586836
1.573512
1.546437
1.559675
1.571582
1.550267
1.565222
1.547355
1.563200
1.581487
1.541475
1.541819
1.561439
1.543099
1.556705
1.548194
1.556718
1.550373
1.555586
1.550616
1.577421
1.575784
1.534428
1.520879
1.517931
1.560498
1.555928
1.532133
1.552104
1.568246
1.559421
1.548141
1.552719
1.532740
1.546440
1.571402
1.521963
1.543780
1.554300
1.537561
1.537686
1.572937
1.539812
1.537083
1.528894
1.559145
1.547571
1.545267
1.528390
1.538178
1.518316
1.542674
1.549410
1.540977
1.550009
1.510646
1.554411
1.549453
1.529712
1.530575
1.543417
1.528605
1.529184
1.526365
1.540066
1.564572
1.550764
1.504670
1.537770
1.522557
1.539634
1.541534
1.528540
1.531038
1.533633
1.513950
1.518552
1.500500
1.528434
1.534530
1.547948
1.509587
1.518832
1.525899
1.542074
1.540484
1.542674
1.525678
1.547689
1.537866
1.536661
1.510059
1.503742
1.534663
1.528420
1.533106
1.532612
1.526260
1.522125
1.516460
1.526346
1.525053
1.516050
1.512157
1.535710
1.520435
1.504334
1.520086
1.522907
1.525128
1.548512
1.526485
1.524311
1.536883
1.535361
1.521090
1.518725
1.531953
1.528228
1.502103
1.544593
1.513943
1.507128
1.503079
1.509249
1.542694
1.501390
1.523457
1.516688
1.518000
1.526754
1.518893
1.531458
1.502262
1.542393
1.507891
1.520812
1.539925
1.500151
1.515554
1.533910
1.528719
1.535207
1.515558
1.502126
1.517978
1.507859
1.510565
1.548227
1.532422
1.514087
1.505454
1.521714
1.494969
1.498972
1.506952
1.503714
1.518314
1.519191
1.520988
1.520076
1.506264
1.500231
1.488401
1.506842
1.524292
1.509238
1.513381
1.519690
1.508114
1.527540
1.532209
1.501510
1.509942
1.505148
1.510369
1.507452
1.523094
1.527434
1.510172
1.511800
1.498133
1.502915
1.516291
1.509706
1.510422
1.509564
1.521057
1.507803
1.520921
1.502953
1.498648
1.502949
1.507119
1.497383
1.499052
1.509047
1.510000
1.503699
1.499548
1.509628
1.509971
1.518823
1.507412
1.505137
1.512218
1.524872
1.491020
1.531673
1.529360
1.520324
1.501192
1.495754
1.507243
1.504080
1.496343
1.511502
1.505007
1.502600
1.502102
1.502142
1.510743
1.497207
1.497105
1.493495
1.506541
1.502230
1.529277
1.501222
1.524808
1.511405
1.511960
1.512132
1.496471
1.520283
1.508503
1.506114
1.513681
1.488961
1.508600
1.492517
1.511631
1.528359
1.503024
1.492233
1.509481
1.505240
1.499385
1.500594
1.508472
1.503029
1.492653
1.504382
1.502405
1.499039
1.500001
1.520145
1.508775
1.490253
1.517141
1.502455
1.486027
1.502662
1.521067
1.511889
1.506061
1.515921
1.509851
1.511174
1.490937
1.496145
1.510910
1.512065
1.491097
1.496651
1.489872
1.490468
1.507841
1.491167
1.498088
1.513762
1.495510
1.484572
1.518950
1.508059
1.504066
1.500003
1.498150
1.515083
1.504586
1.488351
1.503551
1.495076
1.504170
1.486226
1.489337
1.494946
1.497609
1.498512
1.512186
1.501679
1.498157
1.520101
1.495217
1.498786
1.499314
1.494771
1.490409
1.500394
1.496642
1.511434
1.501428
1.498618
1.510277
1.490715
1.504384
1.518924
1.486475
1.505797
1.491502
1.503543
1.488155
1.486701
1.503967
1.484658
1.488542
1.497560
1.488818
1.513951
1.499324
1.496025
1.518606
1.495222
1.498346
1.499078
1.504909
1.510769
1.496537
1.491876
1.512066
1.504908
1.492953
1.493862
1.493045
1.498097
1.489135
1.490009
1.499136
1.495765
1.498053
1.496208
1.503751
1.489435
1.494795
1.499026
1.532275
1.487988
1.500381
1.486110
1.488528
1.508032
1.494307
1.507287
1.504479
1.493632
1.488079
1.489241
1.498796
1.485780
1.507467
1.496196
1.490312
1.503790
1.493637
1.494410
1.504793
1.500687
1.496666
1.499464
1.493569
1.502127
1.493940
1.509146
1.483034
1.493994
1.487631
1.494177
1.501857
1.496012
1.483476
1.485282
1.486109
1.487739
1.491030
1.497402
1.513074
1.496795
1.499247
1.492650
1.500191
