2.302226
2.298935
2.297304
2.284940
2.267997
2.248891
2.265058
2.264340
2.212768
2.132888
2.134864
2.095361
2.110500
2.092924
2.081851
1.997783
1.966667
1.984570
1.887696
1.909185
1.874629
1.849799
1.843546
1.859926
1.862458
1.789341
1.820313
1.836898
1.775179
1.728484
1.709920
1.719164
1.723396
1.709865
1.699280
1.685345
1.667805
1.632558
1.676802
1.640430
1.715960
1.614890
1.641914
1.681388
1.713661
1.622755
1.634015
1.658657
1.611232
1.644103
1.566308
1.610146
1.637068
1.607040
1.661858
1.640051
1.653852
1.595505
1.642154
1.605548
1.600045
1.632490
1.655849
1.644752
1.596608
1.614035
1.610818
1.552244
1.617493
1.635106
1.638373
1.613004
1.620781
1.629106
1.569071
1.666196
1.569212
1.634756
1.588843
1.612285
1.579613
1.582036
1.595166
1.566145
1.618194
1.628014
1.581550
1.606746
1.621430
1.573032
1.554143
1.642685
1.524509
1.613758
1.583197
1.608758
1.606764
1.619473
1.550615
1.601767
1.618384
1.567018
1.598490
1.564646
1.612572
1.615560
1.652813
1.597532
1.620033
1.624480
1.592182
1.592345
1.549497
1.592671
1.562175
1.580285
1.602563
1.537164
1.579271
1.557615
1.568674
1.609907
1.600065
1.607788
1.565033
1.580246
1.592404
1.614286
1.607051
1.624642
1.572564
1.545128
1.573972
1.599698
1.642897
1.579742
1.596819
1.568300
1.562091
1.575483
1.577222
1.565214
1.563792
1.573691
1.616424
1.570609
1.591709
1.566188
1.600921
1.595886
1.598879
1.543679
1.560492
1.548120
1.623167
1.574375
1.572936
1.595139
1.558218
1.572523
1.577617
1.631784
1.563339
1.548016
1.579401
1.561908
1.570044
1.546607
1.604671
1.566613
1.537210
1.597059
1.566752
1.577346
1.586262
1.620652
1.620573
1.562915
1.547653
1.620707
1.575786
1.562737
1.566127
1.560351
1.581842
1.578301
1.568295
1.594969
1.581748
1.583968
1.563332
1.578030
1.570373
1.586288
1.590875
1.564414
1.585469
1.562204
1.554583
1.554658
1.598294
1.566349
1.555635
1.553353
1.580313
1.592242
1.579994
1.563348
1.555305
1.547996
1.531652
1.553093
1.566253
1.562521
1.629133
1.552910
1.577371
1.589794
1.584262
1.577560
1.575720
1.603833
1.597149
1.585306
1.596657
1.563495
1.551181
1.520692
1.581796
1.560956
1.551811
1.598416
1.597637
1.555683
1.547790
1.584674
1.621080
1.581942
1.562785
1.557667
1.489731
1.577660
1.580328
1.567357
1.598527
1.519060
1.572959
1.557191
1.619902
1.564932
1.584934
1.553221
1.582153
1.599611
1.604177
1.525075
1.545300
1.542807
1.630388
1.546646
1.553799
1.568577
1.525924
1.573522
1.589585
1.587586
1.573758
1.571824
1.530507
1.578860
1.520225
1.581966
1.545979
1.561828
1.591450
1.546829
1.573030
1.533664
1.567423
1.518692
1.542195
1.577033
1.577509
1.552673
1.566138
1.592952
1.566421
1.590413
1.549447
1.607677
1.543100
1.612373
1.551395
1.588034
1.553641
1.574113
1.583660
1.562603
1.571545
1.569832
1.554000
1.542815
1.603209
1.554184
1.582271
1.520993
1.583974
1.549818
1.549344
1.600695
1.575439
1.516449
1.545894
1.561256
1.596155
1.573872
1.547725
1.530791
1.606707
1.560305
1.543386
1.590235
1.586067
1.571738
1.558524
1.591698
1.545548
1.513396
1.592614
1.614003
1.577206
1.567910
1.559818
1.557996
1.572400
1.553042
1.576428
1.537041
1.565962
1.530156
1.554710
1.530247
1.568776
1.503721
1.567122
1.560593
1.519659
1.564371
1.562850
1.582284
1.569303
1.564427
1.554432
1.550086
1.520815
1.565023
1.542839
1.531038
1.569043
1.529290
1.539761
1.595932
1.577833
1.540497
1.564513
1.583688
1.596858
1.586665
1.563894
1.535200
1.554538
1.562032
1.559214
1.557994
1.591957
1.590444
1.546268
1.598381
1.599885
1.625533
1.593684
1.596409
1.597474
1.520743
1.504025
1.554215
1.553592
1.561229
1.561071
1.601622
1.579894
1.545114
1.512893
1.515819
1.580424
1.549734
1.581856
1.526429
1.558125
1.523325
1.561679
1.537218
1.559380
1.561598
1.522502
1.549413
1.588570
1.594403
1.531007
1.553442
1.551584
1.586065
1.595181
1.575699
1.575676
1.558294
1.574558
1.598591
1.565808
1.546385
1.613279
1.567909
1.540807
1.536632
1.547748
1.576482
1.575120
1.600638
1.540201
1.562072
1.533307
1.531530
1.576809
1.553332
1.551950
1.549430
1.554022
1.553737
1.544393
1.558710
1.543138
1.523558
1.569681
1.546205
1.529022
1.584327
1.565056
1.555718
1.548154
1.559562
1.565062
1.602169
1.539081
1.582923
1.613249
1.552152
1.584473
1.539201
1.573223
1.572304
1.568260
1.531717
1.581573
1.535080
1.563718
1.554107
1.550037
1.557098
1.582445
1.594782
1.569795
1.585463
1.545900
1.510249
1.580828
1.538054
1.547240
1.564618
1.571598
1.575737
1.564126
1.574982
1.562332
1.539737
1.500925
1.548552
1.538045
1.542190
1.566417
1.558009
1.568393
1.556273
1.538579
1.623219
1.532295
1.551659
1.578454
1.524488
1.569626
1.531597
