2.304024
2.293683
2.288403
2.284406
2.272094
2.277185
2.244756
2.264378
2.237088
2.201410
2.240051
2.194003
2.161757
2.086409
2.048527
2.008187
1.987478
1.922236
1.891269
1.862542
1.898919
1.868221
1.819406
1.762100
1.802729
1.767252
1.857748
1.706776
1.747009
1.713594
1.726468
1.667300
1.674361
1.706308
1.713181
1.669610
1.688349
1.675209
1.662216
1.639771
1.720684
1.682227
1.659509
1.641181
1.679254
1.667630
1.647532
1.678496
1.618505
1.688519
1.670531
1.628349
1.675032
1.634100
1.633967
1.682054
1.634630
1.629017
1.695684
1.674900
1.663086
1.611284
1.661936
1.582548
1.576991
1.628885
1.645434
1.629836
1.665847
1.598077
1.620705
1.602027
1.592507
1.657070
1.600777
1.600000
1.611068
1.578252
1.624878
1.614291
1.644441
1.592248
1.577202
1.620217
1.618043
1.603447
1.604035
1.607823
1.633214
1.605427
1.602801
1.590489
1.616941
1.629822
1.638950
1.594911
1.589327
1.594979
1.593954
1.627077
1.601678
1.615865
1.601332
1.637251
1.578016
1.639154
1.593519
1.628463
1.634657
1.601927
1.601257
1.588344
1.608593
1.610206
1.581132
1.622016
1.608327
1.581475
1.578097
1.612703
1.633854
1.596070
1.569253
1.551795
1.633954
1.615364
1.629435
1.551152
1.606201
1.592333
1.539407
1.557473
1.607615
1.583723
1.610040
1.574739
1.611825
1.601286
1.579007
1.619964
1.630442
1.572854
1.620636
1.594226
1.577951
1.594012
1.548381
1.619405
1.613544
1.543230
1.585899
1.586574
1.612565
1.594405
1.585507
1.569051
1.651403
1.590952
1.594306
1.630713
1.623170
1.567993
1.593259
1.547891
1.569138
1.600443
1.590862
1.583896
1.567958
1.588505
1.586357
1.635056
1.613781
1.557331
1.575022
1.555169
1.615312
1.606520
1.603358
1.574847
1.552268
1.563513
1.581927
1.546435
1.576137
1.556366
1.539930
1.574343
1.549269
1.547268
1.571498
1.557527
1.551341
1.583775
1.582206
1.567886
1.560675
1.554036
1.578620
1.592162
1.573461
1.534244
1.571386
1.582746
1.561977
1.615751
1.618991
1.579145
1.603305
1.576525
1.566381
1.626115
1.602959
1.592977
1.577076
1.568963
1.545046
1.563720
1.575144
1.623185
1.564848
1.569572
1.609785
1.540950
1.562662
1.533762
1.569111
1.683416
1.562750
1.599615
1.583311
1.567374
1.539656
1.570488
1.589898
1.518405
1.599474
1.567396
1.592033
1.560621
1.587762
1.565123
1.525555
1.606839
1.550131
1.613570
1.590098
1.533329
1.556054
1.567929
1.584509
1.557126
1.594531
1.617530
1.561222
1.582201
1.549166
1.596432
1.607254
1.550754
1.590142
1.541132
1.562249
1.608919
1.565651
1.548007
1.589777
1.577667
1.539891
1.575232
1.587885
1.565945
1.582969
1.567039
1.576182
1.533317
1.589487
1.571141
1.594339
1.539765
1.584064
1.580442
1.566449
1.551246
1.597675
1.552098
1.560887
1.576176
1.545666
1.582796
1.589289
1.560027
1.582408
1.577800
1.620712
1.606685
1.555655
1.545827
1.525542
1.580086
1.558534
1.593371
1.514082
1.537354
1.576222
1.569466
1.559988
1.599964
1.539121
1.578942
1.555859
1.577100
1.586195
1.584341
1.568305
1.573890
1.555194
1.585782
1.555263
1.569678
1.567147
1.557116
1.538969
1.572355
1.568929
1.553548
1.616259
1.547404
1.600550
1.586305
1.568013
1.583965
1.535547
1.558189
1.556441
1.535975
1.586351
1.544007
1.536516
1.565660
1.571565
1.567731
1.563556
1.586835
1.514092
1.567559
1.576873
1.551226
1.594000
1.558034
1.549050
1.537983
1.563093
1.526948
1.523985
1.535524
1.553355
1.595948
1.589399
1.574871
1.562038
1.576133
1.571207
1.597674
1.564994
1.589089
1.525363
1.551786
1.578875
1.535401
1.585260
1.562952
1.590275
1.559910
1.519179
1.604661
1.573488
1.582857
1.604083
1.589879
1.555933
1.563678
1.546130
1.594906
1.585824
1.561833
1.577196
1.555323
1.578926
1.606043
1.550854
1.557399
1.576540
1.569813
1.550440
1.551828
1.592239
1.539042
1.576905
1.552915
1.548114
1.532132
1.552947
1.572148
1.516003
1.542093
1.540529
1.584032
1.570570
1.536866
1.557739
1.573937
1.575533
1.546347
1.577980
1.573541
1.577186
1.571791
1.541488
1.568405
1.546536
1.528163
1.550333
1.574757
1.582131
1.565566
1.564590
1.555877
1.592226
1.583855
1.542522
1.580708
1.594668
1.558326
1.546339
1.560544
1.566558
1.551679
1.513454
1.577177
1.501228
1.553107
1.575140
1.589597
1.561104
1.562684
1.595987
1.546079
1.557243
1.584876
1.559014
1.586811
1.586078
1.546439
1.567459
1.533268
1.569200
1.555861
1.594988
1.566399
1.547292
1.554843
1.538658
1.595687
1.539223
1.552036
1.579408
1.565607
1.565359
1.570138
1.519916
1.557686
1.543016
1.523329
1.579850
1.567030
1.564893
1.578087
1.521830
1.554349
1.579283
1.574907
1.553077
1.596900
1.576819
1.570772
1.524602
1.564827
1.540414
1.528296
1.624738
1.554696
1.528440
1.592649
1.546306
1.517846
1.562443
1.562488
1.584930
1.584786
