2.205529
2.208643
2.214862
2.208025
2.196224
2.199528
2.191639
2.178375
2.169667
2.161922
2.149694
2.137126
2.126926
2.112076
2.106651
2.102853
2.093272
2.078646
2.067780
2.040187
2.028862
2.029307
2.009251
1.985684
1.982383
1.954309
1.937681
1.912346
1.892483
1.887563
1.851666
1.837794
1.800032
1.789161
1.763505
1.749719
1.696981
1.626398
1.618627
1.545300
1.508563
1.546651
1.424738
1.390934
1.327087
1.327531
1.230667
1.152466
1.146691
1.058603
0.991794
0.901981
0.860064
0.896521
0.784270
0.790707
0.740022
0.783805
0.689055
0.628511
0.654220
0.677511
0.470340
0.485818
0.590103
0.419222
0.592046
0.495807
0.478851
0.385652
0.351503
0.457183
0.338812
0.443391
0.339778
0.360599
0.343580
0.604573
0.363995
0.421672
0.484239
0.333661
0.314787
0.472491
0.548019
0.331436
1.158382
0.831127
10.578757
10.732272
0.998283
59.105431
61.108437
9.104696
2.618609
2.434542
2.453537
2.483752
2.511290
2.630780
2.581693
2.771080
2.642851
2.566969
2.572791
2.489147
2.540410
2.475699
2.505187
2.452507
2.448346
2.466929
2.484126
2.460876
2.448893
2.475774
2.451879
2.465836
2.412098
2.428926
2.437136
2.470174
2.454543
2.462450
2.441518
2.447023
2.410284
2.443455
2.467215
2.522507
2.531411
2.548815
2.661804
2.742631
2.794100
2.714629
2.432087
2.488604
2.499939
2.588876
2.523815
2.643075
2.773556
2.737545
2.651569
2.661400
2.598737
2.622243
2.438388
2.608390
2.788002
2.701384
2.538655
2.711234
2.675217
2.565994
2.683510
2.512156
2.582854
2.711073
2.595351
2.558311
2.794888
2.660455
2.819946
2.567572
2.680513
2.932009
2.591435
2.639721
2.746941
2.662059
2.843478
2.747507
2.719511
2.603301
2.798529
2.632736
2.807234
2.735752
2.873369
2.866544
2.873188
2.959745
2.927479
2.893608
2.730005
2.872983
3.015327
3.329340
3.239228
3.284988
3.507687
3.622026
3.534306
3.812182
3.722138
3.713506
3.888475
3.925975
4.100988
4.435013
4.808611
5.093921
5.232490
5.869656
4.890436
5.406311
7.013514
7.890848
6.595677
6.951369
7.954543
9.710674
9.379206
9.268785
8.377238
14.164900
11.473550
14.357803
12.371954
16.414078
14.610200
21.192244
16.038828
23.623877
21.762058
34.157902
16.603640
15.915902
26.254730
37.629543
27.675861
35.106560
25.229692
20.307217
26.776306
39.263744
40.575981
32.491585
28.832752
24.885967
23.726290
21.057570
27.656727
26.453270
26.326015
28.452055
28.354328
28.860737
25.626726
30.527243
26.566755
23.288086
20.574308
22.882189
20.846674
25.676884
24.057989
33.528175
36.708683
39.049755
43.114754
52.043446
53.176460
58.190536
59.692177
69.185638
87.595673
74.556534
81.358719
84.503677
84.042564
123.306274
121.549271
153.592636
122.237274
143.640472
150.898682
197.169846
192.057266
169.470932
137.182266
187.854675
241.380585
228.970352
185.906265
233.104599
285.908630
351.028748
320.936707
333.172241
490.189240
452.321136
432.394470
410.243713
622.222900
477.768219
465.103638
476.651794
478.195557
421.729553
488.749115
449.627319
485.706940
542.949951
690.124634
635.012146
675.522644
778.080933
678.445312
818.602112
849.298828
779.200989
948.547546
1306.013550
1197.758545
1526.035034
1722.796997
1883.054688
2696.179688
4056.077148
4471.325684
5602.760254
6686.422852
9571.812500
5410.131348
5388.764160
4727.873535
2573.815918
1959.978516
528.505920
47.212227
3.962008
3.112533
3.117721
3.163074
2.995533
2.929525
2.898281
2.934366
2.845285
2.866007
2.765626
2.786191
2.732272
2.778846
2.668791
2.685694
2.594498
2.618053
2.649043
2.648785
2.704313
2.691433
2.676879
2.622098
2.706165
2.639932
2.781922
2.716251
2.727105
2.687894
2.741597
2.702420
2.721258
2.756469
2.731678
2.775941
2.837982
2.751110
2.861991
2.844655
2.792014
2.945513
2.937951
2.928124
2.739825
2.853027
3.034664
2.912269
3.105724
2.992648
3.077692
3.149358
3.052543
2.970940
2.890988
2.965908
2.913360
3.032761
2.927727
2.893006
2.973900
3.029937
3.090044
3.163985
3.246691
3.286076
3.158145
3.208506
3.177000
3.092204
3.120115
3.127230
3.092789
3.170841
3.245427
3.151571
3.026473
2.969625
2.977429
3.044014
3.032152
3.202683
3.278674
3.504314
3.266954
3.177375
3.347094
3.201672
3.031599
3.031587
3.019493
3.095672
3.179609
3.151169
3.327312
3.440927
3.487071
3.113712
3.023424
3.244030
3.299102
3.191763
3.249232
3.437229
3.541558
3.474247
3.263683
3.572827
3.597232
3.288998
3.297138
3.292840
3.368047
3.355474
3.558687
3.503260
3.834167
3.191392
3.496477
3.553154
3.947686
3.827346
3.693241
4.106267
4.024753
3.756965
3.988800
3.814806
3.588380
3.715904
3.036424
3.681228
3.352741
3.670397
3.518571
4.371760
4.633265
4.322391
5.177743
4.733996
5.470088
5.254847
5.130374
5.132366
5.315905
6.148704
5.595500
5.996137
6.268182
6.633638
7.127763
7.772288
8.174644
7.985915
8.693246
8.596427
8.657933
8.459683
9.096506
8.110401
9.261170
10.935270
11.516854
11.733712
12.915237
12.604020
15.366324
