2.303173
2.297719
2.295893
2.299385
2.291045
2.282080
2.278517
2.251921
2.243361
2.234269
2.192693
2.200344
2.209969
2.128383
2.076669
2.058399
2.060801
2.010843
1.969216
1.928367
1.836395
1.847963
1.832450
1.783742
1.811241
1.770492
1.755061
1.765698
1.696778
1.690282
1.704844
1.677642
1.712538
1.655033
1.661502
1.687428
1.671447
1.720437
1.675357
1.626228
1.642506
1.654533
1.664804
1.657904
1.623752
1.630895
1.620105
1.629273
1.623291
1.602836
1.608107
1.589652
1.618184
1.617745
1.585139
1.592414
1.584600
1.621203
1.569241
1.593426
1.583306
1.569106
1.597067
1.576208
1.587562
1.609775
1.597334
1.558881
1.590324
1.571412
1.572562
1.566864
1.575396
1.553780
1.558663
1.559985
1.568339
1.549643
1.575721
1.555534
1.585019
1.554941
1.541711
1.555864
1.565865
1.540966
1.566159
1.574637
1.585251
1.557306
1.547300
1.544526
1.540371
1.567060
1.550704
1.580562
1.563960
1.529705
1.563067
1.548847
1.557328
1.543014
1.536071
1.538343
1.545678
1.571148
1.552261
1.538245
1.524433
1.545908
1.546639
1.530424
1.542209
1.541579
1.534441
1.535446
1.523975
1.535708
1.553078
1.528800
1.537559
1.548088
1.524241
1.522915
1.510110
1.546612
1.536744
1.525216
1.529823
1.507224
1.519686
1.540631
1.527715
1.544321
1.543869
1.544603
1.532721
1.560581
1.508870
1.540459
1.516383
1.508023
1.519613
1.524525
1.519649
1.545852
1.527629
1.528948
1.537282
1.514693
1.532273
1.515812
1.503500
1.531398
1.518268
1.494442
1.527167
1.519584
1.525673
1.507937
1.526859
1.506775
1.508569
1.504108
1.518996
1.513640
1.522942
1.519229
1.503626
1.508206
1.525076
1.530315
1.536140
1.525445
1.511653
1.525651
1.504269
1.495722
1.525101
1.520989
1.515691
1.525826
1.518478
1.507456
1.518241
1.517559
1.533256
1.520103
1.513503
1.504089
1.544348
1.522571
1.501002
1.498225
1.512433
1.533307
1.513103
1.495394
1.523703
1.527259
1.489930
1.501040
1.521211
1.495412
1.491049
1.517400
1.504697
1.537869
1.518221
1.505613
1.483343
1.503218
1.504254
1.511879
1.489081
1.499792
1.513395
1.529469
1.496632
1.488074
1.515572
1.503698
1.499647
1.509504
1.522106
1.501694
1.508165
1.504634
1.498334
1.514248
1.489050
1.495006
1.527029
1.488919
1.506859
1.493627
1.486352
1.519921
1.509752
1.511367
1.496802
1.523686
1.486019
1.510148
1.504472
1.534686
1.490334
1.518356
1.489692
1.510517
1.497420
1.525941
1.515863
1.494827
1.523624
1.490462
1.499622
1.496160
1.484010
1.496537
1.497605
1.490475
1.516961
1.489067
1.517734
1.478638
1.513171
1.499428
1.491225
1.495724
1.510196
1.494643
1.504348
1.494833
1.488561
1.497725
1.499913
1.497924
1.504887
1.508881
1.500395
1.529253
1.505700
1.491439
1.504514
1.502786
1.495660
1.501086
1.493676
1.496836
1.509668
1.500989
1.504817
1.518376
1.485563
1.493840
1.498479
1.494533
1.487662
1.502052
1.489344
1.495083
1.504346
1.492459
1.498758
1.488465
1.509888
1.493852
1.481478
1.513079
1.507779
1.492003
1.479701
1.482214
1.505103
1.481879
1.502557
1.510538
1.531803
1.494009
1.497959
1.509548
1.500435
1.485757
1.496216
1.490505
1.485273
1.488275
1.492057
1.503560
1.513650
1.486587
1.483618
1.488397
1.492069
1.504930
1.495872
1.488909
1.497816
1.507448
1.484903
1.503015
1.489256
1.489249
1.506403
1.510212
1.499104
1.503420
1.505651
1.483975
1.496795
1.481592
1.503819
1.486169
1.486151
1.480382
1.485981
1.494169
1.503973
1.485374
1.501610
1.493799
1.499383
1.491044
1.497159
1.481539
1.506738
1.494862
1.494132
1.491465
1.479446
1.490375
1.485292
1.484923
1.495976
1.494882
1.489891
1.507087
1.490929
1.512990
1.480158
1.511799
1.493290
1.479474
1.514083
1.492452
1.490390
1.474300
1.471301
1.486154
1.505056
1.514967
1.485483
1.494057
1.504504
1.486334
1.480753
1.506839
1.497162
1.495989
1.498190
1.493510
1.488683
1.487494
1.514336
1.490008
1.489748
1.484323
1.505465
1.488329
1.488231
1.490146
1.501025
1.482670
1.488532
1.478053
1.492023
1.467849
1.482175
1.502823
1.511689
1.491915
1.488538
1.495676
1.497270
1.487297
1.501092
1.492589
1.492662
1.529073
1.477046
1.475625
1.488489
1.486291
1.488875
1.477076
1.476631
1.485684
1.477006
1.494704
1.490052
1.489889
1.473500
1.491258
1.494551
1.472200
1.484874
1.484187
1.484192
1.478199
1.493157
1.516863
1.496836
1.477324
1.495746
1.498811
1.489263
1.473633
1.474813
1.477493
1.490615
1.485459
1.504566
1.478204
1.487565
1.496366
1.493453
1.469097
1.490633
1.506929
1.484517
1.485306
1.515769
1.496848
1.482515
1.477008
1.508519
1.486598
1.502023
1.485583
1.472856
1.488324
1.495593
1.496391
1.481312
1.480875
1.470679
1.499007
1.486938
1.498662
1.492007
1.483350
1.498966
1.477214
1.492871
1.491211
1.500504
1.485333
1.482702
1.485886
