2.305427
2.306773
2.304681
2.301662
2.296619
2.297180
2.282766
2.276886
2.268667
2.280999
2.269689
2.281432
2.276598
2.294853
2.277523
2.293047
2.271505
2.271286
2.277723
2.248706
2.242397
2.234743
2.238947
2.240267
2.223700
2.191664
2.165122
2.147261
2.175106
2.130040
2.113204
2.089301
2.098454
2.070360
2.056974
2.016671
1.978562
2.049027
1.970776
1.961236
1.970112
1.900887
1.891344
1.901756
1.915472
1.892377
1.932307
1.890163
1.933521
1.978108
2.000262
1.918571
1.919103
1.879562
1.817125
1.844173
1.813225
1.792041
1.838740
1.802473
1.839787
1.833388
1.804031
1.814596
1.834905
1.826682
1.818925
1.784710
1.821288
1.750734
1.801401
1.788606
1.750044
1.756822
1.774477
1.722765
1.730302
1.777039
1.763122
1.736644
1.693692
1.741543
1.727626
1.762563
1.769605
1.781376
1.744464
1.729481
1.752419
1.737897
1.696819
1.747985
1.732236
1.791502
1.727529
1.720024
1.701950
1.741481
1.754941
1.780949
1.744322
1.734301
1.764615
1.703726
1.760737
1.775699
1.788742
1.793840
1.782510
1.780879
1.788651
1.813123
1.785484
1.717890
1.786605
1.758621
1.787512
1.724962
1.770723
1.765712
1.756760
1.706403
1.748678
1.716535
1.759268
1.726675
1.734402
1.741375
1.722663
1.703952
1.763108
1.735954
1.705993
1.729295
1.707123
1.713113
1.750646
1.690858
1.718673
1.694206
1.724575
1.689519
1.757290
1.742460
1.731109
1.779628
1.729499
1.728548
1.718030
1.737582
1.701456
1.752316
1.682903
1.692280
1.685457
1.736481
1.766910
1.777197
1.744187
1.746689
1.704952
1.698553
1.751199
1.724406
1.723544
1.706853
1.750107
1.743848
1.778086
1.734476
1.693383
1.707934
1.668553
1.681877
1.707909
1.674423
1.732587
1.753656
1.752721
1.808913
1.753157
1.770717
1.765471
1.740361
1.814908
1.753426
1.724498
1.819557
1.716220
1.716158
1.706057
1.682479
1.728620
1.700148
1.715891
1.669767
1.675302
1.674894
1.697555
1.679358
1.684728
1.677571
1.683731
1.720635
1.697689
1.677708
1.703097
1.735447
1.708631
1.709578
1.676629
1.736434
1.711658
1.653396
1.701148
1.703070
1.763888
1.731789
1.664824
1.715638
1.746339
1.654017
1.717504
1.654432
1.681941
1.696220
1.724737
1.664839
1.667953
1.697217
1.744429
1.701828
1.686261
1.645305
1.715529
1.643507
1.667927
1.677369
1.705630
1.722483
1.656125
1.640437
1.689665
1.707338
1.635322
1.633267
1.657021
1.680945
1.664435
1.664341
1.651610
1.680114
1.692709
1.677539
1.640454
1.712277
1.628480
1.718415
1.715786
1.643476
1.691934
1.687434
1.647058
1.632303
1.667435
1.606582
1.713208
1.725248
1.668594
1.664679
1.648887
1.688058
1.638636
1.655803
1.669384
1.662598
1.636908
1.687872
1.661859
1.615748
1.620503
1.658670
1.640709
1.650283
1.671341
1.640306
1.703647
1.644236
1.646807
1.626889
1.638780
1.630831
1.661729
1.645354
1.691623
1.702397
1.656990
1.699635
1.644951
1.645191
1.648820
1.694910
1.697947
1.681823
1.679017
1.615231
1.678317
1.644754
1.654030
1.653227
1.646961
1.664988
1.617709
1.653060
1.704580
1.666827
1.640448
1.690961
1.644132
1.659763
1.682679
1.616860
1.637458
1.631857
1.641233
1.669943
1.647517
1.664693
1.652676
1.644509
1.667395
1.659032
1.629142
1.649250
1.645142
1.609250
1.642918
1.654755
1.617906
1.619791
1.663947
1.653173
1.632183
1.631305
1.647678
1.628004
1.634343
1.625469
1.665557
1.666618
1.646851
1.667704
1.632407
1.628686
1.616557
1.634579
1.603526
1.677363
1.642278
1.662361
1.678118
1.672397
1.639540
1.657335
1.733900
1.647550
1.602881
1.661679
1.613392
1.643578
1.653150
1.633528
1.643013
1.622785
1.659377
1.611340
1.583355
1.623248
1.628418
1.658761
1.651975
1.588510
1.614214
1.591557
1.589954
1.620291
1.632157
1.625520
1.610595
1.628546
1.613720
1.639221
1.676643
1.685650
1.660471
1.613844
1.650635
1.648551
1.660666
1.606532
1.635374
1.639579
1.629074
1.654459
1.593394
1.656977
1.639389
1.664754
1.633160
1.617780
1.674018
1.633882
1.607773
1.582514
1.653469
1.666622
1.687684
1.584055
1.662501
1.597514
1.648580
1.599604
1.676536
1.587345
1.616037
1.621231
1.663510
1.587435
1.621039
1.670728
1.639079
1.675971
1.622107
1.635915
1.579363
1.635867
1.636066
1.644125
1.621086
1.656330
1.673743
1.665872
1.636860
1.671910
1.639618
1.614857
1.613889
1.596548
1.606256
1.589296
1.616153
1.588129
1.591353
1.609515
1.702811
1.612129
1.598833
1.617142
1.625618
1.627087
1.602737
1.653980
1.582921
1.643668
1.604588
1.638685
1.616114
1.649820
1.595877
1.611756
1.607567
1.666992
1.656711
1.621025
1.632344
1.633181
1.602350
1.642874
1.614405
1.664518
1.628610
1.599452
1.608457
1.624223
1.615124
1.624017
1.663369
1.686893
1.601052
1.588726
1.628827
1.605459
1.624370
1.652347
1.641425
1.621664
1.618864
1.615369
1.632353
1.616305
