2.293089
2.293567
2.282782
2.284527
2.268522
2.283851
2.298810
2.327596
2.343288
2.354816
2.375749
2.393543
2.329824
2.295134
2.307621
2.317168
2.324550
2.336994
2.334729
2.329807
2.324607
2.335895
2.419298
2.803870
2.840097
2.797835
2.755197
2.762933
2.727841
2.808648
2.785213
2.811310
2.804787
2.740526
2.718214
2.764684
2.772123
2.730035
2.692648
2.640478
2.707941
2.688828
2.748430
2.763456
2.695756
2.720539
2.697052
2.759239
2.691601
2.725882
2.701665
2.746594
2.725648
2.697478
2.706529
2.675390
2.747744
2.676441
2.681792
2.679402
2.667587
2.634457
2.604737
2.613643
2.644813
2.504460
2.390545
2.240233
2.081643
2.024558
2.036865
2.010147
2.005993
2.005088
2.006538
2.005476
2.014503
1.991145
1.978863
1.992245
2.001752
2.074250
2.090649
2.132463
2.070032
2.018782
1.992725
1.997064
1.989363
1.975935
1.982674
1.998374
2.001708
2.004604
1.979929
1.990251
1.974278
1.985311
1.944147
1.943656
1.942814
1.926866
1.933459
1.942326
1.930155
1.914946
1.910823
1.943979
1.915747
1.910945
1.947074
1.946741
1.963009
1.915695
1.915398
1.918860
1.900851
1.883218
1.886467
1.871701
1.884905
1.894332
1.900872
1.940965
1.925206
1.920639
1.920384
1.894723
1.861750
1.864585
1.860222
1.867242
1.880673
1.865916
1.849496
1.826412
1.805573
1.818675
1.861874
1.855492
1.867600
1.852029
1.878509
1.833951
1.839486
1.814741
1.788412
1.810950
1.805737
1.788152
1.762231
1.827941
1.746515
1.744168
1.767249
1.794007
1.878932
1.900737
1.855587
1.843805
1.753164
1.794411
1.775111
1.758963
1.764685
1.756111
1.785964
1.823271
1.815201
1.836430
1.814951
1.763658
1.743257
1.760597
1.790213
1.769532
1.775070
1.737450
1.758281
1.782495
1.788489
1.777250
1.763955
1.770534
1.752828
1.774507
1.752124
1.745761
1.730750
1.718210
1.771281
1.758836
1.749545
1.751431
1.756143
1.747126
1.747511
1.754023
1.761667
1.745610
1.755239
1.758350
1.737778
1.784797
1.736885
1.717496
1.729727
1.722597
1.747339
1.741905
1.740757
1.729675
1.725038
1.748255
1.732489
1.722667
1.727611
1.719877
1.717994
1.702219
1.714798
1.727706
1.714121
1.721604
1.718770
1.719235
1.727123
1.711107
1.714075
1.696862
1.727662
1.711723
1.697401
1.704146
1.730484
1.727948
1.721856
1.726116
1.705367
1.715856
1.718444
1.727576
1.730329
1.720273
1.729041
1.721046
1.722384
1.710839
1.740500
1.700521
1.730160
1.726784
1.702970
1.708681
1.727069
1.715760
1.721517
1.745432
1.712432
1.724006
1.711017
1.721859
1.716422
1.706972
1.741643
1.719058
1.742523
1.709178
1.722255
1.731361
1.709685
1.708043
1.666531
1.632698
1.629039
1.642305
1.619263
1.658786
1.654677
1.692464
1.694822
1.702858
1.660992
1.636617
1.634671
1.619394
1.615740
1.643320
1.643527
1.639648
1.645941
1.622388
1.619747
1.629389
1.632880
1.622879
1.609737
1.625657
1.612535
1.611439
1.628148
1.614139
1.602167
1.632191
1.611209
1.627204
1.627659
1.635519
1.670802
1.626399
1.642709
1.648840
1.637449
1.618211
1.593568
1.625064
1.601038
1.618674
1.623547
1.651982
1.611852
1.603466
1.619551
1.598015
1.612224
1.623707
1.624648
1.617907
1.632144
1.615022
1.602412
1.606300
1.614987
1.619482
1.637816
1.604053
1.613891
1.600319
1.639866
1.615010
1.605663
1.612781
1.603913
1.617667
1.605155
1.619435
1.602794
1.608498
1.614797
1.612191
1.624426
1.601298
1.616865
1.604528
1.632416
1.621035
1.605705
1.598162
1.595335
1.611643
1.602557
1.606444
1.604416
1.625881
1.609564
1.628798
1.599543
1.610522
1.600128
1.607484
1.603347
1.622462
1.625460
1.618303
1.599696
1.616623
1.593151
1.599201
1.597611
1.586724
1.615413
1.601334
1.636383
1.600046
1.598388
1.601678
1.604140
1.611879
1.598391
1.590914
1.603716
1.610474
1.624938
1.611853
1.606081
1.610851
1.606568
1.619482
1.622854
1.611935
1.621066
1.607473
1.586895
1.600581
1.608720
1.593055
1.595940
1.625320
1.613754
1.602028
1.605010
1.613384
1.594838
1.605054
1.598162
1.589556
1.613217
1.601254
1.608612
1.587944
1.628658
1.616880
1.624616
1.631693
1.591916
1.581860
1.614184
1.600379
1.604836
1.622268
1.594086
1.599465
1.603700
1.610655
1.601389
1.610149
1.595552
1.585638
1.601084
1.608082
1.604217
1.615161
1.608760
1.609761
1.591123
1.593314
1.607656
1.599615
1.595293
1.601361
1.597896
1.631009
1.592277
1.602818
1.577016
1.602982
1.613985
1.606453
1.602077
1.594851
1.603687
1.604376
1.577137
1.594579
1.591106
1.601966
1.599845
1.600740
1.609101
1.613557
1.604266
1.588339
1.597036
1.591419
1.600913
1.613370
1.587923
1.585274
1.607279
1.595345
1.621741
1.599266
1.603534
1.621667
1.587658
1.595260
1.587350
1.606250
1.604626
1.601565
1.598451
1.613734
1.596942
1.593587
1.597054
1.579941
1.602636
1.597851
1.586972
1.598102
