2.305517
2.307695
2.307392
2.309311
2.307801
2.308600
2.314212
2.310132
2.305215
2.288196
2.275296
2.277711
2.267646
2.239575
2.222606
2.206119
2.211585
2.207475
2.231355
2.191344
2.193478
2.201024
2.153147
2.092103
1.977564
1.885283
1.869393
1.901870
1.888127
1.824949
1.793897
1.783331
1.809021
1.760504
1.752587
1.729101
1.787433
1.730074
1.727728
1.776633
1.700304
1.746632
1.706767
1.690377
1.720897
1.662935
1.690898
1.678612
1.685770
1.711305
1.651410
1.694865
1.656022
1.632268
1.663548
1.646671
1.608964
1.654148
1.630141
1.618922
1.635553
1.614342
1.639197
1.592642
1.647028
1.625103
1.613264
1.579907
1.637301
1.596817
1.602053
1.687524
1.589215
1.633855
1.627050
1.613151
1.607078
1.583748
1.566918
1.624057
1.579223
1.553602
1.560082
1.597047
1.600920
1.619483
1.607406
1.657898
1.626933
1.599000
1.626400
1.596298
1.577672
1.594686
1.587552
1.588403
1.597466
1.614424
1.567928
1.566666
1.582584
1.636382
1.624361
1.596543
1.599116
1.566833
1.607762
1.593410
1.577829
1.539055
1.597120
1.569979
1.581694
1.604705
1.547277
1.545926
1.587502
1.588606
1.597206
1.576420
1.603156
1.568925
1.553818
1.569583
1.535926
1.570056
1.587860
1.565580
1.567150
1.600735
1.577710
1.597708
1.598571
1.599900
1.553054
1.530428
1.614790
1.604560
1.603171
1.537377
1.571565
1.568050
1.571257
1.566226
1.575542
1.581274
1.559159
1.598935
1.554646
1.575282
1.530371
1.596445
1.559223
1.554209
1.589862
1.598584
1.606924
1.592978
1.548073
1.551175
1.575611
1.538159
1.542770
1.555848
1.540330
1.552549
1.526276
1.540403
1.578274
1.591726
1.578646
1.546909
1.572940
1.593000
1.541901
1.536806
1.575229
1.582504
1.552924
1.587827
1.556390
1.528866
1.543871
1.528162
1.557040
1.519807
1.604601
1.563564
1.524012
1.556117
1.582695
1.587169
1.572529
1.560927
1.546916
1.543562
1.560511
1.569091
1.555889
1.531237
1.542692
1.539214
1.589320
1.533405
1.559809
1.543519
1.558624
1.519745
1.550945
1.583115
1.554623
1.561058
1.544953
1.562547
1.523302
1.535976
1.556906
1.562764
1.536993
1.489568
1.533875
1.514409
1.522157
1.546601
1.533446
1.560400
1.522999
1.518884
1.574422
1.588061
1.528519
1.585997
1.558055
1.587256
1.526090
1.526935
1.545856
1.565866
1.540223
1.542207
1.521498
1.510703
1.521973
1.527694
1.573733
1.524145
1.566725
1.502154
1.542473
1.549059
1.523459
1.502812
1.512275
1.542114
1.560551
1.540226
1.541128
1.515599
1.536533
1.528580
1.529969
1.526039
1.519813
1.511242
1.524586
1.525524
1.533341
1.562183
1.540696
1.540231
1.507069
1.549219
1.505613
1.571203
1.527897
1.550301
1.533692
1.555412
1.540930
1.517711
1.520346
1.536876
1.519749
1.514452
1.518083
1.523600
1.521949
1.508363
1.517081
1.508567
1.523609
1.534854
1.527538
1.549359
1.543568
1.509954
1.537964
1.541253
1.522918
1.541542
1.517327
1.507463
1.530877
1.522653
1.529853
1.522508
1.530757
1.529349
1.503620
1.503284
1.508823
1.543835
1.514059
1.550295
1.498253
1.547896
1.539091
1.502877
1.515246
1.546419
1.505531
1.515695
1.537731
1.555855
1.525890
1.563473
1.532561
1.494473
1.508312
1.495853
1.525735
1.529285
1.523634
1.544060
1.507327
1.526186
1.505954
1.576180
1.511538
1.509481
1.505091
1.529180
1.549976
1.513721
1.515187
1.520085
1.514006
1.515812
1.542623
1.515583
1.543082
1.522695
1.514545
1.535027
1.532304
1.526562
1.543550
1.542069
1.525952
1.527335
1.515444
1.504719
1.494252
1.507203
1.522191
1.494644
1.524675
1.506896
1.508998
1.488442
1.514062
1.492236
1.523734
1.515370
1.509093
1.519862
1.511938
1.495708
1.545202
1.482219
1.521627
1.527159
1.508190
1.510531
1.507526
1.521356
1.526493
1.515839
1.500789
1.512885
1.489243
1.533810
1.513009
1.491190
1.522131
1.507402
1.499151
1.527339
1.510543
1.519697
1.496840
1.526952
1.527176
1.528245
1.537795
1.500389
1.521545
1.523951
1.524811
1.527249
1.497978
1.512509
1.525906
1.502303
1.503200
1.508297
1.514978
1.481813
1.502217
1.515429
1.521152
1.508496
1.531409
1.501155
1.517790
1.516788
1.492001
1.524304
1.537728
1.507274
1.519467
1.519583
1.505063
1.512408
1.509089
1.514460
1.496416
1.485077
1.504437
1.499856
1.501923
1.498430
1.506260
1.501114
1.534445
1.502644
1.505392
1.527333
1.524101
1.543665
1.503560
1.520014
1.523823
1.510005
1.512365
1.514928
1.517222
1.522824
1.515400
1.493356
1.493785
1.490153
1.505084
1.516587
1.509221
1.515972
1.535087
1.521586
1.503309
1.526194
1.512242
1.501188
1.499065
1.518834
1.524891
1.509752
1.520109
1.536639
1.495526
1.510053
1.494375
1.493698
1.484908
1.501969
1.518134
1.513803
1.488965
1.493935
1.492744
1.497229
1.503684
1.503693
1.511280
1.498945
1.497213
1.494066
1.514529
1.521660
1.508824
1.526406
