2.305758
2.307923
2.316515
2.319102
2.321426
2.328162
2.352351
2.379565
2.369226
2.373275
2.358199
2.335510
2.276922
2.202283
2.215912
2.185548
2.173212
2.184306
2.212187
2.231911
2.082591
2.146200
2.201565
2.152285
2.095878
2.063646
2.045760
2.082612
2.142581
2.137131
2.139443
2.125400
2.091969
2.094776
2.071709
2.108301
2.156186
2.229760
2.370324
2.337798
2.230998
2.215237
2.202212
2.209284
2.217132
2.392491
2.717231
2.851383
2.828567
2.645577
2.735584
2.893146
2.871523
2.864060
2.891038
2.822278
2.665235
2.392294
2.179942
2.114021
2.094828
2.081281
2.063024
2.041012
2.025897
2.023440
1.998340
1.983870
1.982314
1.986531
1.967665
1.991625
1.984548
1.998654
1.999704
2.026286
2.009987
2.008514
2.000231
2.013046
1.998845
1.976466
1.950147
1.943473
1.945662
1.916187
1.904023
1.931320
1.902310
1.912064
1.933705
1.918218
1.926278
1.910694
1.926797
1.876908
1.869037
1.902874
1.889247
1.935412
1.968067
2.026777
2.022298
2.035516
2.001255
1.973793
1.939235
1.955154
1.950061
1.938336
1.947120
1.939942
1.911526
1.912216
1.886747
1.904891
1.886399
1.900629
1.904091
1.917225
1.959415
1.917534
1.933488
1.934512
1.958387
1.988957
2.006755
2.020108
2.014265
2.014966
1.987742
1.979871
1.950890
1.954318
1.928084
1.918199
1.920611
1.898303
1.891518
1.897975
1.896752
1.907318
1.885495
1.911257
1.896729
1.930868
1.924885
1.910056
1.904019
1.910576
1.906365
1.950204
1.941057
1.903966
1.890426
1.882785
1.866339
1.856097
1.837458
1.825300
1.819397
1.824595
1.817564
1.808057
1.816936
1.826043
1.843732
1.805689
1.816717
1.819397
1.807006
1.824657
1.825351
1.807112
1.806805
1.812169
1.798018
1.820769
1.847183
1.837829
1.820513
1.812586
1.830007
1.799374
1.819708
1.798277
1.797099
1.806547
1.840144
1.820505
1.803460
1.794502
1.808236
1.783591
1.830768
1.822764
1.806393
1.809159
1.816607
1.795098
1.828334
1.789406
1.779817
1.785917
1.804620
1.790673
1.814368
1.810735
1.802566
1.807164
1.782410
1.790194
1.805963
1.789974
1.824029
1.797031
1.804267
1.795483
1.798337
1.795105
1.809921
1.805668
1.826393
1.773007
1.788196
1.789189
1.796323
1.828440
1.774025
1.780091
1.791378
1.801355
1.791239
1.782117
1.784246
1.782487
1.790307
1.792486
1.785370
1.780088
1.775901
1.751579
1.749363
1.755522
1.736673
1.751292
1.736335
1.712681
1.690175
1.657210
1.649126
1.649569
1.652835
1.655942
1.645898
1.661110
1.665701
1.657844
1.675852
1.687175
1.721201
1.748016
1.785344
1.790856
1.767964
1.732808
1.722871
1.724588
1.700982
1.711164
1.725914
1.700644
1.665014
1.690347
1.678299
1.666397
1.669009
1.681692
1.642136
1.651554
1.636707
1.613602
1.628001
1.622949
1.644840
1.662928
1.663056
1.688539
1.660808
1.663494
1.653212
1.632479
1.623970
1.642989
1.654530
1.646295
1.673434
1.642716
1.680714
1.664434
1.669433
1.714157
1.671214
1.687774
1.679625
1.697460
1.700049
1.692955
1.680219
1.691681
1.705411
1.722812
1.707108
1.695560
1.676581
1.676187
1.665757
1.668629
1.637148
1.668966
1.657023
1.659468
1.669665
1.669224
1.648134
1.649629
1.657322
1.673867
1.647876
1.641062
1.663129
1.674629
1.635822
1.651387
1.637737
1.649708
1.631070
1.648869
1.643682
1.618051
1.639384
1.638207
1.630635
1.632862
1.643499
1.624895
1.611599
1.622665
1.619407
1.634343
1.638256
1.624893
1.622911
1.630255
1.634620
1.622269
1.610161
1.631275
1.624520
1.629622
1.620111
1.623900
1.607937
1.644708
1.627198
1.631322
1.609942
1.628858
1.634889
1.639594
1.615553
1.625513
1.642912
1.616919
1.615552
1.611886
1.636219
1.615470
1.625278
1.621181
1.613745
1.613582
1.604045
1.612887
1.613963
1.622486
1.623994
1.618155
1.610815
1.609306
1.651143
1.623897
1.606460
1.612104
1.619368
1.617112
1.619607
1.618998
1.594858
1.609156
1.608435
1.626350
1.594901
1.612086
1.618427
1.623467
1.651112
1.606729
1.612846
1.617281
1.605327
1.623411
1.615697
1.630186
1.595612
1.639075
1.616426
1.618985
1.622919
1.606792
1.604674
1.608850
1.598009
1.615859
1.600369
1.630290
1.605426
1.595917
1.624362
1.634507
1.609852
1.614664
1.603255
1.627259
1.612275
1.599730
1.608373
1.594028
1.614919
1.602921
1.598742
1.613267
1.611769
1.592808
1.607911
1.615232
1.607924
1.591028
1.612852
1.610985
1.592871
1.605332
1.607115
1.608727
1.614808
1.647439
1.603202
1.605683
1.599930
1.587618
1.595723
1.610881
1.607709
1.597512
1.597693
1.600448
1.594797
1.596382
1.591925
1.601172
1.593894
1.605127
1.606732
1.621170
1.595939
1.613201
1.609743
1.596738
1.603069
1.601947
1.616951
1.605972
1.617214
1.605620
1.614330
1.609513
1.595714
1.591016
1.594397
1.587397
1.600467
1.603497
1.606537
1.582049
1.601831
1.586389
1.595145
1.594423
1.589947
1.578472
