2.302457
2.294804
2.296111
2.266464
2.278141
2.256990
2.239625
2.238999
2.113689
2.165883
2.133994
2.108145
2.119723
2.023024
2.004125
1.908541
1.945967
1.924361
1.841554
1.813672
1.789627
1.820037
1.776652
1.738398
1.806818
1.773962
1.776796
1.798833
1.796284
1.688673
1.693488
1.751281
1.754996
1.701180
1.740807
1.741001
1.744583
1.627027
1.750670
1.671907
1.691379
1.729918
1.713727
1.729264
1.698348
1.749821
1.719964
1.661100
1.686584
1.680328
1.720303
1.651602
1.659301
1.687750
1.694563
1.642628
1.744203
1.648002
1.696128
1.670764
1.720781
1.631244
1.677107
1.760584
1.721872
1.662110
1.687749
1.668832
1.700651
1.613234
1.637985
1.673245
1.690189
1.669455
1.710865
1.682453
1.684674
1.714332
1.669325
1.675718
1.614138
1.598906
1.617992
1.663810
1.611647
1.616327
1.619446
1.589646
1.602715
1.650125
1.615562
1.572111
1.593766
1.631348
1.612532
1.605786
1.613404
1.567428
1.615613
1.603257
1.634712
1.614714
1.626751
1.625435
1.588290
1.572475
1.589650
1.576749
1.572669
1.565965
1.575165
1.569425
1.564137
1.604340
1.551404
1.598086
1.598179
1.549904
1.558929
1.615577
1.564720
1.591917
1.622344
1.585622
1.647646
1.580166
1.567876
1.550207
1.619366
1.580767
1.550905
1.596609
1.601001
1.560747
1.593706
1.571303
1.590532
1.524066
1.576845
1.604483
1.531002
1.531573
1.538411
1.566835
1.571282
1.615315
1.577514
1.591440
1.575584
1.616419
1.601152
1.566864
1.556857
1.559952
1.550315
1.591637
1.606613
1.599718
1.528949
1.561051
1.595376
1.583004
1.597354
1.566286
1.575899
1.577667
1.591468
1.566933
1.582999
1.572276
1.570079
1.569449
1.560902
1.586262
1.566768
1.555240
1.586915
1.557784
1.545902
1.544768
1.584066
1.569629
1.591646
1.568203
1.571868
1.573928
1.616104
1.547323
1.514527
1.531282
1.558448
1.547586
1.542425
1.569850
1.547108
1.526431
1.567298
1.587316
1.586712
1.577926
1.557073
1.561034
1.623756
1.554210
1.608597
1.545711
1.609116
1.569220
1.543052
1.587823
1.574790
1.524245
1.568727
1.588487
1.574611
1.540365
1.567060
1.568241
1.546652
1.560903
1.579328
1.564349
1.577580
1.571799
1.531364
1.559299
1.563956
1.588577
1.572851
1.573939
1.590322
1.544999
1.543411
1.572692
1.579362
1.541049
1.567773
1.573709
1.546467
1.530895
1.527604
1.553959
1.577264
1.521434
1.564360
1.603806
1.551640
1.569471
1.546065
1.558702
1.572370
1.532994
1.594330
1.552603
1.569036
1.587424
1.542503
1.571644
1.541936
1.568735
1.569516
1.579399
1.564281
1.599183
1.559011
1.541656
1.600239
1.570015
1.546311
1.517395
1.519821
1.555569
1.526185
1.589870
1.571476
1.538784
1.551159
1.550696
1.592498
1.547617
1.570147
1.563896
1.567646
1.570474
1.565545
1.567182
1.560974
1.543301
1.546245
1.562080
1.570455
1.531260
1.578386
1.603123
1.554939
1.576208
1.550050
1.549540
1.557119
1.526171
1.533876
1.600160
1.576676
1.548557
1.538666
1.583372
1.563123
1.582563
1.600327
1.567534
1.554424
1.568576
1.537447
1.551707
1.572003
1.522098
1.565467
1.578076
1.568340
1.553285
1.538224
1.569343
1.578666
1.549989
1.541513
1.519239
1.564735
1.533264
1.527130
1.580881
1.584695
1.542450
1.571192
1.555445
1.514391
1.580279
1.519983
1.576816
1.539640
1.536974
1.570381
1.563493
1.572776
1.576479
1.549053
1.577555
1.523441
1.550004
1.555747
1.562079
1.540497
1.535939
1.577278
1.567415
1.568494
1.573806
1.548234
1.548251
1.550380
1.553633
1.595210
1.535069
1.575231
1.584251
1.545498
1.556576
1.609044
1.517309
1.541621
1.559694
1.589090
1.539442
1.578429
1.582583
1.566531
1.529902
1.554661
1.555875
1.558410
1.534055
1.533000
1.568798
1.538085
1.526599
1.558963
1.531349
1.564812
1.562287
1.558822
1.569026
1.553576
1.556046
1.560982
1.518000
1.558422
1.564024
1.569283
1.567182
1.556922
1.591331
1.555268
1.544005
1.562925
1.551517
1.514740
1.536767
1.580738
1.548229
1.523965
1.569878
1.577716
1.580361
1.578271
1.563123
1.550200
1.555649
1.560006
1.580791
1.570067
1.561690
1.531360
1.530650
1.554459
1.617390
1.568773
1.540211
1.567554
1.549500
1.558920
1.539368
1.540571
1.542642
1.532023
1.530835
1.562290
1.562117
1.577519
1.545843
1.572906
1.515670
1.565449
1.555111
1.573643
1.546620
1.561300
1.551935
1.580020
1.549341
1.529168
1.562621
1.571965
1.552269
1.555573
1.565509
1.560166
1.559884
1.546999
1.566965
1.547934
1.562405
1.563633
1.532421
1.551181
1.543332
1.551681
1.609354
1.565225
1.555175
1.504235
1.569734
1.568774
1.537512
1.575027
1.536936
1.566396
1.521859
1.521500
1.576846
1.536939
1.538730
1.575777
1.526622
1.616277
1.518763
1.567801
1.579262
1.539098
1.482937
1.591763
1.539968
1.571642
1.553604
1.572292
1.521635
1.545200
1.535063
1.552978
1.576244
1.573871
1.544265
