2.318539
2.271013
2.322827
2.297443
2.298186
2.311624
2.321581
2.293136
2.260236
2.280733
2.279146
2.367871
2.418533
2.264992
2.189750
2.061498
1.825860
1.910975
2.403408
2.565237
2.339106
2.665116
2.637778
2.620224
2.493500
2.261011
1.947802
1.748488
1.779828
1.790786
1.819385
1.973194
2.009267
1.910712
1.819862
1.761099
1.714822
1.739914
1.756562
1.748762
1.795767
1.818321
1.852933
1.842725
1.799219
1.808027
1.769499
1.798136
1.876032
1.843898
1.858818
1.870392
1.856116
1.822951
1.813072
1.748252
1.751859
1.721943
1.714559
1.838456
1.960733
1.945556
1.827959
1.855693
1.933299
1.982967
2.000589
1.972158
2.002466
2.080637
2.284482
2.381298
2.460191
2.255266
1.972111
1.974472
1.763393
1.860411
1.776758
1.748021
1.629337
1.674222
1.678416
1.620300
1.709667
1.623060
1.672993
1.651824
1.676715
1.715490
1.735474
1.695308
1.734865
1.768298
1.706942
1.767291
1.742155
1.756024
1.676718
1.683362
1.652982
1.625060
1.660896
1.696255
1.700510
1.724045
1.713941
1.722950
1.682724
1.727879
1.687431
1.616048
1.673940
1.657045
1.659542
1.648404
1.682096
1.669653
1.668900
1.704573
1.645922
1.619761
1.620914
1.568071
1.656645
1.601995
1.578734
1.608594
1.625844
1.609913
1.640808
1.639529
1.609190
1.600327
1.614566
1.659070
1.682429
1.659401
1.634210
1.635682
1.660199
1.640176
1.637037
1.599997
1.628747
1.651978
1.608689
1.603956
1.587503
1.576822
1.590292
1.567236
1.614960
1.581218
1.665791
1.616674
1.628978
1.614325
1.611469
1.609120
1.583866
1.543205
1.557802
1.574526
1.618660
1.616640
1.606257
1.649674
1.606529
1.615589
1.626952
1.603264
1.613765
1.625867
1.631960
1.637721
1.659338
1.679764
1.625103
1.622663
1.610698
1.662147
1.636009
1.633926
1.577262
1.635342
1.606794
1.664606
1.623332
1.615154
1.554562
1.579558
1.592279
1.606611
1.622887
1.614580
1.604387
1.609313
1.632214
1.632470
1.601699
1.586258
1.601316
1.592182
1.609549
1.633319
1.627834
1.591903
1.587244
1.595979
1.585196
1.660803
1.626871
1.617696
1.593625
1.602041
1.690050
1.699279
1.587893
1.626505
1.611678
1.593667
1.605394
1.584545
1.616855
1.595253
1.609641
1.643330
1.594467
1.575044
1.600154
1.611642
1.662793
1.620886
1.612453
1.616186
1.622268
1.628760
1.582616
1.596255
1.586434
1.574371
1.576863
1.569748
1.569928
1.565211
1.618018
1.590390
1.612027
1.554814
1.563788
1.577163
1.610280
1.619853
1.643030
1.666281
1.600616
1.581041
1.603773
1.604475
1.603494
1.566456
1.632793
1.572621
1.605204
1.551603
1.593112
1.586515
1.605849
1.617424
1.625932
1.601944
1.590933
1.576883
1.581494
1.585140
1.601926
1.597892
1.573565
1.572231
1.583458
1.625383
1.615771
1.569717
1.612975
1.539652
1.564029
1.618759
1.571543
1.604725
1.564240
1.608314
1.645709
1.573513
1.587521
1.569855
1.567277
1.621972
1.574196
1.628097
1.597451
1.600623
1.578576
1.610502
1.595106
1.560722
1.607283
1.587952
1.615927
1.559183
1.548486
1.575446
1.539363
1.589375
1.606662
1.604898
1.610887
1.597142
1.549266
1.593927
1.596844
1.537315
1.632838
1.617593
1.605600
1.608974
1.565795
1.545793
1.558643
1.570549
1.591120
1.607985
1.577178
1.561404
1.553282
1.559950
1.605155
1.594861
1.600217
1.569449
1.614068
1.534299
1.548080
1.543503
1.571990
1.552408
1.595053
1.577205
1.591592
1.637395
1.619978
1.583942
1.651029
1.538424
1.557796
1.591393
1.583202
1.563003
1.607377
1.612031
1.581909
1.571187
1.570263
1.556265
1.549898
1.539434
1.530954
1.610929
1.596202
1.603437
1.542184
1.575773
1.588394
1.570987
1.568838
1.535656
1.576175
1.581541
1.541411
1.625868
1.563624
1.556594
1.578845
1.578601
1.573698
1.588790
1.522776
1.535059
1.556228
1.633899
1.585706
1.596116
1.585430
1.535738
1.570211
1.590043
1.608450
1.528612
1.597915
1.642423
1.561227
1.559234
1.580928
1.584774
1.552172
1.566542
1.589167
1.597165
1.577804
1.651062
1.641850
1.597327
1.582234
1.544927
1.573120
1.614564
1.653877
1.535281
1.543033
1.559047
1.606140
1.586135
1.635145
1.628302
1.604749
1.681646
1.671462
1.654010
1.693393
1.656722
1.630001
1.680492
1.633042
1.620284
1.609362
1.592858
1.599918
1.594762
1.582969
1.550525
1.525798
1.520111
1.500760
1.515758
1.546507
1.547549
1.556217
1.549233
1.592212
1.580976
1.604402
1.695814
1.656606
1.689547
1.637979
1.623889
1.584758
1.571693
1.591661
1.564097
1.569713
1.536835
1.553357
1.527940
1.519458
1.511485
1.514364
1.500511
1.510530
1.539599
1.564006
1.550370
1.552449
1.555399
1.596041
1.615544
1.590990
1.549366
1.641851
1.646875
1.649822
1.587305
1.655988
1.621701
1.637932
1.627057
1.689546
1.678806
1.622576
1.621723
1.617694
1.634802
1.632756
1.598262
1.622244
1.581230
1.583339
1.594618
1.594966
1.622022
