2.305269
2.298317
2.296084
2.290670
2.290263
2.270691
2.246465
2.243984
2.235968
2.200824
2.203957
2.170381
2.142604
2.106382
2.049843
2.007306
1.974058
1.875904
1.853690
1.845988
1.818517
1.801757
1.789932
1.729794
1.726859
1.705030
1.720688
1.692788
1.718794
1.698252
1.649426
1.659476
1.685082
1.653283
1.665253
1.649189
1.627118
1.635652
1.639324
1.624868
1.608346
1.642064
1.639190
1.614174
1.604434
1.605367
1.584024
1.582363
1.610909
1.598256
1.557427
1.544499
1.581656
1.629901
1.575687
1.615903
1.587056
1.564852
1.575642
1.570968
1.612496
1.579160
1.553322
1.590243
1.611866
1.596187
1.567500
1.567852
1.548736
1.588817
1.571540
1.579886
1.538566
1.566158
1.550611
1.552231
1.595291
1.575681
1.558547
1.557359
1.579229
1.529755
1.558461
1.533745
1.539129
1.581358
1.551843
1.556741
1.550257
1.559132
1.585162
1.560148
1.562571
1.526537
1.549883
1.548098
1.527551
1.554269
1.573124
1.535745
1.536070
1.527367
1.554654
1.555077
1.535991
1.574846
1.565531
1.544309
1.558199
1.546981
1.550061
1.563197
1.553551
1.570640
1.530136
1.531018
1.520233
1.556875
1.560400
1.554793
1.551368
1.526063
1.531799
1.530440
1.515117
1.565099
1.547726
1.542391
1.537854
1.551234
1.539515
1.564165
1.523985
1.554104
1.546935
1.521483
1.550598
1.564840
1.525398
1.551431
1.510846
1.534033
1.532546
1.540304
1.528322
1.530710
1.534980
1.529992
1.541712
1.532662
1.540397
1.510928
1.535952
1.524931
1.524493
1.532959
1.514717
1.527910
1.520670
1.529140
1.521806
1.547077
1.543744
1.500788
1.534175
1.507983
1.518105
1.530910
1.516302
1.546715
1.528154
1.541014
1.533012
1.544351
1.547769
1.527676
1.528641
1.509450
1.529221
1.501964
1.525636
1.524255
1.524248
1.520652
1.539403
1.512680
1.536386
1.500457
1.516793
1.548804
1.534696
1.517350
1.513381
1.524030
1.519015
1.520115
1.529058
1.517783
1.514029
1.528566
1.513903
1.501817
1.513383
1.527662
1.516450
1.500702
1.522843
1.522993
1.514142
1.517307
1.528656
1.506944
1.515422
1.512749
1.537428
1.522201
1.503631
1.496495
1.518834
1.498747
1.519965
1.515743
1.517234
1.517366
1.515953
1.526169
1.529678
1.487189
1.523631
1.522344
1.519967
1.504905
1.518541
1.497830
1.526499
1.512106
1.516732
1.533910
1.522963
1.512973
1.510997
1.499239
1.518857
1.511602
1.512443
1.496054
1.515983
1.517199
1.508720
1.496364
1.495878
1.508447
1.497093
1.486285
1.491746
1.516204
1.516584
1.498903
1.525301
1.533472
1.507784
1.490069
1.499594
1.488827
1.509684
1.531404
1.516400
1.504029
1.491866
1.525342
1.493651
1.500274
1.513986
1.493274
1.505031
1.486280
1.489820
1.477959
1.496348
1.529025
1.491068
1.486735
1.503550
1.530395
1.502608
1.513085
1.508642
1.491940
1.533113
1.505827
1.502471
1.506934
1.497741
1.508057
1.520783
1.505446
1.520975
1.503953
1.535010
1.506925
1.503110
1.491461
1.508954
1.528795
1.513142
1.508082
1.495504
1.504095
1.513935
1.529853
1.522089
1.513536
1.503327
1.481893
1.503372
1.498080
1.504716
1.514045
1.493129
1.493078
1.500381
1.503924
1.506494
1.490518
1.508794
1.503604
1.485875
1.511162
1.485379
1.528780
1.497080
1.515214
1.499571
1.493866
1.485735
1.495489
1.507027
1.495167
1.492506
1.498367
1.498378
1.498389
1.488531
1.503846
1.492095
1.504965
1.508993
1.505092
1.520675
1.495802
1.503234
1.489776
1.498029
1.502087
1.490553
1.484377
1.530469
1.510308
1.504809
1.500633
1.509434
1.507343
1.485838
1.487653
1.505307
1.497245
1.490201
1.507540
1.510792
1.499635
1.479351
1.530932
1.508460
1.499584
1.484426
1.489033
1.489984
1.487826
1.491577
1.482181
1.501075
1.501431
1.497522
1.496383
1.489378
1.493384
1.494850
1.499579
1.491651
1.496662
1.481587
1.498259
1.504265
1.479540
1.510048
1.480395
1.510859
1.490438
1.508285
1.507465
1.480111
1.526360
1.507952
1.515132
1.485125
1.494655
1.486812
1.492915
1.482911
1.480873
1.503287
1.504858
1.510616
1.481278
1.494634
1.509456
1.481042
1.494851
1.504911
1.512866
1.496048
1.500199
1.490912
1.501910
1.484275
1.497717
1.480285
1.495430
1.522428
1.484063
1.492124
1.490804
1.484728
1.505105
1.508202
1.488423
1.522469
1.502527
1.510516
1.498963
1.481733
1.497223
1.493769
1.481278
1.506406
1.488119
1.490587
1.493464
1.480560
1.477944
1.494171
1.482639
1.494633
1.514159
1.479041
1.487032
1.484211
1.476843
1.500015
1.473531
1.486664
1.493544
1.490746
1.488254
1.499073
1.484544
1.505581
1.484698
1.518813
1.481376
1.486954
1.481398
1.495938
1.486430
1.515876
1.505069
1.497775
1.482843
1.497095
1.510201
1.500235
1.483132
1.512012
1.487548
1.503093
1.482502
1.495473
1.486287
1.491973
1.505971
1.474767
1.494297
1.489366
1.501453
1.481411
1.513370
1.492411
1.499084
1.484961
1.499573
