2.295801
2.291837
2.284656
2.279761
2.321516
2.307231
2.243500
2.260636
2.263159
2.255600
2.256397
2.242131
2.223396
2.237851
2.191076
2.214103
2.199913
2.168509
2.206448
2.123531
2.113142
2.157242
2.107302
2.119560
2.101404
2.082718
2.054971
2.080270
2.039774
2.059593
2.063445
1.996812
2.011171
1.937178
1.927925
1.935433
1.917780
1.910865
1.871148
1.846964
1.852053
1.765110
1.694988
1.798585
1.818419
1.698917
1.703746
1.687296
1.599672
1.657284
1.626293
1.564400
1.607877
1.567989
1.494582
1.501406
1.538545
1.527391
1.382036
1.334062
1.348874
1.381667
1.268873
1.209449
1.201836
1.157683
1.262918
1.270969
1.249106
1.112756
1.106710
1.267249
1.021029
1.140777
1.092738
0.931160
1.017922
1.094967
1.013153
1.027355
0.944640
1.015464
0.919914
0.966109
0.879525
0.870059
0.809506
0.970439
0.880937
0.901978
0.782966
0.877702
0.823249
0.935087
0.884053
0.863275
0.772721
0.776965
0.762763
0.929039
0.619771
0.791137
0.782814
0.792244
0.726620
0.723998
0.724243
0.754602
0.789082
0.645706
0.683419
0.745520
0.651305
0.505863
0.550590
0.712890
0.747798
0.644910
0.815047
0.656494
0.665299
0.612792
0.604697
0.602351
0.653599
0.667140
0.659645
0.517229
0.689018
0.703210
0.629268
0.608745
0.683386
0.617469
0.572148
0.630045
0.640152
0.619789
0.579320
0.688690
0.499492
0.765141
0.604012
0.576062
0.561357
0.614135
0.637816
0.445581
0.555818
0.472374
0.406855
0.601388
0.566916
0.467001
0.600460
0.476243
0.662347
0.481510
0.608262
0.559743
0.555978
0.560772
0.610504
0.589215
0.562379
0.610752
0.578008
0.476885
0.421061
0.551576
0.517386
0.526582
0.487595
0.494134
0.433498
0.575514
0.397874
0.463692
0.526777
0.465024
0.475664
0.551768
0.600699
0.465808
0.430918
0.506426
0.489940
0.425640
0.562534
0.747411
0.481821
0.455349
0.638637
0.472604
0.497123
0.499790
0.363691
0.484957
0.477015
0.408286
0.443515
0.410327
0.450537
0.444842
0.441135
0.677073
0.475610
0.519113
0.477207
0.519393
0.421749
0.399021
0.480413
0.484418
0.604457
0.394681
0.333830
0.477130
0.425372
0.493883
0.374370
0.348598
0.473444
0.407866
0.419601
0.464388
0.580908
0.412137
0.477319
0.377713
0.370339
0.506075
0.412387
0.389665
0.439841
0.601464
0.707138
0.429114
0.542068
0.352588
0.515366
0.365157
0.309628
0.347252
0.467738
0.385585
0.476053
0.426227
0.367347
0.543533
0.396487
0.557524
0.532946
0.454129
0.336816
0.376243
0.407562
0.402542
0.335640
0.379252
0.391816
0.429015
0.532381
0.332231
0.297583
0.489543
0.302088
0.388927
0.470756
0.325036
0.402158
0.271321
0.559487
0.431687
0.444158
0.420498
0.434424
0.418913
0.420773
0.294762
0.401774
0.351701
0.505828
0.402425
0.390653
0.454547
0.379336
0.309652
0.512316
0.524837
0.350112
0.349733
0.409110
0.376410
0.384382
0.364429
0.359319
0.383991
0.444048
0.409131
0.426012
0.436204
0.336745
0.489542
0.496343
0.236209
0.390128
0.369081
0.391850
0.429838
0.269510
0.350919
0.460965
0.364174
0.302056
0.489859
0.365505
0.366711
0.354323
0.524649
0.351920
0.328022
0.305289
0.462382
0.502320
0.387292
0.311185
0.359535
0.376426
0.322282
0.403463
0.314793
0.464770
0.378834
0.347457
0.353337
0.284697
0.390732
0.444008
0.300294
0.428176
0.384907
0.351515
0.438769
0.377821
0.401233
0.340319
0.276244
0.210533
0.438192
0.340691
0.522274
0.340926
0.451205
0.387502
0.390943
0.342400
0.454694
0.353237
0.347000
0.394570
0.345865
0.397464
0.223051
0.286997
0.406702
0.386687
0.262871
0.359735
0.301501
0.319292
0.320921
0.353691
0.384118
0.386143
0.182573
0.326486
0.441620
0.293340
0.285068
0.360973
0.246137
0.421409
0.536342
0.323315
0.366000
0.244789
0.362634
0.445382
0.286834
0.351198
0.301465
0.338729
0.511377
0.273902
0.328380
0.376117
0.329903
0.272691
0.319274
0.250897
0.386313
0.304524
0.306167
0.246294
0.422826
0.280809
0.320610
0.381872
0.336573
0.318969
0.275751
0.321418
0.265394
0.380247
0.404504
0.295375
0.388146
0.368998
0.223074
0.314798
0.264081
0.370330
0.310404
0.344849
0.240777
0.306838
0.348322
0.342591
0.333842
0.283195
0.360426
0.208345
0.370075
0.523085
0.339858
0.266224
0.379542
0.358516
0.435112
0.354081
0.404264
0.276257
0.240991
0.217138
0.407330
0.349272
0.359000
0.432125
0.235041
0.316093
0.252869
0.265442
0.377836
0.267162
0.409389
0.255453
0.235295
0.370349
0.383851
0.493741
0.416753
0.379268
0.382295
0.323124
0.276709
0.268754
0.364722
0.383721
0.228330
0.284363
0.287068
0.197648
0.341965
0.237907
0.305155
0.332731
0.199528
0.237001
0.208893
0.300303
0.362207
0.395849
0.398473
0.307865
0.375781
0.233347
0.323536
0.174973
0.326720
0.287088
0.293794
0.278555
0.340083
0.359607
0.358362
0.252803
0.236081
0.369981
0.427671
