2.297986
2.300158
2.297088
2.299570
2.295357
2.293145
2.269895
2.264134
2.241932
2.231168
2.222523
2.231037
2.245221
2.242415
2.239246
2.204646
2.208029
2.198036
2.103597
2.033364
2.054833
2.054348
2.100974
2.110274
2.064949
1.971696
1.913271
1.898697
1.863146
1.856353
1.904811
1.871011
1.836891
1.818200
1.769539
1.751494
1.756215
1.717128
1.720086
1.774546
1.700252
1.725399
1.684367
1.699311
1.708031
1.698586
1.677187
1.692123
1.684251
1.699899
1.677173
1.708202
1.667392
1.694576
1.666668
1.670952
1.659216
1.634956
1.668867
1.628754
1.631666
1.639662
1.637919
1.621983
1.665163
1.647097
1.622151
1.622984
1.653082
1.621404
1.645055
1.622897
1.679890
1.613356
1.648208
1.629492
1.623894
1.631393
1.650974
1.604055
1.617170
1.600856
1.616858
1.579170
1.623559
1.600065
1.622765
1.606506
1.628148
1.598967
1.607121
1.616251
1.629884
1.620613
1.613828
1.589754
1.604684
1.592232
1.597578
1.600603
1.583146
1.595508
1.597530
1.606313
1.602202
1.603386
1.576191
1.586610
1.569914
1.556950
1.572987
1.618271
1.565971
1.601587
1.609595
1.562288
1.595430
1.590126
1.569501
1.582683
1.577348
1.570485
1.554138
1.580045
1.568249
1.590503
1.555016
1.590543
1.565950
1.617726
1.575565
1.557565
1.604018
1.563973
1.574318
1.555775
1.558901
1.558858
1.582734
1.576814
1.570266
1.571910
1.560397
1.569833
1.538730
1.569032
1.558858
1.555552
1.564281
1.546567
1.545186
1.543340
1.560139
1.539842
1.551131
1.556999
1.553338
1.561877
1.550474
1.553599
1.556114
1.580149
1.578551
1.591586
1.584532
1.564361
1.556153
1.579199
1.539512
1.564167
1.557458
1.564761
1.554156
1.531270
1.540200
1.551738
1.551967
1.560549
1.567347
1.555243
1.556949
1.538719
1.540945
1.559982
1.563877
1.540793
1.564365
1.556147
1.548749
1.533152
1.546222
1.534708
1.557560
1.548572
1.546759
1.545048
1.569207
1.540162
1.558893
1.545672
1.539634
1.521799
1.541165
1.525637
1.525958
1.547397
1.524286
1.568705
1.559429
1.567514
1.556202
1.536370
1.526886
1.532542
1.527276
1.538115
1.549525
1.524565
1.565526
1.537331
1.537324
1.542587
1.530931
1.553526
1.562063
1.509005
1.530722
1.564896
1.542034
1.534866
1.532116
1.545730
1.535696
1.528706
1.532431
1.533413
1.557686
1.537753
1.515515
1.539536
1.521551
1.525829
1.538087
1.545720
1.525916
1.542094
1.514031
1.528445
1.527519
1.538892
1.561051
1.539612
1.554612
1.518952
1.553700
1.526703
1.540316
1.518824
1.535275
1.530244
1.532373
1.543966
1.534304
1.523760
1.538832
1.549474
1.537467
1.520236
1.534385
1.514694
1.546875
1.540324
1.526199
1.553610
1.518928
1.509659
1.532100
1.536254
1.514983
1.533937
1.533552
1.507458
1.543041
1.516244
1.511278
1.528097
1.541736
1.555574
1.525284
1.532552
1.512667
1.521472
1.531044
1.548239
1.546242
1.527025
1.509175
1.512743
1.535155
1.533247
1.541833
1.529366
1.498162
1.533224
1.517259
1.532963
1.538469
1.514807
1.523304
1.516793
1.523203
1.525468
1.499927
1.529623
1.543321
1.523343
1.527039
1.544369
1.518738
1.511488
1.521002
1.517130
1.506534
1.525045
1.518527
1.509274
1.517420
1.517890
1.508815
1.531744
1.516871
1.527907
1.522935
1.533562
1.499689
1.526689
1.539038
1.510010
1.539588
1.532669
1.502660
1.529082
1.516500
1.505562
1.514273
1.495744
1.499906
1.508149
1.489047
1.507903
1.524778
1.534424
1.509615
1.529814
1.500727
1.516423
1.547560
1.509406
1.539394
1.514608
1.518184
1.514844
1.526023
1.507024
1.528189
1.520993
1.502250
1.521364
1.525619
1.521144
1.490754
1.524119
1.550547
1.509035
1.512526
1.514923
1.534402
1.516788
1.514369
1.508629
1.513290
1.514367
1.525161
1.517312
1.522187
1.512097
1.531629
1.524669
1.520608
1.514054
1.495669
1.516534
1.533399
1.507352
1.491840
1.498920
1.524651
1.508625
1.490453
1.525562
1.517258
1.507089
1.500565
1.516716
1.511972
1.502684
1.505853
1.524724
1.514126
1.506700
1.524938
1.523440
1.488736
1.495104
1.497572
1.507457
1.495165
1.494221
1.526417
1.513805
1.512048
1.489916
1.523609
1.502623
1.496513
1.498385
1.502747
1.495361
1.509106
1.491640
1.503084
1.500776
1.508927
1.505398
1.496278
1.510231
1.508213
1.500353
1.513366
1.503898
1.491585
1.510545
1.522297
1.519165
1.540797
1.510748
1.518321
1.520533
1.519170
1.486441
1.522732
1.517787
1.499042
1.508654
1.501856
1.492461
1.491036
1.483287
1.493369
1.489868
1.508562
1.502339
1.502589
1.521811
1.485272
1.494799
1.501396
1.497578
1.498440
1.508576
1.515154
1.513248
1.503957
1.502344
1.491298
1.494604
1.516826
1.502926
1.513411
1.512091
1.505485
1.511784
1.528709
1.501991
1.493271
1.521101
1.489253
1.504142
1.513570
1.501457
1.498079
1.492955
1.506590
1.494639
1.497382
1.505574
1.500091
1.507021
1.501202
1.487429
