1.500000
1.500000
1.500000
1.476406
1.276875
0.794271
0.737969
0.576667
0.658698
0.595521
0.486198
0.503854
0.560521
0.524688
0.527396
0.534010
0.527448
0.485781
0.472292
0.476927
0.491875
0.506354
0.496667
0.480000
0.457969
0.537969
0.464583
0.455365
0.489688
0.491094
0.503906
0.439844
0.475677
0.410469
0.458646
0.426719
0.360469
0.409323
0.442083
0.458490
0.446667
0.382500
0.356875
0.352448
0.319219
0.293177
0.342500
0.382381
0.390365
0.374427
0.365313
0.342656
0.290417
0.285260
0.303802
0.312917
0.323854
0.338594
0.343333
0.320260
0.319740
0.266719
0.270729
0.271094
0.263333
0.301250
0.320625
0.319583
0.292500
0.286302
0.256771
0.246310
0.284167
0.294375
0.269427
0.260990
0.272448
0.291354
0.279479
0.280729
0.233333
0.245052
0.243490
0.253958
0.246354
0.292448
0.252760
0.248750
0.247865
0.235417
0.226667
0.236667
0.221250
0.244479
0.208385
0.227976
0.228750
0.231979
0.247813
0.219219
0.259271
0.216042
0.229792
0.260521
0.260313
0.233750
0.242344
0.195208
0.270781
0.264948
0.203958
0.221458
0.297292
0.299792
0.256146
0.191146
0.201198
0.180104
0.239167
0.257381
0.212083
0.218125
0.258698
0.249531
0.188854
0.247240
0.227448
0.227135
0.178958
0.206510
0.204688
0.225625
0.226667
0.201979
0.188333
0.199844
0.184688
0.179479
0.180990
0.208646
0.170885
0.194479
0.164531
0.137738
0.179583
0.182448
0.175469
0.171094
0.158854
0.142604
0.160156
0.161406
0.178073
0.170417
0.156354
0.151979
0.148646
0.144635
0.164688
0.153385
0.148333
0.147604
0.170365
0.134427
0.154792
0.155573
0.156771
0.138214
0.145990
0.149063
0.169740
0.120417
0.159115
0.172604
0.138906
0.131615
0.149271
0.154792
0.150833
0.145938
0.136563
0.136042
0.154740
0.127708
0.134271
0.113646
0.113698
0.119792
0.112969
0.148125
0.117240
0.131667
0.138802
0.152604
0.121875
0.120156
0.108333
0.120052
0.128385
0.146875
0.106823
0.119688
0.125365
0.137813
0.128125
0.140260
0.119740
0.129010
0.108594
0.110885
0.111719
0.122083
0.141771
0.113802
0.122292
0.149405
0.095833
0.111510
0.112292
0.151615
0.119010
0.119531
0.103490
0.121198
0.124635
0.140729
0.115052
0.097969
0.127135
0.124531
0.096198
0.126406
0.117500
0.110260
0.094375
0.094740
0.117344
0.105573
0.123333
0.117976
0.099010
0.108802
0.111510
0.123229
0.121146
0.108333
0.130885
0.105677
0.115938
0.125938
0.120208
0.110990
0.117292
0.084375
0.091875
0.107552
0.111667
0.086771
0.105625
0.111458
0.087292
0.089688
0.086667
0.101310
0.115938
0.105417
0.089896
0.100156
0.122813
0.114479
0.095052
0.102344
0.097396
0.112031
0.103281
0.101719
0.096146
0.088750
0.089688
0.104792
0.110313
0.087188
0.094844
0.090573
0.091250
0.091927
0.109896
0.094643
0.090417
0.096146
0.082760
0.093438
0.103802
0.097917
0.090677
0.106354
0.090885
0.116615
0.095156
0.099948
0.089115
0.078646
0.099063
0.132500
0.080521
0.082552
0.083229
0.095365
0.116094
0.114948
0.100833
0.078214
0.076094
0.089688
0.103854
0.121510
0.087396
0.081458
0.079375
0.086979
0.097448
0.091094
0.082500
0.096198
0.088333
0.096458
0.096615
0.105156
0.116875
0.078333
0.073750
0.100156
0.100052
0.110625
0.076510
0.115119
0.107656
0.092969
0.078698
0.068594
0.101927
0.088281
0.101302
0.084010
0.114844
0.090208
0.084948
0.076771
0.095417
0.087292
0.095156
0.101510
0.081458
0.065885
0.085990
0.073854
0.081354
0.094635
0.085052
0.092857
0.068177
0.059063
0.096354
0.080417
0.082917
0.087292
0.091198
0.088021
0.109740
0.081406
0.072760
0.110000
0.097917
0.080417
0.093854
0.081094
0.072135
0.089219
0.086198
0.092240
0.085938
0.087813
0.066354
0.123929
0.091146
0.086458
0.077396
0.078333
0.080677
0.063750
0.077760
0.089010
0.084115
0.084063
0.076302
0.082969
0.069323
0.079323
0.094531
0.084010
0.081667
0.097865
0.092083
0.092813
0.092188
0.091302
0.075885
0.072619
0.081615
0.085781
0.080938
0.092031
0.071979
0.074115
0.095104
0.068802
0.092656
0.080260
0.078646
0.063542
0.088073
0.079688
0.070885
0.066667
0.090469
0.093125
0.103854
0.078385
0.096198
0.058750
0.076094
0.066190
0.087656
0.069219
0.071354
0.065521
0.076094
0.080260
0.084063
0.092396
0.084948
0.085052
0.060156
0.066146
0.077604
0.068854
0.090573
0.067031
0.102500
0.070625
0.080833
0.070729
0.092292
0.081927
0.071094
0.066190
0.093802
0.093594
0.071510
0.086302
0.061354
0.084583
0.070052
0.088385
0.075208
0.057917
0.081667
0.113125
0.059479
0.082448
0.064063
0.067708
0.056771
0.062240
0.064271
0.062188
0.084115
0.071823
0.076250
0.078333
0.068385
0.070833
0.065052
0.076042
0.074740
0.082344
0.085156
0.066927
0.068698
0.070937
0.077344
0.078021
0.068438
0.073125
0.063958
0.082500
0.083958
0.059740
0.077500
0.078698
