2.299311
2.318406
2.308024
2.304239
2.307051
2.277211
2.271389
2.339670
2.309239
2.213969
2.214795
2.339011
2.191748
2.130343
2.015276
1.974008
2.057739
2.068425
2.036022
2.086657
2.357019
2.467505
2.516926
2.378780
2.220768
1.996626
2.015912
2.073621
2.219032
2.329232
2.372071
2.230077
1.994332
2.182596
2.376131
2.379293
2.297550
2.281805
2.274354
2.096217
1.930852
1.737164
1.699453
1.745924
1.760828
1.687742
1.723684
1.702959
1.718950
1.740566
1.708350
1.698397
1.757003
1.802285
1.870505
1.874979
1.883780
1.901413
1.857988
1.845095
1.805087
1.792081
1.775580
1.767591
1.744497
1.778491
1.727905
1.753795
1.717718
1.720943
1.709407
1.735271
1.729104
1.744450
1.761218
1.797361
1.794051
1.793290
1.734083
1.788208
1.780395
1.745684
1.744197
1.732854
1.687113
1.705422
1.740855
1.756126
1.715936
1.728779
1.717516
1.774130
1.713421
1.677308
1.695267
1.677995
1.714641
1.708547
1.751366
1.677668
1.719310
1.742932
1.761387
1.722183
1.744694
1.729612
1.751089
1.726803
1.734143
1.696002
1.772890
1.745870
1.707078
1.767592
1.757146
1.710541
1.676279
1.733988
1.670377
1.661977
1.716268
1.714448
1.694897
1.717915
1.656191
1.661639
1.652261
1.671200
1.643671
1.673159
1.713567
1.644985
1.670033
1.661604
1.681383
1.692271
1.667047
1.638457
1.654373
1.674456
1.660020
1.639863
1.658373
1.636583
1.620115
1.662151
1.620904
1.593515
1.622674
1.657320
1.609158
1.619772
1.627746
1.612207
1.655288
1.611764
1.638611
1.619098
1.649271
1.620170
1.614509
1.585563
1.576012
1.649963
1.607775
1.611703
1.609553
1.598396
1.609915
1.613393
1.634162
1.585643
1.577355
1.600120
1.590703
1.599910
1.579920
1.607542
1.611925
1.651524
1.590140
1.586697
1.591233
1.634653
1.622651
1.615574
1.615885
1.609177
1.630789
1.605652
1.601976
1.578454
1.607179
1.611019
1.621005
1.627887
1.555683
1.582424
1.608240
1.581684
1.598552
1.556171
1.609740
1.595693
1.572722
1.573005
1.622802
1.626048
1.591973
1.582039
1.594571
1.588601
1.588422
1.613183
1.601882
1.586857
1.570472
1.609007
1.569450
1.577048
1.635294
1.595513
1.591245
1.642482
1.584183
1.536198
1.621908
1.580119
1.553212
1.610578
1.602095
1.622182
1.604160
1.580101
1.583511
1.577236
1.577896
1.571109
1.588666
1.602272
1.600893
1.623938
1.609167
1.577835
1.583108
1.556373
1.622636
1.577187
1.599937
1.598934
1.590314
1.566744
1.585417
1.559658
1.592051
1.578744
1.552362
1.671159
1.579855
1.576536
1.573120
1.533290
1.612424
1.634193
1.577293
1.561367
1.577288
1.558850
1.566825
1.570005
1.570074
1.614291
1.634775
1.594018
1.585520
1.601331
1.598177
1.575223
1.605524
1.598636
1.625953
1.628571
1.586284
1.570530
1.634706
1.598813
1.610080
1.588066
1.609336
1.599490
1.595136
1.612349
1.595974
1.585804
1.554619
1.649746
1.579645
1.560200
1.567021
1.570957
1.601473
1.585798
1.554183
1.649312
1.567058
1.601001
1.584092
1.609732
1.613840
1.592508
1.577693
1.593427
1.626734
1.592134
1.565730
1.602478
1.550252
1.619344
1.573176
1.583936
1.584299
1.593445
1.599129
1.599883
1.586848
1.611455
1.582652
1.586235
1.569499
1.577047
1.609806
1.580072
1.585932
1.558415
1.615533
1.585409
1.566968
1.522869
1.558845
1.627417
1.596338
1.584472
1.576523
1.556091
1.612252
1.583644
1.610035
1.597497
1.555563
1.574903
1.585018
1.590320
1.604680
1.577178
1.579170
1.577553
1.590841
1.572679
1.578803
1.565423
1.586715
1.537362
1.596097
1.569397
1.579565
1.549677
1.566004
1.554255
1.580552
1.543229
1.559498
1.582022
1.549988
1.609547
1.586547
1.555037
1.571766
1.570439
1.583622
1.606378
1.635584
1.586139
1.568354
1.633237
1.564178
1.586885
1.566837
1.596550
1.608497
1.548965
1.546972
1.560083
1.564373
1.550704
1.586229
1.598340
1.570841
1.545504
1.551664
1.592847
1.572116
1.564109
1.563591
1.569307
1.593713
1.540210
1.629851
1.597006
1.571409
1.580927
1.575890
1.552529
1.554247
1.549842
1.551975
1.580420
1.599534
1.585025
1.645013
1.576231
1.583399
1.607303
1.540567
1.575804
1.562323
1.518367
1.589344
1.548653
1.571604
1.540291
1.565006
1.534841
1.558551
1.570362
1.599363
1.560691
1.557708
1.576439
1.584485
1.533794
1.516668
1.640325
1.556597
1.577490
1.535347
1.566001
1.585883
1.557156
1.586771
1.570455
1.566816
1.535493
1.576346
1.564030
1.559536
1.591022
1.584328
1.585759
1.528503
1.585494
1.590459
1.551559
1.563898
1.607441
1.552638
1.577675
1.587289
1.560125
1.588950
1.578550
1.548447
1.559134
1.559637
1.546803
1.556543
1.555651
1.593353
1.577305
1.555074
1.587249
1.588344
1.582054
1.559363
1.582434
1.575325
1.556531
1.578406
1.557293
1.565020
1.610782
1.586404
1.532604
1.521851
1.550900
1.561893
1.531921
1.569235
1.551956
1.595282
1.581567
