2.306525
2.304870
2.299320
2.302922
2.307057
2.306432
2.295655
2.292059
2.294863
2.261747
2.254715
2.183324
2.211472
2.181623
2.137487
2.152032
2.055050
1.968929
1.893162
1.913120
1.864474
1.852892
1.762493
1.767616
1.746537
1.790244
1.740771
1.759290
1.698337
1.679800
1.667193
1.642599
1.640121
1.612708
1.610010
1.672872
1.606184
1.625869
1.652052
1.619200
1.607784
1.587543
1.616223
1.612901
1.625269
1.604435
1.622692
1.596279
1.575063
1.587307
1.616657
1.577351
1.581754
1.560878
1.577678
1.589560
1.610596
1.576639
1.583441
1.572204
1.577482
1.574135
1.567453
1.554896
1.584983
1.569662
1.558799
1.550142
1.556052
1.547372
1.570707
1.561008
1.540274
1.572151
1.545178
1.520557
1.556896
1.541664
1.560122
1.534037
1.543020
1.527677
1.548179
1.550726
1.538434
1.549580
1.536423
1.542794
1.534064
1.573298
1.526702
1.560945
1.573242
1.558719
1.548338
1.516274
1.526146
1.534791
1.528996
1.523391
1.543841
1.563588
1.544072
1.525601
1.555592
1.553768
1.550369
1.537931
1.530048
1.527479
1.506544
1.532835
1.539330
1.523072
1.525628
1.528549
1.528105
1.514865
1.535782
1.520916
1.508732
1.531649
1.524222
1.533058
1.502950
1.522908
1.513013
1.519192
1.522771
1.535912
1.536467
1.519320
1.527107
1.548326
1.520097
1.529786
1.548701
1.535143
1.513889
1.524842
1.489734
1.506968
1.546003
1.529922
1.509053
1.526863
1.491692
1.547920
1.497848
1.519024
1.528723
1.511444
1.495695
1.523854
1.518101
1.497282
1.514799
1.506845
1.553006
1.501660
1.495011
1.501941
1.488871
1.508510
1.512432
1.514724
1.509945
1.528263
1.510412
1.500144
1.497978
1.529469
1.511205
1.524052
1.490646
1.505633
1.499633
1.495821
1.523869
1.515255
1.514489
1.515136
1.512899
1.540362
1.507562
1.508378
1.510343
1.511499
1.492729
1.520570
1.497624
1.509759
1.489531
1.484096
1.503988
1.508143
1.519472
1.501685
1.500170
1.505453
1.497223
1.499164
1.519454
1.508723
1.498282
1.481814
1.489616
1.517907
1.507173
1.521544
1.494219
1.491181
1.519770
1.518916
1.500683
1.502140
1.509486
1.499813
1.495486
1.501824
1.488089
1.507971
1.502772
1.519020
1.499782
1.498380
1.500530
1.483638
1.506857
1.502411
1.504447
1.501883
1.483834
1.504026
1.494460
1.493600
1.508582
1.492513
1.508707
1.521996
1.483726
1.501176
1.496746
1.505756
1.496234
1.498871
1.489728
1.478466
1.509629
1.501853
1.486388
1.484748
1.484475
1.534249
1.490981
1.487646
1.498185
1.492713
1.505530
1.496464
1.485823
1.496982
1.500918
1.514135
1.491832
1.482860
1.486659
1.479154
1.521107
1.500679
1.476143
1.484454
1.493087
1.488123
1.492399
1.495625
1.506161
1.509169
1.493366
1.499865
1.509673
1.493903
1.498657
1.480462
1.501743
1.510900
1.489408
1.484987
1.495497
1.499269
1.495025
1.493068
1.495189
1.484467
1.481643
1.494005
1.497071
1.506406
1.483904
1.486450
1.500240
1.493055
1.501477
1.492213
1.493362
1.482079
1.488521
1.486074
1.481059
1.489960
1.478311
1.519237
1.496099
1.490151
1.499616
1.505990
1.508970
1.481293
1.486317
1.486203
1.483634
1.474129
1.499881
1.497134
1.483675
1.488653
1.516048
1.498828
1.480459
1.495418
1.490258
1.495384
1.486313
1.491567
1.504319
1.505568
1.481294
1.497756
1.480549
1.496598
1.486732
1.480119
1.480654
1.502390
1.492765
1.505012
1.487070
1.472241
1.489757
1.488863
1.485879
1.496677
1.495488
1.481085
1.503771
1.477636
1.486213
1.475787
1.489200
1.475608
1.501467
1.494158
1.523332
1.485707
1.515060
1.482510
1.501882
1.488873
1.490138
1.484181
1.487579
1.483765
1.477244
1.475945
1.481035
1.490044
1.498043
1.480761
1.486751
1.491903
1.485797
1.487951
1.476883
1.477027
1.508186
1.475315
1.483317
1.493052
1.502386
1.472735
1.488046
1.482821
1.482639
1.498973
1.504356
1.486937
1.490005
1.484981
1.483811
1.483072
1.497361
1.488485
1.495369
1.491932
1.482134
1.504121
1.472728
1.486344
1.485532
1.489619
1.480823
1.494423
1.504328
1.485572
1.472970
1.483914
1.481594
1.474666
1.489971
1.478897
1.478100
1.487035
1.489681
1.476135
1.490666
1.483696
1.482528
1.487983
1.488517
1.475775
1.500945
1.489038
1.491458
1.485888
1.480399
1.480281
1.472619
1.475533
1.489239
1.490791
1.481090
1.484890
1.485353
1.481472
1.468134
1.491582
1.480413
1.477358
1.499561
1.483866
1.491817
1.482334
1.490447
1.474598
1.506987
1.478830
1.479783
1.477201
1.478670
1.488118
1.471766
1.469007
1.480357
1.486885
1.513873
1.478342
1.473627
1.485683
1.488747
1.470549
1.479955
1.489439
1.479548
1.480655
1.478772
1.478134
1.485296
1.488570
1.470442
1.477175
1.494568
1.488088
1.477257
1.500195
1.491530
1.478679
1.488804
1.496793
1.483350
1.498302
1.482806
1.481039
1.501378
1.501685
1.482611
1.488903
1.487761
1.490281
1.479101
1.487812
