1.500000
1.500000
1.500000
1.494271
1.357083
1.032031
0.708281
0.649010
0.644688
0.795365
0.665938
0.497396
0.569010
0.569948
0.498698
0.473906
0.482708
0.488385
0.472760
0.506302
0.800677
0.583281
0.496510
0.570952
0.703594
0.544740
0.445729
0.505781
0.669010
0.564167
0.478698
0.497031
0.552604
0.506510
0.473490
0.430469
0.454219
0.483021
0.467708
0.450208
0.420417
0.413854
0.394115
0.402865
0.403073
0.398073
0.399635
0.377381
0.402813
0.415208
0.400729
0.389948
0.361458
0.344531
0.323229
0.320104
0.354896
0.335469
0.342969
0.341615
0.350104
0.314688
0.314427
0.330000
0.303385
0.308125
0.295365
0.309635
0.311979
0.340885
0.310156
0.302262
0.287865
0.315938
0.329010
0.303177
0.285052
0.286667
0.280729
0.277240
0.245677
0.287760
0.297604
0.321563
0.288073
0.276042
0.258958
0.255625
0.266667
0.271406
0.254635
0.258542
0.266458
0.269635
0.258073
0.237857
0.247188
0.250833
0.250938
0.253542
0.258438
0.225156
0.243333
0.202813
0.198594
0.237813
0.246615
0.211823
0.204010
0.216979
0.231510
0.250729
0.231563
0.220469
0.219479
0.216250
0.203594
0.199531
0.184844
0.213452
0.223854
0.233750
0.205365
0.210469
0.186771
0.191094
0.204531
0.245313
0.232500
0.188281
0.192813
0.180260
0.182292
0.195156
0.171146
0.200729
0.177500
0.182760
0.180833
0.148750
0.203906
0.159792
0.189479
0.152024
0.171719
0.175885
0.179375
0.197188
0.177344
0.154167
0.164427
0.177708
0.165417
0.164271
0.174375
0.177135
0.160417
0.140677
0.159010
0.154635
0.160573
0.193438
0.169740
0.176042
0.181615
0.170938
0.210208
0.149643
0.161458
0.171302
0.149531
0.148958
0.161771
0.182240
0.176875
0.154844
0.155104
0.171302
0.158125
0.166979
0.141771
0.146771
0.167708
0.154271
0.147708
0.138281
0.134062
0.135417
0.153125
0.142344
0.164740
0.153810
0.162500
0.137083
0.160938
0.151250
0.146979
0.130469
0.133073
0.170104
0.170677
0.148333
0.142917
0.137708
0.137188
0.128281
0.178177
0.133646
0.334688
0.170417
0.193854
0.110313
0.186615
0.179063
0.162240
0.169167
0.168125
0.164010
0.134062
0.165417
0.160781
0.159740
0.191406
0.155260
0.136667
0.161719
0.166771
0.124635
0.149323
0.124010
0.108385
0.127396
0.144219
0.132240
0.146146
0.131250
0.127760
0.138438
0.127604
0.142381
0.142083
0.135469
0.122344
0.114896
0.152031
0.127708
0.151042
0.126406
0.118177
0.134427
0.112031
0.117917
0.130781
0.126146
0.124792
0.115990
0.140417
0.118229
0.130469
0.096927
0.148125
0.120260
0.126615
0.130238
0.107865
0.105781
0.117448
0.135573
0.115833
0.135469
0.134896
0.131667
0.110260
0.121667
0.147656
0.111563
0.102396
0.139479
0.103438
0.128021
0.102031
0.110365
0.102344
0.119010
0.113385
0.111667
0.129531
0.132857
0.129740
0.102656
0.131406
0.120000
0.113698
0.100469
0.098021
0.119167
0.094844
0.125990
0.093177
0.100313
0.098698
0.121198
0.117292
0.114115
0.120521
0.112396
0.142240
0.102031
0.101823
0.122292
0.091771
0.116905
0.097031
0.111198
0.087708
0.117500
0.120313
0.132969
0.108385
0.131302
0.104792
0.110260
0.093542
0.119323
0.100833
0.115417
0.095938
0.107865
0.099271
0.111615
0.101615
0.115313
0.090052
0.106771
0.113073
0.099762
0.103542
0.088802
0.105208
0.143021
0.130885
0.100521
0.131458
0.102135
0.111667
0.099792
0.105156
0.095573
0.089531
0.104740
0.124167
0.109323
0.089635
0.094792
0.081875
0.096146
0.094531
0.105833
0.091302
0.138810
0.114740
0.092656
0.109010
0.096510
0.094219
0.110260
0.105573
0.103438
0.116771
0.097292
0.105938
0.093646
0.097083
0.110104
0.112344
0.112240
0.096406
0.102344
0.096302
0.105938
0.123438
0.101250
0.122552
0.069167
0.102552
0.086094
0.104167
0.100573
0.091615
0.098438
0.112865
0.100990
0.105833
0.101615
0.078229
0.108438
0.120417
0.100104
0.095208
0.111302
0.105729
0.094531
0.079271
0.106875
0.107500
0.090521
0.099167
0.099048
0.094792
0.102188
0.115104
0.087083
0.113385
0.102917
0.097240
0.106771
0.083125
0.102969
0.090365
0.106771
0.100521
0.099531
0.093698
0.105417
0.087865
0.093750
0.101198
0.100521
0.080052
0.104948
0.092240
0.074524
0.100260
0.081615
0.085417
0.118073
0.112865
0.102344
0.101042
0.094219
0.105417
0.090365
0.104167
0.096875
0.089583
0.096719
0.082760
0.074792
0.128177
0.101510
0.111302
0.097917
0.099167
0.112708
0.089271
0.097976
0.097396
0.111302
0.088906
0.106250
0.075260
0.090885
0.111406
0.090625
0.094688
0.084323
0.087031
0.086823
0.100729
0.101042
0.088229
0.090521
0.091406
0.093646
0.082552
0.094792
0.098802
0.083594
0.090156
0.084286
0.082344
0.091719
0.096406
0.076615
0.098281
0.078385
0.061510
0.112656
0.087500
0.084323
0.075833
0.071979
0.080260
0.095625
0.088698
0.086354
0.090104
0.073177
0.076875
0.076406
