1.500000
1.500000
1.500000
1.424844
1.134583
0.630365
0.840938
0.638125
0.713542
0.609115
0.507240
0.566719
0.510521
0.464635
0.491979
0.522240
0.525781
0.532344
0.514635
0.478854
0.441146
0.431146
0.452604
0.443333
0.478333
0.493802
0.450521
0.418854
0.431667
0.386823
0.412135
0.401198
0.396302
0.403490
0.371250
0.373073
0.365469
0.389063
0.397396
0.385000
0.351667
0.330625
0.339688
0.358646
0.347604
0.362083
0.345573
0.317500
0.319479
0.322917
0.365573
0.331354
0.317969
0.316094
0.311875
0.289115
0.319948
0.338125
0.295208
0.270260
0.280156
0.309531
0.312760
0.266094
0.290573
0.321510
0.305260
0.327917
0.284427
0.280469
0.251563
0.275714
0.276042
0.278229
0.265938
0.289219
0.244010
0.280313
0.253854
0.280260
0.237552
0.238281
0.239427
0.239063
0.227031
0.250833
0.235104
0.238854
0.244115
0.256510
0.230000
0.220104
0.202292
0.244583
0.224063
0.226786
0.204219
0.237448
0.220208
0.196094
0.237031
0.202448
0.194635
0.233438
0.206250
0.188854
0.214375
0.208333
0.221979
0.211406
0.206250
0.215938
0.195781
0.191458
0.187760
0.195208
0.218750
0.208073
0.182552
0.230476
0.199583
0.172552
0.173281
0.188177
0.158333
0.161406
0.179844
0.188281
0.173854
0.193281
0.177813
0.171510
0.198646
0.181146
0.158281
0.178958
0.134896
0.196094
0.187552
0.159844
0.178490
0.167760
0.172552
0.168571
0.172344
0.155417
0.141563
0.191406
0.162031
0.145052
0.172031
0.161198
0.162865
0.150625
0.144688
0.164531
0.128281
0.162708
0.153854
0.135938
0.158125
0.166042
0.153229
0.142240
0.134323
0.164427
0.135781
0.147500
0.169583
0.119010
0.156198
0.139688
0.139896
0.133594
0.145104
0.122083
0.146458
0.151406
0.152240
0.125156
0.148229
0.131510
0.139010
0.151510
0.110313
0.126771
0.134271
0.118438
0.138333
0.138750
0.130000
0.159048
0.155938
0.126979
0.152813
0.124427
0.122031
0.124740
0.118333
0.123385
0.145677
0.137344
0.116927
0.122760
0.131354
0.145313
0.089375
0.129010
0.119167
0.107604
0.140260
0.121563
0.121042
0.124688
0.105625
0.170952
0.123333
0.111406
0.133802
0.104427
0.110885
0.131510
0.132760
0.126979
0.121250
0.128750
0.119323
0.125990
0.121875
0.109740
0.121979
0.116875
0.109844
0.113021
0.118490
0.099844
0.104740
0.114844
0.130885
0.109286
0.091198
0.105313
0.126823
0.113073
0.121823
0.108802
0.106250
0.106615
0.123854
0.110677
0.103854
0.092396
0.121510
0.108073
0.130885
0.117448
0.123385
0.108854
0.116510
0.107604
0.099323
0.111458
0.130156
0.128810
0.130417
0.084167
0.097188
0.103229
0.111042
0.117865
0.097604
0.115156
0.130833
0.102813
0.094531
0.109896
0.092031
0.099479
0.131667
0.100677
0.103281
0.103333
0.124219
0.084323
0.108177
0.115521
0.089063
0.108690
0.094740
0.089844
0.137135
0.090208
0.098594
0.085417
0.106458
0.133021
0.098698
0.111406
0.121094
0.079844
0.134375
0.109271
0.098750
0.090208
0.095469
0.098906
0.098542
0.096510
0.102865
0.109635
0.099531
0.106310
0.095208
0.120729
0.101615
0.100260
0.098073
0.078385
0.078333
0.121927
0.101510
0.104583
0.113125
0.105156
0.090677
0.098333
0.093333
0.110938
0.083021
0.084740
0.096979
0.100677
0.099323
0.095156
0.088333
0.107976
0.089479
0.091615
0.104167
0.103854
0.089740
0.097448
0.099792
0.099167
0.102292
0.124792
0.087135
0.086615
0.101771
0.099323
0.090885
0.085990
0.099219
0.108281
0.082500
0.090729
0.086354
0.095573
0.102760
0.098333
0.103854
0.089115
0.095313
0.094740
0.096667
0.079531
0.101354
0.079115
0.085990
0.094948
0.093854
0.087135
0.105313
0.074010
0.083854
0.101406
0.088802
0.089896
0.095677
0.085156
0.090521
0.106875
0.095729
0.085952
0.084583
0.101250
0.086615
0.101823
0.080000
0.098750
0.119740
0.110260
0.085208
0.090260
0.088385
0.080000
0.078646
0.110938
0.080677
0.098646
0.098646
0.084896
0.079531
0.089948
0.080208
0.077917
0.075104
0.066548
0.081823
0.076094
0.096406
0.094323
0.085000
0.083646
0.090521
0.113802
0.085052
0.103802
0.086146
0.079583
0.107969
0.092604
0.077396
0.074896
0.082344
0.065208
0.086979
0.086771
0.086615
0.072708
0.093438
0.082024
0.068229
0.086094
0.090208
0.089115
0.096250
0.082135
0.094531
0.115313
0.087865
0.069844
0.081719
0.085729
0.067813
0.088333
0.086719
0.078333
0.080625
0.094063
0.074167
0.086042
0.093594
0.080469
0.099844
0.078810
0.087344
0.088021
0.088906
0.066823
0.073438
0.095260
0.095990
0.078698
0.075365
0.097292
0.079583
0.067188
0.097188
0.058229
0.072292
0.088125
0.084740
0.086979
0.083958
0.089063
0.094531
0.083281
0.066823
0.092143
0.073854
0.091146
0.082917
0.087604
0.078281
0.098177
0.077813
0.068958
0.080208
0.076927
0.081875
0.076302
0.095417
0.091823
0.075573
0.077240
0.073646
0.077240
0.072917
0.080885
