2.294868
2.301765
2.298850
2.297947
2.292269
2.278581
2.271771
2.266125
2.252964
2.259929
2.244891
2.235780
2.223946
2.215863
2.208256
2.187821
2.189419
2.181919
2.156761
2.149787
2.140464
2.098812
2.110903
2.068413
2.050050
2.044963
2.028502
1.973999
1.965653
1.849839
1.909059
1.822817
1.741511
1.681960
1.685112
1.598231
1.498226
1.430786
1.408801
1.300049
1.190168
1.075116
1.053025
0.935984
0.904665
0.924086
0.838845
0.755991
0.811086
0.669949
0.657229
0.464889
0.584181
0.565730
0.639736
0.659109
0.527193
0.506795
0.503390
0.777332
0.423100
0.412871
0.493794
0.420151
0.298257
0.478992
0.396658
0.369446
0.585132
0.526445
0.407656
0.382734
0.471633
0.360183
0.374369
0.556276
0.321586
0.480885
0.421312
0.498183
0.454016
0.361062
0.472081
0.373247
0.539481
0.599336
0.242981
0.479488
0.367105
0.353979
0.340228
0.277670
0.374670
0.259181
0.381096
0.448856
0.241960
0.417554
0.322421
0.329285
0.326505
0.479004
0.481708
0.268491
0.328304
0.373652
0.293669
0.363896
0.264471
0.245942
0.331659
0.256486
0.363867
0.283510
0.342565
0.242545
0.239011
0.211550
0.193632
0.362585
0.293583
0.356194
0.302395
0.194607
0.543576
0.309884
0.376786
0.505482
0.268600
0.212986
0.280672
0.208333
0.329391
0.463502
0.268674
0.331935
0.308863
0.407694
0.317666
0.286646
0.291351
0.256882
0.387858
0.252699
0.333051
0.311010
0.248824
0.234327
0.198280
0.219706
0.284508
0.215348
0.216894
0.235656
0.319838
0.245955
0.224911
0.435569
0.319818
0.250092
0.405693
0.223654
0.315572
0.239501
0.146490
0.236756
0.189201
0.353356
0.255331
0.271761
0.236488
0.292680
0.246028
0.212178
0.290646
0.295065
0.190484
0.164785
0.273732
0.255630
0.228972
0.289722
0.203692
0.236671
0.241769
0.288067
0.221494
0.135775
0.170122
0.099743
0.192297
0.279003
0.163113
0.252139
0.279380
0.221631
0.315206
0.348702
0.297428
0.399164
0.109249
0.199619
0.131224
0.255838
0.228627
0.084648
0.329429
0.106468
0.318843
0.234977
0.253188
0.286234
0.155557
0.226427
0.178382
0.168455
0.208257
0.171710
0.137066
0.141767
0.267590
0.164987
0.172183
0.227992
0.166884
0.222727
0.119494
0.347285
0.159020
0.204749
0.246904
0.169754
0.168134
0.208101
0.252256
0.402881
0.175984
0.181306
0.116681
0.285927
0.138841
0.258303
0.165489
0.157771
0.150542
0.223526
0.197201
0.158815
0.137787
0.168862
0.154870
0.202714
0.180352
0.163173
0.206641
0.219156
0.165473
0.166325
0.146171
0.139874
0.213475
0.155595
0.147426
0.142886
0.311404
0.228742
0.262604
0.126093
0.114346
0.174260
0.160611
0.319717
0.146022
0.226587
0.224972
0.266389
0.178331
0.172113
0.138375
0.121219
0.150144
0.178957
0.264367
0.159094
0.149037
0.189069
0.172152
0.224355
0.126430
0.149293
0.274267
0.158449
0.074258
0.132717
0.143333
0.168396
0.148054
0.166290
0.103210
0.165583
0.169205
0.092320
0.163676
0.147755
0.182987
0.152196
0.272275
0.168604
0.169158
0.133184
0.222518
0.113859
0.087983
0.096320
0.172533
0.086213
0.179781
0.073716
0.144795
0.178682
0.030209
0.103108
0.201822
0.132103
0.147203
0.228176
0.168002
0.258214
0.156467
0.181290
0.122679
0.187224
0.140805
0.275486
0.152841
0.132949
0.104885
0.275872
0.121453
0.246467
0.215247
0.234611
0.069113
0.199161
0.133152
0.094822
0.281341
0.116989
0.156858
0.150924
0.087645
0.163326
0.138999
0.118197
0.284534
0.113729
0.264033
0.182896
0.185405
0.086838
0.195879
0.187399
0.131096
0.167874
0.188267
0.145173
0.206830
0.089451
0.071582
0.283310
0.237777
0.106378
0.131986
0.072268
0.094057
0.136403
0.096338
0.285320
0.161934
0.137087
0.172341
0.125430
0.168159
0.165917
0.114270
0.226300
0.158364
0.089019
0.202864
0.176407
0.198515
0.246764
0.188445
0.182215
0.138060
0.130650
0.108167
0.268269
0.053484
0.097922
0.068347
0.125842
0.115501
0.097023
0.089055
0.181265
0.150640
0.077696
0.083851
0.138194
0.069876
0.175609
0.069474
0.151231
0.060244
0.096352
0.166455
0.196854
0.249912
0.211557
0.117642
0.066491
0.111930
0.135126
0.035634
0.145217
0.164465
0.123105
0.151503
0.109927
0.063087
0.114089
0.114259
0.169158
0.089366
0.098508
0.043140
0.072015
0.076678
0.082083
0.224072
0.114498
0.162673
0.123969
0.063311
0.268352
0.129824
0.094803
0.195252
0.091787
0.096316
0.144586
0.064983
0.118884
0.249106
0.153558
0.047203
0.079302
0.164636
0.130204
0.152383
0.110575
0.178470
0.163758
0.142238
0.101071
0.103253
0.222653
0.130347
0.169069
0.103702
0.143683
0.084401
0.139513
0.176390
0.086279
0.288924
0.140033
0.188440
0.226809
0.131617
0.084898
0.184874
0.126742
0.135044
0.056574
0.090784
0.150858
0.179209
0.109666
0.084560
0.048329
0.104868
0.231388
0.171207
0.189727
0.153516
0.117690
0.191352
0.176689
