2.299204
2.296245
2.305465
2.304005
2.304691
2.304119
2.308407
2.302957
2.288950
2.263011
2.262059
2.229092
2.217099
2.201146
2.154864
2.139547
2.119749
2.099754
2.000062
1.918688
1.860227
1.858171
1.895642
1.953419
1.989316
1.993752
1.895548
1.860411
1.825364
1.785122
1.744143
1.755679
1.785228
1.739745
1.706400
1.690229
1.715911
1.785643
1.804959
1.788642
1.775998
1.694410
1.636403
1.625665
1.645993
1.662604
1.623760
1.637921
1.648046
1.634914
1.628080
1.633962
1.633838
1.640647
1.612631
1.620168
1.609060
1.592414
1.575602
1.581001
1.578297
1.582759
1.580254
1.568421
1.563463
1.578182
1.581927
1.612936
1.631564
1.562211
1.578229
1.551756
1.573459
1.589845
1.610546
1.565122
1.565909
1.581246
1.569034
1.563602
1.574532
1.558815
1.583329
1.598089
1.567325
1.607992
1.624497
1.647340
1.625292
1.596314
1.588671
1.558700
1.557917
1.556640
1.554105
1.559340
1.557598
1.556058
1.571121
1.553770
1.598896
1.574175
1.591892
1.602455
1.571201
1.593637
1.571184
1.582720
1.554557
1.563783
1.572086
1.566096
1.565953
1.552723
1.582086
1.579913
1.563274
1.587365
1.585491
1.621201
1.635030
1.629312
1.654632
1.628487
1.614045
1.584563
1.587692
1.588560
1.561846
1.563275
1.578415
1.574728
1.572092
1.564009
1.567068
1.566223
1.577987
1.580509
1.572144
1.589865
1.557938
1.576440
1.580874
1.570930
1.560558
1.567730
1.574845
1.573437
1.589869
1.593935
1.557151
1.574826
1.580866
1.570273
1.569753
1.587415
1.571925
1.558150
1.584095
1.563369
1.563844
1.557027
1.558432
1.583482
1.559807
1.558879
1.559655
1.559576
1.563956
1.559273
1.557389
1.564579
1.552165
1.569908
1.563212
1.565391
1.573598
1.561926
1.583575
1.588707
1.555815
1.571523
1.558920
1.570712
1.569259
1.566464
1.586632
1.576576
1.571440
1.561073
1.551517
1.596330
1.567650
1.569929
1.546379
1.560730
1.563276
1.569495
1.568051
1.560965
1.558077
1.566445
1.588689
1.586457
1.596222
1.593200
1.595257
1.575291
1.566656
1.580115
1.548123
1.570733
1.567534
1.556841
1.555912
1.565232
1.550580
1.571941
1.557835
1.596645
1.569843
1.584469
1.589164
1.578692
1.569318
1.574514
1.561516
1.562384
1.560076
1.561308
1.565480
1.582844
1.553468
1.566613
1.563822
1.552559
1.559561
1.578350
1.547860
1.554607
1.569420
1.585938
1.559347
1.579439
1.584440
1.611996
1.594605
1.598024
1.579481
1.564785
1.556745
1.557350
1.556844
1.568259
1.577421
1.552315
1.558023
1.552069
1.553636
1.554285
1.546470
1.569584
1.560426
1.552292
1.557578
1.546150
1.564224
1.557472
1.571152
1.551249
1.573962
1.550293
1.578520
1.571324
1.566174
1.562054
1.561169
1.555492
1.564400
1.577451
1.586470
1.565086
1.564763
1.565877
1.576538
1.576847
1.578100
1.576980
1.587463
1.588002
1.573982
1.579699
1.565815
1.577197
1.582927
1.548073
1.549130
1.558202
1.558069
1.556048
1.556607
1.562151
1.549730
1.563667
1.553508
1.553732
1.554834
1.561943
1.557607
1.553625
1.553246
1.568974
1.552687
1.565277
1.567388
1.569941
1.555017
1.552000
1.578840
1.553186
1.562131
1.567909
1.564574
1.550424
1.556770
1.568680
1.558387
1.565377
1.563865
1.561158
1.561248
1.573740
1.566892
1.577510
1.577186
1.565686
1.566839
1.570097
1.575767
1.566222
1.569863
1.580291
1.580276
1.560217
1.555136
1.565468
1.571894
1.559719
1.567355
1.570014
1.559411
1.574581
1.568257
1.574178
1.566700
1.564077
1.578361
1.570437
1.571219
1.559667
1.573667
1.554290
1.552878
1.552184
1.557767
1.553074
1.561263
1.568209
1.560223
1.562955
1.556286
1.566200
1.565362
1.558275
1.566495
1.586383
1.550827
1.584221
1.578002
1.566512
1.559825
1.561486
1.571961
1.553711
1.564399
1.547170
1.568858
1.569677
1.554800
1.548981
1.567023
1.553423
1.577125
1.552111
1.554221
1.559034
1.564202
1.560731
1.571146
1.573567
1.573820
1.557524
1.559141
1.555475
1.564741
1.567360
1.571649
1.567033
1.567979
1.573657
1.562993
1.556060
1.555656
1.565215
1.568161
1.568285
1.573616
1.556152
1.561093
1.550511
1.554459
1.555716
1.552488
1.558773
1.551798
1.570315
1.539127
1.557872
1.559553
1.548535
1.558163
1.565425
1.561547
1.557940
1.559890
1.552780
1.550203
1.556046
1.556922
1.558193
1.568278
1.562583
1.556982
1.563372
1.557850
1.567409
1.565126
1.582053
1.569433
1.547301
1.566828
1.543053
1.553354
1.530959
1.543505
1.536218
1.530752
1.515542
1.530865
1.511451
1.516817
1.518075
1.523119
1.525654
1.511808
1.508390
1.521373
1.525619
1.520691
1.522370
1.532768
1.525083
1.561954
1.550100
1.538481
1.541031
1.535850
1.545033
1.547695
1.572401
1.558290
1.581508
1.551058
1.579773
1.559578
1.557554
1.574243
1.575569
1.558501
1.582948
1.595711
1.590484
1.583640
1.642242
1.606931
1.599984
1.575688
1.578114
1.556630
1.550813
