2.301807
2.300877
2.297304
2.297045
2.294462
2.300047
2.276827
2.268414
2.265461
2.235457
2.214512
2.238114
2.253982
2.240150
2.181836
2.171072
2.147161
2.111730
2.037405
1.987081
1.994262
1.877799
1.874551
1.803825
1.847840
1.798147
1.781290
1.774939
1.750915
1.748547
1.726656
1.734250
1.682305
1.720220
1.710571
1.678696
1.717544
1.659220
1.668904
1.711699
1.649730
1.669122
1.616286
1.644761
1.657816
1.623688
1.673318
1.629461
1.648303
1.642278
1.659087
1.605997
1.593788
1.647714
1.628808
1.616628
1.628702
1.664688
1.615694
1.597486
1.617208
1.632292
1.624452
1.607592
1.589597
1.578389
1.606446
1.575401
1.569453
1.593552
1.595374
1.597234
1.580489
1.571360
1.559843
1.587249
1.567964
1.577172
1.579209
1.577955
1.605977
1.575250
1.590759
1.589413
1.560051
1.567639
1.602879
1.593595
1.543782
1.548468
1.582733
1.567747
1.562356
1.556237
1.549433
1.558323
1.569401
1.567061
1.579419
1.545539
1.577499
1.547330
1.553866
1.573291
1.570459
1.548880
1.574295
1.562812
1.550079
1.536820
1.559114
1.541947
1.552555
1.582762
1.570751
1.559243
1.532186
1.540705
1.567752
1.572837
1.540950
1.535675
1.538666
1.557181
1.544342
1.544814
1.538075
1.534500
1.537863
1.530490
1.538740
1.562604
1.557339
1.545669
1.518320
1.549595
1.543386
1.527960
1.549129
1.554824
1.532810
1.551681
1.563213
1.544844
1.545132
1.521101
1.533896
1.540940
1.520187
1.541981
1.554741
1.504685
1.539467
1.521849
1.529201
1.513003
1.533670
1.520962
1.529527
1.535753
1.540201
1.530524
1.546370
1.509994
1.524172
1.530875
1.538231
1.524510
1.540260
1.539482
1.529541
1.548517
1.534652
1.536234
1.508644
1.510407
1.520736
1.521534
1.513579
1.513701
1.537158
1.529838
1.530936
1.517899
1.522656
1.529539
1.527520
1.530550
1.519572
1.483835
1.515337
1.516862
1.538296
1.514342
1.523758
1.514641
1.501751
1.516121
1.514392
1.533560
1.528305
1.505967
1.518875
1.514052
1.545054
1.521750
1.520652
1.502967
1.515655
1.558416
1.521565
1.529414
1.526754
1.502382
1.515781
1.502178
1.507377
1.510625
1.496356
1.520553
1.511570
1.496325
1.500738
1.513696
1.526042
1.522685
1.499161
1.516487
1.521779
1.517637
1.526251
1.488321
1.496098
1.499006
1.485485
1.529793
1.529177
1.499670
1.505429
1.507701
1.515824
1.503931
1.532149
1.492731
1.518411
1.506337
1.499758
1.501776
1.509320
1.513252
1.498798
1.496906
1.514677
1.496343
1.506458
1.487965
1.517544
1.506719
1.534354
1.522298
1.520008
1.498536
1.500863
1.511153
1.513845
1.492617
1.499059
1.500357
1.507891
1.506591
1.502737
1.522490
1.500982
1.512388
1.493024
1.496560
1.526860
1.525528
1.508354
1.507189
1.492335
1.511386
1.505617
1.490869
1.481992
1.506422
1.508763
1.504876
1.505484
1.507372
1.505710
1.496010
1.485567
1.507472
1.514226
1.495665
1.489959
1.500171
1.509818
1.497923
1.498170
1.501182
1.513134
1.513677
1.505474
1.488920
1.518586
1.495082
1.480299
1.503157
1.508328
1.484557
1.524590
1.512998
1.510962
1.488553
1.520340
1.491535
1.495710
1.496640
1.498125
1.510509
1.487707
1.493665
1.501604
1.491538
1.488370
1.504992
1.490000
1.493073
1.495965
1.496358
1.501306
1.510938
1.512609
1.501956
1.491683
1.498282
1.506734
1.509990
1.496561
1.498081
1.482036
1.493920
1.493006
1.488092
1.500293
1.503877
1.493119
1.505892
1.487287
1.507509
1.489882
1.494153
1.509736
1.511052
1.510744
1.498129
1.509066
1.508759
1.480439
1.512682
1.474736
1.498673
1.508488
1.478536
1.508336
1.503016
1.492867
1.500665
1.482159
1.496100
1.497342
1.510271
1.492572
1.501338
1.499034
1.492119
1.495161
1.533252
1.516630
1.496048
1.487116
1.485910
1.488690
1.496830
1.494762
1.488148
1.497463
1.487184
1.514471
1.493949
1.480880
1.501462
1.479243
1.491088
1.507025
1.487952
1.482635
1.506844
1.482403
1.489284
1.495919
1.507589
1.510674
1.486867
1.514327
1.490545
1.489187
1.513272
1.491632
1.494622
1.491141
1.513109
1.499024
1.493142
1.490860
1.494153
1.492140
1.498307
1.504030
1.505184
1.490348
1.497770
1.494020
1.506934
1.479846
1.484653
1.490459
1.486621
1.481157
1.487430
1.478090
1.494938
1.477116
1.482365
1.485973
1.500734
1.517286
1.502392
1.498178
1.492619
1.490114
1.490650
1.484300
1.484157
1.484073
1.482112
1.511404
1.491030
1.498206
1.499942
1.489803
1.495439
1.514186
1.485414
1.507508
1.481994
1.475205
1.513186
1.479338
1.484078
1.478226
1.492929
1.482905
1.491767
1.508147
1.485092
1.480317
1.490053
1.489885
1.492293
1.485528
1.498630
1.495744
1.490709
1.480357
1.493147
1.516165
1.485581
1.491531
1.497895
1.475046
1.485576
1.496428
1.480892
1.500657
1.491890
1.496288
1.493394
1.476338
1.500194
1.503240
1.490279
1.482123
1.491779
1.498009
1.480708
1.500072
1.483736
