2.301067
2.304416
2.294914
2.289124
2.284779
2.272062
2.252554
2.245833
2.229389
2.214194
2.203803
2.174140
2.161378
2.139731
2.122005
2.077096
2.061627
2.008094
2.012236
1.868639
1.822793
1.809225
1.675135
1.597462
1.469049
1.324187
1.174447
1.139034
1.009762
0.941142
0.827481
0.616116
0.741206
0.543442
0.401908
0.606370
0.667492
0.404107
0.486154
0.441580
0.506601
0.309581
0.233912
0.459782
0.677431
0.266210
0.365622
0.312364
0.389601
0.402783
0.632275
0.369357
0.308162
0.345967
0.206390
0.381292
0.364531
0.315444
0.465892
0.491755
0.327221
0.446333
0.316071
0.171576
0.249071
0.166774
0.544365
0.277826
0.317975
0.290711
0.297473
0.617572
0.217249
0.320861
0.323657
0.185660
0.237865
0.320146
0.193202
0.296926
0.293322
0.366534
0.182461
0.190659
0.304867
0.367792
0.169681
0.224597
0.371638
0.212411
0.221649
0.264644
0.217436
0.235209
0.223789
0.400646
0.279041
0.224478
0.181996
0.261013
0.174011
0.178209
0.259610
0.285462
0.141311
0.196946
0.192428
0.183676
0.265127
0.119236
0.174045
0.257042
0.155996
0.156726
0.147138
0.354158
0.223903
0.125029
0.296418
0.207751
0.223946
0.115595
0.168592
0.156863
0.244561
0.195834
0.214665
0.135341
0.152702
0.165256
0.132781
0.146176
0.192672
0.178904
0.090979
0.173530
0.235974
0.138793
0.153129
0.284203
0.143271
0.364078
0.202566
0.203427
0.078491
0.228986
0.146263
0.112228
0.232977
0.125664
0.140221
0.233659
0.109699
0.138892
0.173679
0.120474
0.201791
0.241530
0.158244
0.135194
0.151304
0.137507
0.215168
0.201021
0.191383
0.211690
0.135815
0.189463
0.097561
0.148334
0.151947
0.234605
0.142405
0.101300
0.131380
0.202008
0.073471
0.094805
0.160753
0.113271
0.121678
0.094590
0.225471
0.108457
0.123096
0.287980
0.089661
0.068224
0.167346
0.219646
0.137127
0.174266
0.171551
0.116641
0.116551
0.176531
0.066598
0.139296
0.081973
0.132208
0.092100
0.111755
0.186787
0.186416
0.143111
0.268311
0.156001
0.121515
0.094893
0.155309
0.082613
0.096163
0.158436
0.188249
0.201358
0.069875
0.050309
0.144625
0.146486
0.131403
0.100924
0.073607
0.159851
0.104866
0.047709
0.159007
0.108268
0.067876
0.140378
0.054559
0.086254
0.091737
0.115485
0.091706
0.119338
0.198040
0.177415
0.122534
0.159037
0.082144
0.180051
0.118813
0.037229
0.096965
0.110646
0.112122
0.106006
0.115901
0.087925
0.153046
0.113506
0.194715
0.165507
0.128971
0.064379
0.172003
0.124302
0.144574
0.063162
0.131796
0.057719
0.082677
0.122433
0.109251
0.056716
0.129245
0.054369
0.053616
0.110817
0.089126
0.077622
0.052211
0.111092
0.086044
0.100040
0.091162
0.122709
0.095298
0.093497
0.083212
0.150588
0.138689
0.142047
0.106328
0.060583
0.133047
0.125891
0.035456
0.099949
0.142696
0.069839
0.076384
0.077166
0.124038
0.166297
0.054635
0.070034
0.064613
0.101504
0.031882
0.104749
0.173565
0.054053
0.136581
0.132266
0.055638
0.090913
0.046568
0.069980
0.154134
0.055965
0.046917
0.169214
0.060599
0.045614
0.077534
0.083050
0.076164
0.089130
0.145144
0.057765
0.116358
0.052353
0.072914
0.121699
0.120590
0.069902
0.066747
0.051473
0.043120
0.122904
0.052896
0.116801
0.066125
0.086448
0.091318
0.060414
0.103070
0.125182
0.047785
0.114914
0.045473
0.048409
0.169406
0.070693
0.104023
0.062204
0.062741
0.019900
0.137633
0.077386
0.179574
0.046300
0.073555
0.053648
0.139646
0.042337
0.125125
0.060331
0.042095
0.106243
0.094423
0.077565
0.049891
0.088001
0.068914
0.115162
0.054644
0.102462
0.085724
0.035736
0.055190
0.051309
0.084205
0.091476
0.032267
0.088595
0.165865
0.096337
0.051459
0.051830
0.057589
0.106911
0.207702
0.036656
0.130099
0.074043
0.073043
0.079542
0.055964
0.106267
0.067066
0.048551
0.089234
0.107614
0.053986
0.122166
0.058679
0.038990
0.048245
0.054872
0.083369
0.069054
0.077349
0.070750
0.056026
0.065356
0.108268
0.059122
0.041352
0.044937
0.033611
0.059904
0.036616
0.120997
0.059059
0.068785
0.097872
0.180160
0.031662
0.048414
0.061948
0.055965
0.047017
0.079940
0.044150
0.049743
0.075414
0.072499
0.075085
0.047164
0.130448
0.025288
0.077201
0.178406
0.070486
0.050798
0.061957
0.101203
0.123369
0.068997
0.086022
0.094824
0.036026
0.013708
0.051518
0.057356
0.031762
0.120212
0.017872
0.050827
0.031454
0.104716
0.054264
0.041702
0.072908
0.054621
0.020486
0.035434
0.086271
0.132672
0.136825
0.065400
0.041235
0.093548
0.050896
0.051364
0.068181
0.048351
0.046534
0.016525
0.067008
0.016703
0.075277
0.072702
0.085899
0.058514
0.023296
0.071539
0.033305
0.046586
0.111315
0.147372
0.141455
0.081982
0.077509
0.026076
0.105851
0.011796
0.065596
0.053862
0.050782
0.069871
0.014999
0.058104
0.093866
0.092092
0.049577
0.037912
0.072980
