2.310496
2.303824
2.302709
2.302585
2.302585
2.302585
2.302585
2.302585
2.302585
2.302585
2.302585
2.302585
2.302585
2.302585
2.302585
2.302585
2.302585
2.302585
2.302585
2.302585
2.302585
2.302585
2.302585
2.302585
2.302585
2.302585
2.302585
2.302585
2.302585
2.302585
2.302585
2.302585
2.302585
2.302585
2.302585
2.302585
2.302585
2.302585
2.302585
2.302585
2.302585
2.302585
2.302585
2.302585
2.302585
2.302585
2.302585
2.302585
2.302585
2.302585
2.302585
2.302585
2.302585
2.302585
2.302585
2.302585
2.302585
2.302585
2.302585
2.302585
2.302585
2.302585
2.302585
2.302585
2.302585
2.302585
2.302585
2.302585
2.302585
2.302585
2.302585
2.302585
2.302833
2.302585
2.302585
2.302585
2.302585
2.302709
2.302585
2.302585
2.302585
2.302585
2.302585
2.302957
2.302709
2.303452
2.302585
2.302957
2.302585
2.302585
2.302709
2.302585
2.302709
2.302709
2.302833
2.303081
2.303080
2.303824
2.303931
2.303328
2.303328
2.303559
2.303080
2.302957
2.304072
2.303700
2.305186
2.303693
2.302981
2.304722
2.305201
2.313283
2.309909
2.302419
2.309381
2.301728
2.302685
2.299415
2.304103
2.307323
2.309630
2.323427
2.255889
2.253815
2.315130
2.312219
2.313159
2.308502
2.308857
2.309182
2.264182
2.193467
2.279658
2.294097
2.290628
2.312150
2.313409
2.310897
2.275291
2.133531
2.223033
2.278942
2.297765
2.301793
2.310723
2.330638
2.353455
2.307187
2.303169
2.311532
2.285820
2.214911
2.151222
2.113541
2.295895
2.349312
2.394790
2.392315
2.278348
2.155304
1.947408
1.958765
2.224474
2.309561
2.311179
2.327708
2.334670
2.350501
2.380842
2.377935
2.311624
2.126531
1.877165
1.945434
2.335844
2.393229
2.388557
2.378771
2.342085
2.313362
2.303948
2.303418
2.302816
2.302833
2.302957
2.311008
2.319365
2.315236
2.315755
2.316943
2.298896
2.251623
2.196059
2.107934
2.004205
1.933881
2.176479
2.286864
2.309292
2.300436
2.301513
2.302652
2.309177
2.277592
2.198899
2.100830
1.972158
2.075653
2.258845
2.307027
2.320758
2.320096
2.314036
2.308110
2.307776
2.306109
2.306898
2.303188
2.306667
2.302524
2.299639
2.271684
2.281111
2.282748
2.272882
2.250973
2.212253
2.222883
2.247985
2.191986
2.169011
2.208019
2.258138
2.249302
2.180998
2.223752
2.228936
2.244670
2.306406
2.282027
2.285641
2.188589
2.074407
1.989498
1.889346
2.095687
2.311808
2.483067
2.533605
2.539255
2.544011
2.555832
2.564213
2.567978
2.568209
2.568440
2.568440
2.568440
2.568440
2.568209
2.568440
2.568440
2.568440
2.568440
2.568440
2.568440
2.568440
2.568440
2.568440
2.568440
2.568440
2.568440
2.568440
2.568440
2.568440
2.568440
2.568440
2.568440
2.568440
2.568440
2.568440
2.568440
2.568440
2.568440
2.568440
2.568440
2.568440
2.568440
2.568209
2.568440
2.568440
2.568440
2.568440
2.568440
2.568440
2.568440
2.568440
2.568440
2.568440
2.568440
2.568440
2.568440
2.568440
2.568440
2.568440
2.568440
2.568440
2.568440
2.568440
2.568440
2.568440
2.568440
2.568440
2.568440
2.568440
2.568440
2.568440
2.568440
2.568440
2.568440
2.568440
2.568440
2.568440
2.568440
2.568440
2.568440
2.568440
2.568440
2.568440
2.568440
2.568440
2.568209
2.568440
2.568440
2.568440
2.568440
2.568440
2.568440
2.568440
2.568440
2.568440
2.568440
2.568440
2.568440
2.568440
2.568440
2.568440
2.568440
2.568440
2.568440
2.568440
2.568440
2.568440
2.568440
2.568209
2.568440
2.568440
2.568440
2.568440
2.568440
2.568440
2.568440
2.568440
2.568440
2.568440
2.568440
2.568440
2.568440
2.568440
2.568440
2.568440
2.568440
2.568440
2.568440
2.568440
2.568440
2.568440
2.568440
2.568440
2.568440
2.568440
2.568440
2.568440
2.568440
2.568440
2.568440
2.568440
2.568440
2.568440
2.568440
2.568440
2.568209
2.568440
2.568440
2.568440
2.568440
2.568440
2.568440
2.568440
2.568440
2.568440
2.568440
2.568440
2.568440
2.568440
2.568440
2.568440
2.568440
2.568440
2.568440
2.568440
2.568440
2.568440
2.568440
2.568440
2.568440
2.568440
2.568440
2.568440
2.568440
2.568440
2.568440
2.568440
2.568440
2.568440
2.568440
2.568440
2.568440
2.568440
2.568209
2.568440
2.568440
2.568440
2.568440
2.568440
2.568440
2.568440
2.568440
2.568440
2.568440
2.568440
2.568440
2.568440
2.568440
2.568440
2.568440
2.568440
2.568440
2.568440
2.568440
2.568440
2.568440
2.568440
2.568440
2.568440
2.568440
2.568440
2.568440
2.568440
2.568440
2.568440
2.568440
2.568440
2.568209
2.568440
2.568440
2.568440
2.568440
2.568440
2.568440
2.568440
2.568440
2.568440
2.568440
2.568440
2.568440
2.568440
2.568440
2.568440
2.568440
2.568440
2.568440
2.568440
2.568440
2.568440
2.568440
2.568440
2.568440
2.568440
2.568440
2.568440
2.568440
2.568440
2.568440
2.568440
2.568440
2.568440
2.568440
2.568440
2.568440
