2.303080
2.304460
2.295782
2.291531
2.303396
2.282729
2.279050
2.269115
2.233660
2.237101
2.243161
2.188872
2.176701
2.170582
2.148507
2.076290
2.022478
1.977569
1.973708
1.860560
1.850072
1.852503
1.804174
1.766793
1.765843
1.754081
1.735589
1.761701
1.746491
1.713748
1.715794
1.671593
1.711271
1.647072
1.628680
1.658865
1.692093
1.641025
1.655412
1.647754
1.655768
1.605742
1.587868
1.634197
1.656934
1.579143
1.604320
1.599590
1.607719
1.635503
1.634707
1.591238
1.619895
1.600873
1.577773
1.601141
1.611401
1.578916
1.593625
1.619919
1.592840
1.597245
1.584088
1.552634
1.565194
1.544530
1.626640
1.579625
1.573084
1.559249
1.565086
1.628132
1.564453
1.572937
1.568594
1.557649
1.574851
1.569272
1.558947
1.582332
1.568250
1.573561
1.534102
1.545224
1.547999
1.579338
1.539553
1.570994
1.591548
1.549869
1.536457
1.566376
1.546802
1.569234
1.552673
1.567852
1.556400
1.557186
1.526124
1.566195
1.536895
1.539720
1.567148
1.557894
1.530594
1.523192
1.539419
1.527849
1.549676
1.517149
1.538385
1.558546
1.520399
1.504017
1.512065
1.543416
1.549771
1.512476
1.570862
1.524181
1.548682
1.511057
1.531836
1.535273
1.544972
1.534996
1.545927
1.511646
1.518356
1.525517
1.511022
1.517321
1.525580
1.529761
1.496188
1.537812
1.538135
1.515943
1.508434
1.547945
1.522088
1.569306
1.540985
1.523992
1.491645
1.537772
1.524363
1.508451
1.534812
1.510436
1.505037
1.519883
1.504951
1.501187
1.524634
1.511523
1.527540
1.522797
1.527228
1.518316
1.524884
1.516424
1.520490
1.527004
1.522893
1.540370
1.513630
1.519023
1.512699
1.511992
1.514614
1.532314
1.518974
1.505995
1.503395
1.531147
1.494893
1.511674
1.516649
1.501070
1.501992
1.523524
1.516592
1.501841
1.505144
1.523307
1.510310
1.500401
1.521789
1.540419
1.505168
1.512356
1.519387
1.499345
1.506930
1.512502
1.494060
1.507932
1.505274
1.497540
1.497775
1.508335
1.526561
1.519113
1.508729
1.543098
1.504317
1.527941
1.500773
1.513849
1.485705
1.491222
1.507797
1.520615
1.533961
1.493180
1.488205
1.507335
1.498342
1.514509
1.503052
1.488211
1.525535
1.504633
1.493897
1.504348
1.525237
1.488420
1.519792
1.495713
1.493296
1.499550
1.512506
1.493302
1.501083
1.522725
1.542379
1.514332
1.500561
1.497243
1.513670
1.503265
1.478402
1.503127
1.517587
1.494522
1.497219
1.502948
1.483938
1.510663
1.492156
1.522830
1.530747
1.502944
1.486319
1.503883
1.495318
1.495006
1.494203
1.504593
1.493684
1.506133
1.516814
1.487614
1.489142
1.494787
1.484805
1.498402
1.505304
1.491032
1.501913
1.483238
1.507654
1.499189
1.497063
1.496855
1.502024
1.495606
1.498219
1.494906
1.508489
1.500934
1.507223
1.506203
1.492432
1.500747
1.514830
1.476567
1.492459
1.509344
1.496425
1.486240
1.504894
1.499346
1.494022
1.496395
1.489272
1.494215
1.508036
1.484782
1.507202
1.515662
1.495416
1.511842
1.506977
1.483455
1.500209
1.487998
1.500241
1.506941
1.482557
1.489620
1.507407
1.481944
1.489039
1.506324
1.495088
1.496923
1.496821
1.513740
1.481690
1.506396
1.484819
1.503689
1.503375
1.501792
1.498540
1.487077
1.489454
1.484070
1.502374
1.484864
1.505533
1.493522
1.493889
1.497593
1.490421
1.497494
1.495102
1.484140
1.516416
1.494621
1.489963
1.517801
1.486324
1.507829
1.489542
1.487952
1.470092
1.515266
1.492283
1.516324
1.485704
1.506008
1.489322
1.503259
1.482516
1.511499
1.483891
1.475513
1.495980
1.500786
1.501601
1.482135
1.487784
1.483887
1.502054
1.492742
1.497595
1.494251
1.482573
1.489787
1.492802
1.495010
1.496896
1.472655
1.489668
1.506802
1.489284
1.506352
1.495155
1.483392
1.507831
1.521273
1.482809
1.505965
1.490346
1.494643
1.492366
1.479302
1.503255
1.481376
1.492066
1.504491
1.489349
1.490003
1.495776
1.492189
1.476491
1.491701
1.484497
1.491659
1.483109
1.489818
1.488241
1.497657
1.480856
1.501260
1.498073
1.488971
1.482020
1.484624
1.490560
1.475047
1.516895
1.485021
1.484675
1.483887
1.504070
1.475283
1.482729
1.480467
1.489478
1.488594
1.501562
1.485207
1.490631
1.488031
1.481295
1.491104
1.482368
1.497904
1.473506
1.496219
1.520917
1.490964
1.484770
1.492976
1.497541
1.503461
1.490105
1.500494
1.487623
1.485695
1.476578
1.484935
1.490608
1.480475
1.496082
1.482043
1.495284
1.487221
1.490088
1.484874
1.488210
1.500411
1.486132
1.477940
1.488049
1.500631
1.511085
1.517895
1.494252
1.483967
1.493224
1.484719
1.485568
1.486050
1.490101
1.483399
1.481020
1.486123
1.483590
1.496066
1.487347
1.491407
1.483268
1.477210
1.484878
1.471064
1.482762
1.490409
1.494037
1.516923
1.491693
1.498764
1.474684
1.491872
1.470273
1.492441
1.490335
1.484010
1.489281
1.474766
1.494200
1.502385
1.484933
1.477470
1.484524
1.488868
