2.271120
2.280081
2.273147
2.272538
2.282476
2.284355
2.268072
2.256053
2.266222
2.243166
2.282537
2.239732
2.254995
2.254551
2.243618
2.237714
2.241503
2.294154
2.238166
2.242378
2.275850
2.324038
2.284685
2.237375
2.198805
2.235747
2.347199
2.211013
2.287599
2.329026
2.513546
2.442840
2.529978
2.531597
2.351983
2.280209
2.235620
2.326503
2.192697
2.291451
2.271750
2.231553
2.194060
2.243650
2.248565
2.273295
2.224948
2.304799
2.318801
2.238751
2.240206
2.239569
2.275825
2.272475
2.247625
2.144020
2.197321
2.175971
2.077157
2.156842
2.134239
2.244627
2.298669
2.092740
2.261264
2.215669
2.142997
2.176738
2.139025
2.024451
2.219283
2.045757
2.098496
2.098921
2.088690
1.986752
2.116954
2.272018
1.978846
2.081834
2.167097
2.285150
2.152653
1.910382
2.051847
1.932147
2.003545
2.072570
1.981773
1.922676
1.913182
1.895774
1.865420
1.848589
1.936884
1.819841
1.872818
1.976042
1.956127
1.905246
1.842738
1.899009
1.890953
1.732492
1.793628
1.775012
1.687794
1.674972
1.490871
1.546989
1.518902
1.731844
1.742129
1.785597
1.679729
1.723610
1.790240
1.467600
1.472395
1.456195
1.477553
1.459595
1.425876
1.273128
1.607676
1.519551
1.431274
1.601621
1.537797
1.492461
1.287476
1.369841
1.370773
1.197747
1.278361
1.282537
1.284178
1.345850
1.196771
1.335404
1.093791
1.231318
1.012803
1.302619
1.071316
1.095248
1.195225
0.942468
1.407662
0.962201
1.028853
0.938870
1.202468
0.953254
0.908706
0.906179
0.977307
0.815295
0.863256
1.064487
1.060756
1.107080
0.903845
0.849231
0.969642
0.855663
0.904309
0.849886
0.750132
0.907073
0.947051
0.783042
0.752865
0.874944
1.095197
0.722439
0.801890
0.790859
0.588512
0.734800
0.656710
0.664894
0.645577
0.678353
0.730411
0.579589
0.657938
0.640712
0.631185
0.560768
0.599624
0.684702
0.680604
0.609104
0.632179
0.533079
0.515259
0.646138
0.486371
0.547175
0.524172
0.638155
0.486140
0.406304
0.453858
0.573918
0.641962
0.534160
0.434642
0.494427
0.508270
0.439859
0.544179
0.354673
0.651871
0.422302
0.407593
0.510440
0.417647
0.429332
0.467181
0.416598
0.439900
0.474360
0.475290
0.530442
0.381905
0.615916
0.542957
0.471518
0.393810
0.423006
0.449526
0.484979
0.482791
0.477899
0.427735
0.425182
0.366491
0.393166
0.364741
0.353845
0.466556
0.615480
0.388414
0.442421
0.475704
0.435900
0.358609
0.355015
0.309808
0.331237
0.305455
0.393197
0.409675
0.430930
0.525144
0.399002
0.358899
0.336539
0.330461
0.427760
0.214264
0.397202
0.487010
0.229485
0.353975
0.367134
0.278812
0.314845
0.249854
0.349267
0.332243
0.331797
0.310086
0.302329
0.307384
0.325049
0.390662
0.378614
0.384535
0.400534
0.408510
0.254904
0.219956
0.360260
0.259530
0.238991
0.300933
0.467709
0.252108
0.366361
0.283771
0.324965
0.297938
0.446220
0.313172
0.249602
0.414168
0.331272
