2.305456
2.304996
2.310164
2.307530
2.303257
2.306922
2.304833
2.308783
2.308516
2.309172
2.306503
2.307557
2.305935
2.304889
2.306460
2.302074
2.305246
2.306337
2.306859
2.306633
2.305646
2.306559
2.306984
2.307316
2.309872
2.306974
2.310131
2.304122
2.306852
2.307570
2.304145
2.310521
2.306098
2.306476
2.304188
2.306572
2.302395
2.303264
2.304548
2.301149
2.301581
2.300468
2.298895
2.300913
2.298930
2.301382
2.301803
2.300452
2.300564
2.298629
2.301178
2.299069
2.297092
2.299605
2.299072
2.297928
2.296426
2.297004
2.293107
2.298589
2.295923
2.296164
2.293766
2.292836
2.297354
2.294348
2.295177
2.296345
2.293361
2.297277
2.294175
2.291332
2.289245
2.290122
2.289862
2.288192
2.296343
2.287761
2.280822
2.289336
2.286334
2.285624
2.288854
2.284772
2.288199
2.283462
2.281744
2.283307
2.287462
2.283767
2.285140
2.281207
2.286966
2.287008
2.276042
2.292950
2.281341
2.281299
2.277915
2.278458
2.263182
2.264672
2.266469
2.264171
2.264946
2.260664
2.283416
2.273016
2.250135
2.251390
2.258027
2.266000
2.255306
2.257778
2.268191
2.236985
2.256724
2.266380
2.244084
2.265856
2.246552
2.244302
2.232484
2.228436
2.251396
2.239779
2.239083
2.240591
2.176727
2.196493
2.143719
2.172823
2.160144
2.114913
2.165349
2.118968
2.145076
2.137412
2.137897
2.152825
2.193904
2.086644
2.108672
2.139571
2.093425
2.056010
2.061382
2.075174
2.039642
2.082279
2.116705
2.177894
2.209620
2.184119
2.105314
2.147157
2.149730
2.139146
2.158172
1.979535
2.026578
2.001786
2.136898
2.074194
2.098506
2.134855
2.047776
2.047260
2.095299
2.066205
2.061331
2.077104
2.032227
1.991816
2.011147
2.093832
2.090530
2.085744
2.002846
2.003030
1.974011
1.980824
2.017006
1.924714
2.096111
1.928522
1.920027
1.888323
1.947775
1.864806
1.980198
2.019791
1.975524
1.982562
2.004297
2.000921
2.138909
1.949006
1.873349
1.881828
1.925356
2.056520
2.014250
2.042223
1.953950
1.998176
1.938988
1.974883
1.959119
1.880398
1.907897
1.916404
1.973377
1.974529
1.887223
1.887307
1.763597
2.013331
1.946923
2.016270
1.949206
1.860397
1.866623
1.934768
1.955558
2.029449
1.852629
1.893243
1.870614
2.005804
1.965371
1.822951
1.964620
1.857646
1.911732
1.858783
1.876479
1.830161
1.922626
1.942408
1.887653
1.990270
1.798347
1.941776
1.930034
1.808879
1.721260
1.836044
1.682498
1.846975
1.717728
1.742322
1.830083
1.838360
1.820226
1.794587
1.873801
1.867888
1.697949
1.775262
1.771136
1.784908
1.729082
1.794994
1.674823
1.772365
1.812405
1.798010
1.905082
1.840357
1.823178
1.752802
1.822478
1.861775
1.610803
1.656607
1.788603
1.876776
1.822996
1.834697
1.936714
1.915510
1.633616
1.702981
1.993834
1.776520
1.665636
1.944096
1.898681
1.801963
1.672606
1.754093
1.761127
1.662897
1.722479
1.794693
1.747602
1.848428
1.690296
1.731488
1.591293
1.779339
1.789680
1.702977
1.774219
1.826840
1.653740
1.708833
1.764324
1.874546
1.773001
1.784121
1.694343
1.730896
1.864447
1.553513
1.730780
1.770700
1.750379
1.573055
1.778810
1.828166
1.715263
1.626121
1.649985
1.834601
1.600082
1.783000
1.745191
1.730535
1.515858
1.654305
1.661158
1.630014
1.904608
1.982408
1.822098
1.730721
1.718481
1.493116
1.691765
1.961148
1.625109
1.749341
1.885156
1.668638
1.510470
1.701731
1.677283
1.711540
1.671443
1.885708
1.854693
1.524973
1.454586
1.868215
1.724260
1.402770
1.709572
1.871314
1.495565
1.673021
1.970286
1.907477
1.655170
1.704163
1.747556
1.499332
1.668812
1.838573
1.765137
1.515367
1.604905
1.705576
1.807850
1.615098
1.567829
1.657773
1.742570
1.577539
1.600325
1.688411
1.790269
1.632111
1.611925
1.531928
1.418782
1.511857
1.841605
1.780934
1.572558
1.687550
1.633543
1.618248
1.845015
1.811638
1.481025
1.602484
1.569820
1.979899
1.697025
1.642515
1.785935
1.574240
1.604326
1.528615
1.805176
1.690807
1.542706
1.738531
1.589993
1.601075
1.712183
1.596195
1.556624
1.721803
1.546840
1.710629
1.589839
1.585479
1.474972
1.628152
1.538820
1.595409
1.520559
1.626135
1.503175
1.511935
1.918931
1.683638
1.399540
1.527574
1.659048
1.610250
1.548631
1.518398
1.611625
1.434255
1.626892
1.668750
1.679390
1.474021
1.534475
1.979612
2.012842
1.461182
1.555329
1.641898
1.761190
1.598171
1.515594
1.615120
1.758010
1.549444
1.515259
1.657909
1.575022
1.358070
1.407393
1.451303
1.853097
1.691333
1.494551
1.554140
1.608235
1.432735
1.537303
1.447899
1.709834
1.534047
1.677319
1.550653
1.388483
1.573347
1.727388
1.659170
1.380520
1.531872
1.667974
1.750395
1.376583
1.587706
1.707231
1.523433
1.422797
1.502307
1.595690
1.619946
1.485748
1.625715
1.677891
1.561577
1.495453
1.395740
1.559742
1.612352
1.800482
1.453730
1.448774
1.314095
1.565680
1.786285
1.660131
1.356638
1.563015
1.736200
1.640084
1.421013
1.467837
1.514896
1.367793
1.447074
1.580065
1.580863
1.609767
1.674917
1.494567
1.772681
1.401665
1.435179
1.440485
1.472162
1.645603
1.761708
1.391479
1.690150
1.521988
1.574315
1.398830
1.446999
1.420110
1.444430
1.508179
1.649640
1.617439
1.483446
1.555678
1.499128
1.624351
1.759540
1.348015
1.375577
1.356338
1.717054
1.550983
1.584629
1.748064
1.625772
1.470481
1.435409
1.477870
1.729619
1.587734
1.380443
1.338958
1.661835
1.634822
1.549428
1.482330
1.505728
1.553679
1.476732
1.428724
1.355165
1.307892
1.378853
1.589973
1.612811
1.439075
1.359664
1.668727
1.482231
1.518278
1.654402
1.304738
1.598558
1.511667
1.382462
1.393623
1.513164
1.531091
1.389184
1.361255
1.756039
1.358737
1.413589
1.654273
1.774700
1.563265
1.313509
1.302669
1.362119
1.467898
1.549551
1.670697
1.413841
1.535300
1.560097
1.630034
1.558140
1.240579
1.517906
1.424278
1.519979
1.579866
1.511218
1.561852
1.264507
1.505644
1.635820
1.553767
1.402555
1.252268
1.689296
1.487965
1.435496
1.539567
1.497183
1.508314
1.464748
1.395064
1.688438
1.543267
1.366587
1.429245
1.378734
1.682135
1.441132
1.489395
1.389110
1.459086
1.410262
1.497539
1.596612
1.470256
1.328055
1.311421
1.555167
1.499918
1.773200
1.457892
1.273500
1.562606
1.546528
1.413850
1.421986
1.467578
1.475974
1.332195
1.349444
1.461802
1.382834
1.315114
1.586858
1.708891
1.466838
1.327602
1.563575
1.661816
1.262985
1.548296
1.371910
1.542265
1.395099
1.387420
1.418728
1.501433
1.740249
1.457423
1.378028
1.483882
1.395333
1.606506
1.458500
1.326529
1.341383
1.493690
1.340696
1.264783
1.258564
1.530482
1.664884
1.545965
1.430297
1.592057
1.566812
1.359923
1.415697
1.384809
1.396036
1.289977
1.394386
1.383013
1.231872
1.429633
1.625289
1.452462
1.635299
1.513504
1.544117
1.267346
1.362056
1.439993
1.447013
1.426622
1.479306
1.472335
1.533042
1.474843
1.595502
1.273291
1.363323
1.313550
1.431084
1.443796
1.428601
1.422608
1.498975
1.401435
1.512491
1.388393
1.376414
1.353420
1.252309
1.325685
1.468884
1.356008
1.521718
1.702950
1.602127
1.319346
1.365400
1.649433
1.204791
1.230071
1.255336
1.534720
1.505208
1.292584
1.306638
1.572517
1.824202
1.456033
1.244181
1.358020
1.236976
1.553610
1.487005
1.358480
1.103807
1.240775
1.467173
1.601760
1.413720
1.358265
1.478958
1.466404
1.324454
1.393859
1.447178
1.494439
1.363298
1.418789
1.435297
1.553200
1.329416
1.380267
1.320833
1.640022
1.362839
1.321507
1.399515
1.292289
1.366202
1.635678
1.329155
1.112348
1.412714
1.468295
1.411361
1.487545
1.357884
1.330104
1.318601
1.374382
1.460969
1.340481
1.258892
1.428701
1.477065
1.312214
1.321202
1.349008
1.387898
1.626095
1.393456
1.432267
1.320945
1.348962
1.498679
1.622799
1.254995
1.239654
1.419974
1.651907
1.402601
1.246765
1.138243
1.246406
1.463909
1.628618
1.232533
1.409214
1.259267
1.443256
1.525499
1.677538
1.244204
1.198236
1.309090
1.470199
1.561900
1.325927
1.327809
1.480604
1.335973
1.204221
1.534298
1.430329
1.334654
1.202087
1.363679
1.611138
1.367907
1.232611
1.344900
1.550254
1.573289
1.580827
1.278400
1.259779
1.485932
1.362207
1.460232
1.362610
1.247412
1.339375
1.352269
1.371418
1.408011
1.215833
1.318239
1.344697
1.376960
1.304702
1.256377
1.321179
1.381538
1.200184
1.390040
1.350114
1.428594
1.390002
1.270679
1.217152
1.542904
1.648602
1.286055
1.077949
1.284440
1.270620
1.430420
1.475260
1.364913
1.383387
1.434077
1.503000
1.337492
1.139257
1.068664
1.207377
1.368209
1.403624
1.449747
1.390566
1.325289
1.181995
1.378435
1.361720
1.408263
1.209952
1.297987
1.147864
1.451533
1.541043
1.545149
1.351816
1.184321
1.360126
1.463545
1.475421
1.047047
1.201165
1.389920
1.633708
1.540808
1.255358
1.184359
1.241317
1.382558
1.290843
1.343304
1.233893
1.237810
1.410071
1.288436
1.308488
1.189984
1.246515
1.360470
1.430115
1.364894
1.381431
1.336387
1.593965
1.530656
1.198604
1.102537
1.090279
1.410470
1.415393
1.348529
1.299940
1.206130
1.351557
1.492226
1.202430
1.257506
1.160359
1.328595
1.417237
1.202362
1.251398
1.271525
1.352273
1.205737
1.310055
1.330472
1.257516
1.334965
1.267961
1.386763
1.429451
1.424219
1.252641
1.346759
1.298337
1.510394
1.249513
1.219745
1.277298
1.245382
1.242370
1.450396
1.307194
1.431307
1.365336
1.229478
1.495821
1.343072
1.261633
1.250678
1.101382
1.242940
1.385922
1.302215
1.322332
1.233204
1.230524
1.245452
1.434364
1.330769
1.097785
1.183923
1.364607
1.297992
1.213151
1.152574
1.127980
1.638345
1.393888
1.009271
1.180719
1.443372
1.425808
1.192941
1.378745
1.263906
1.311290
1.263890
1.262428
1.267995
1.248455
1.314385
1.153669
1.323143
1.270872
0.979875
1.112426
1.247773
1.318478
1.415598
1.303126
1.228741
1.225644
1.304835
1.385285
1.318926
1.076071
1.101937
1.327774
1.391329
1.242664
1.418057
1.127124
1.399451
1.339616
1.229828
1.244269
1.166515
1.175044
1.301432
1.208666
1.433949
1.244029
1.195309
1.342192
1.235020
1.370653
1.206387
1.308987
1.365232
1.279186
1.076816
1.237327
1.365783
1.377046
1.187155
1.156611
1.367376
1.354272
1.372532
1.376906
1.151618
1.016590
1.279723
1.282915
1.306972
1.104172
1.128798
1.307688
1.254130
1.069340
1.036889
1.430101
1.288347
1.266519
1.066440
1.115959
1.147351
1.122466
1.452549
1.313207
1.325400
1.324649
1.261364
1.235801
1.507244
1.242862
1.184464
1.288877
1.260090
1.568053
1.463493
1.404471
1.086492
1.237559
1.458343
1.220348
1.176924
1.028417
1.134793
1.336578
1.140716
1.291270
1.220619
1.315524
1.433794
1.239355
1.274274
1.138792
1.173874
1.160717
1.229879
1.344400
1.456647
1.271626
1.292921
1.264633
1.163563
1.042409
1.372492
1.088544
1.093017
1.216712
1.380197
1.446390
1.207843
1.143858
1.042941
1.131495
1.208431
1.253355
1.213005
1.184413
1.115755
1.211584
1.151072
1.308588
1.270028
1.429384
1.473353
1.293602
1.103610
1.169999
1.314196
1.248546
1.163922
1.069812
1.060973
1.500182
1.280087
1.205838
1.259455
1.125758
1.141788
1.240913
1.331431
1.033113
1.006433
1.183861
1.284475
1.107440
1.128706
1.140349
1.267374
1.205191
1.173024
1.200535
1.014978
1.263166
1.405613
1.451908
1.217828
1.147544
1.086467
1.500597
1.390241
1.143510
1.299344
0.975349
1.136710
1.320953
1.594221
1.168395
1.064855
1.201356
1.087882
1.243095
1.361729
1.154747
1.137509
1.229452
0.940962
1.128094
1.250526
1.242398
1.070976
1.105130
1.218142
1.303914
1.121395
1.121737
1.025942
1.221833
1.197276
1.284136
1.266258
1.204324
1.263252
1.033223
1.428808
1.251807
1.400317
1.130066
1.162116
1.128523
1.244908
1.312767
1.143000
1.225180
1.242629
1.314917
1.176117
1.182024
1.214854
1.024329
1.128841
1.136857
1.115624
1.248138
1.203699
1.104711
1.360594
1.229055
1.141684
0.986006
1.160330
1.095125
1.133716
1.030294
1.257307
1.326211
1.252043
1.146896
1.235325
1.227757
1.497341
1.479731
1.043451
1.061906
1.143200
1.124964
1.345931
1.180499
1.090456
0.950698
1.339889
1.068129
1.056976
1.394793
1.321003
1.226541
1.153572
1.063584
1.202468
1.008575
1.032321
1.051041
1.386340
1.081847
1.282569
1.145983
1.218440
1.346102
1.277655
1.192351
1.194936
1.078597
1.165765
1.092544
0.989334
1.152103
1.118647
1.219091
1.263592
1.212318
1.271506
1.094220
1.329112
1.168778
1.223731
1.121370
1.209443
0.980805
1.118134
1.251369
1.112138
1.323035
1.055315
1.081345
1.143490
1.095820
1.180143
1.154200
1.178506
1.086234
1.159291
1.201772
1.362808
1.170590
1.115403
1.175463
1.168974
1.040902
1.134323
1.297999
1.273261
1.265871
1.162600
1.036966
1.224436
1.044809
1.048368
1.549397
1.271625
0.946663
1.060903
1.164355
1.395665
1.043653
1.146781
1.167027
0.936883
1.266763
1.210826
1.083608
0.983033
1.180992
1.214221
1.130862
1.322546
0.977578
1.023380
1.016479
1.172366
1.316212
1.327541
1.118603
1.116043
1.043046
1.185442
1.390281
0.956267
1.075798
1.157349
1.213425
1.163967
1.110974
1.209404
1.131238
1.118744
1.086468
1.125678
1.087517
1.332110
1.334086
1.091763
1.132994
1.181195
1.320166
1.044838
1.060495
1.064240
0.961283
1.144733
1.334908
1.276889
1.082648
1.055312
1.016499
1.140492
1.328901
1.075310
1.236272
1.111946
1.288228
1.362088
1.294766
1.173703
1.084001
0.970570
0.996513
1.265653
1.188859
1.023770
1.193411
1.149243
1.172263
1.150368
1.133790
1.040159
1.116451
0.956997
1.190052
1.004283
1.282453
1.105861
0.941873
1.174712
1.096991
1.133561
1.396508
1.231760
1.084391
0.928576
1.148952
0.973480
1.197555
1.220968
1.268580
1.183844
1.087687
1.046898
0.979797
1.191304
1.321398
1.136577
0.990055
1.048328
1.080010
1.355736
1.268999
1.092615
1.118695
1.181847
1.204528
1.215083
1.243260
1.098667
1.006347
1.074958
0.968380
1.256286
1.184804
1.162710
1.009275
1.098504
0.914885
0.825068
1.007028
1.082918
1.028456
1.134979
1.169046
1.202746
1.191171
1.136646
1.078066
1.030239
1.109515
0.982877
0.987348
1.172254
1.302167
1.265974
1.339777
1.003184
1.123079
0.951373
1.136673
1.087724
1.086292
1.225371
1.008297
0.932790
1.257247
1.408008
1.189419
0.976646
1.067345
1.173429
1.187079
1.287148
1.025203
0.949000
1.054391
1.280015
1.222858
1.195304
1.051814
1.039584
1.138137
1.112809
1.070356
1.028124
1.124569
1.099244
1.135807
1.311062
1.059987
1.081560
0.963491
1.083795
0.955041
0.952673
0.946127
1.058973
1.217348
1.289867
1.141603
1.001206
1.010974
1.030482
1.162892
0.973454
0.932893
1.011462
1.093553
1.245988
1.132227
1.150553
1.226528
1.132750
0.936923
1.063955
1.066905
1.282028
0.996228
1.023559
0.996713
1.457636
1.213301
0.918712
0.900075
1.053627
1.173462
1.039804
1.170619
1.223594
0.953737
1.007435
1.282706
0.978015
1.105184
1.376329
0.932394
1.091078
1.109718
1.171062
0.887145
1.037385
1.290614
1.269800
1.056856
1.103731
0.918625
1.121656
1.077698
1.142388
1.156051
1.202610
1.047960
0.946019
0.988382
1.106831
0.957697
0.880450
0.979617
0.979644
1.197677
1.123188
1.129471
1.054727
1.001150
0.952589
1.212926
1.195449
0.958697
1.071380
1.007323
1.099523
1.145324
1.183622
0.909162
0.944460
0.899125
1.128274
1.237906
1.188234
1.012662
0.910243
0.977960
1.065743
1.179570
1.098479
1.048683
1.110867
1.059279
0.914365
1.090620
1.216533
1.058640
0.983937
1.007804
1.068342
1.159602
1.154653
0.924126
1.204556
1.206353
1.076909
1.025791
1.282104
0.879388
0.912630
0.916647
1.077368
1.117947
1.281350
1.137573
1.064273
1.084187
1.001915
1.060704
0.909260
0.902972
1.123026
0.988824
1.010459
0.983759
1.281924
0.958380
1.031469
1.120189
0.977609
1.069115
0.943879
1.143243
1.271416
1.131685
1.077231
1.129934
1.083997
0.843240
0.976599
0.895183
0.951679
1.063728
1.108522
1.164358
1.016795
1.010072
1.069667
0.854801
0.799361
0.911803
1.193594
1.186687
1.186255
0.886644
1.178044
1.157429
1.065374
1.241859
0.886831
0.970829
1.117878
1.034901
0.928976
0.992901
0.976402
1.051768
1.226128
1.157679
1.116734
1.024259
0.996265
0.887101
0.858303
1.013770
0.929226
0.925758
1.072794
1.022533
1.282892
0.898609
1.001767
0.928942
0.957161
0.997339
0.893637
1.280190
1.361212
1.164375
1.064181
0.932533
1.219830
1.166900
1.053793
0.946948
1.028131
1.065053
1.038776
0.839359
1.159682
1.092984
0.780699
1.261594
0.974555
1.166534
1.114660
0.944856
1.011215
1.022727
1.056769
1.174105
1.008910
1.212520
0.911048
1.147888
0.968878
1.032957
1.026051
0.996953
1.007469
0.934432
0.888933
0.836024
1.008470
1.044623
1.193215
1.364184
1.012978
0.844450
0.923749
1.001313
0.964898
0.942601
0.799365
1.027633
1.372092
1.205884
0.859148
0.841580
0.959538
1.360402
1.045126
0.912533
0.982158
1.160927
1.251479
1.243969
1.133626
1.110987
0.990745
0.950020
1.152668
1.395637
0.885584
1.050231
0.902688
1.132889
1.007728
0.906970
1.027929
0.938337
0.829646
0.835077
1.027759
1.027703
1.275707
0.978258
0.834078
0.891247
1.192335
1.103810
1.079332
0.947459
0.995432
1.001304
1.242998
1.087491
0.879675
0.837136
1.092507
1.353072
1.310548
1.160468
0.741084
0.966987
1.037547
0.929593
0.994007
1.068412
0.969509
1.076437
1.128266
0.962397
0.928344
0.844467
1.233161
1.215106
1.020940
0.899711
0.919736
1.216534
1.201622
1.071003
0.941527
0.835385
0.740881
1.020677
1.188211
1.233664
0.897680
1.077340
0.996579
1.152295
0.848996
0.884898
0.859878
1.058317
1.332282
1.022009
1.035377
0.924562
1.104222
1.181503
0.971264
0.748937
1.067749
1.016381
0.972056
0.957875
1.097744
1.313687
1.003873
1.009619
1.031113
1.006776
1.103241
0.905543
1.051880
0.950364
0.919607
1.088898
1.067085
1.030243
0.901978
1.002277
0.994642
1.011364
0.987058
0.734815
0.853416
0.914233
1.014495
0.945969
0.825887
0.837913
1.007549
1.267160
0.963139
0.913497
1.192769
1.040677
1.195959
0.993634
0.801044
0.988495
0.909236
0.984919
1.072425
0.982373
1.105025
0.828807
0.977732
0.920115
0.902109
0.940748
1.139987
0.922759
1.131835
1.145381
0.781042
0.784407
1.054515
1.218006
1.058396
1.002962
0.946664
0.871032
0.902574
1.047523
0.884312
0.792436
1.043639
1.052145
1.190665
0.922519
1.030090
0.876493
0.949007
0.941030
1.128861
1.069212
0.985948
1.128953
1.093359
0.762631
0.794981
0.956912
0.945193
1.173981
1.024918
0.995520
0.889915
0.909002
0.748487
1.016189
0.989694
1.093095
0.876087
1.138558
0.973976
0.947988
0.842239
0.741974
0.929088
0.926402
1.003448
1.012879
0.843800
0.922657
0.973001
0.904493
0.985909
1.104943
0.923458
0.854334
1.128659
1.157505
0.850930
0.899811
0.922002
0.946620
0.799207
0.925842
0.971456
0.967893
0.951374
0.861233
0.812821
1.184960
1.015889
0.981340
1.167359
0.925168
0.980807
0.925830
0.986734
0.941660
0.944720
0.761512
1.251733
1.284644
1.175293
0.974964
0.739952
0.830042
0.728522
1.069827
0.972935
0.917244
0.898903
1.012875
0.985509
0.705787
0.859607
0.996523
1.048583
0.906582
0.918793
1.230328
0.920047
0.953832
1.050092
0.963938
0.817168
0.833494
0.774335
1.148033
1.178483
0.904510
0.935138
0.814805
1.033072
1.090925
0.864287
0.884927
0.762665
1.035369
1.008621
0.958875
0.931819
0.913724
1.057562
0.909128
1.048069
1.139821
0.910602
0.887662
0.939817
0.863640
1.107797
1.200474
1.059989
0.966467
0.980145
0.914859
0.794158
0.744245
0.967609
1.217222
0.886548
0.979222
0.790480
0.924900
0.843313
0.743938
0.904173
1.002148
1.053186
1.181934
1.120694
0.854392
1.029408
1.022220
0.871868
0.896310
0.921982
0.905551
0.931835
1.116704
1.211992
0.849731
0.865625
0.949783
0.996341
1.113741
0.882427
0.832202
0.878997
1.008937
1.059542
0.811232
0.653671
0.952404
0.823610
0.826520
0.803384
0.945316
0.924890
0.943885
0.931817
0.994039
0.803830
0.933620
1.078524
1.061635
1.154194
0.887321
0.801700
0.853539
1.000803
0.911165
0.731158
0.991016
0.911667
1.245089
0.981465
0.674627
0.824032
0.873903
0.879072
1.125594
1.023176
1.061757
1.205545
0.908021
0.909240
1.110899
0.915518
0.749806
0.876647
1.116855
0.938002
0.857968
0.928053
1.014459
0.861551
0.945272
0.834668
0.798715
0.923303
0.878340
0.893832
0.923547
1.147710
1.084356
0.905656
0.929729
1.012779
0.978220
0.877692
0.813046
0.839190
1.047516
1.014250
0.935648
0.553746
0.736906
1.011021
1.064872
0.964025
0.758763
0.869530
0.895540
0.996469
0.990414
0.729616
0.852442
0.706770
1.153784
1.070491
0.830288
0.820083
0.977798
0.872550
0.784755
1.018367
1.026674
0.892035
1.041000
0.925078
0.927733
0.829540
0.947976
1.028351
0.921271
0.687695
1.019294
0.905747
1.116324
0.820791
1.008804
0.925129
0.808324
1.008400
1.013076
1.080582
0.929136
0.772264
0.747725
0.934800
0.795175
0.833029
0.871171
1.094388
0.976918
1.027570
0.829889
0.629947
0.922973
0.972592
1.362004
0.860944
0.778891
0.759273
0.988472
1.019489
0.770304
0.861953
0.893579
0.943125
0.924482
1.015682
0.986753
0.973027
0.781703
1.039106
1.013909
0.875266
0.837491
0.760650
0.768682
1.046941
1.144050
0.906330
0.724122
0.817581
0.749689
0.759211
0.868182
0.777939
1.088469
1.235654
0.977378
0.765697
0.792356
0.815315
0.896812
1.154904
0.912472
0.857685
0.883886
1.361353
0.739367
1.033934
0.834470
0.869722
0.800507
0.854674
1.024676
1.030560
0.819575
0.796311
0.879834
0.830681
1.052924
1.007738
1.029883
0.802793
0.873035
0.744201
0.845061
0.858699
0.831480
0.990165
0.868903
0.923562
0.786734
0.967709
0.697680
0.948990
0.989908
0.845374
0.676262
0.888470
0.855694
0.944713
0.730620
0.831085
0.862251
0.840303
1.265279
0.962704
0.779269
0.805111
0.880944
1.037610
0.796379
0.595359
0.928495
0.995368
0.871027
0.870984
0.699688
0.950792
0.935273
0.969318
0.993845
0.774138
1.009843
0.959705
0.926949
0.729433
0.973432
0.844724
0.971208
0.991631
0.705376
0.783872
0.892156
0.863085
0.943568
1.033246
1.016951
0.880331
0.667375
0.766169
0.923880
0.870634
0.843793
0.790784
0.940937
1.119942
0.852795
1.113404
0.785873
0.660676
0.944493
1.018305
0.760773
0.867693
0.926133
0.925432
0.964888
0.986804
0.951576
0.760926
0.835806
0.756625
1.091880
0.832125
0.748673
0.854260
0.863311
0.817085
0.814040
0.867150
1.009390
0.687183
0.624581
1.057317
0.834742
0.725877
0.719543
0.921029
1.123664
0.942032
0.785835
0.923710
0.888973
0.895119
0.885972
0.658362
0.962912
0.923847
0.814313
0.901485
0.898484
0.923645
0.831040
0.698322
1.116275
0.914281
0.829983
0.767366
1.021254
1.001046
0.917327
0.810126
0.875213
1.010782
0.754056
1.066928
1.087863
0.739281
0.672611
0.662972
0.901211
0.853180
0.803559
0.801601
0.826895
0.909731
0.818581
0.797147
0.873477
0.858020
0.912788
0.852622
1.091585
1.048538
0.842691
0.869151
0.880784
0.835212
1.085328
0.982983
0.855508
0.689788
0.861739
0.901026
0.964054
0.807936
0.939908
0.903352
0.897716
1.000515
0.782578
0.834702
0.809356
0.939050
1.089185
0.864402
0.812284
0.692176
0.681214
0.693394
0.900370
0.957910
0.791994
0.874904
0.604173
0.838159
0.901263
0.712872
0.803127
0.705487
0.945736
0.963462
0.887484
0.631340
0.633056
0.734021
1.109707
1.024393
0.841870
0.931542
0.820875
1.019478
0.775741
0.889746
0.755674
0.909570
0.840966
0.930999
0.811503
0.650465
0.872848
0.934520
0.717878
0.759594
1.025290
0.907493
0.931925
0.910232
0.916176
0.939938
0.815147
1.077463
0.887099
1.266820
0.707078
0.684660
0.804874
1.125997
1.285239
0.465801
0.648611
0.825979
0.940616
0.954107
0.865379
0.925993
0.834668
0.808769
1.034295
0.668673
0.675233
0.934327
1.000348
0.957060
0.774235
0.751284
0.677210
1.010119
0.919370
0.885485
0.660986
0.637298
1.011211
0.977265
0.758270
0.792449
0.844270
0.982132
0.921768
0.840806
0.617713
0.974965
0.863106
0.754048
1.102360
0.912321
0.665743
0.762763
0.927486
0.646979
0.664200
0.971876
0.875896
1.020382
0.739044
0.682701
0.944016
0.960770
0.729989
0.702610
0.871444
0.935217
0.824567
0.804949
0.943766
1.185810
0.662153
0.787795
0.731486
0.905722
0.968221
0.822833
0.827917
0.840627
0.840067
0.853695
0.577392
0.680138
0.869926
0.940540
0.673424
0.819293
0.764713
0.897433
0.767944
1.065782
0.763260
0.887812
0.905639
0.889867
0.896034
0.778724
0.805234
0.815011
0.791662
0.721261
0.972773
0.847698
0.889997
0.809842
1.050553
0.782954
0.654355
0.930306
0.971924
1.036199
0.812021
0.708788
0.715961
1.185717
0.904998
0.720448
0.742361
0.829202
0.920369
0.821166
0.762625
0.757680
0.682293
0.882555
1.012499
0.990233
0.865476
0.721960
0.721205
0.746629
1.032887
0.940777
0.915353
0.737469
0.732450
0.680819
0.712053
0.832787
0.689026
0.798145
0.884073
0.868161
1.101302
0.937130
0.796276
0.552459
0.718597
0.855699
1.286398
0.969964
0.724931
0.733546
0.912032
0.682839
0.923784
0.750747
0.668794
0.904711
0.873078
0.732074
0.964438
0.940114
0.887878
0.937848
0.747671
0.766329
0.934536
0.892992
0.826923
0.650700
1.084453
0.894430
0.796046
0.504257
0.783325
0.923179
0.695819
0.813897
0.898895
0.917345
0.927108
0.631936
0.785385
1.095702
1.012753
0.876673
0.814447
0.670859
0.905683
0.831183
0.957515
0.742892
0.843162
0.711195
0.798263
0.916670
0.803719
0.684515
0.860979
1.020129
0.990488
0.915254
0.622516
0.859475
0.913386
0.854692
0.668760
0.710080
0.709391
0.791383
0.873335
0.826882
0.769860
0.673390
0.811569
0.968775
0.873034
0.709983
0.670047
0.808300
0.748349
1.035082
0.913486
0.845516
0.673926
0.633561
0.712233
0.904440
0.910482
0.820944
0.750312
0.777155
0.764224
0.898413
0.848386
0.710245
0.595128
0.685104
1.131475
0.868147
0.640839
0.879239
0.851249
0.970365
0.810774
0.642754
0.726245
0.798213
0.838876
0.954823
0.897739
0.646174
0.697592
0.871413
0.882994
0.753006
0.913160
0.745192
0.745576
0.741793
0.720099
0.856078
0.682069
0.897085
1.033264
0.719280
0.667831
0.694815
0.690704
0.809056
0.934481
0.957223
1.214695
0.834712
0.603024
0.624256
1.117837
0.841987
0.839673
0.679040
0.840546
0.806631
0.845731
0.696883
0.745595
0.739730
0.921679
0.881770
0.619202
0.716970
0.775122
1.102161
0.931625
0.808939
0.622984
0.868679
0.839516
0.754250
0.880761
0.870527
0.529814
0.776953
0.941259
0.796705
0.914490
0.675197
0.643314
0.932716
1.046364
0.705808
0.703665
0.646411
1.085615
1.004858
0.749178
0.743162
0.717572
0.821618
0.789660
0.623326
0.721550
0.696027
1.074393
1.146104
0.881888
0.714712
0.608907
0.861030
0.974021
1.117474
0.975214
0.802522
0.578686
0.732747
0.966143
0.944796
0.775591
0.859607
0.929298
0.877182
0.820781
0.783288
0.637325
0.844232
0.837264
0.979124
0.773462
0.714111
0.676000
0.689450
0.600700
0.802980
0.819327
0.966271
0.784477
0.569826
0.661298
0.837022
0.807204
0.935839
0.697596
0.727380
0.667304
0.734672
0.735196
0.920426
0.912309
0.845140
0.834133
0.758610
0.652811
0.726139
0.715838
0.634363
0.715362
0.827592
1.110330
0.894589
0.932647
0.657595
0.756524
0.761929
0.868548
0.717466
0.945696
0.666537
0.604082
0.729840
0.626429
0.807895
0.966092
0.812224
0.758269
0.678430
0.641816
0.796793
0.754488
0.745144
0.875214
0.757052
1.029197
0.776507
0.642105
0.665538
0.768672
0.934680
0.850389
0.883637
0.812537
0.782652
0.719463
0.832181
0.953662
0.688984
0.652491
0.777149
0.980222
0.789073
0.783715
0.746141
0.740224
0.813256
0.694986
0.770479
0.949200
0.924771
0.638420
0.550586
0.783074
0.677803
0.800841
0.849623
0.567079
0.921137
0.773182
0.635203
0.752188
0.784926
0.973447
0.756107
0.591131
0.905226
0.934446
0.973042
0.603004
0.565652
0.858622
0.823339
0.730928
0.852130
0.917813
0.952399
0.787885
0.551478
0.677272
0.781860
0.672082
0.754192
0.746043
0.777204
0.837453
0.819498
0.822554
0.612840
0.768690
0.793538
0.794150
0.775170
0.698455
0.822093
0.826049
0.736727
0.631214
0.769109
0.914588
0.751105
0.741552
0.819063
0.651533
0.716961
0.666155
0.878904
0.694436
0.699083
0.615361
0.809923
1.078095
0.736178
0.648358
0.827715
0.802299
0.914199
0.658399
0.664004
0.701754
0.552118
0.692687
0.727131
0.854183
0.996440
0.824760
0.627664
0.594230
0.720131
0.913911
0.905394
0.898029
0.710017
0.652863
0.751061
0.695385
0.714349
0.746978
0.887869
0.807789
0.579722
0.803811
0.877853
0.689786
0.679017
0.871270
0.884915
0.810129
0.801079
0.701544
0.800393
0.936519
0.739187
0.670754
0.698519
0.661060
0.663270
0.766249
0.862735
0.764128
0.585566
0.894137
0.738888
0.689834
0.882582
1.009540
0.750528
0.728299
0.587219
0.696653
0.683591
0.797734
0.679816
0.802244
0.807435
0.759759
0.657711
0.663389
0.651831
0.852343
0.746849
0.794189
0.798186
0.987937
0.677665
0.574644
0.765410
0.722879
0.758803
0.690865
0.775421
0.784320
0.980405
0.593685
0.702514
0.749120
0.938128
0.797360
0.548861
0.775786
0.941091
0.783678
0.657531
0.726792
0.687530
0.793037
0.792921
0.573457
0.718694
0.714555
0.675070
0.705352
0.901597
0.793423
0.517169
0.515578
0.706824
0.756130
0.863608
0.848061
0.739027
0.796288
0.808871
0.815484
0.674700
0.665332
0.707388
0.710373
0.711639
0.817279
0.866503
0.620540
0.811042
0.678425
0.708271
0.820754
0.710787
0.828357
0.824288
0.647118
0.714470
0.744604
0.818992
0.596874
0.688201
1.002895
0.760721
0.564291
0.648644
0.874887
0.953312
0.967045
0.716929
0.584901
0.495981
0.721107
0.877094
0.759109
0.979482
0.634386
0.758845
0.664045
0.581431
0.737993
0.666473
0.852964
0.535632
0.666532
0.911955
1.095449
0.704104
0.443333
0.689336
1.013980
0.953472
0.754492
0.495128
0.740902
0.769501
0.709094
0.611735
0.882970
0.633078
0.721407
0.849916
0.617408
0.728005
0.624352
0.720778
0.872457
0.967955
0.742477
0.752019
0.659086
0.704204
0.776153
0.744165
0.608735
0.699467
0.775053
0.708647
0.547039
0.607131
0.759657
0.886720
0.607736
0.779044
0.654254
0.619434
0.835949
0.676754
0.598045
0.638194
0.966904
0.721947
0.710239
0.911116
0.843831
0.657460
0.623872
0.749297
0.955873
0.788353
0.491937
0.638457
0.808647
0.648214
0.768215
0.694067
0.728826
0.846903
0.705941
0.598580
0.804520
0.777633
0.713104
0.532857
0.778701
0.847959
0.677170
0.666636
0.669390
0.653034
0.927166
0.775655
0.776142
0.661291
0.817280
0.755125
0.586414
0.602723
0.667695
0.756223
0.807641
0.805154
0.751918
0.516157
0.773258
0.672903
0.678770
0.774492
0.762542
0.598792
0.782708
0.649295
0.833674
0.621664
0.637159
0.821145
0.827884
0.827195
0.635603
0.540375
0.793172
0.955096
0.744145
0.685718
0.699896
0.679707
0.792778
0.947354
0.606266
0.635093
0.602480
0.685102
0.807488
1.110614
0.643285
0.466133
0.596756
0.687095
0.894110
0.776211
0.727908
0.586525
0.579394
0.660572
0.753601
0.691682
0.656657
0.701655
0.693051
0.624780
0.728634
0.556895
0.780077
0.726710
0.514118
0.812974
0.959691
0.677046
0.711620
0.710101
0.915686
0.680067
0.784989
0.691357
0.656235
0.550268
0.647101
0.857267
0.776285
0.783018
0.707871
0.614465
0.732767
0.845764
0.784330
0.767381
0.652055
0.699993
0.671489
0.682515
0.783039
0.567492
0.627786
0.629883
0.914561
0.827062
0.548593
0.598247
0.721829
0.831250
1.044709
0.789767
0.535693
0.498574
0.728770
0.904500
0.549626
0.758116
0.870553
0.742779
0.681683
0.773045
0.836096
0.703086
0.485117
0.690909
0.644022
0.854208
0.707327
0.746413
0.542429
0.704776
0.815093
0.683962
0.955091
0.786270
0.686823
0.604337
0.635193
0.661859
0.854377
0.839190
0.571759
0.535793
0.668471
0.704738
0.708650
0.709013
0.551386
0.782094
0.964729
0.924467
0.593455
0.547155
0.654084
0.796959
0.964818
0.661022
0.844772
0.500227
0.873463
0.661933
0.632195
0.701628
0.692425
0.522227
0.584787
0.753275
0.687053
0.786335
0.749177
0.629309
0.527120
0.615885
0.767983
0.905129
0.868730
0.582159
0.726062
0.751545
0.889485
0.792781
0.702791
0.791912
0.740402
0.769938
0.725479
0.760390
0.654775
0.588516
0.592403
0.572898
0.848868
0.937936
0.721720
0.590279
0.806283
0.809178
0.622941
0.652615
0.563257
0.594313
0.712707
0.839792
0.663470
0.682659
0.663652
0.762477
0.746291
0.637925
0.650083
0.761213
0.652823
0.510814
0.643928
0.594607
0.937430
0.624860
0.719463
0.835942
0.716364
0.695500
0.602708
0.339136
0.861676
0.775024
0.710221
0.785749
0.487836
0.596596
0.951659
0.852093
0.805749
0.638483
0.542916
0.637141
0.655668
0.638601
0.677462
0.706895
0.726867
0.873045
0.978799
0.610557
0.523817
0.655018
0.800062
0.944382
0.535303
0.563649
0.720814
0.501919
0.715700
0.766110
0.684250
0.569349
0.471547
0.557023
0.705224
0.769582
0.797107
0.733631
0.588143
0.589455
0.790493
0.953099
0.749181
0.709880
0.539370
0.692309
0.756550
0.898661
0.701089
0.700304
0.612960
0.626619
0.762964
0.769585
0.726792
0.779814
0.637284
0.681833
0.451561
0.686266
0.658841
0.566702
0.825816
0.472247
0.690783
0.696981
0.711903
0.721947
0.649965
0.682319
0.778987
0.646453
0.741663
0.768247
0.606080
0.616035
0.699529
0.664624
0.619550
0.701205
0.808142
0.706819
0.551330
0.585945
0.666360
0.748052
0.634824
0.821651
0.629032
0.488344
0.526431
0.638405
0.731848
0.986200
0.476065
0.657005
0.658533
0.814147
0.752645
0.930791
0.616389
0.599462
0.799677
0.606942
0.620252
0.705302
0.646614
0.623201
0.702361
0.567613
0.549527
0.828842
0.677571
0.786694
0.641573
0.520571
0.640136
0.781232
0.845431
0.792771
0.552708
0.552164
0.682664
0.799735
0.719973
0.695399
0.543916
0.867399
0.616901
0.703104
0.658849
0.552871
0.778294
0.742260
0.629658
0.530559
0.716107
0.649097
0.685001
0.692812
0.600810
0.720091
0.822020
0.593851
0.630378
0.522784
0.685489
0.637282
0.587196
0.686830
0.845166
0.787921
0.479238
0.730839
0.863831
0.619052
0.849749
0.788581
0.699864
0.735124
0.786575
0.821011
0.657182
0.602867
0.608784
0.803469
0.690625
0.704438
0.608515
0.661746
0.650078
0.591901
0.866712
0.695648
0.510028
0.622075
0.766623
0.784850
0.682162
0.765871
0.482429
0.675741
0.637844
0.870779
0.671714
0.427217
0.659819
0.969550
0.677213
0.458122
0.583799
0.758846
0.846949
0.722147
0.621657
0.498137
0.664951
0.677539
0.683713
0.708894
0.534628
0.613774
0.760069
0.593943
0.547052
0.699648
0.854317
0.763209
0.622965
0.680139
0.596917
0.972436
0.779561
0.711060
0.713573
0.552094
0.580529
0.692716
0.695079
0.700545
0.757713
0.580419
0.486091
0.510565
0.644795
0.910586
0.683794
0.745499
0.672306
0.592632
0.660357
0.606192
0.523062
0.508198
0.644999
0.742650
0.580914
0.599447
0.689636
0.748758
0.566838
0.802747
0.788420
0.645073
0.406619
0.655440
0.712553
0.748106
0.645916
0.617211
0.550521
0.532794
0.881716
0.620169
0.596315
0.373954
0.891367
0.755888
0.642388
0.543114
0.601901
0.504148
0.545977
0.613661
0.842134
0.648373
0.538334
0.478922
0.692583
0.887510
0.637803
0.540658
0.672655
0.867932
0.904478
0.612370
0.567289
0.590230
0.697993
0.567840
0.641697
0.671897
0.688584
0.525025
0.797539
0.778418
0.705825
0.651640
0.613062
0.600311
0.666582
0.651537
0.647215
0.676886
0.713868
0.649713
0.877138
0.661567
0.439747
0.444843
0.703419
0.828032
0.958029
0.499349
0.531325
0.445045
0.856860
0.809106
0.752043
0.647510
0.502229
0.651790
0.771152
0.800996
0.885207
0.671357
0.665773
0.605120
0.623899
0.527798
0.724272
0.648118
0.580999
0.590798
0.719890
0.693055
0.554140
0.514637
0.824753
0.637803
0.656231
0.870697
0.705447
0.692810
0.636854
0.582267
0.588316
0.680379
0.672559
0.665554
0.566605
0.511101
0.704311
0.584913
0.689896
0.557945
0.763130
0.693236
0.599293
0.696314
0.668030
0.719776
0.693472
0.644267
0.691372
0.622898
0.525736
0.717611
0.593689
0.648059
0.637727
0.565946
0.587853
0.826524
0.584405
0.485466
0.577724
0.624370
0.911306
0.841560
0.671055
0.488061
0.595835
0.831041
0.631688
0.595913
0.534884
0.886583
0.652070
0.644072
0.475239
0.546665
0.570346
0.685246
0.786586
0.599797
0.644661
0.531378
0.545777
0.743667
0.638910
0.602096
0.616130
0.519830
0.520545
0.578794
0.672089
0.573011
0.659974
0.684361
0.566275
0.676392
0.587991
0.660251
0.589752
0.846113
0.596101
0.561993
0.695029
0.634145
0.962066
0.558372
0.485869
0.560230
0.864645
1.185613
0.644023
0.517676
0.581254
0.803267
0.679479
0.559726
0.604361
0.605444
0.688733
0.626961
0.634328
0.473884
0.616728
0.566927
0.764155
0.657456
0.561192
0.486109
0.580640
0.586773
0.925264
0.591728
0.495914
0.523007
0.644448
0.547010
0.628428
0.830268
0.699159
0.499552
0.734647
0.640004
0.758720
0.846640
0.531218
0.374702
0.785171
0.878196
0.681154
0.528379
0.455170
0.473902
0.496080
0.690418
0.794247
0.602811
0.510540
0.612364
0.572711
0.738470
0.784015
0.931055
0.511237
0.588906
0.483386
0.696562
0.716077
0.712943
0.573708
0.582426
0.770431
0.585064
0.665644
0.459550
0.649208
0.622804
0.803559
0.688740
0.567262
0.672677
0.859687
0.629437
0.526784
0.710052
0.717479
0.758042
0.551171
0.525132
0.591044
0.449775
0.836682
0.556376
0.695517
0.681368
0.480656
0.516214
0.748171
0.661821
0.731293
0.598830
0.337314
0.590092
0.641617
0.752298
0.583670
0.569759
0.666222
0.681245
0.800977
0.519378
0.474951
0.584656
0.674012
0.627914
0.718896
0.671635
0.577930
0.617325
0.411008
0.630969
0.779883
0.509287
0.584196
0.599166
0.585934
0.640736
0.732922
0.574977
0.634652
0.536392
0.515530
0.865088
0.774883
0.756201
0.650579
0.477493
0.390471
0.875518
0.689947
0.604096
0.504725
0.588097
0.681289
0.713140
0.630721
0.599574
0.453439
0.614196
0.617266
0.648599
0.542025
0.573261
0.769721
0.637689
0.674165
0.649908
0.568876
0.655987
0.528814
0.634015
0.562842
0.514553
0.494140
0.714925
0.723720
0.642894
0.502372
0.756165
0.711521
0.543245
0.507892
0.588273
0.625856
0.543913
0.636782
0.692843
0.591036
0.511518
0.720303
0.494930
0.526346
0.597280
0.839396
0.554430
0.663733
0.589933
0.679357
0.537975
0.453599
0.498217
0.856599
0.776745
0.503252
0.474970
0.467775
0.726728
0.796884
0.711822
0.536429
0.567136
0.612162
0.629262
0.711927
0.534720
0.568687
0.556172
0.643161
0.782221
0.777042
0.438826
0.477721
0.467017
0.626966
0.689027
0.612431
0.639653
0.499531
0.625390
0.585565
0.585079
0.859487
0.567159
0.465504
0.555641
0.726235
0.800062
0.685324
0.438780
0.482432
0.823977
0.840202
0.625443
0.646765
0.627105
