2.305411
2.306005
2.300980
2.301604
2.302805
2.303864
2.307436
2.303912
2.312298
2.304436
2.308819
2.313997
2.310033
2.307629
2.305942
2.312481
2.308784
2.313117
2.321510
2.320198
2.331834
2.317430
2.331200
2.336621
2.313448
2.324461
2.322534
2.327498
2.325582
2.300021
2.296210
2.328157
2.304443
2.334893
2.310525
2.310129
2.310333
2.307693
2.276812
2.270178
2.257230
2.258724
2.249079
2.228377
2.228296
2.200275
2.193809
2.171414
2.175862
2.174766
2.152806
2.151588
2.130051
2.136437
2.104256
2.117296
2.130202
2.110485
2.092821
2.130085
2.136174
2.140694
2.127878
2.129640
2.114845
2.106971
2.077021
2.069425
1.994927
2.017935
1.968615
1.961257
1.985171
1.955802
1.937043
1.886432
1.917395
1.947172
1.926653
1.942230
1.969755
1.969901
2.040575
2.063820
2.076552
2.095421
2.062577
2.105503
2.100634
2.095702
2.080736
2.004654
2.032895
2.039356
1.987013
2.043008
2.033135
2.083882
2.076221
1.994047
2.004546
1.989482
1.939940
1.917936
1.951791
1.903559
1.877144
1.886852
1.891109
1.859311
1.853577
1.807118
1.821316
1.910022
1.869742
1.866184
1.786910
1.881472
1.901168
1.828443
1.856023
1.908981
1.853688
1.873292
1.832383
1.902318
1.816877
1.900797
1.854497
1.900997
1.863820
1.860422
1.845617
1.884012
1.873416
1.830232
1.833347
1.833485
1.827351
1.849666
1.853803
1.822753
1.804825
1.831815
1.834735
1.795151
1.809372
1.826715
1.813067
1.839004
1.826728
1.847147
1.789959
1.835788
1.816673
1.782073
1.799579
1.868058
1.821029
1.798338
1.790472
1.800066
1.794374
1.823409
1.831089
1.775943
1.760168
1.795350
1.804999
1.784468
1.785023
1.817241
1.803909
1.824088
1.790076
1.802282
1.791209
1.795368
1.807853
1.779645
1.782109
1.801342
1.829874
1.786451
1.789706
1.821372
1.794016
1.861305
1.790425
1.778333
1.780854
1.826755
1.794828
1.789521
1.778023
1.759297
1.775845
1.777395
1.758703
1.802853
1.791669
1.795773
1.774718
1.774307
1.734296
1.802642
1.755604
1.810284
1.804373
1.778671
1.795979
1.789263
1.767881
1.804111
1.795556
1.801042
1.803643
1.779126
1.789114
1.760069
1.767111
1.779211
1.735291
1.753206
1.761710
1.771718
1.775591
1.759572
1.787061
1.813035
1.764497
1.791863
1.713195
1.788609
1.805692
1.774815
1.762226
1.812745
1.774128
1.768389
1.797654
1.762270
1.731496
1.727765
1.763475
1.725544
1.792294
1.714632
1.733278
1.725706
1.755538
1.791602
1.762055
1.743210
1.757245
1.746743
1.781974
1.738579
1.743691
1.800498
1.751937
1.787202
1.728787
1.730847
1.710689
1.699861
1.717692
1.732771
1.733266
1.752753
1.753441
1.781324
1.778674
1.724488
1.721974
1.737864
1.748378
1.764823
1.762748
1.722204
1.718176
1.758374
1.683346
1.755001
1.768498
1.721283
1.762580
1.726108
1.727936
1.758278
1.764148
1.760669
1.738453
1.727930
1.716673
1.741072
1.747735
1.772105
1.739463
1.754984
1.729325
1.735120
1.745618
1.754479
1.721864
1.744087
1.747043
1.711667
1.739129
1.698910
1.730209
1.736295
1.751767
1.727142
1.707131
1.722829
1.727481
1.724348
1.724362
1.732666
1.754279
1.767901
1.740044
1.777464
1.740515
1.726634
1.692438
1.718394
1.768898
1.732457
1.754270
1.715446
1.715688
1.758140
1.715062
1.708116
1.760241
1.696935
1.711716
1.733843
1.704005
1.782090
1.689964
1.706272
1.738326
1.699765
1.703058
1.766027
1.684211
1.718610
1.717525
1.729930
1.747302
1.750721
1.710854
1.727225
1.718917
1.722299
1.728385
1.723891
1.731146
1.764010
1.714990
1.741230
1.685482
1.723780
1.705863
1.746984
1.711452
1.685733
1.715250
1.724865
1.758600
1.726783
1.687642
1.675287
1.721806
1.700116
1.712589
1.740332
1.724784
1.713367
1.677549
1.699335
1.687930
1.686836
1.677795
1.703004
1.675062
1.742625
1.694113
1.749626
1.687353
1.732026
1.724914
1.721463
1.727715
1.686540
1.709443
1.697007
1.741267
1.721221
1.723220
1.696978
1.709570
1.722230
1.738289
1.691363
1.720282
1.727934
1.719730
1.707932
1.706761
1.743237
1.685974
1.687119
1.715722
1.685521
1.690221
1.711058
1.692154
1.688924
1.700078
1.698708
1.713899
1.721996
1.706061
1.731631
1.703197
1.685343
1.650359
1.700399
1.700382
1.692968
1.687421
1.729949
1.678550
1.698892
1.665209
1.706137
1.687996
1.711526
1.726041
1.665161
1.697803
1.739461
1.708336
1.716434
1.689417
1.720126
1.694437
1.705123
1.680655
1.720936
1.709388
1.665780
1.653034
1.711760
1.713064
1.675407
1.679873
1.687888
1.692327
1.696022
1.710950
1.694272
1.684122
1.664721
1.688561
1.763789
1.680034
1.677967
1.661677
1.665134
1.734643
1.676693
1.694524
1.669910
1.674340
1.705336
1.701236
1.708102
1.672680
1.732513
1.716015
1.712140
1.680652
1.698087
1.716810
1.655250
1.698256
1.709067
1.670855
1.690074
1.662709
1.698489
1.669186
1.663914
1.688422
1.690624
