2.300756
2.303665
2.289931
2.285180
2.282138
2.273960
2.283666
2.267630
2.232204
2.215492
2.248669
2.173102
2.172877
2.183025
2.135614
2.071398
2.038803
1.961063
1.980328
1.914820
1.916245
1.809761
1.858106
1.782591
1.763466
1.753442
1.780920
1.735021
1.704031
1.703475
1.686521
1.665488
1.659690
1.679691
1.667412
1.677092
1.632710
1.666638
1.639240
1.654299
1.686534
1.615308
1.647531
1.623377
1.632858
1.588151
1.610358
1.634749
1.610347
1.603547
1.592831
1.593155
1.599958
1.591984
1.608227
1.593846
1.587380
1.594254
1.590222
1.577159
1.623284
1.585450
1.603351
1.620321
1.591331
1.568231
1.578209
1.575377
1.596111
1.555188
1.585816
1.588122
1.536388
1.581621
1.590876
1.584983
1.602459
1.557814
1.549893
1.555332
1.556027
1.575600
1.572331
1.578577
1.607705
1.568327
1.575280
1.564417
1.561092
1.545948
1.604409
1.575758
1.541845
1.559002
1.596316
1.551942
1.552926
1.551487
1.559700
1.570606
1.562416
1.562946
1.532538
1.552870
1.570833
1.603262
1.570372
1.531781
1.537843
1.544183
1.563812
1.570518
1.538423
1.552879
1.547402
1.585866
1.577145
1.580854
1.539751
1.548827
1.561842
1.547356
1.579338
1.546893
1.553908
1.545288
1.560610
1.551687
1.554392
1.562604
1.551875
1.573136
1.537037
1.566252
1.534322
1.574745
1.546837
1.546508
1.540264
1.538677
1.544975
1.538037
1.533313
1.539414
1.522254
1.542174
1.539000
1.533747
1.552315
1.534894
1.545175
1.506052
1.562838
1.541188
1.570198
1.522688
1.534186
1.544071
1.536060
1.537240
1.567452
1.531528
1.549102
1.529739
1.529622
1.548215
1.529453
1.548605
1.525249
1.531653
1.540598
1.550717
1.572742
1.544668
1.521339
1.531173
1.542867
1.529835
1.525610
1.541696
1.553497
1.539180
1.532479
1.543120
1.522321
1.519050
1.534059
1.540102
1.536183
1.569584
1.551638
1.553008
1.558412
1.532932
1.513150
1.517117
1.525059
1.540429
1.520264
1.511950
1.551643
1.552544
1.564133
1.516894
1.528588
1.520718
1.528223
1.531095
1.521613
1.548315
1.513422
1.535950
1.537151
1.521034
1.545144
1.524827
1.517867
1.527938
1.546125
1.526664
1.540444
1.529595
1.523045
1.532016
1.516823
1.555984
1.529013
1.521517
1.531902
1.524346
1.518848
1.537892
1.508181
1.527355
1.528529
1.533182
1.525060
1.538901
1.513862
1.511895
1.523509
1.536009
1.525513
1.504896
1.542544
1.516539
1.510509
1.526783
1.515105
1.518378
1.524256
1.529781
1.529838
1.521788
1.513257
1.549846
1.519639
1.517019
1.515659
1.530020
1.523902
1.514170
1.523533
1.563548
1.531606
1.528198
1.518321
1.514583
1.522406
1.513684
1.500267
1.523764
1.547239
1.528001
1.521452
1.518493
1.553859
1.528985
1.518825
1.530984
1.530402
1.522103
1.510239
1.514612
1.511792
1.511034
1.504462
1.509950
1.556187
1.497837
1.532825
1.530240
1.517344
1.522094
1.523747
1.513489
1.517543
1.499233
1.506665
1.499730
1.537307
1.506316
1.510398
1.516185
1.517165
1.527648
1.508478
1.485441
1.524418
1.514199
1.514404
1.526908
1.523242
1.503634
1.532724
1.523787
1.533415
1.515542
1.509458
1.519235
1.523272
1.501794
1.512941
1.508502
1.517831
1.511783
1.491284
1.519636
1.516713
1.524650
1.521372
1.512885
1.513505
1.510940
1.513117
1.501260
1.521855
1.524291
1.545144
1.511806
1.495334
1.494143
1.511285
1.507182
1.509833
1.520282
1.511973
1.518471
1.537007
1.521300
1.510423
1.517202
1.505714
1.537226
1.492896
1.508213
1.494723
1.512776
1.521034
1.511429
1.508959
1.512171
1.512190
1.508417
1.499633
1.509396
1.511900
1.533519
1.491731
1.523409
1.495173
1.502727
1.522537
1.506461
1.503579
1.518946
1.501951
1.500338
1.527774
1.524469
1.503616
1.515911
1.497517
1.490275
1.503050
1.504117
1.494471
1.533346
1.500869
1.498593
1.499723
1.508291
1.493582
1.509863
1.499117
1.513358
1.523243
1.513961
1.524257
1.516481
1.515666
1.511952
1.487759
1.500519
1.522420
1.505955
1.514366
1.491951
1.516513
1.519666
1.499314
1.523150
1.504677
1.504351
1.517376
1.498601
1.500092
1.496723
1.533435
1.498625
1.527432
1.489181
1.515380
1.518788
1.498092
1.529230
1.514739
1.495025
1.505781
1.508862
1.499646
1.515266
1.504340
1.502736
1.497969
1.509522
1.502469
1.491439
1.502125
1.505875
1.499129
1.516180
1.487365
1.504528
1.493820
1.501119
1.518923
1.515411
1.494756
1.497289
1.514717
1.496541
1.501020
1.489170
1.508601
1.512185
1.502453
1.510633
1.501411
1.492755
1.501556
1.502197
1.498920
1.486622
1.498590
1.485856
1.505608
1.515978
1.520521
1.520266
1.506736
1.498991
1.513320
1.483067
1.493921
1.506740
1.503425
1.506919
1.532219
1.508343
1.505562
1.491104
1.506488
1.491650
1.519964
1.496746
1.499859
1.497377
1.508201
1.509293
1.487141
1.490012
1.496143
1.501820
1.501672
1.493532
1.513040
1.494178
1.514569
1.506966
