2.302857
2.305589
2.302330
2.297784
2.301442
2.306054
2.302833
2.303569
2.304639
2.293014
2.276580
2.262891
2.266835
2.252575
2.235220
2.203477
2.159644
2.117239
2.127432
2.124957
2.139628
2.122528
2.140919
2.137625
2.172068
2.203021
2.132705
2.090758
2.095603
2.276335
2.426631
2.414985
2.392515
2.343024
2.216681
2.123206
2.109337
2.157751
2.094154
2.040985
2.059119
2.065693
2.084442
2.111536
2.205246
2.186911
2.163568
2.168339
2.134816
2.004063
1.951190
1.930100
1.965860
2.034863
2.055807
2.144920
2.157392
2.137851
2.161924
2.104404
2.161590
2.177095
2.170779
2.174356
2.183537
2.189993
2.105536
2.070000
2.086418
2.038490
2.103485
2.033514
2.158488
2.080935
2.129339
2.040466
2.062109
2.124086
2.092610
2.195957
2.141769
2.186960
2.133835
2.110528
2.064657
2.098554
2.096356
2.105460
2.082120
2.043498
2.091423
2.043489
2.042838
2.073655
1.982241
2.016328
2.001954
2.033972
2.002337
2.012941
2.022647
2.048513
2.044772
2.075173
2.101056
2.109828
2.120455
2.105293
2.089472
2.087689
2.049267
2.032473
2.024765
2.008386
1.982384
1.987840
1.958837
1.947515
1.971638
1.987266
1.960361
2.008123
1.917307
1.937426
1.957437
2.004661
1.967952
1.992769
2.014577
2.037410
2.065277
2.064879
2.050462
2.092319
2.078583
2.089880
2.120077
2.090740
2.126793
2.115529
2.137036
2.130152
2.130079
2.142552
2.124285
2.176913
2.146662
2.132859
2.164135
2.158429
2.141320
2.084234
2.146993
2.097308
2.125447
2.066667
2.028092
2.071923
2.067710
2.056182
2.055799
2.039110
2.000460
2.042896
1.995334
2.014873
2.025728
2.097407
2.043619
2.048152
2.024343
2.011230
2.037081
1.989691
1.960889
1.976955
2.003369
1.986117
2.006171
2.026569
1.974905
1.959505
1.962329
1.951735
1.922069
1.926444
1.906635
1.949036
1.969386
1.948025
1.964192
1.944288
2.024872
1.919674
1.964812
1.958050
1.911941
1.891054
2.000824
1.911793
1.931680
1.899618
1.913186
1.862874
1.929767
1.911324
1.919897
1.935198
1.985322
1.947707
1.973251
2.041739
2.033094
2.169168
2.114228
2.104870
2.146797
2.088706
2.149144
2.133496
2.072053
2.023000
2.027046
1.968673
1.895432
1.873565
1.833122
1.803805
1.865591
1.839439
1.885087
1.865211
1.862487
1.898161
1.953116
1.948135
1.944667
1.939124
1.925802
1.979149
1.980122
1.959859
1.957932
1.976505
1.984748
1.947969
1.973182
1.951077
1.995720
1.929171
1.922799
1.891515
1.940012
1.900272
1.905011
1.901126
1.944700
1.966942
2.011977
2.025146
2.011960
2.049953
2.113564
2.059608
2.215084
2.080065
2.092617
2.161610
2.124975
2.164284
2.150800
2.120747
2.123248
2.066262
1.994871
1.823371
1.811777
1.782080
1.900556
1.897818
1.950605
1.976328
2.009376
2.124362
2.048684
2.038924
2.048250
2.106425
2.055985
2.016047
2.090878
2.120046
2.083495
2.106331
2.123510
2.123134
2.125796
2.188873
2.089577
2.136333
2.074792
2.153363
2.126500
2.117817
2.100313
2.117428
2.136472
2.174492
2.148205
2.160391
2.126205
2.129302
2.162224
2.117677
2.073430
2.115526
2.049006
2.089831
2.092905
2.072379
2.062408
2.103044
2.016791
1.878084
1.719224
1.712431
1.703182
1.654699
1.621011
1.663304
1.659899
1.678969
1.678453
1.626963
1.643633
1.677752
1.657621
1.725635
1.725685
1.749293
1.747557
1.651375
1.748035
1.718490
1.762460
1.693055
1.760722
1.731088
1.657095
1.662714
1.639025
1.636423
1.599741
1.633042
1.590179
1.623070
1.628014
1.599120
1.624888
1.600580
1.611031
1.650107
1.578180
1.613368
1.595274
1.617163
1.596174
1.586369
1.623712
1.620113
1.629135
1.637630
1.634365
1.618981
1.632941
1.652340
1.643503
1.677278
1.594170
1.656867
1.643950
1.613034
1.583306
1.626158
1.607697
1.585166
1.637787
1.652930
1.604274
1.607868
1.614985
1.651433
1.632256
1.616359
1.610513
1.585156
1.634102
1.592304
1.644402
1.653206
1.573476
1.661776
1.606509
1.570902
1.648989
1.620932
1.586151
1.629137
1.583601
1.607645
1.604052
1.657310
1.579059
1.587314
1.605974
1.610254
1.607007
1.544817
1.587379
1.596144
1.572053
1.656247
1.627010
1.575902
1.598318
1.583509
1.625963
1.598288
1.583222
1.567558
1.642228
1.592390
1.622021
1.583586
1.641812
1.608417
1.581334
1.645922
1.591301
1.610523
1.605866
1.583485
1.615200
1.640245
1.602949
1.601049
1.596029
1.612708
1.587703
1.621091
1.608865
1.579148
1.637139
1.565242
1.659914
1.631086
1.578640
1.582667
1.601162
1.575079
1.595236
1.603096
1.588656
1.639179
1.589188
1.598946
1.586922
1.612578
1.591479
1.604713
1.645558
1.606918
1.575714
1.615722
1.556432
1.613416
1.623584
1.564422
1.608827
1.608595
1.613739
1.627763
1.598753
1.641481
1.584062
1.567037
1.659157
1.637514
1.588853
1.638644
1.582493
1.597589
1.579304
1.615254
1.565776
1.598556
1.616684
1.625091
1.582000
1.560540
