2.305111
2.303214
2.302971
2.301566
2.303872
2.303138
2.302137
2.301776
2.308080
2.287184
2.268398
2.307043
2.336277
2.358132
2.376901
2.420212
2.435663
2.448063
2.472774
2.418458
2.288341
2.200045
2.089216
1.962490
1.993274
2.016390
1.988539
1.991822
2.012454
1.990057
1.998329
2.036816
2.094178
2.142513
2.178064
2.130807
2.118360
2.133699
2.275270
2.329100
2.291907
2.227224
2.141787
2.064174
1.971495
1.908030
1.863566
1.866569
1.864053
1.876029
1.829987
1.817639
1.858196
1.875254
1.921701
2.136625
2.302037
2.359904
2.319587
2.374505
2.341043
2.282028
2.329941
2.291211
2.240479
2.212498
2.125700
2.090925
2.065671
1.966004
1.848853
1.824824
1.730733
1.719707
1.724906
1.734228
1.741920
1.698536
1.764590
1.806972
1.861152
1.854467
1.991761
2.154138
2.204147
2.250715
2.225986
2.278842
2.237427
2.273107
2.236043
2.132803
2.117976
2.054038
2.027629
2.070735
2.161930
2.174358
2.174742
2.127245
2.184917
2.243779
2.274924
2.321470
2.311463
2.270646
2.346543
2.296553
2.292905
2.266235
2.254896
2.256465
2.250372
2.262842
2.217448
2.198696
2.196667
2.185440
2.186862
2.229402
2.237044
2.202717
2.196112
2.090794
2.096027
2.068161
1.955091
1.984532
1.963177
2.073785
2.077069
1.997307
2.061829
2.100254
2.161133
2.173069
2.169079
2.227904
2.255684
2.214926
2.215660
2.288356
2.248380
2.212425
2.290553
2.281857
2.197667
2.253749
2.218790
2.302805
2.207394
2.306608
2.239561
2.279474
2.243778
2.205733
2.233080
2.208389
2.180916
2.185444
2.141855
2.116235
2.149328
2.190267
2.234714
2.221499
2.170811
2.253063
2.205968
2.201414
2.283742
2.209570
2.179019
2.281104
2.240734
2.165974
2.221589
2.213184
2.223315
2.214703
2.148388
2.193441
2.134108
2.193091
2.220505
2.167853
2.154665
2.198394
2.218798
2.093269
2.198650
2.243274
2.246404
2.253657
2.205851
2.220225
2.224701
2.245398
2.261449
2.171164
2.163058
2.145663
2.195357
2.129168
2.164941
2.059838
2.085711
2.118817
2.119751
1.910061
1.941790
1.934267
1.978928
2.101249
2.132507
2.222528
2.185256
2.204788
2.226435
2.155999
2.139422
2.117110
2.105933
2.088444
2.091019
2.083790
2.091829
2.067277
2.126194
2.123825
2.154397
2.115871
2.191106
2.172465
2.191876
2.204580
2.200282
2.210676
2.138692
2.192362
2.208660
2.218528
2.136929
2.237182
2.222273
2.135580
2.258514
2.149346
2.179684
2.194492
2.210643
2.178288
2.192945
2.215871
2.164935
2.236533
2.161297
2.204489
2.183701
2.140688
2.166356
2.168848
2.160299
2.199517
2.139772
2.152114
2.124508
2.032080
1.985486
1.850784
1.730383
1.692143
1.729461
1.776378
1.773589
1.738087
1.708472
1.701002
1.638863
1.714911
1.659563
1.694689
1.647858
1.671139
1.636649
1.632184
1.652358
1.661999
1.700536
1.745477
1.815400
1.774603
1.789040
1.737802
1.742041
1.736007
1.659839
1.708169
1.625904
1.636673
1.636192
1.631108
1.677951
1.629040
1.673309
1.628805
1.640740
1.620691
1.646765
1.663561
1.669868
1.646047
1.705093
1.661510
1.736303
1.747566
1.767846
1.797792
1.869465
1.933506
1.868793
1.894128
1.971821
1.981655
2.109548
2.090619
2.174825
2.173342
2.189466
2.222037
2.181918
2.215584
2.191384
2.193293
2.292067
2.160696
2.168104
2.195472
2.154119
2.140210
2.144672
2.129506
2.106935
2.088503
2.054137
2.072149
2.027376
2.012614
2.057274
2.100497
2.028704
2.117034
2.098235
2.067225
2.103351
2.029205
2.133300
2.114782
2.126287
2.137021
2.182650
2.162306
2.130917
2.119188
2.089967
2.169512
2.162606
2.219691
2.160077
2.130852
2.215214
2.185828
2.167751
2.176521
2.199589
2.183827
2.158343
2.123594
2.191375
2.153143
2.190002
2.154699
2.190432
2.192121
2.127523
2.186843
2.217705
2.165030
2.160743
2.143756
2.160822
2.098214
2.142076
2.179462
2.096479
2.171952
2.165716
2.138497
2.148972
2.155982
2.145869
2.184262
2.133357
2.148944
2.194541
2.206593
2.178853
2.202251
2.114998
2.111242
2.134221
2.117762
2.186544
2.174873
2.191628
2.185255
2.175173
2.225599
2.247494
2.224646
2.152396
2.152980
2.168339
2.190918
2.103942
2.201477
2.189516
2.223030
2.200026
2.191700
2.185887
2.174823
2.138520
2.222787
2.153462
2.145827
2.101608
2.144695
2.214056
2.104683
2.166061
2.210005
2.133916
2.119112
2.250665
2.160913
2.213685
2.231707
2.169728
2.154267
2.168602
2.172983
2.125971
2.177094
2.216479
2.191399
2.224246
2.182070
2.228194
2.126833
2.206595
2.137229
2.131647
2.099418
2.209654
2.198596
2.254523
2.210871
2.180850
2.189319
2.115750
2.138094
2.212179
2.190819
2.193644
2.116321
2.191527
2.202445
2.154200
2.188069
2.126810
2.220382
2.217586
2.233834
2.179910
2.230576
2.267176
2.144264
2.190970
2.178197
2.156412
2.212708
2.163005
2.121273
2.181309
2.208506
2.215223
2.177904
2.224255
2.176249
