2.306068
2.302843
2.304529
2.303948
2.305063
2.303204
2.301928
2.300785
2.274290
2.290105
2.302175
2.302585
2.303035
2.305668
2.306215
2.283335
2.273655
2.262878
2.258987
2.268899
2.261783
2.257169
2.237293
2.248049
2.256948
2.261109
2.301848
2.330658
2.355856
2.377900
2.344834
2.295791
2.259117
2.235205
2.235831
2.275923
2.307419
2.368789
2.460534
2.492869
2.428630
2.499128
2.420797
2.194829
2.183417
2.237688
2.285387
2.261065
2.360484
2.419177
2.482074
2.471696
2.328398
2.268536
2.274403
2.377480
2.419080
2.444135
2.403805
2.385092
2.363169
2.264977
2.117730
2.054843
2.044198
2.041455
1.957226
1.908928
1.987561
1.924733
1.946525
1.927301
1.952365
1.935625
1.917882
1.879645
1.975150
1.937585
1.969511
1.968301
1.947722
2.043983
2.075707
2.100661
2.119370
2.088309
2.092291
2.108284
2.136666
2.197509
2.203488
2.253173
2.272768
2.235177
2.199593
2.236340
2.241592
2.266777
2.258294
2.297029
2.257967
2.191607
2.099255
2.113373
2.139341
2.100373
2.129157
2.209127
2.180567
2.185464
2.245366
2.203804
2.149800
2.070373
2.059089
2.070765
2.101820
2.146262
2.216969
2.216095
2.022081
2.017377
1.893937
1.907400
1.826769
1.833353
1.772110
1.796306
1.839998
1.789381
1.793030
1.793286
1.832832
1.758686
1.781409
1.811599
1.818827
1.821999
1.789221
1.874557
1.833004
1.858358
1.840607
1.854661
1.883018
1.855286
1.826604
1.836263
1.802226
1.779679
1.861408
1.792678
1.817664
1.768194
1.764801
1.789121
1.763464
1.797027
1.737406
1.778319
1.746834
1.745249
1.784504
1.740274
1.765804
1.768523
1.762870
1.797241
1.769401
1.826747
1.825218
1.786613
1.827588
1.769922
1.751212
1.809973
1.793372
1.756297
1.775403
1.799977
1.718003
1.805325
1.714429
1.734176
1.775358
1.776093
1.704933
1.781385
1.751470
1.738461
1.741401
1.735029
1.729974
1.727962
1.748112
1.770282
1.688582
1.795677
1.736434
1.756762
1.758118
1.730426
1.740666
1.720014
1.738818
1.805223
1.757245
1.798209
1.764467
1.763331
1.726623
1.777175
1.720200
1.758975
1.746371
1.718822
1.720887
1.764536
1.718411
1.769037
1.754852
1.765910
1.689778
1.741849
1.754827
1.753332
1.763823
1.783851
1.724683
1.740469
1.719464
1.752817
1.745092
1.761650
1.777261
1.666306
1.733346
1.762170
1.728727
1.744859
1.715038
1.746270
1.748334
1.720172
1.738463
1.743335
1.700988
1.744164
1.718685
1.731747
1.727279
1.676500
1.794753
1.687320
1.687862
1.734721
1.732610
1.705873
1.755288
1.804381
1.748024
1.728553
1.730760
1.692750
1.721671
1.674115
1.709217
1.704851
1.747470
1.753137
1.731183
1.751598
1.766589
1.719915
1.736811
1.695743
1.691893
1.693960
1.740710
1.707724
1.749755
1.747497
1.752931
1.773823
1.639024
1.687737
1.712660
1.729650
1.692330
1.692875
1.652237
1.660671
1.708413
1.762783
1.718443
1.704332
1.740886
1.780333
1.739642
1.741539
1.744515
1.704026
1.732207
1.733418
1.739322
1.681264
1.685776
1.731205
1.690555
1.665060
1.722818
1.740637
1.831157
1.691670
1.710921
1.744874
1.728279
1.742266
1.708701
1.695159
1.726944
1.746001
1.689448
1.769305
1.684402
1.753056
1.660551
1.653435
1.698425
1.662645
1.708642
1.671731
1.739878
1.697565
1.730341
1.730237
1.696368
1.748368
1.718524
1.771964
1.752211
1.761606
1.694398
1.723711
1.686945
1.652984
1.696979
1.699186
1.681947
1.792166
1.664961
1.713221
1.690387
1.716064
1.716908
1.668599
1.742211
1.687040
1.758614
1.691613
1.690785
1.714560
1.699352
1.742524
1.683306
1.699473
1.739389
1.724970
1.734193
1.718953
1.622816
1.697838
1.638851
1.796067
1.714504
1.661304
1.666750
1.700197
1.696532
1.749097
1.697275
1.684056
1.659445
1.734727
1.686903
1.809879
1.733616
1.707589
1.647026
1.658140
1.710177
1.728923
1.743052
1.742392
1.693906
1.668035
1.705875
1.661150
1.714383
1.665663
1.722399
1.723429
1.675313
1.637328
1.685440
1.730808
1.705352
1.696311
1.682760
1.713681
1.667041
1.726512
1.680360
1.688358
1.696790
1.631363
1.680523
1.681244
1.685965
1.687490
1.684217
1.657162
1.710930
1.695402
1.656505
1.691464
1.713818
1.680180
1.740043
1.652143
1.688605
1.728069
1.676764
1.710107
1.651893
1.661152
1.658523
1.668549
1.686582
1.664936
1.720931
1.713774
1.682825
1.677881
1.667224
1.678114
1.692904
1.663680
1.730143
1.709539
1.673214
1.673190
1.691105
1.684603
1.745974
1.729160
1.646308
1.657379
1.658620
1.686676
1.635492
1.699682
1.687442
1.680979
1.727279
1.692458
1.695811
1.748471
1.690762
1.702525
1.663075
1.695306
1.651760
1.694623
1.627184
1.687121
1.659575
1.693131
1.659883
1.669608
1.671223
1.644872
1.699064
1.719491
1.658857
1.679683
1.646801
1.723586
1.677884
1.772511
1.663706
1.680086
1.728220
1.699888
1.720265
1.688701
1.613916
1.691991
1.727670
1.686094
