2.308777
2.311468
2.316844
2.328661
2.339451
2.338173
2.336095
2.337169
2.356114
2.383059
2.392521
2.325409
2.272649
2.238255
2.256369
2.197711
2.091309
1.965603
1.882996
1.835646
1.851102
1.825571
1.745072
1.758378
1.759657
1.780383
1.745842
1.737899
1.746530
1.720653
1.679440
1.700034
1.674069
1.728627
1.707491
1.695744
1.706921
1.701710
1.676630
1.679816
1.654907
1.667504
1.653080
1.645994
1.639722
1.645059
1.651668
1.636951
1.661885
1.662117
1.641165
1.652512
1.616194
1.618870
1.600467
1.605986
1.584384
1.577196
1.618254
1.589613
1.608709
1.630729
1.579325
1.569932
1.552635
1.555690
1.559239
1.590612
1.554106
1.586911
1.580103
1.546475
1.601489
1.555091
1.540230
1.523034
1.520604
1.535853
1.539905
1.557310
1.541725
1.531859
1.546299
1.538442
1.537759
1.564350
1.535899
1.530997
1.551131
1.543798
1.568374
1.544424
1.533632
1.519182
1.542157
1.545929
1.553945
1.507216
1.513015
1.510473
1.576024
1.526205
1.542483
1.551170
1.546675
1.543476
1.577356
1.519414
1.507526
1.530356
1.533324
1.517086
1.509786
1.500617
1.559122
1.522629
1.538086
1.510865
1.510085
1.523584
1.508997
1.525387
1.525789
1.532281
1.540170
1.530356
1.497624
1.504354
1.520853
1.519468
1.524155
1.524474
1.528813
1.529239
1.502002
1.504061
1.500397
1.507817
1.504152
1.504303
1.506659
1.519503
1.522640
1.516332
1.511942
1.517709
1.507832
1.496929
1.495078
1.491419
1.509282
1.514227
1.525120
1.508384
1.514376
1.519687
1.494125
1.512074
1.498548
1.501098
1.502096
1.513708
1.508328
1.510216
1.501935
1.517683
1.501623
1.499202
1.512324
1.478759
1.503833
1.492743
1.501564
1.496936
1.524701
1.519868
1.549597
1.497304
1.514374
1.488705
1.484825
1.508396
1.501248
1.507094
1.518324
1.518381
1.519138
1.505357
1.511869
1.501702
1.487409
1.493841
1.514907
1.515368
1.497760
1.495951
1.516540
1.507791
1.501272
1.500759
1.503043
1.496866
1.505558
1.494867
1.490663
1.513658
1.514052
1.528198
1.506401
1.508666
1.490342
1.482353
1.503527
1.492848
1.490421
1.480929
1.496338
1.488177
1.536550
1.502122
1.516663
1.489487
1.481071
1.486329
1.504530
1.490271
1.487503
1.494596
1.498217
1.482825
1.519097
1.495720
1.505050
1.484964
1.503368
1.514038
1.509659
1.496565
1.483350
1.483113
1.483719
1.484510
1.506747
1.484311
1.489627
1.493014
1.501856
1.492059
1.523406
1.501689
1.486941
1.503189
1.500173
1.498354
1.490429
1.497165
1.479220
1.487850
1.479729
1.491040
1.500601
1.484558
1.507906
1.502923
1.497453
1.497686
1.499466
1.497998
1.487351
1.481194
1.506835
1.497535
1.484012
1.482566
1.505993
1.483259
1.496006
1.508636
1.512941
1.505969
1.483585
1.474992
1.495184
1.490463
1.492732
1.487926
1.492314
1.501496
1.475495
1.496130
1.495556
1.503251
1.498946
1.484316
1.486380
1.500586
1.488837
1.485419
1.508142
1.496294
1.477537
1.480582
1.473975
1.494757
1.498160
1.486676
1.479257
1.489514
1.486968
1.479634
1.499151
1.488306
1.505336
1.482781
1.491011
1.482436
1.473599
1.494923
1.482389
1.468681
1.489373
1.499420
1.483565
1.478756
1.487075
1.492679
1.497380
1.488165
1.494789
1.510153
1.488527
1.480853
1.472829
1.503016
1.485646
1.491986
1.489947
1.487953
1.499013
1.485906
1.479835
1.478734
1.491716
1.503169
1.489952
1.493748
1.503228
1.485679
1.487619
1.497944
1.497989
1.477605
1.485212
1.498958
1.485242
1.487325
1.478476
1.481236
1.479732
1.485728
1.500866
1.493557
1.482670
1.490126
1.486818
1.481652
1.472180
1.487128
1.481019
1.485789
1.499661
1.491259
1.495667
1.474737
1.474355
1.479865
1.482938
1.487507
1.485722
1.468640
1.485309
1.492750
1.471999
1.478995
1.481463
1.502208
1.494341
1.487188
1.489921
1.469110
1.491734
1.494292
1.475378
1.483700
1.490088
1.475950
1.466602
1.484470
1.482568
1.495986
1.511233
1.494679
1.478355
1.482136
1.474983
1.494654
1.475704
1.480910
1.500330
1.498187
1.478991
1.480233
1.491131
1.482579
1.494680
1.478762
1.474346
1.464358
1.478357
1.471221
1.482648
1.474260
1.487502
1.476552
1.492781
1.494286
1.472746
1.468653
1.490947
1.482748
1.480981
1.501178
1.474766
1.486332
1.471773
1.478081
1.488318
1.476723
1.501572
1.488983
1.491948
1.491030
1.478470
1.483029
1.475136
1.477545
1.475607
1.477902
1.494256
1.483017
1.492519
1.466405
1.476044
1.479489
1.483100
1.491100
1.482920
1.473256
1.473842
1.470828
1.483492
1.478432
1.529426
1.486686
1.497916
1.485407
1.481648
1.478519
1.480952
1.471954
1.473808
1.480133
1.475733
1.477777
1.483646
1.486445
1.477765
1.494661
1.470470
1.474973
1.485706
1.474254
1.484047
1.479659
1.478605
1.478262
1.478627
1.476724
1.486076
1.475386
1.493919
1.489289
1.483810
1.468272
1.476516
1.483989
1.480301
1.470767
1.468666
1.473759
