2.303276
2.299158
2.297874
2.292506
2.286138
2.274111
2.275219
2.258808
2.235568
2.228146
2.238142
2.220826
2.198549
2.163219
2.145037
2.128420
2.049659
2.051944
1.992662
1.988943
1.996926
1.905911
1.935468
1.867111
1.906218
1.925530
1.909441
1.888475
1.878094
1.837840
1.852454
1.842353
1.812650
1.793207
1.784198
1.774945
1.781849
1.715710
1.720187
1.715417
1.734534
1.774506
1.720136
1.668823
1.718858
1.668016
1.663249
1.687543
1.687524
1.666219
1.668387
1.695163
1.658922
1.692594
1.670669
1.625962
1.664622
1.680937
1.693181
1.659431
1.642944
1.655736
1.656320
1.701490
1.663868
1.675882
1.632693
1.662827
1.658220
1.665581
1.637017
1.653734
1.669183
1.665149
1.652312
1.691174
1.680148
1.619328
1.698465
1.648984
1.625135
1.616248
1.616339
1.615859
1.653048
1.658962
1.683863
1.631765
1.603012
1.632412
1.679369
1.637720
1.649728
1.648147
1.665938
1.621227
1.665131
1.621791
1.644330
1.632270
1.613547
1.641385
1.670573
1.677963
1.654269
1.631516
1.613447
1.649684
1.631645
1.663843
1.634982
1.621781
1.611663
1.620919
1.629169
1.681838
1.596505
1.600934
1.686907
1.665893
1.622988
1.644764
1.603824
1.581336
1.601837
1.630018
1.658787
1.654074
1.628767
1.625393
1.632386
1.633209
1.645398
1.657653
1.642625
1.650726
1.617623
1.613441
1.668034
1.650106
1.622079
1.618039
1.609508
1.631125
1.597085
1.639068
1.601840
1.624434
1.610122
1.642847
1.609297
1.569775
1.604876
1.627439
1.642504
1.661604
1.640633
1.671909
1.601054
1.600864
1.622689
1.609459
1.629333
1.635060
1.621404
1.641846
1.624347
1.618639
1.627765
1.616880
1.647972
1.628762
1.631529
1.685707
1.622543
1.616237
1.613289
1.579864
1.597922
1.574906
1.594287
1.621735
1.612272
1.638013
1.597825
1.631403
1.621623
1.572441
1.615959
1.583336
1.611448
1.606299
1.632935
1.616176
1.623319
1.641061
1.629954
1.646981
1.619457
1.644437
1.633658
1.599769
1.665987
1.585023
1.639773
1.620619
1.604664
1.588937
1.643303
1.570855
1.586112
1.644712
1.614818
1.579803
1.567945
1.629439
1.602212
1.616014
1.594887
1.580240
1.619351
1.635815
1.654175
1.601538
1.607387
1.577843
1.586276
1.640481
1.584283
1.584532
1.598674
1.633951
1.587210
1.617172
1.621006
1.618490
1.627880
1.589565
1.626462
1.589769
1.588372
1.621435
1.616102
1.565136
1.592094
1.617742
1.602995
1.579314
1.609525
1.631258
1.595065
1.582601
1.605843
1.639026
1.626641
1.605044
1.623236
1.629046
1.618743
1.589885
1.623085
1.619100
1.639923
1.587588
1.609461
1.627942
1.625733
1.650950
1.598328
1.592256
1.605920
1.653115
1.630249
1.595337
1.611962
1.571800
1.623927
1.602958
1.601920
1.580399
1.594095
1.601257
1.637928
1.624247
1.624873
1.628939
1.572137
1.635483
1.592059
1.604880
1.571327
1.610277
1.587916
1.563237
1.635734
1.601690
1.576464
1.551114
1.660925
1.580749
1.569894
1.606173
1.597628
1.571249
1.576228
1.613006
1.567329
1.549536
1.608594
1.623921
1.613214
1.602337
1.611837
1.596348
1.577037
1.635040
1.567011
1.578065
1.622737
1.584727
1.604517
1.612490
1.604940
1.605964
1.626212
1.600500
1.590854
1.587102
1.614637
1.601670
1.570914
1.620569
1.621058
1.571366
1.602571
1.599213
1.574699
1.558360
1.631228
1.622257
1.587331
1.583114
1.595492
1.606319
1.615825
1.642404
1.602445
1.554413
1.670622
1.564467
1.584899
1.578328
1.559978
1.603002
1.565793
1.567582
1.591372
1.583857
1.603789
1.595637
1.654617
1.585563
1.590855
1.593303
1.575856
1.607161
1.574461
1.609805
1.597478
1.629970
1.593804
1.591465
1.566768
1.585386
1.584817
1.616072
1.586696
1.544039
1.580519
1.638722
1.585188
1.609973
1.613963
1.572733
1.587547
1.584911
1.616028
1.629044
1.574215
1.578950
1.584872
1.625780
1.597564
1.610980
1.567917
1.588938
1.650620
1.526098
1.617099
1.564082
1.559118
1.586998
1.579916
1.562048
1.579747
1.553686
1.589143
1.595419
1.591464
1.665960
1.575052
1.615643
1.564653
1.588055
1.540992
1.598768
1.564628
1.613400
1.592366
1.616331
1.585816
1.569275
1.606674
1.585469
1.548365
1.588501
1.567444
1.557202
1.583731
1.562863
1.543101
1.547621
1.553666
1.574082
1.581842
1.614031
1.589748
1.568576
1.602888
1.590611
1.577317
1.591574
1.595676
1.589520
1.594412
1.592073
1.567765
1.630561
1.582117
1.566927
1.620670
1.590780
1.596829
1.580831
1.675083
1.639869
1.609677
1.611370
1.584964
1.576430
1.578292
1.570224
1.591136
1.570835
1.579762
1.609644
1.586257
1.604055
1.568582
1.615002
1.597577
1.577696
1.564321
1.569446
1.593878
1.570361
1.555473
1.566196
1.575861
1.574581
1.639377
1.577149
1.601658
1.601835
1.547445
1.569440
1.593111
1.571049
1.587891
1.570484
1.554099
1.577648
1.583930
1.608484
1.579884
1.604155
1.574625
1.576306
1.583707
1.584246
