2.293567
2.298186
2.304798
2.303662
2.301728
2.302792
2.300692
2.305073
2.303321
2.299660
2.300320
2.298926
2.295325
2.281147
2.265949
2.260260
2.243557
2.214370
2.197480
2.216944
2.246644
2.289801
2.324299
2.371305
2.377548
2.329441
2.315832
2.270065
2.298228
2.330166
2.255230
2.177300
2.072986
1.953813
1.830124
1.793409
1.792367
1.761394
1.708670
1.747008
1.791929
1.781824
1.862765
1.939594
1.950502
1.935481
1.888670
1.867431
1.841834
1.810418
1.818026
1.839006
1.786266
1.754718
1.776276
1.816138
1.798148
1.791807
1.801889
1.741789
1.751355
1.735573
1.685358
1.713698
1.672053
1.704510
1.710105
1.710214
1.703105
1.703433
1.716106
1.733413
1.711844
1.715480
1.717010
1.682198
1.712543
1.687235
1.707929
1.676533
1.717639
1.654287
1.684402
1.654970
1.670706
1.627095
1.660401
1.665686
1.618426
1.631274
1.638308
1.680530
1.663248
1.667720
1.699121
1.660882
1.664486
1.688619
1.656534
1.665970
1.641918
1.662849
1.650927
1.677081
1.682076
1.671314
1.639564
1.658392
1.680361
1.655318
1.627015
1.658387
1.646048
1.608508
1.641415
1.643861
1.627442
1.636375
1.589087
1.626607
1.592069
1.619405
1.624461
1.623854
1.619547
1.640503
1.635393
1.625335
1.591431
1.600675
1.625089
1.622946
1.575081
1.625949
1.614374
1.602065
1.572511
1.616070
1.624651
1.603606
1.600862
1.581435
1.554569
1.579530
1.611767
1.620254
1.565971
1.567966
1.552646
1.614747
1.596649
1.605961
1.581274
1.612270
1.579791
1.580027
1.559859
1.609303
1.577739
1.606388
1.574498
1.595157
1.603002
1.614290
1.571547
1.555595
1.554540
1.571166
1.587261
1.603562
1.543035
1.588571
1.584607
1.588203
1.602003
1.570391
1.613829
1.615998
1.579634
1.564759
1.566341
1.584967
1.547750
1.607434
1.578910
1.593258
1.586192
1.588522
1.567975
1.563359
1.546167
1.563924
1.572994
1.587703
1.543877
1.586057
1.541022
1.561624
1.599781
1.638412
1.553643
1.615952
1.603263
1.575709
1.566207
1.556531
1.554087
1.546166
1.552058
1.583149
1.537499
1.565258
1.569431
1.583093
1.567528
1.542122
1.556649
1.594183
1.574747
1.559568
1.547378
1.557074
1.528516
1.546316
1.566405
1.577900
1.548068
1.539809
1.550417
1.572368
1.573222
1.542864
1.554994
1.576657
1.535099
1.564347
1.521086
1.583792
1.559959
1.555711
1.554573
1.593409
1.527011
1.578917
1.535928
1.510882
1.580160
1.556584
1.566740
1.579270
1.549128
1.548831
1.544517
1.557902
1.553463
1.552303
1.558163
1.540805
1.565738
1.558188
1.563428
1.583786
1.546200
1.541416
1.536753
1.540034
1.577619
1.548082
1.532752
1.586993
1.563540
1.544139
1.547558
1.530168
1.563242
1.530073
1.563685
1.535663
1.516110
1.570149
1.527394
1.552562
1.541811
1.562356
1.535838
1.534442
1.560090
1.536254
1.556245
1.553301
1.550337
1.523816
1.531621
1.503587
1.537868
1.554528
1.547912
1.537649
1.560431
1.566581
1.554679
1.532936
1.537334
1.571222
1.557059
1.577018
1.504692
1.534325
1.555354
1.526601
1.543731
1.536103
1.543821
1.544060
1.555125
1.529380
1.538961
1.541814
1.575693
1.538789
1.532901
1.567209
1.592608
1.530616
1.521874
1.525015
1.568616
1.544661
1.545381
1.495150
1.514617
1.533951
1.543772
1.553100
1.552993
1.525460
1.547709
1.528545
1.531953
1.548084
1.529317
1.521461
1.529421
1.524936
1.531381
1.579100
1.551350
1.597241
1.533038
1.538694
1.554950
1.522020
1.522100
1.523184
1.523470
1.514240
1.517647
1.510650
1.535865
1.528442
1.526193
1.546514
1.533009
1.541574
1.515395
1.512193
1.541046
1.536665
1.540778
1.547722
1.510327
1.506608
1.540409
1.552998
1.526030
1.548147
1.544232
1.527072
1.526997
1.530843
1.525975
1.532446
1.539501
1.551923
1.519836
1.528645
1.536207
1.508569
1.541133
1.553146
1.526325
1.531093
1.566228
1.528672
1.539357
1.521110
1.526291
1.560278
1.523913
1.515187
1.523728
1.529467
1.547914
1.530842
1.553629
1.530935
1.516348
1.514311
1.507897
1.522981
1.524852
1.534379
1.511859
1.528536
1.524290
1.516470
1.538099
1.511840
1.520267
1.532439
1.543201
1.510283
1.522045
1.511840
1.530901
1.526683
1.513306
1.530224
1.531892
1.549458
1.539992
1.512153
1.536668
1.541667
1.530977
1.521665
1.516260
1.525434
1.526823
1.514783
1.523266
1.519950
1.537445
1.552496
1.533754
1.532487
1.535892
1.523241
1.510083
1.526100
1.511677
1.514389
1.501253
1.553427
1.512810
1.511952
1.495592
1.540920
1.531429
1.507194
1.541233
1.514621
1.502273
1.525138
1.525220
1.548276
1.518716
1.523054
1.505698
1.539647
1.518383
1.509337
1.525323
1.520082
1.526385
1.555397
1.541335
1.511261
1.518027
1.517308
1.536440
1.523085
1.511402
1.520202
1.512650
1.522084
1.530621
1.515747
1.519830
1.526996
1.516368
1.503425
1.506093
1.511731
1.546866
1.499584
1.527237
1.509170
1.527033
1.523885
