2.295023
2.294380
2.291638
2.271406
2.266355
2.256641
2.251255
2.263062
2.258553
2.277581
2.262326
2.251126
2.213585
2.215128
2.163427
2.149437
2.115796
2.080202
2.068660
2.017136
1.938749
1.898716
1.882002
1.913838
1.920322
1.941841
1.927591
1.856668
1.815153
1.760013
1.768049
1.754290
1.754206
1.714947
1.731238
1.756403
1.731173
1.779454
1.745106
1.768395
1.686960
1.685086
1.677527
1.653845
1.663406
1.717726
1.719947
1.672310
1.665608
1.679260
1.663151
1.691568
1.650670
1.663143
1.640509
1.668692
1.671892
1.670768
1.663793
1.648744
1.677862
1.665604
1.634128
1.637009
1.643666
1.633743
1.638216
1.674133
1.652574
1.623594
1.605979
1.643407
1.618096
1.616157
1.613836
1.619045
1.632688
1.621146
1.623096
1.625900
1.615926
1.594308
1.617673
1.615859
1.612458
1.611988
1.600450
1.641792
1.609871
1.590456
1.612704
1.590608
1.616956
1.617245
1.608727
1.590968
1.634434
1.605973
1.611251
1.595097
1.608696
1.616936
1.625782
1.598276
1.610145
1.627517
1.590967
1.626811
1.603231
1.615405
1.601196
1.622319
1.600760
1.630491
1.619727
1.622024
1.629088
1.624215
1.640062
1.601456
1.607356
1.606817
1.596609
1.610326
1.616882
1.613946
1.610374
1.584591
1.596931
1.599178
1.587202
1.598682
1.594613
1.622579
1.598549
1.586820
1.606997
1.597406
1.601564
1.606887
1.604534
1.583236
1.584913
1.606685
1.598899
1.601576
1.585424
1.599209
1.595850
1.590259
1.584792
1.610692
1.616521
1.596943
1.585405
1.592211
1.593428
1.593858
1.597443
1.615384
1.580845
1.597766
1.599517
1.591838
1.580560
1.603251
1.596406
1.591451
1.582816
1.593314
1.581960
1.592940
1.597306
1.583034
1.581430
1.594072
1.606144
1.586066
1.598678
1.582501
1.604655
1.581512
1.588881
1.574253
1.611023
1.583999
1.630338
1.588705
1.573269
1.591344
1.579825
1.606533
1.603651
1.595277
1.577452
1.585886
1.604844
1.577705
1.580478
1.589047
1.580563
1.587395
1.577155
1.565181
1.572872
1.588495
1.562012
1.564184
1.573434
1.573455
1.582931
1.574445
1.595794
1.580044
1.579193
1.575161
1.575721
1.590175
1.590640
1.591995
1.573557
1.584769
1.565596
1.592187
1.574542
1.567740
1.587988
1.565980
1.563242
1.578987
1.583688
1.576032
1.580357
1.595361
1.586061
1.561969
1.570709
1.576888
1.567393
1.570006
1.583965
1.576685
1.568909
1.577466
1.574384
1.589262
1.592965
1.582034
1.576146
1.580261
1.568679
1.568587
1.556069
1.579912
1.564571
1.583671
1.562002
1.576956
1.562806
1.572233
1.568334
1.567900
1.570110
1.586187
1.568287
1.594727
1.579436
1.569928
1.559401
1.561281
1.568656
1.567073
1.581402
1.584528
1.559323
1.553383
1.553104
1.566474
1.576382
1.565074
1.566579
1.570047
1.567118
1.572212
1.564236
1.538274
1.557348
1.556386
1.569258
1.562244
1.590253
1.563568
1.568288
1.592478
1.576879
1.570468
1.566790
1.569827
1.562192
1.584295
1.562606
1.570165
1.569065
1.582204
1.575307
1.556476
1.578061
1.561937
1.578625
1.589479
1.574879
1.560486
1.568997
1.556813
1.578164
1.562222
1.553456
1.581113
1.571384
1.582740
1.550938
1.564800
1.561841
1.575048
1.563048
1.557502
1.557535
1.555452
1.557254
1.573796
1.561857
1.581458
1.555782
1.566575
1.557204
1.561209
1.563905
1.556171
1.576511
1.551724
1.565342
1.552650
1.559625
1.555432
1.573908
1.566882
1.582300
1.568708
1.560580
1.571631
1.576428
1.563326
1.554688
1.571883
1.585502
1.569766
1.564143
1.561817
1.559114
1.562178
1.562287
1.560067
1.557898
1.561877
1.553050
1.551570
1.568188
1.564171
1.563383
1.577296
1.565492
1.558442
1.549905
1.578218
1.557284
1.579071
1.571803
1.555320
1.558912
1.566008
1.564531
1.563303
1.570641
1.557408
1.569799
1.564028
1.553158
1.555428
1.573320
1.542150
1.553965
1.555372
1.561864
1.566814
1.560316
1.552544
1.568036
1.567949
1.557695
1.564032
1.556368
1.546719
1.572189
1.562740
1.552441
1.548265
1.543487
1.555164
1.561071
1.553640
1.555642
1.571497
1.569526
1.561803
1.587487
1.560685
1.558920
1.566654
1.574608
1.556688
1.568404
1.571529
1.577038
1.572767
1.564249
1.565365
1.564661
1.548677
1.564050
1.581816
1.561404
1.583658
1.555237
1.566600
1.570859
1.564272
1.564712
1.557270
1.590942
1.562827
1.579343
1.566686
1.564099
1.554757
1.572225
1.567347
1.556521
1.574224
1.559090
1.567713
1.572498
1.569309
1.571631
1.577470
1.559948
1.555640
1.556808
1.554806
1.571385
1.575924
1.560355
1.563855
1.576147
1.551861
1.566854
1.544794
1.562087
1.567996
1.562455
1.557903
1.560153
1.555089
1.562066
1.549234
1.556830
1.562811
1.563572
1.540931
1.568486
1.563861
1.555049
1.562472
1.547966
1.561904
1.557998
1.552038
1.562488
1.559415
1.562288
1.576954
1.571319
1.557078
1.547927
1.541954
1.559742
1.553834
1.548322
1.549961
1.558486
1.553454
