2.296269
2.275069
2.261272
2.234347
2.235280
2.316564
2.385596
2.239567
2.230976
2.240733
2.194878
2.233907
2.265661
2.251529
2.252635
2.268201
2.260845
2.260670
2.252912
2.260725
2.252857
2.291975
2.315412
2.307600
2.276350
2.276287
2.252912
2.260725
2.252912
2.245100
2.268537
2.260725
2.284162
2.268536
2.268537
2.252912
2.284162
2.299787
2.284162
2.260725
2.252912
2.284162
2.284161
2.284161
2.268537
2.252912
2.284162
2.268537
2.276349
2.260725
2.284162
2.284162
2.252912
2.291975
2.252912
2.268537
2.276349
2.252912
2.260725
2.245100
2.245100
2.245100
2.260724
2.252912
2.268537
2.260725
2.268537
2.284161
2.252735
2.252912
2.276350
2.252912
2.268537
2.260725
2.252912
2.284162
2.284161
2.237287
2.245100
2.268537
2.268536
2.260725
2.252912
2.260725
2.260725
2.276349
2.237287
2.276350
2.268537
2.260725
2.268537
2.299787
2.252912
2.284162
2.245100
2.252912
2.260725
2.252912
2.260725
2.291975
2.276172
2.260725
2.252912
2.260724
2.252912
2.284162
2.291974
2.276349
2.291975
2.260725
2.276350
2.276349
2.268536
2.237287
2.237287
2.252912
2.252735
2.260725
2.268537
2.276350
2.268536
2.260725
2.268536
2.260725
2.276350
2.268537
2.252912
2.252912
2.268537
2.252912
2.276350
2.252912
2.284162
2.260725
2.268537
2.276349
2.276349
2.252912
2.252912
2.268537
2.252912
2.291975
2.268536
2.276350
2.245100
2.276350
2.276349
2.252912
2.252912
2.299787
2.299787
2.268537
2.268537
2.284161
2.276350
2.245100
2.284162
2.252912
2.260725
2.284162
2.276350
2.276350
2.291975
2.252912
2.252912
2.268537
2.260725
2.245100
2.284162
2.276350
2.284162
2.268537
2.252912
2.276349
2.268537
2.276350
2.268537
2.260725
2.268537
2.268537
2.245100
2.252912
2.284162
2.260725
2.260725
2.237287
2.268537
2.245100
2.260725
2.252558
2.260725
2.276350
2.268537
2.268537
2.276349
2.260725
2.284162
2.299787
2.252912
2.245100
2.268537
2.276349
2.237287
2.260725
2.260725
2.237287
2.268537
2.260724
2.276349
2.268537
2.237287
2.260725
2.260725
2.252912
2.252912
2.268537
2.268537
2.268536
2.268537
2.276350
2.268360
2.260725
2.276350
2.268536
2.268536
2.276350
2.299787
2.268537
2.276350
2.260725
2.268537
2.268537
2.276349
2.252912
2.245100
2.260548
2.268536
2.276349
2.268537
2.276350
2.268537
2.237287
2.252912
2.260725
2.268537
2.252912
2.291975
2.260725
2.276349
2.276350
2.268537
2.276349
2.276349
2.252912
2.260724
2.276350
2.260725
2.276349
2.245100
2.252912
2.252912
2.268537
2.260725
2.291975
2.268536
2.284162
2.260725
2.291975
2.260725
2.268537
2.252912
2.252912
2.268537
2.268537
2.260725
2.245100
2.245100
2.299610
2.260725
2.252912
2.252912
2.268537
2.252912
2.268536
2.245100
2.252912
2.260725
2.284161
2.284162
2.260725
2.276349
2.268537
2.284162
2.291975
2.268537
2.299787
2.268537
2.260725
2.245100
2.252912
2.276350
2.268537
2.260725
2.268537
2.268537
2.276350
2.252912
2.268537
2.276349
2.245100
2.299787
2.237287
2.260725
2.284162
2.276350
2.252912
2.276350
2.268537
2.245100
2.276349
2.268537
2.252912
2.268537
2.284162
2.268537
2.260725
2.291975
2.260725
2.268537
2.299787
2.260725
2.244923
2.252912
2.284161
2.268536
2.252912
2.245100
2.252912
2.245100
2.276350
2.276349
2.252912
2.268537
2.260725
2.260725
2.276350
2.268537
2.252912
2.268537
2.252912
2.252912
2.268537
2.252912
2.260725
2.268537
2.276349
2.284162
2.276350
2.284162
2.268537
2.260725
2.252912
2.276349
2.252912
2.260725
2.276350
2.252912
2.284162
2.284162
2.245100
2.260725
2.260725
2.268537
2.276350
2.245100
2.284162
2.252912
2.260548
2.268537
2.299787
2.260725
2.252912
2.276350
2.252912
2.260725
2.276349
2.252912
2.284162
2.276349
2.252912
2.284162
2.252912
2.260725
2.276350
2.260725
2.299787
2.268537
2.291975
2.276350
2.268537
2.291975
2.245100
2.307600
2.260725
2.260548
2.268537
2.268537
2.276350
2.245100
2.268537
2.252912
2.268537
2.252912
2.252912
2.252912
2.245100
2.252912
2.237287
2.260725
2.268537
2.244923
2.260725
2.268537
2.260725
2.268537
2.276350
2.299787
2.291975
2.245100
2.268536
2.276350
2.260725
2.245100
2.284162
2.291975
2.276350
2.276349
2.260725
2.252912
2.245100
2.260725
2.276350
2.268536
2.252912
2.237287
2.260724
2.252912
2.284162
2.276350
2.260725
2.260725
2.260725
2.252912
2.291975
2.260725
2.268537
2.244923
2.260725
2.284162
2.245100
2.276349
2.260725
2.268536
2.268537
2.284162
2.260725
2.252912
2.237287
2.260725
2.252912
2.284162
2.268536
2.276349
2.268537
2.260725
2.260725
2.291975
2.260725
2.276349
2.268537
2.260725
2.276350
2.260725
2.268537
2.284162
2.245100
2.268536
2.260725
2.268537
2.268537
2.260725
2.260725
2.268537
2.299787
2.245100
2.284162
2.291975
2.245100
2.260725
2.260725
