2.305658
2.281797
2.277154
2.260423
2.244926
2.239793
2.246313
2.197489
2.184856
2.197409
2.132273
2.171363
2.158404
2.086159
2.057568
2.017882
1.992854
2.014319
1.957810
1.949847
1.916230
1.949613
1.951824
1.967951
1.919123
1.902843
1.827973
1.855085
1.856352
1.860522
1.827570
1.827074
1.816244
1.841789
1.784095
1.795797
1.808887
1.766863
1.763693
1.768448
1.744555
1.750209
1.747109
1.810595
1.753233
1.793108
1.733786
1.762454
1.794651
1.699093
1.746490
1.711241
1.719108
1.742834
1.710932
1.731513
1.694884
1.760213
1.705114
1.675987
1.754374
1.763133
1.682236
1.730397
1.718028
1.720670
1.730144
1.724312
1.719810
1.700049
1.732550
1.700065
1.790241
1.680319
1.737391
1.683226
1.711219
1.719069
1.760874
1.726712
1.758622
1.723563
1.710430
1.684802
1.724533
1.709169
1.708374
1.766035
1.676062
1.697149
1.734484
1.674042
1.722492
1.691799
1.738646
1.723404
1.707898
1.743149
1.686641
1.665428
1.686335
1.736367
1.695547
1.664412
1.667286
1.698211
1.692175
1.703698
1.707689
1.712583
1.664377
1.699669
1.663032
1.664321
1.712606
1.642889
1.725649
1.688104
1.673851
1.686180
1.695476
1.662071
1.716517
1.695458
1.678547
1.655732
1.675719
1.650663
1.669618
1.674381
1.699369
1.683710
1.674312
1.727142
1.688552
1.688283
1.701388
1.722566
1.707624
1.688927
1.670828
1.686399
1.651914
1.731073
1.683757
1.695642
1.681128
1.717925
1.723062
1.681347
1.724435
1.667191
1.697267
1.660124
1.697636
1.677642
1.669901
1.704347
1.704253
1.706144
1.673542
1.702649
1.639496
1.678580
1.692477
1.686119
1.679642
1.718854
1.676191
1.663816
1.641524
1.677634
1.653765
1.702308
1.675421
1.689097
1.696035
1.721782
1.663583
1.676611
1.668424
1.675318
1.697210
1.665861
1.682766
1.644330
1.664459
1.694816
1.692218
1.636917
1.690990
1.685745
1.666402
1.754683
1.651908
1.651289
1.619753
1.713294
1.733023
1.686334
1.716670
1.659908
1.664858
1.687042
1.667508
1.675854
1.705002
1.667143
1.649078
1.712901
1.678406
1.678544
1.626286
1.628825
1.653912
1.638299
1.674768
1.670238
1.671329
1.681714
1.704296
1.668073
1.682109
1.631789
1.626719
1.680077
1.680551
1.661891
1.640548
1.646647
1.666188
1.664580
1.707031
1.685621
1.670845
1.677270
1.688309
1.735054
1.681447
1.665035
1.657309
1.634499
1.681254
1.698999
1.706040
1.676949
1.666177
1.661905
1.671345
1.640591
1.695668
1.667337
1.666213
1.680980
1.692865
1.662257
1.676633
1.698533
1.727695
1.734060
1.666070
1.671612
1.676324
1.720736
1.671523
1.674976
1.645009
1.721223
1.672026
1.621662
1.716910
1.698589
1.706553
1.613716
1.651083
1.668317
1.676846
1.646682
1.670444
1.669398
1.621420
1.702069
1.650776
1.654051
1.672813
1.685369
1.640646
1.701848
1.667864
1.658574
1.710065
1.705562
1.687028
1.625960
1.710041
1.679681
1.634458
1.664490
1.675178
1.659086
1.668689
1.653575
1.672192
1.623917
1.691336
1.642765
1.642208
1.709438
1.697425
1.628933
1.649613
1.679647
1.645181
1.679989
1.661939
1.659726
1.663952
1.677640
1.661615
1.711034
1.658200
1.645806
1.705799
1.663687
1.687658
1.644439
1.724692
1.674317
1.677882
1.670458
1.662066
1.580829
1.634773
1.641731
1.673792
1.602562
1.648350
1.643609
1.644073
1.642912
1.658858
1.620670
1.623834
1.657157
1.713220
1.678691
1.634626
1.661142
1.648136
1.634642
1.680215
1.665132
1.630483
1.641688
1.682895
1.644417
1.712272
1.653101
1.654454
1.705665
1.654522
1.670177
1.621725
1.640360
1.638769
1.713196
1.647968
1.646482
1.611860
1.665865
1.662751
1.663012
1.685341
1.650400
1.634432
1.670433
1.610470
1.702652
1.648722
1.613900
1.635961
1.679460
1.661003
1.658951
1.631919
1.634082
1.649530
1.660409
1.640216
1.659580
1.683674
1.705608
1.679212
1.671068
1.662030
1.670536
1.611899
1.684480
1.605269
1.651579
1.625427
1.681051
1.608718
1.652905
1.617255
1.669799
1.648482
1.638823
1.669323
1.638530
1.658815
1.647170
1.667160
1.634745
1.608676
1.649016
1.654790
1.605442
1.629010
1.628826
1.614185
1.673161
1.679109
1.616996
1.680161
1.664348
1.656387
1.646078
1.646017
1.639731
1.606128
1.615744
1.623712
1.693001
1.680149
1.671313
1.661166
1.627030
1.641447
1.626548
1.683880
1.706154
1.652413
1.635044
1.634910
1.630529
1.640456
1.632996
1.640362
1.628701
1.615466
1.615858
1.611611
1.639550
1.617059
1.637878
1.674743
1.613626
1.616817
1.687328
1.638077
1.670331
1.648486
1.572826
1.647684
1.598717
1.596943
1.640135
1.637117
1.629569
1.625254
1.632179
1.653384
1.595451
1.609058
1.651315
1.669550
1.629070
1.598549
1.606319
1.654763
1.595439
1.610841
1.630983
1.636236
1.643460
1.659979
1.641304
1.651631
1.635776
1.668270
1.610226
1.622462
1.653507
1.675015
1.651653
1.644683
1.663687
1.641144
1.629029
