2.303328
2.304276
2.298100
2.296326
2.288414
2.287094
2.275342
2.266655
2.265424
2.238391
2.226534
2.231236
2.211612
2.194902
2.175550
2.146683
2.122459
2.116037
2.074343
2.031009
1.991427
1.958295
1.958390
1.913810
1.894423
1.844561
1.812836
1.813166
1.781412
1.779448
1.779660
1.763265
1.726669
1.760087
1.736728
1.722780
1.733975
1.704660
1.731086
1.709650
1.705518
1.695169
1.680563
1.660820
1.628025
1.671671
1.662453
1.701165
1.626598
1.645016
1.646393
1.648620
1.642567
1.610946
1.639879
1.664757
1.634488
1.645937
1.631607
1.644380
1.656123
1.633309
1.629022
1.599050
1.634984
1.621982
1.609322
1.612423
1.613695
1.647784
1.589958
1.589899
1.617978
1.605729
1.556814
1.626917
1.595251
1.615138
1.637400
1.590366
1.580712
1.582593
1.585786
1.599149
1.639532
1.596148
1.568032
1.604882
1.622042
1.583862
1.583907
1.593427
1.588195
1.577714
1.558197
1.574606
1.605361
1.602330
1.579876
1.587915
1.609494
1.566541
1.573644
1.613510
1.607968
1.587669
1.561523
1.575559
1.570934
1.556576
1.562174
1.584781
1.582615
1.512668
1.580130
1.570097
1.549978
1.554541
1.567672
1.560836
1.571715
1.554176
1.561099
1.574662
1.550602
1.571788
1.523355
1.549935
1.543711
1.554049
1.566822
1.541545
1.542878
1.568576
1.568735
1.576926
1.567761
1.578819
1.552261
1.572568
1.566733
1.578499
1.546550
1.536419
1.542855
1.569400
1.552996
1.558130
1.549923
1.600493
1.541579
1.571380
1.530605
1.548002
1.533474
1.564379
1.555014
1.564339
1.554748
1.548934
1.548437
1.552079
1.533831
1.568249
1.534105
1.536638
1.565178
1.552494
1.550328
1.540264
1.550479
1.533237
1.516446
1.527006
1.533697
1.556932
1.516283
1.573059
1.528293
1.575566
1.556394
1.550126
1.538065
1.564531
1.533885
1.521926
1.523801
1.534873
1.555435
1.544112
1.521398
1.528832
1.515353
1.548245
1.531166
1.553137
1.536448
1.538152
1.539482
1.553549
1.518613
1.541758
1.526066
1.542809
1.530575
1.519662
1.516490
1.532390
1.532583
1.556241
1.545840
1.524054
1.551264
1.523378
1.516963
1.507445
1.531170
1.541841
1.566985
1.533058
1.557533
1.527420
1.530522
1.517566
1.510788
1.547296
1.531834
1.501693
1.535377
1.529344
1.507426
1.532274
1.536740
1.508442
1.532393
1.510864
1.550427
1.547044
1.542045
1.539875
1.529707
1.548919
1.511468
1.520744
1.501759
1.530354
1.522812
1.502084
1.529921
1.516197
1.528192
1.518186
1.522208
1.525051
1.507462
1.508054
1.511431
1.518855
1.518379
1.534604
1.527212
1.516851
1.503238
1.500420
1.528395
1.532157
1.505917
1.548105
1.524491
1.504295
1.504457
1.510785
1.523752
1.528831
1.516405
1.520478
1.522243
1.514684
1.509446
1.518516
1.514276
1.517599
1.503811
1.511332
1.526609
1.536039
1.512268
1.508805
1.528937
1.502122
1.535930
1.530202
1.524168
1.516441
1.521154
1.524688
1.495092
1.524106
1.503091
1.529436
1.493961
1.497337
1.537468
1.498973
1.542769
1.516693
1.516883
1.515069
1.506134
1.528691
1.518195
1.527466
1.512781
1.512437
1.500621
1.508935
1.522010
1.497838
1.507893
1.504364
1.513976
1.524072
1.494305
1.512078
1.507002
1.518025
1.487689
1.529971
1.500189
1.530431
1.503588
1.537259
1.522223
1.497821
1.508041
1.488368
1.519233
1.518139
1.496497
1.516239
1.511795
1.509476
1.524002
1.488830
1.503178
1.527615
1.501238
1.501230
1.490556
1.532104
1.503083
1.490665
1.517977
1.521032
1.510318
1.485469
1.516760
1.513431
1.500471
1.507360
1.514297
1.512164
1.540302
1.485932
1.504087
1.514497
1.510352
1.500687
1.525296
1.513822
1.496250
1.497292
1.527506
1.498399
1.512694
1.514720
1.495990
1.507874
1.501271
1.524473
1.508721
1.497764
1.503223
1.512162
1.491011
1.495998
1.487763
1.500515
1.518645
1.507004
1.508676
1.512047
1.499956
1.491291
1.530533
1.514811
1.525571
1.508564
1.507230
1.520775
1.512179
1.506230
1.515731
1.488851
1.503372
1.491248
1.515810
1.517745
1.493102
1.503762
1.480280
1.496707
1.503675
1.513561
1.498540
1.505749
1.488813
1.506344
1.503056
1.494800
1.485657
1.508156
1.505593
1.494460
1.501902
1.503469
1.503138
1.497424
1.483087
1.499230
1.517584
1.530993
1.501905
1.521933
1.490410
1.500003
1.495358
1.505556
1.503059
1.519808
1.492995
1.510595
1.509510
1.495307
1.491843
1.483242
1.506647
1.507385
1.509060
1.498905
1.498414
1.508382
1.505366
1.513156
1.506854
1.483791
1.509959
1.475592
1.491704
1.519879
1.490697
1.542070
1.505498
1.518629
1.493930
1.511450
1.504092
1.503396
1.517696
1.477592
1.472663
1.500695
1.501742
1.493579
1.493632
1.497284
1.498553
1.496626
1.500806
1.507479
1.500307
1.511081
1.507260
1.500865
1.498510
1.502258
1.508237
1.487819
1.495753
1.484917
1.498031
1.494027
1.488519
1.491792
1.507229
1.491928
1.504860
1.485235
1.494592
1.502937
