2.306947
2.300345
2.287422
2.268656
2.259994
2.227681
2.203722
2.163553
2.115682
2.083853
2.027917
1.969181
1.781872
1.576203
1.655868
1.403782
1.799247
1.964288
0.704468
12.858330
4.869236
0.986114
1.653597
2.013335
2.094811
2.111483
2.100259
2.082384
2.074454
2.065358
2.055862
2.051520
2.044477
2.048544
2.036759
2.026251
2.027291
2.001719
1.975838
1.946837
1.927331
1.879167
1.926825
1.877689
1.864234
1.869666
1.826763
1.790986
1.772176
1.745628
1.887600
1.996118
2.038963
2.057553
2.015505
1.909947
1.799684
1.701050
1.605537
1.552857
1.513991
1.434907
1.409042
1.369690
1.347272
1.484259
1.376747
1.376292
1.374452
1.309175
1.241890
1.206120
1.107213
1.085066
0.978195
0.914999
0.823750
1.044818
1.144379
1.092093
0.841837
0.494129
0.887845
0.755147
0.508554
0.378224
0.795345
0.417328
0.713751
0.774026
0.782499
0.523553
0.732884
0.541532
0.380249
0.334104
0.749317
0.352668
0.399391
0.609765
0.286183
0.491097
0.490111
0.388156
0.246328
0.709247
0.342277
0.655580
0.434337
0.546516
0.349934
0.141734
0.430597
0.439022
0.290553
0.777136
0.742081
0.531376
0.308809
1.195020
0.394301
0.429516
0.225233
0.306699
0.427467
0.118789
0.596974
0.575393
0.748431
0.447025
0.371554
0.026990
0.422621
0.158270
0.733808
0.241375
0.994913
0.628860
0.351721
0.601730
0.241587
0.143900
0.370850
0.567819
0.297002
0.249343
0.524543
0.186921
0.585165
0.458833
0.502550
0.728009
0.086399
0.360936
0.230915
0.256596
0.478513
0.075663
0.714043
1.092932
0.430420
0.374281
0.274437
0.547622
0.114378
0.355207
0.024476
1.328662
53.178513
55.503716
0.000007
2.981468
3.153941
3.281236
3.358536
3.376823
3.350416
3.284599
3.201716
3.110870
3.029376
2.977891
2.938566
2.907189
2.877811
2.850509
2.830611
2.813519
2.796573
2.779271
2.763518
2.749160
2.734946
2.720818
2.706646
2.692494
2.678666
2.665238
2.652637
2.641090
2.629891
2.619034
2.608594
2.598633
2.589001
2.579529
2.570415
2.560936
2.551818
2.543205
2.534672
2.526398
2.518966
2.511734
2.506088
2.506470
2.508339
2.511516
2.514714
2.516956
2.521478
2.516278
2.514649
2.512506
2.509838
2.506706
2.503994
2.504677
2.505105
2.504872
2.504021
2.502896
2.501331
2.498878
2.495957
2.492642
2.489085
2.485061
2.480725
2.476010
2.470459
2.464573
2.458565
2.452187
2.445759
2.439090
2.432372
2.425477
2.418426
2.411373
2.404416
2.397339
2.390476
2.383747
2.376934
2.369930
2.362953
2.356079
2.349316
2.342327
2.335720
2.329339
2.323086
2.316982
2.310734
2.304622
2.298512
2.292682
2.287159
2.281883
2.276741
2.271853
2.267198
2.262584
2.258084
2.253578
2.249229
2.245170
2.241178
2.237355
2.233525
2.229942
2.226276
2.218590
2.211189
2.204094
2.197108
2.190452
2.184132
2.178189
2.172504
2.167076
2.162004
2.157280
2.152778
2.148598
2.144599
2.140830
2.137245
2.133942
2.130729
2.127903
2.125363
2.123347
2.121625
2.120353
2.119442
2.118489
2.117691
2.117225
2.116773
2.116451
2.116207
2.116050
2.116042
2.116004
2.116101
2.116349
2.116722
2.117218
2.117805
2.118493
2.119118
2.119801
2.120357
2.121067
2.121999
2.122947
2.123885
2.125031
2.126190
2.127483
2.128704
2.129945
2.131126
2.132279
2.133460
2.134664
2.136020
2.137180
2.138204
2.139096
2.139882
2.140663
2.141388
2.141979
2.142460
2.142808
2.143264
2.143410
2.143585
2.150908
2.158439
2.166247
2.173963
2.181606
2.189289
2.196654
2.203682
2.210323
2.213192
2.215671
2.217731
2.219470
2.220941
2.222005
2.222823
2.220876
2.218629
2.216083
2.213226
2.210369
2.207376
2.204288
2.201198
2.197618
2.193825
2.190239
2.186754
2.183415
2.180092
2.176449
2.172677
2.169224
2.165932
2.162533
2.159195
2.155946
2.152592
2.149787
2.147461
2.145576
2.143784
2.141319
2.139098
2.137218
2.135201
2.133300
2.131572
2.130249
2.128951
2.127926
2.127201
2.126602
2.126189
2.125998
2.126117
2.126247
2.126666
2.127163
2.127491
2.127823
2.128134
2.128773
2.129340
2.130062
2.130963
2.132077
2.133289
2.134378
2.135456
2.136012
2.136623
2.137195
2.137867
2.138203
2.138637
2.139122
2.139885
2.140517
2.141133
2.141823
2.141876
2.142147
2.140064
2.138183
2.136295
2.134582
2.132680
2.131064
2.129513
2.127977
2.126518
2.125191
2.123909
2.122638
2.121578
2.120875
2.119989
2.119098
2.118550
2.118340
2.118477
2.118728
2.118875
2.119156
2.119330
2.119199
2.118905
2.118961
2.119477
2.120191
2.120796
2.126209
2.132004
2.138165
2.144618
2.151263
2.157132
2.163028
2.168419
2.173435
2.178318
2.182621
2.186345
2.189045
2.191242
2.192833
2.194488
2.196052
2.197243
2.197887
2.198254
2.198292
2.198051
2.197654
2.196712
2.195369
2.193909
2.192177
2.187398
2.181660
2.175923
2.170643
2.165713
2.160829
2.155960
2.151473
2.146994
2.142840
2.139281
2.135917
2.132450
2.129643
2.125389
2.121721
2.118423
2.115844
2.113834
2.112587
2.111835
2.111348
2.111145
2.111133
2.111405
2.112159
2.113427
2.114735
2.116440
2.118248
2.119999
2.122052
2.124390
2.126980
2.129704
2.132671
2.135373
2.138243
2.140762
2.143421
2.146132
2.148873
2.151057
2.153235
2.154972
2.156697
2.156066
2.154872
2.153427
2.152134
2.150947
2.149570
2.153131
2.156013
2.158699
2.161766
2.164997
2.167976
2.170457
2.173031
2.175632
2.178128
2.180111
2.181991
2.183299
2.184136
2.184011
2.183829
2.183249
2.182537
2.181961
2.180992
2.179401
2.177539
2.174835
2.171141
2.167811
2.164985
2.162551
2.159930
2.157810
2.155704
2.153450
2.151936
2.150482
2.149048
2.147194
2.145429
2.143845
2.142711
2.142125
2.142071
2.141912
2.141731
2.141566
2.142032
2.143017
2.143402
2.143205
2.143529
2.144165
2.144176
2.144753
2.145737
2.146991
2.148594
2.149303
2.149264
2.149144
2.149484
2.149143
2.148041
2.147016
2.145356
2.144440
2.144164
2.142024
2.140227
2.137509
2.135750
2.132758
2.130688
2.129513
2.128570
2.128460
2.128478
2.129296
2.130146
2.131806
2.132617
2.132698
2.133567
2.133678
2.133762
2.134533
2.134694
2.134212
2.134614
2.135739
2.137356
2.139744
2.141876
2.143048
2.143399
2.144551
2.146263
2.148407
2.150150
2.152181
2.152466
2.151761
2.150947
2.150570
2.150043
2.148720
2.147445
2.146861
2.146251
2.145497
2.145958
2.145038
2.144943
2.145589
2.145866
2.146939
2.226874
2.306699
2.384926
2.461628
2.526591
2.584174
2.637698
2.685847
2.728019
2.765381
2.797145
2.822533
2.843514
2.855309
2.862419
2.865674
2.864746
2.858856
2.897606
2.933322
2.966061
2.996798
3.025250
3.050517
3.072105
3.091714
3.108005
3.122312
3.136635
3.147866
3.153999
3.157521
3.159581
3.158031
3.155556
3.152158
3.146680
3.140404
3.133578
3.125173
3.114112
3.121308
3.129208
3.137563
3.144765
3.151000
3.157378
3.163819
3.167331
3.168144
3.169426
3.169812
3.170249
3.169972
3.182145
3.181155
3.178912
3.177483
3.175250
3.170621
3.167079
3.164582
3.136165
3.108909
3.049713
3.026352
2.971137
2.917041
2.866303
2.816791
2.768990
2.723668
2.717174
2.715156
2.684508
2.691895
2.705486
2.686580
2.669005
2.656564
2.647560
2.680179
2.717014
2.756935
2.798714
2.803002
2.845382
2.846265
2.845799
2.837486
2.888031
2.938591
2.931567
2.938682
2.926384
2.928734
2.930206
2.968537
2.964185
2.957292
2.932785
2.951369
2.986305
3.001540
3.047095
3.088927
3.128966
3.163081
3.157635
3.149840
3.133766
3.115342
3.127762
3.102883
3.078408
3.053139
3.028146
2.955612
2.884484
2.770314
2.664608
2.567573
2.529224
2.551453
2.599727
2.608864
2.626361
2.677533
2.768895
2.877496
2.984279
3.088466
3.179944
3.240167
3.312027
3.374481
3.426697
3.471603
3.506709
3.513252
3.468025
3.439615
3.450896
3.415521
3.351647
