2.298699
2.300134
2.293977
2.299329
2.301194
2.297147
2.296259
2.297164
2.291496
2.288402
2.279622
2.279750
2.262021
2.269226
2.259840
2.255658
2.259780
2.269554
2.273433
2.270864
2.275838
2.251865
2.263993
2.266904
2.251499
2.268353
2.268669
2.248193
2.264382
2.233015
2.260527
2.231362
2.239355
2.231421
2.229738
2.207127
2.132509
2.163952
2.133462
2.165119
2.132218
2.146710
2.101773
2.106360
2.113720
2.048177
1.999835
2.017334
1.982837
2.048866
2.006959
1.920185
1.964283
1.924446
1.870088
1.918703
1.927044
1.896502
1.904363
1.851385
1.836531
1.837954
1.832156
1.825430
1.838506
1.837652
1.854239
1.822226
1.801299
1.767121
1.750361
1.774537
1.758126
1.770478
1.806233
1.773136
1.784203
1.778499
1.690853
1.711330
1.758613
1.775728
1.697244
1.814828
1.766903
1.729736
1.715962
1.649862
1.733298
1.692075
1.725877
1.721762
1.727769
1.690024
1.727815
1.743470
1.745235
1.688337
1.709743
1.698912
1.705805
1.687379
1.659396
1.703289
1.657555
1.666889
1.666841
1.687970
1.694902
1.698668
1.651464
1.639632
1.664277
1.716579
1.662917
1.627150
1.652057
1.710784
1.628695
1.680841
1.659464
1.727525
1.670127
1.661744
1.647698
1.654471
1.660453
1.651468
1.644863
1.657449
1.659821
1.591666
1.649816
1.656344
1.648722
1.631458
1.629506
1.636377
1.617791
1.680980
1.586095
1.630097
1.632826
1.656070
1.604170
1.605358
1.598840
1.627104
1.619478
1.639220
1.619442
1.575654
1.593599
1.630805
1.594474
1.576255
1.611827
1.596968
1.617065
1.594752
1.613938
1.646887
1.616866
1.552520
1.568426
1.569811
1.597939
1.575212
1.602334
1.589969
1.643898
1.615641
1.603692
1.588899
1.580396
1.587971
1.568381
1.580934
1.589111
1.595924
1.566236
1.612231
1.581544
1.598927
1.584760
1.555356
1.561767
1.577804
1.582640
1.606376
1.579676
1.537646
1.550707
1.564880
1.596832
1.593036
1.585158
1.584388
1.560897
1.558936
1.547675
1.558242
1.597725
1.561741
1.566130
1.597568
1.593960
1.578980
1.573550
1.546008
1.553377
1.558416
1.551333
1.572136
1.544834
1.608281
1.573077
1.542713
1.547627
1.549010
1.573319
1.545328
1.606313
1.561156
1.555102
1.554117
1.570646
1.576830
1.522056
1.536560
1.518950
1.563540
1.587248
1.536834
1.545520
1.556926
1.604160
1.579187
1.566814
1.577916
1.542905
1.514758
1.522767
1.589777
1.550303
1.555819
1.583214
1.544640
1.555963
1.546807
1.592340
1.521859
1.541904
1.547244
1.572675
1.539020
1.533509
1.545394
1.553350
1.566670
1.558622
1.554448
1.570940
1.543110
1.547425
1.508272
1.547641
1.538263
1.546878
1.576235
1.567089
1.553436
1.531998
1.543520
1.528185
1.539326
1.542381
1.564032
1.540490
1.574088
1.575727
1.544301
1.519840
1.535653
1.545657
1.521298
1.538727
1.548594
1.532972
1.564153
1.530970
1.576338
1.546338
1.556906
1.519936
1.557991
1.540583
1.542075
1.566944
1.517260
1.531947
1.553006
1.524105
1.545074
1.541286
1.551150
1.556530
1.539443
1.532589
1.546016
1.517205
1.534450
1.502621
1.537908
1.532055
1.535265
1.542101
1.534630
1.569400
1.546218
1.539757
1.545349
1.528899
1.526331
1.541488
1.522235
1.541699
1.536628
1.558015
1.540094
1.573200
1.526766
1.536659
1.534260
1.501200
1.519504
1.529183
1.550681
1.537317
1.508838
1.534525
1.496435
1.549878
1.528403
1.502182
1.524503
1.515906
1.533256
1.522318
1.520724
1.544248
1.516297
1.536944
1.524773
1.569109
1.533050
1.516829
1.543328
1.518883
1.514041
1.520020
1.563811
1.539424
1.534347
1.531463
1.538771
1.543369
1.519010
1.516338
1.527310
1.545834
1.529836
1.521099
1.540856
1.527550
1.510026
1.532796
1.520911
1.535104
1.550561
1.527487
1.538318
1.520887
1.525430
1.500077
1.540971
1.505372
1.535512
1.567977
1.517662
1.548329
1.534213
1.538039
1.526946
1.533632
1.552612
1.505518
1.517083
1.539243
1.540836
1.545420
1.515700
1.525466
1.521307
1.510277
1.528335
1.530061
1.502600
1.514557
1.545363
1.540810
1.508327
1.536466
1.515426
1.532138
1.531751
1.520226
1.511139
1.527572
1.510578
1.529046
1.504331
1.534820
1.532786
1.509228
1.537645
1.519987
1.496310
1.510867
1.534374
1.516428
1.530313
1.530230
1.508498
1.549840
1.549111
1.522234
1.540099
1.552658
1.536685
1.523781
1.546236
1.509639
1.505951
1.547786
1.501307
1.522942
1.523237
1.507109
1.521216
1.518089
1.498919
1.499184
1.510699
1.530305
1.534051
1.545116
1.527670
1.507168
1.507702
1.510862
1.519658
1.514306
1.551185
1.530022
1.506244
1.534853
1.556275
1.521924
1.520937
1.515669
1.497159
1.508102
1.526314
1.525526
1.538979
1.509652
1.540007
1.521206
1.550227
1.509422
1.522391
1.504635
1.529523
1.518880
1.522169
1.511612
1.498870
1.516840
1.530813
1.525722
1.536027
1.538297
1.553121
1.556208
1.510223
1.527389
1.509693
1.521653
1.515409
