2.315167
2.312397
2.298585
2.280811
2.267354
2.241497
2.232386
2.195085
2.150785
2.149729
2.125228
2.061307
2.035985
2.020198
1.979347
1.907251
1.890455
1.849407
1.834572
1.760147
1.744292
1.768047
1.744183
1.718561
1.716298
1.717267
1.711670
1.727231
1.723076
1.691004
1.702129
1.658942
1.695173
1.635602
1.617652
1.651604
1.686434
1.639349
1.635303
1.642784
1.643357
1.595756
1.584205
1.617014
1.649563
1.574690
1.596108
1.587812
1.602942
1.627300
1.632583
1.589520
1.619210
1.598950
1.574377
1.600194
1.605749
1.580872
1.595967
1.619499
1.599499
1.604602
1.583270
1.552389
1.559729
1.535520
1.626344
1.581997
1.568953
1.556245
1.568949
1.619981
1.561176
1.574882
1.568472
1.557145
1.562067
1.564569
1.547329
1.582007
1.557858
1.575429
1.537276
1.542293
1.551051
1.574617
1.539082
1.564112
1.588378
1.546618
1.533019
1.571851
1.549854
1.570605
1.552496
1.570585
1.555029
1.554447
1.522698
1.570741
1.529893
1.523408
1.566419
1.562339
1.521116
1.525521
1.533615
1.527171
1.553967
1.519577
1.537005
1.559093
1.519936
1.499061
1.510654
1.544092
1.548330
1.521385
1.570304
1.529463
1.542444
1.514353
1.547635
1.532378
1.548850
1.532383
1.552062
1.512121
1.531739
1.525407
1.519067
1.525698
1.535978
1.530392
1.502249
1.535308
1.545483
1.520845
1.521092
1.551897
1.531839
1.570944
1.553163
1.525557
1.499111
1.544962
1.525011
1.502771
1.536502
1.521459
1.505612
1.533732
1.518155
1.503882
1.525023
1.518530
1.528643
1.524735
1.527765
1.529388
1.527855
1.521170
1.527447
1.538340
1.527893
1.546180
1.521662
1.523800
1.514896
1.520135
1.515474
1.534284
1.526688
1.507660
1.500895
1.536530
1.495144
1.507664
1.526564
1.513169
1.503038
1.528998
1.523812
1.496966
1.507834
1.520635
1.515467
1.502562
1.529921
1.541147
1.502173
1.514862
1.542753
1.504757
1.508623
1.519153
1.504135
1.505549
1.513559
1.499311
1.503466
1.499487
1.533841
1.522652
1.504936
1.555657
1.507357
1.540239
1.508214
1.520110
1.488062
1.492254
1.508234
1.521304
1.544213
1.491439
1.489896
1.508903
1.504259
1.515210
1.501357
1.494074
1.525109
1.510802
1.492621
1.508890
1.531281
1.498139
1.518104
1.502223
1.491016
1.506620
1.511420
1.496550
1.502000
1.527724
1.554479
1.516157
1.513374
1.504945
1.521254
1.501161
1.475754
1.499914
1.509017
1.494967
1.496042
1.507773
1.486702
1.519290
1.497244
1.523940
1.533076
1.503364
1.488385
1.506146
1.496389
1.500857
1.494799
1.503083
1.497920
1.510576
1.518815
1.490510
1.489491
1.498528
1.486367
1.497042
1.519338
1.492682
1.507793
1.483966
1.513793
1.504875
1.495728
1.497155
1.508888
1.494304
1.500486
1.492128
1.512535
1.508264
1.514967
1.507424
1.501135
1.509386
1.516550
1.479607
1.501052
1.513364
1.498208
1.490036
1.502511
1.503724
1.497302
1.499515
1.500207
1.494923
1.509729
1.483632
1.505152
1.523518
1.490941
1.516680
1.512845
1.486398
1.507316
1.494008
1.500149
1.506959
1.488096
1.485996
1.517187
1.483932
1.487861
1.504934
1.491050
1.494650
1.493289
1.508034
1.481368
1.506329
1.481906
1.512879
1.500655
1.510435
1.500842
1.497465
1.488975
1.485350
1.503252
1.483377
1.506311
1.493747
1.501726
1.501420
1.483266
1.502914
1.499166
1.487046
1.527722
1.494401
1.495005
1.518830
1.490148
1.514527
1.489850
1.492777
1.469401
1.506568
1.496551
1.517428
1.489231
1.519537
1.491043
1.503972
1.484635
1.520442
1.487114
1.481483
1.507379
1.500354
1.509036
1.474190
1.495042
1.486343
1.497526
1.491220
1.501490
1.492555
1.480901
1.485725
1.500987
1.495935
1.505083
1.473706
1.483696
1.511628
1.496279
1.497808
1.495081
1.484969
1.513100
1.523567
1.484942
1.507434
1.489416
1.494485
1.500242
1.480928
1.503973
1.486550
1.491901
1.510573
1.489172
1.489465
1.495466
1.492294
1.479325
1.486255
1.481337
1.500558
1.484663
1.491176
1.490272
1.498409
1.484020
1.497784
1.501758
1.489287
1.482583
1.485217
1.498192
1.479541
1.512192
1.490139
1.483570
1.493730
1.510127
1.478021
1.483076
1.487258
1.490498
1.489233
1.505711
1.488549
1.496983
1.496695
1.485698
1.488608
1.489370
1.496069
1.477225
1.495194
1.526699
1.486339
1.484042
1.492343
1.498682
1.505336
1.486963
1.505400
1.489797
1.488279
1.472903
1.491286
1.486817
1.481460
1.494274
1.479274
1.497398
1.487871
1.491021
1.493622
1.486871
1.503133
1.483961
1.476113
1.485084
1.500058
1.514948
1.519253
1.497364
1.486781
1.494573
1.487763
1.483428
1.498657
1.489999
1.482629
1.486847
1.492622
1.477965
1.498384
1.488443
1.485895
1.482856
1.476163
1.482020
1.472685
1.481404
1.490708
1.490798
1.521432
1.496700
1.505787
1.476228
1.493192
1.474391
1.492989
1.494142
1.482283
1.493492
1.473286
1.504902
1.506492
1.485576
1.476344
1.483723
1.498779
