2.304873
2.304322
2.306365
2.296504
2.294759
2.273918
2.262778
2.256130
2.240114
2.220574
2.210593
2.195176
2.222811
2.202914
2.146083
2.076660
2.060506
2.090737
2.050840
2.018635
1.988908
1.943589
1.943295
1.974770
1.876914
1.866972
1.843229
1.858549
1.886554
1.940980
1.933940
1.885709
1.882881
1.835013
1.836251
1.751099
1.813003
1.759700
1.783542
1.775782
1.737435
1.775430
1.706917
1.730434
1.748244
1.767433
1.724437
1.705827
1.705898
1.679160
1.699980
1.730721
1.743970
1.741848
1.668763
1.699076
1.672974
1.651026
1.657778
1.670606
1.648448
1.628145
1.619146
1.634536
1.587488
1.645833
1.595298
1.623660
1.644226
1.600842
1.612139
1.603351
1.598564
1.591583
1.600099
1.639686
1.617671
1.599058
1.616333
1.624972
1.660270
1.593170
1.595747
1.581367
1.590453
1.567126
1.575583
1.593367
1.569725
1.567327
1.574260
1.591184
1.592418
1.623350
1.591022
1.564836
1.565180
1.611779
1.559528
1.579638
1.601921
1.598747
1.549069
1.603302
1.599899
1.614558
1.564912
1.601551
1.578667
1.590189
1.546534
1.579067
1.558972
1.559162
1.565741
1.541521
1.550101
1.604683
1.557069
1.564141
1.555332
1.554331
1.584190
1.558946
1.565461
1.552562
1.571044
1.547565
1.561225
1.550420
1.562302
1.546384
1.532225
1.554088
1.551548
1.546484
1.563147
1.580292
1.551100
1.569168
1.525120
1.556449
1.533310
1.578887
1.582969
1.559614
1.572842
1.535102
1.544266
1.570276
1.527999
1.532221
1.526058
1.567788
1.532428
1.547817
1.523337
1.553848
1.543865
1.553522
1.548019
1.554218
1.551961
1.555711
1.549445
1.567487
1.527174
1.562013
1.538254
1.558297
1.554469
1.538829
1.546011
1.533657
1.508712
1.532314
1.539663
1.550237
1.536519
1.523103
1.532380
1.540221
1.529212
1.547321
1.539879
1.534328
1.550940
1.547253
1.521148
1.538510
1.521892
1.520697
1.521603
1.563552
1.540048
1.562679
1.528477
1.529248
1.569764
1.538431
1.524207
1.529158
1.518421
1.546043
1.523561
1.550474
1.561723
1.526470
1.532875
1.535099
1.509701
1.523897
1.514896
1.508979
1.526779
1.520859
1.534562
1.532416
1.527094
1.515285
1.521239
1.533982
1.533600
1.517746
1.517569
1.527625
1.525856
1.562067
1.568081
1.527661
1.510096
1.549181
1.526287
1.534116
1.523206
1.536985
1.517883
1.492206
1.511972
1.522437
1.522431
1.519708
1.528417
1.549444
1.533441
1.523238
1.507298
1.518937
1.528061
1.534450
1.507509
1.539865
1.522305
1.532306
1.498881
1.537002
1.508550
1.508104
1.514151
1.504014
1.516971
1.510954
1.512007
1.514473
1.490196
1.541760
1.525159
1.523369
1.496810
1.527984
1.542924
1.511098
1.498105
1.503865
1.503154
1.526284
1.533882
1.551738
1.519697
1.519364
1.499726
1.522633
1.531858
1.519382
1.489481
1.516910
1.517487
1.501911
1.495157
1.534677
1.528553
1.514080
1.500810
1.527222
1.485335
1.508780
1.501120
1.501589
1.501264
1.520363
1.512880
1.513480
1.496271
1.493761
1.544267
1.523532
1.508170
1.509836
1.508960
1.539487
1.510335
1.506402
1.520730
1.513326
1.490865
1.501532
1.504447
1.510726
1.520214
1.506424
1.499868
1.509713
1.512098
1.494646
1.519279
1.493603
1.505343
1.496696
1.505764
1.508719
1.498026
1.517247
1.504914
1.515653
1.503105
1.504481
1.526074
1.514041
1.517671
1.513120
1.505423
1.526855
1.509623
1.496782
1.507012
1.504056
1.504732
1.509696
1.495364
1.491077
1.490990
1.517669
1.504965
1.499753
1.506874
1.504708
1.514131
1.494604
1.521512
1.528732
1.511732
1.514666
1.516549
1.552538
1.489775
1.523122
1.487333
1.504767
1.497690
1.532729
1.521042
1.500039
1.498839
1.507024
1.515456
1.501472
1.495689
1.506765
1.495727
1.486926
1.494556
1.497405
1.499967
1.495829
1.492875
1.522300
1.515363
1.506730
1.488156
1.501927
1.498436
1.496360
1.498791
1.503489
1.512827
1.504151
1.503231
1.502894
1.501127
1.519082
1.498224
1.508686
1.507582
1.498414
1.506381
1.512168
1.517611
1.493607
1.521001
1.505945
1.504656
1.501122
1.495180
1.511471
1.508942
1.499893
1.510261
1.506372
1.492760
1.502502
1.489372
1.504192
1.517884
1.500720
1.515210
1.503015
1.514807
1.523903
1.499802
1.497507
1.507069
1.496510
1.527558
1.496904
1.496116
1.506811
1.494662
1.497143
1.497588
1.493703
1.494132
1.506197
1.497791
1.499155
1.492590
1.493762
1.488372
1.516267
1.486688
1.519384
1.513617
1.524262
1.501055
1.503930
1.499209
1.535281
1.503009
1.485528
1.516358
1.514815
1.511818
1.520659
1.499648
1.502066
1.498725
1.506105
1.513246
1.502251
1.512616
1.515510
1.505072
1.493069
1.490178
1.491591
1.511714
1.487371
1.511780
1.515917
1.492007
1.508755
1.493654
1.486598
1.494438
1.509699
1.513862
1.499739
1.494118
1.508866
1.486091
1.504840
1.496185
1.507996
1.497728
1.496903
1.503223
1.510504
1.503983
1.486590
1.505495
1.495997
