2.311174
2.298583
2.289263
2.263014
2.266362
2.227286
2.189234
2.125054
2.047861
2.008142
1.886699
1.862013
1.801233
1.798248
1.802516
1.749362
1.761001
1.684325
1.699972
1.669348
1.679911
1.628982
1.643444
1.662209
1.632102
1.642786
1.589821
1.646050
1.604323
1.576764
1.614465
1.574139
1.587911
1.597479
1.580238
1.597270
1.569607
1.561163
1.564684
1.573385
1.583388
1.578638
1.560595
1.553188
1.580187
1.577880
1.569071
1.548855
1.557446
1.565410
1.609390
1.556993
1.532674
1.561177
1.561356
1.544926
1.573247
1.525772
1.538627
1.561866
1.569061
1.562109
1.514894
1.521399
1.566380
1.575109
1.531392
1.581656
1.541528
1.550385
1.525778
1.526610
1.535805
1.556977
1.525721
1.530121
1.567075
1.528658
1.564547
1.522325
1.544829
1.524421
1.539752
1.569311
1.527151
1.530799
1.560158
1.527968
1.524876
1.514740
1.547691
1.521173
1.551197
1.532592
1.515700
1.517031
1.526733
1.525417
1.517334
1.529204
1.529278
1.525280
1.528361
1.547825
1.509977
1.518712
1.520826
1.505080
1.509007
1.544668
1.534680
1.524290
1.515209
1.524362
1.535222
1.528486
1.521673
1.530869
1.529973
1.515593
1.542413
1.518251
1.526859
1.499633
1.509438
1.525117
1.511773
1.543955
1.527845
1.514983
1.518666
1.520966
1.522789
1.502811
1.503275
1.511805
1.516307
1.520008
1.512718
1.495946
1.531398
1.518148
1.510240
1.531337
1.503839
1.496711
1.530866
1.510163
1.520224
1.502549
1.510837
1.525778
1.538143
1.498055
1.489399
1.504844
1.530402
1.511752
1.522661
1.494548
1.503295
1.526497
1.512144
1.509971
1.481071
1.536141
1.506387
1.500826
1.510697
1.507131
1.505759
1.526042
1.512101
1.517708
1.505146
1.517664
1.501002
1.508943
1.520856
1.496462
1.524321
1.489107
1.528085
1.507279
1.521408
1.484889
1.492930
1.491389
1.524158
1.496904
1.492775
1.509333
1.511134
1.516438
1.525348
1.501897
1.530935
1.488011
1.500383
1.495046
1.498832
1.527642
1.504400
1.510973
1.519278
1.511126
1.512961
1.516808
1.478689
1.487215
1.495831
1.493823
1.502254
1.501804
1.498699
1.504979
1.486291
1.492047
1.496359
1.507075
1.504444
1.510613
1.509349
1.505843
1.514064
1.491012
1.501157
1.503717
1.493890
1.489456
1.512251
1.495287
1.516646
1.491245
1.514392
1.509100
1.500675
1.500647
1.504322
1.501873
1.492903
1.492765
1.504345
1.514936
1.499391
1.506277
1.499611
1.508243
1.481535
1.487471
1.493385
1.499012
1.492865
1.501004
1.484529
1.513439
1.498293
1.498377
1.492338
1.490083
1.502453
1.503159
1.498877
1.500216
1.502238
1.491425
1.495094
1.493423
1.490568
1.492832
1.499484
1.513976
1.492142
1.500053
1.506381
1.497477
1.483765
1.485711
1.492768
1.501323
1.493878
1.496210
1.498496
1.484416
1.523828
1.495594
1.509506
1.484130
1.502867
1.485788
1.518212
1.493614
1.476427
1.500561
1.488642
1.491027
1.497085
1.488208
1.502884
1.487009
1.509465
1.497734
1.484858
1.477066
1.497251
1.503031
1.490778
1.494567
1.499087
1.494641
1.482183
1.489207
1.487628
1.506046
1.502997
1.479555
1.491552
1.510487
1.513188
1.481065
1.486348
1.492865
1.483064
1.497058
1.493598
1.494865
1.494304
1.488944
1.501348
1.485263
1.501557
1.476988
1.483185
1.493423
1.509685
1.484386
1.501728
1.497153
1.483698
1.487519
1.526578
1.521555
1.508708
1.480589
1.488912
1.491122
1.488550
1.503475
1.504781
1.489397
1.498919
1.477644
1.486009
1.484974
1.497203
1.486928
1.508489
1.485951
1.492201
1.501065
1.499187
1.493765
1.498923
1.489745
1.493540
1.476582
1.475777
1.502260
1.489079
1.483191
1.489649
1.472533
1.504807
1.488908
1.512457
1.498184
1.483904
1.476853
1.488771
1.493681
1.511369
1.498403
1.478114
1.499095
1.476040
1.485943
1.498384
1.492803
1.485106
1.479365
1.481797
1.487312
1.480070
1.505825
1.492839
1.488002
1.471983
1.497260
1.512491
1.495977
1.513457
1.502109
1.484802
1.472346
1.468921
1.476355
1.485717
1.481201
1.483204
1.484795
1.497778
1.486081
1.483175
1.483364
1.482466
1.500733
1.487013
1.507651
1.479225
1.504844
1.489491
1.478176
1.484673
1.480070
1.491517
1.474926
1.477887
1.490109
1.489669
1.480154
1.492982
1.492921
1.481751
1.513932
1.473898
1.482658
1.508470
1.481399
1.479104
1.483849
1.485961
1.488558
1.473518
1.482863
1.484882
1.511157
1.494898
1.480003
1.508658
1.494381
1.491897
1.486935
1.484902
1.492758
1.482557
1.470246
1.481801
1.490697
1.480121
1.475365
1.484639
1.484403
1.487362
1.486228
1.483030
1.488808
1.502120
1.474802
1.495088
1.506723
1.491515
1.484204
1.477594
1.477790
1.486229
1.495339
1.484519
1.508344
1.495898
1.498523
1.509066
1.493371
1.485195
1.474426
1.475786
1.471816
1.472836
1.485505
1.481116
1.502181
1.491123
1.486703
1.476222
1.473991
1.484334
1.484083
1.477862
1.488532
1.481963
1.491124
