2.301659
2.299422
2.294755
2.286092
2.281612
2.271092
2.273100
2.268750
2.222416
2.231287
2.216352
2.187447
2.206905
2.107645
2.119208
2.084206
2.001382
2.031131
2.001311
1.909654
1.906109
1.888903
1.861888
1.847692
1.885644
1.846330
1.873986
1.857323
1.798615
1.842942
1.757622
1.783850
1.779881
1.775707
1.749013
1.724363
1.789402
1.790070
1.734668
1.770644
1.754307
1.753923
1.758739
1.741106
1.760058
1.741869
1.758450
1.706291
1.753917
1.759149
1.706125
1.735169
1.760013
1.770590
1.700915
1.665781
1.775627
1.723131
1.722724
1.715377
1.731328
1.754425
1.707299
1.683314
1.721026
1.728779
1.730902
1.727054
1.685786
1.771194
1.757086
1.725550
1.691981
1.754355
1.687673
1.723750
1.702913
1.682795
1.733151
1.670712
1.698818
1.697321
1.717482
1.681244
1.752190
1.664722
1.700331
1.690941
1.755876
1.754076
1.700878
1.721352
1.675310
1.771935
1.772295
1.670610
1.717256
1.720448
1.647140
1.708651
1.720760
1.796645
1.690382
1.728812
1.720109
1.704896
1.701072
1.684011
1.748074
1.675465
1.693964
1.680528
1.729021
1.714513
1.751627
1.742031
1.758238
1.699973
1.714823
1.650417
1.721851
1.710693
1.678467
1.700607
1.661629
1.719289
1.684457
1.689989
1.698825
1.657485
1.686014
1.718576
1.731435
1.707734
1.742901
1.697578
1.711345
1.679860
1.676479
1.671650
1.741396
1.686003
1.703662
1.645888
1.776402
1.700107
1.735447
1.658415
1.712005
1.686641
1.688231
1.651273
1.679731
1.683259
1.730770
1.771471
1.632911
1.673429
1.716638
1.708830
1.699701
1.718329
1.685376
1.713449
1.666643
1.721651
1.754565
1.674513
1.680310
1.658619
1.724476
1.713951
1.699825
1.662018
1.774561
1.732337
1.658525
1.677762
1.741978
1.668578
1.706946
1.699628
1.692944
1.639311
1.699249
1.705651
1.638199
1.669519
1.639660
1.651042
1.699895
1.692765
1.660993
1.667189
1.659426
1.702973
1.681175
1.687277
1.674403
1.738989
1.675165
1.718099
1.674147
1.697680
1.697398
1.647012
1.657831
1.748022
1.748336
1.701337
1.638423
1.676900
1.698300
1.668002
1.704831
1.730511
1.739450
1.687679
1.724591
1.670522
1.674183
1.650258
1.636492
1.657022
1.655214
1.642763
1.732786
1.811847
1.646874
1.699300
1.653585
1.653459
1.649201
1.718841
1.697894
1.714071
1.654827
1.725515
1.714699
1.679970
1.640031
1.628759
1.698282
1.652418
1.707511
1.730020
1.655396
1.654873
1.710477
1.703269
1.647735
1.670612
1.638493
1.671021
1.667597
1.709283
1.717047
1.674594
1.715662
1.729825
1.688356
1.708725
1.699682
1.662388
1.699145
1.684645
1.698581
1.698074
1.711364
1.660653
1.678293
1.653661
1.688446
1.685529
1.699454
1.689172
1.669431
1.651348
1.755181
1.625645
1.656307
1.712150
1.639075
1.634398
1.649433
1.650520
1.670274
1.688982
1.683843
1.674394
1.661728
1.670637
1.712568
1.729526
1.653378
1.696544
1.715461
1.664658
1.697375
1.741095
1.667425
1.649745
1.666085
1.704132
1.649280
1.701443
1.641975
1.729534
1.677276
1.681041
1.650097
1.726734
1.658712
1.705378
1.665693
1.637961
1.685603
1.697227
1.650494
1.650717
1.712312
1.640641
1.645572
1.688705
1.641512
1.583791
1.687660
1.710441
1.661855
1.696799
1.696846
1.727967
1.643792
1.703368
1.657673
1.688471
1.659329
1.671076
1.653141
1.700856
1.669304
1.699265
1.687524
1.676383
1.736684
1.642459
1.631026
1.634452
1.658926
1.690589
1.646376
1.625261
1.665843
1.632163
1.676012
1.667789
1.716460
1.699297
1.734304
1.722427
1.645723
1.673642
1.707369
1.663827
1.721792
1.681098
1.692360
1.649531
1.723975
1.661706
1.659245
1.669602
1.646582
1.631336
1.635375
1.698439
1.644557
1.662061
1.655172
1.721973
1.654402
1.706952
1.689078
1.689536
1.653846
1.613829
1.638039
1.682192
1.695796
1.617267
1.644865
1.683467
1.705816
1.657991
1.675977
1.691322
1.648955
1.657209
1.698632
1.690897
1.707827
1.638520
1.674666
1.651226
1.609300
1.656614
1.683483
1.622068
1.674125
1.670991
1.720429
1.713050
1.708550
1.681216
1.701927
1.662958
1.668036
1.565021
1.675490
1.669788
1.662294
1.625490
1.719840
1.602408
1.664300
1.665680
1.656396
1.678588
1.649499
1.681350
1.701362
1.686551
1.662735
1.634959
1.653527
1.636351
1.696000
1.666575
1.650270
1.662014
1.664734
1.719520
1.630043
1.657595
1.680175
1.662597
1.668545
1.691541
1.683495
1.681744
1.670167
1.628729
1.689519
1.696553
1.681926
1.657635
1.648539
1.705417
1.617653
1.717250
1.671187
1.680269
1.660948
1.688743
1.646420
1.658997
1.641112
1.669903
1.706579
1.690422
1.667168
1.675822
1.716789
1.658591
1.630415
1.675558
1.638824
1.632846
1.701181
1.664866
1.655737
1.661116
1.621427
1.670678
1.668670
1.637448
1.632343
1.673118
1.644045
1.622416
1.671111
1.697101
1.660725
1.679170
1.621631
1.667290
1.653297
1.665389
1.690812
1.659515
