2.399968
2.391247
2.396657
2.389008
2.374813
2.379476
2.377428
2.358505
2.368321
2.364392
2.350994
2.350204
2.372422
2.386074
2.409338
2.445702
2.517871
2.514710
2.563073
2.644182
2.669154
2.647421
2.586858
2.516144
2.429894
2.273173
2.053686
1.848643
1.689349
1.601443
1.692646
1.980042
2.744656
3.132649
0.903007
31.731215
102.453117
201.190201
112.353897
14.953488
1.888317
1.974064
1.986504
1.957802
1.938224
1.920478
1.918936
1.930686
1.953911
1.961005
1.978477
1.989359
2.008926
2.015557
2.023229
2.027607
2.024162
2.033355
2.044914
2.038989
2.042252
2.048512
2.042359
2.032160
2.015881
2.020692
2.014229
2.006966
1.989949
1.988311
1.911542
1.864859
2.062196
2.126796
2.126678
2.135349
2.117701
2.103325
2.054414
2.007112
1.995519
2.012582
1.732724
2.071970
2.119868
2.094886
1.987938
1.857589
1.740621
1.757836
1.872173
2.070427
2.083302
2.073960
1.998454
1.821209
1.771624
1.939629
2.040973
2.121552
2.167298
2.177644
2.185381
2.154559
2.095355
1.942949
1.806972
1.764137
1.752553
1.930741
1.996240
1.891180
1.768343
1.764434
1.774273
1.795948
1.791981
1.794201
1.783274
1.764161
1.758793
1.786210
1.761082
1.783012
1.784322
1.729248
1.836075
1.922928
1.728039
1.742411
2.423214
1.853509
1.907799
20.767677
2.420358
2.303714
1.839349
1.719529
1.855335
1.962804
2.054338
1.978282
2.052925
1.890030
1.729183
1.720516
1.666073
1.388725
1.286134
1.258487
1.226598
1.372518
1.479845
1.422706
2.758038
11.889338
3.786104
5.061955
45.458984
73.609451
165.200348
164.317261
23.721073
9.417019
6.905311
5.455112
17.348804
43.496532
1.789974
1.862241
1.840778
1.913236
1.878178
1.842797
1.772979
1.692452
1.690834
1.655499
1.584307
1.499984
1.458503
1.371614
1.305436
1.391158
1.441310
1.392647
1.347055
1.233667
0.991739
0.948836
0.890235
1.213999
1.604189
1.665691
1.478625
0.866878
0.777439
0.770190
0.902398
1.666889
1.195761
1.101355
0.958472
2.915999
4.130729
4.479893
3.684778
2.693483
2.194513
1.926216
1.257944
1.104217
1.057306
1.316033
1.624038
2.024477
1.550629
1.356663
4.000657
4.324200
2.855775
5.212255
9.345342
15.642974
9.020071
10.862469
9.315052
115.419769
134.750549
226.433838
751.394287
1101.386353
349.242950
3592.786621
307.415405
35.177425
9.937982
1.181295
3.595776
3.540951
2.971645
3.237072
0.890028
2.903336
11.484004
20.736931
27.944962
23.785898
13.107406
5.999590
2.841977
15.869861
5.311243
7.403637
9.601464
10.431273
13.080630
30.643890
24.989912
68.816254
190.480743
58.379143
21.737181
14.752494
4.988346
22.504501
5.947716
4.281223
1.732041
1.322027
15.032945
2.558031
3.743313
3.202191
9.762334
15.473108
117.444794
20.010468
2.489510
9.173026
38.272598
19.650513
412.688171
43.098228
202.879181
3542.114746
49.327339
328.016968
152.228439
27.649307
2.656803
2.477231
2.392791
2.268309
2.166717
2.180482
2.176264
2.160347
2.169314
2.175068
2.131710
2.133724
2.123751
2.153821
2.132998
2.126608
2.078372
2.170219
2.166877
2.162269
2.160398
2.149797
2.151735
2.143647
2.139572
2.133485
2.134987
2.134116
2.126696
2.124272
2.121220
2.115257
2.115224
2.113904
2.110461
2.110431
2.106156
2.104379
2.106120
2.104017
2.101055
2.104152
2.102653
2.103192
2.096773
2.091453
2.087564
2.088183
2.084232
2.081987
2.079786
2.041275
2.019866
1.999766
1.981163
1.962329
1.966409
1.968851
1.983087
2.005908
2.068705
2.029207
2.025800
2.145148
2.156336
2.127600
2.149791
2.174183
2.160763
2.173897
2.173794
2.206471
2.225802
2.250563
2.257888
2.281424
2.298391
2.343568
2.339011
2.392449
2.422696
2.390164
2.425340
2.484495
2.502905
2.519746
2.452666
2.461616
2.425532
2.367463
2.381325
2.382752
2.290103
2.275700
2.276331
2.252567
2.245404
2.214782
2.251662
2.253758
2.243750
2.250278
2.288315
2.287140
2.335014
2.329232
2.356307
2.374702
2.387029
2.440184
2.410219
2.458983
2.457138
2.495039
2.519590
2.473444
2.495160
2.515893
2.462914
2.531246
2.518073
2.530668
2.572301
2.544533
2.543165
2.534588
2.566172
2.584974
2.589418
2.579536
2.547702
2.572193
2.552464
2.548406
2.572510
2.596833
2.591141
2.652598
2.630186
2.616033
2.645769
2.651815
2.629302
2.605678
2.573523
2.559006
2.569838
2.586708
2.552403
2.562469
2.585390
2.585317
2.560867
2.504642
2.542023
2.601176
2.591824
2.572407
2.527295
2.591073
2.528786
2.493860
2.500613
2.562854
2.535344
2.576758
2.532328
2.459407
2.480867
2.525396
2.475177
2.447470
2.501385
2.497355
2.504921
2.478252
2.477382
2.483971
2.498073
2.465278
2.432832
2.431031
2.382726
2.375132
2.377652
2.382751
2.391299
2.313237
2.354554
2.324058
2.348940
2.314278
2.330513
2.289008
2.288883
2.277928
2.259120
2.231242
2.231558
2.210109
2.199051
2.184361
2.305285
2.124388
2.086600
2.057048
2.026803
1.992809
1.973872
1.975539
