2.310841
2.302529
2.277864
2.264804
2.243780
2.183197
2.193182
2.132292
2.137036
1.986655
1.889429
1.882661
1.820347
1.771639
1.780215
1.708977
1.787045
1.719846
1.742002
1.675693
1.706962
1.682925
1.659649
1.666254
1.639360
1.633358
1.615458
1.582161
1.602893
1.601320
1.610427
1.595378
1.623483
1.596067
1.588147
1.574717
1.568112
1.595616
1.525893
1.551544
1.587083
1.566341
1.562539
1.562592
1.525904
1.583577
1.537152
1.567472
1.584528
1.583902
1.528397
1.555734
1.555530
1.557273
1.544677
1.558607
1.550862
1.549719
1.527942
1.571496
1.550714
1.536129
1.526224
1.515027
1.520990
1.533215
1.530234
1.529342
1.546083
1.525842
1.530252
1.521402
1.540205
1.531547
1.527163
1.562151
1.517421
1.511544
1.519785
1.518104
1.504666
1.532000
1.516131
1.511237
1.507039
1.510156
1.544452
1.515987
1.529672
1.519231
1.506462
1.526974
1.550980
1.519725
1.522679
1.512644
1.496589
1.494165
1.522160
1.531728
1.512348
1.498143
1.530275
1.489505
1.510897
1.514470
1.513211
1.485827
1.518655
1.552601
1.508871
1.497696
1.508389
1.496795
1.508432
1.498133
1.516279
1.509883
1.496859
1.487424
1.497878
1.505372
1.509126
1.499852
1.493388
1.500010
1.506743
1.495532
1.516394
1.494551
1.496174
1.523900
1.495997
1.507392
1.485777
1.509442
1.495318
1.530266
1.506063
1.491118
1.520374
1.508889
1.499650
1.502845
1.503592
1.511000
1.503599
1.515542
1.496938
1.492882
1.485395
1.516255
1.507108
1.499172
1.489335
1.488817
1.502203
1.509081
1.500412
1.496837
1.496497
1.504253
1.500497
1.481786
1.493565
1.486406
1.499214
1.478089
1.488222
1.490158
1.486831
1.482613
1.508438
1.487038
1.496745
1.489484
1.485160
1.533800
1.502936
1.504292
1.489725
1.507866
1.506869
1.492122
1.484567
1.495697
1.501314
1.497994
1.512523
1.484047
1.484287
1.503110
1.481000
1.491123
1.478703
1.487350
1.511443
1.498894
1.501378
1.489914
1.486233
1.505332
1.485425
1.486457
1.492574
1.487067
1.481860
1.498197
1.493436
1.494918
1.485675
1.487131
1.485098
1.505235
1.484271
1.507203
1.489154
1.482983
1.477157
1.485520
1.484985
1.497397
1.491990
1.500905
1.508473
1.506082
1.476872
1.490348
1.475521
1.487947
1.502760
1.499353
1.480071
1.482699
1.491399
1.482839
1.491828
1.503408
1.490165
1.494383
1.486789
1.485379
1.492286
1.487073
1.487782
1.492841
1.472350
1.477133
1.485115
1.481084
1.494132
1.488628
1.493480
1.489914
1.468497
1.487009
1.476870
1.479970
1.476028
1.499113
1.494512
1.491398
1.497498
1.503748
1.488240
1.476872
1.490022
1.480594
1.478528
1.503298
1.490439
1.480994
1.486150
1.482038
1.490520
1.480409
1.487400
1.493108
1.512156
1.477119
1.476576
1.473486
1.481648
1.479779
1.486054
1.477283
1.477607
1.478588
1.505888
1.486621
1.488677
1.487228
1.490166
1.476774
1.480267
1.507210
1.482305
1.478935
1.473863
1.486052
1.483785
1.498230
1.481448
1.486974
1.490629
1.482247
1.498078
1.480793
1.481908
1.474537
1.490171
1.483917
1.490430
1.493468
1.476005
1.490336
1.481148
1.479413
1.483179
1.477753
1.488333
1.472073
1.485721
1.485519
1.469902
1.486946
1.480164
1.475868
1.485804
1.472643
1.480502
1.498672
1.498848
1.471151
1.482102
1.483983
1.487755
1.480232
1.498636
1.477107
1.474887
1.501835
1.477049
1.483126
1.479280
1.475930
1.497986
1.497591
1.485455
1.479013
1.471968
1.494689
1.475622
1.487686
1.484799
1.478179
1.471592
1.472315
1.494856
1.484488
1.470817
1.502455
1.477659
1.469316
1.480184
1.480022
1.499475
1.486354
1.477748
1.473688
1.474579
1.473846
1.472457
1.481265
1.499320
1.482014
1.478791
1.474878
1.490890
1.485838
1.471217
1.471769
1.491744
1.483420
1.482286
1.479858
1.488647
1.485838
1.485579
1.479455
1.477438
1.472219
1.472482
1.507150
1.468559
1.476077
1.476383
1.477588
1.484563
1.477418
1.477201
1.473333
1.473621
1.483869
1.482418
1.481228
1.476767
1.486641
1.482724
1.477767
1.481477
1.483585
1.482590
1.470932
1.495671
1.483375
1.480415
1.475155
1.470610
1.480341
1.475604
1.495043
1.471102
1.497359
1.486441
1.476073
1.473566
1.472806
1.481061
1.472486
1.466163
1.477687
1.469102
1.486309
1.481749
1.477520
1.479443
1.498006
1.477369
1.484212
1.482661
1.479714
1.482864
1.481250
1.481935
1.473911
1.478470
1.474411
1.470917
1.486010
1.468983
1.489289
1.481739
1.471522
1.472441
1.496708
1.480700
1.483337
1.476286
1.477619
1.476962
1.475319
1.497681
1.474228
1.472346
1.471176
1.483521
1.475597
1.467642
1.497856
1.484525
1.475843
1.477247
1.478439
1.481193
1.472477
1.477443
1.481313
1.480047
1.473255
1.484100
1.479493
1.479868
1.477898
1.492061
1.475429
1.480181
1.472757
1.483404
1.477930
1.481575
1.475923
1.474888
1.472878
1.478600
1.476485
1.487389
1.482947
1.474400
1.483734
