2.302581
2.300895
2.291195
2.269941
2.257868
2.246061
2.209705
2.190115
2.178177
2.134372
2.134626
2.085841
2.066344
2.037616
1.992921
1.961475
1.931550
1.956414
1.865324
1.887883
1.918696
1.965350
1.879813
1.844668
1.886989
1.817576
1.883112
1.822796
1.867989
1.744125
1.784685
1.810715
1.773565
1.837651
1.811609
1.766817
1.754325
1.715625
1.738171
1.765231
1.718509
1.747229
1.715096
1.669346
1.729266
1.767149
1.677208
1.733414
1.666466
1.697748
1.718134
1.741477
1.665786
1.685346
1.663198
1.731397
1.680127
1.658304
1.688340
1.662016
1.659315
1.649592
1.650646
1.629613
1.617907
1.633602
1.624461
1.599922
1.627417
1.609384
1.618302
1.608236
1.594684
1.607970
1.628495
1.597627
1.626153
1.623932
1.628477
1.599449
1.585574
1.601289
1.593703
1.614063
1.568541
1.584819
1.588462
1.581608
1.584079
1.592683
1.585761
1.555528
1.587126
1.593940
1.578028
1.563602
1.600324
1.571108
1.565301
1.562512
1.583521
1.560858
1.564715
1.548111
1.573506
1.591709
1.558178
1.577243
1.582028
1.557228
1.553945
1.558904
1.557808
1.561857
1.540915
1.553878
1.568272
1.557162
1.562375
1.559348
1.567670
1.583332
1.572848
1.552840
1.569373
1.585851
1.546111
1.540002
1.595799
1.542733
1.547359
1.570062
1.543184
1.555674
1.547110
1.562452
1.574881
1.558503
1.554575
1.530013
1.553646
1.550317
1.545653
1.565888
1.542791
1.564162
1.546099
1.547008
1.556898
1.552287
1.558549
1.550397
1.548611
1.545457
1.554487
1.571907
1.570856
1.562105
1.551074
1.537889
1.538301
1.519649
1.526965
1.532333
1.555134
1.550703
1.540136
1.542210
1.541978
1.538411
1.536933
1.542126
1.552696
1.546103
1.556051
1.530895
1.544868
1.537343
1.543375
1.560971
1.546164
1.547357
1.535801
1.558978
1.547322
1.570975
1.536329
1.530843
1.525156
1.545510
1.515502
1.542767
1.536634
1.531982
1.537497
1.547083
1.529306
1.522131
1.509395
1.535349
1.537878
1.542117
1.548683
1.539736
1.529758
1.546114
1.536497
1.538877
1.544198
1.543998
1.538824
1.539157
1.550911
1.532166
1.532173
1.529290
1.527441
1.543356
1.522546
1.521742
1.546185
1.556503
1.572248
1.551806
1.552936
1.526689
1.528298
1.548892
1.521357
1.524418
1.538800
1.528595
1.533049
1.529735
1.551537
1.538108
1.530003
1.551027
1.529716
1.534208
1.528289
1.527614
1.536338
1.536782
1.523128
1.521121
1.536966
1.531805
1.521859
1.540792
1.527534
1.546373
1.538546
1.536054
1.537693
1.518483
1.517829
1.538944
1.533111
1.539569
1.532148
1.526157
1.536799
1.531181
1.524809
1.543480
1.538960
1.521001
1.523257
1.515787
1.550586
1.536787
1.526020
1.524631
1.542992
1.542275
1.525108
1.530554
1.534564
1.521994
1.531999
1.525481
1.525277
1.519549
1.532468
1.517757
1.543463
1.520598
1.525830
1.517998
1.527256
1.523696
1.517581
1.542606
1.527094
1.519004
1.534122
1.539923
1.519597
1.541716
1.538922
1.514304
1.527800
1.509636
1.542297
1.515959
1.532612
1.513791
1.555784
1.516536
1.545211
1.521527
1.507274
1.518661
1.516961
1.531898
1.516587
1.521555
1.511896
1.509599
1.504886
1.518493
1.520003
1.523185
1.519553
1.512131
1.519966
1.516463
1.529307
1.516841
1.502079
1.514172
1.510303
1.525139
1.507176
1.505256
1.511810
1.514037
1.516825
1.505864
1.504803
1.508232
1.516676
1.496304
1.516399
1.510773
1.504408
1.504178
1.510000
1.514992
1.511061
1.516237
1.497694
1.515272
1.500940
1.499411
1.503449
1.506992
1.494199
1.498996
1.509272
1.485912
1.493969
1.488042
1.487527
1.495397
1.510055
1.497545
1.488293
1.493391
1.505432
1.476185
1.508018
1.492716
1.499920
1.507693
1.505191
1.480951
1.486705
1.485588
1.488296
1.493173
1.503002
1.494815
1.489657
1.519674
1.490869
1.500783
1.479055
1.482812
1.480237
1.475031
1.488231
1.484261
1.488915
1.490643
1.500787
1.501574
1.490101
1.491486
1.483692
1.479861
1.483513
1.489208
1.479141
1.486400
1.484911
1.480290
1.480127
1.479845
1.494578
1.519615
1.516401
1.490159
1.480914
1.482676
1.494123
1.482279
1.481526
1.474448
1.474339
1.482275
1.489758
1.482115
1.505005
1.499576
1.477585
1.488824
1.492533
1.481241
1.481169
1.507355
1.488551
1.475768
1.485030
1.487827
1.471529
1.487948
1.494763
1.485244
1.479154
1.484959
1.479425
1.488626
1.493686
1.475429
1.501125
1.484433
1.486390
1.487757
1.489679
1.490493
1.488433
1.483846
1.473894
1.482768
1.486444
1.469339
1.481747
1.484264
1.504930
1.492530
1.488953
1.484853
1.483222
1.481207
1.485312
1.484166
1.486103
1.476465
1.484236
1.485731
1.475048
1.490102
1.509179
1.482684
1.475641
1.496230
1.479385
1.491690
1.496167
1.468899
1.480152
1.490251
1.484158
1.476562
1.471206
1.476405
1.482787
1.475014
1.478156
1.477391
1.489533
1.476558
1.474852
1.475202
1.487349
1.475097
1.494935
1.485027
