2.304381
2.316342
2.310169
2.300209
2.287230
2.277034
2.261060
2.245893
2.224568
2.209872
2.161708
2.139679
2.114831
2.035006
1.972389
1.928392
1.857031
1.882542
1.794473
1.733172
1.595493
1.518932
1.456210
1.206580
0.927763
0.856554
1.403059
1.038258
1.483982
3.219589
2.758413
3.979068
5.787517
3.581419
1.170618
1.366513
1.399299
1.681944
1.843999
1.994329
1.959384
1.921866
1.940144
1.883806
1.861203
1.674742
1.707766
1.621022
1.568107
1.378085
1.262900
1.208868
1.046694
0.998791
0.752582
0.629100
0.598785
0.550886
0.543045
0.580192
0.395766
0.359522
0.467089
0.412346
0.314582
0.407342
0.274154
0.467251
0.522998
0.647141
0.202683
0.373444
0.329803
0.522130
0.300212
0.327083
0.421351
0.480618
0.307844
0.335854
0.213633
0.235654
0.355764
0.156631
0.240641
0.431777
0.281855
0.238476
0.391832
0.271614
0.220404
0.210154
0.149010
0.204075
0.236707
0.252708
0.222426
0.124203
0.325792
0.208678
0.185389
0.071103
0.136891
0.143249
0.279856
0.249382
0.290514
0.290721
0.243543
0.151317
0.286812
0.311917
0.294815
0.058552
0.105465
0.261466
0.188855
0.123571
0.225997
0.184906
0.269912
0.311502
0.128710
0.220870
0.124991
0.433313
0.130532
0.228980
0.218236
0.132817
0.260358
0.167729
0.288599
0.108873
0.367192
0.225681
0.199273
0.387976
0.402160
0.197304
0.170974
0.253583
0.200594
0.256938
0.289093
0.389147
0.152997
0.476841
0.234179
0.070773
0.261260
0.142412
0.079591
0.224938
0.270409
0.126203
0.128552
0.085121
0.232252
0.144687
0.362734
0.268957
0.278568
0.294876
0.128899
0.150074
0.262952
0.133157
0.486802
0.246912
0.198103
0.141041
0.319637
0.131985
0.095231
0.073385
0.253668
0.097746
0.081390
0.236592
0.125038
0.123598
0.160614
0.145057
0.196924
0.121039
0.071420
0.269366
0.200515
0.062086
0.160352
0.328155
0.197441
0.292239
0.433894
0.336154
0.297110
0.473578
0.096177
0.481438
0.278700
0.150283
0.336261
0.211432
0.132460
0.277419
0.146395
0.199965
0.190526
0.118573
0.171802
0.230376
0.150641
0.132376
0.183420
0.156926
0.125968
0.149303
0.221094
0.176643
0.188001
0.088546
0.168762
0.203737
0.121488
0.241960
0.111882
0.063214
0.158299
0.135399
0.082116
0.112625
0.184648
0.054479
0.050255
0.121659
0.311317
0.162019
0.187624
0.030257
0.083069
0.054660
0.154894
0.104189
0.084932
0.031668
0.083178
0.259966
0.093576
0.073210
0.099913
0.193025
0.035202
0.124181
0.189233
0.215561
0.027524
0.262089
0.039188
0.185918
0.132283
0.092695
0.096563
0.207297
0.100364
0.273733
0.119881
0.197884
0.165109
0.107181
0.110931
0.073408
0.094771
0.122805
0.121990
0.120171
0.073814
0.172553
0.119707
0.107724
0.255518
0.091343
0.057326
0.048036
0.143847
0.132821
0.079895
0.223863
0.213855
0.098420
0.107209
0.143306
0.062593
0.088390
0.210009
0.108140
0.146878
0.321526
0.033492
0.106071
0.073746
0.317633
0.201062
0.184056
0.844568
0.242482
1.984431
1.073948
0.920708
0.883165
0.814162
1.424326
1.030949
0.858570
1.230763
0.990003
0.996457
0.868717
1.374081
0.846176
1.097599
1.118455
0.669354
0.852628
1.176566
0.591882
0.582522
0.881353
0.591487
0.901879
0.653479
0.697850
0.567564
0.645786
0.639079
0.445215
0.506648
0.523526
0.491631
0.448743
0.301004
0.397133
0.522602
0.487881
0.492376
0.261574
0.289465
0.197317
0.200459
0.384947
0.104801
0.157309
0.140431
0.135161
0.151764
0.196956
0.204279
0.279529
0.121643
0.231843
0.207684
0.254206
0.246254
0.153752
0.617640
0.466001
0.485214
1.477870
2.557066
1.854141
0.634768
0.447182
0.737815
0.170178
0.415483
0.412985
0.403810
0.507672
0.355675
0.270394
0.244063
0.357936
0.338076
0.263780
0.258682
0.450209
0.241623
0.206709
0.310923
0.156045
0.144450
0.248159
0.141688
0.158295
0.126202
0.144191
0.469317
0.123115
0.207950
0.333510
0.063211
0.173476
0.294282
0.169970
0.210315
0.143836
0.029660
0.168547
0.125300
0.058341
0.077780
0.103434
0.095856
0.026959
0.158135
0.297571
0.026041
0.054958
0.105251
0.189991
0.085749
0.147120
0.105861
0.212549
0.107025
0.224995
0.087349
0.107761
0.147624
0.085284
0.026479
0.174361
0.117330
0.091635
0.252865
0.113463
0.155623
0.129867
0.065765
0.032162
0.143349
0.114250
0.067271
0.190440
0.049241
0.101606
0.090942
0.067417
0.090478
0.074850
0.021140
0.052284
0.130377
0.149533
0.108965
0.023352
0.064503
0.063787
0.074998
0.162286
0.110073
0.041666
0.044349
0.146657
0.044774
0.190775
0.030385
0.059029
0.137606
0.050737
0.044421
0.125820
0.191779
0.100700
0.144207
0.117749
0.080709
0.110805
0.103544
0.204451
0.054975
0.155125
0.166492
0.116114
0.150412
0.153944
0.313392
0.070138
0.139388
0.061191
0.104745
0.017668
0.106100
0.005928
0.085698
0.116418
0.092423
0.040934
0.117071
0.103649
