2.293003
2.283797
2.286095
2.288487
2.303752
2.322891
2.367439
2.381568
2.384007
2.242136
2.239855
2.245988
2.279811
2.286770
2.290300
2.293699
2.297446
2.299056
2.300254
2.301438
2.302224
2.302173
2.302428
2.302377
2.302534
2.300869
2.300092
2.299368
2.298994
2.299007
2.299839
2.295421
2.298182
2.295441
2.297970
2.295923
2.297901
2.294821
2.295785
2.296368
2.297626
2.294698
2.295222
2.296877
2.293744
2.292572
2.292625
2.292362
2.293183
2.294501
2.291005
2.292540
2.293524
2.295734
2.294561
2.292776
2.290731
2.293334
2.296211
2.293640
2.292741
2.291966
2.291724
2.293425
2.293267
2.289718
2.294968
2.289397
2.294827
2.292587
2.286963
2.294074
2.295245
2.294800
2.289348
2.285303
2.294187
2.291657
2.290187
2.287911
2.289501
2.290510
2.291656
2.293474
2.292437
2.290801
2.290021
2.293202
2.293496
2.289601
2.292719
2.292770
2.292850
2.291436
2.293128
2.287436
2.290812
2.292167
2.292015
2.292766
2.293359
2.291698
2.292994
2.291498
2.289117
2.291338
2.289215
2.287793
2.290771
2.291673
2.290151
2.291226
2.290376
2.285275
2.287893
2.290591
2.289469
2.290025
2.291093
2.288641
2.288901
2.289566
2.289383
2.288158
2.289285
2.289887
2.291160
2.291357
2.291264
2.293081
2.290892
2.288638
2.293455
2.288615
2.289983
2.287700
2.289501
2.289945
2.289333
2.287505
2.290130
2.291877
2.290424
2.289643
2.287160
2.289859
2.289207
2.289498
2.288966
2.287133
2.290296
2.284692
2.288198
2.285678
2.287926
2.287244
2.287008
2.289267
2.290914
2.289353
2.287648
2.286924
2.289676
2.291312
2.287875
2.292431
2.287760
2.286745
2.284802
2.285353
2.286191
2.281362
2.281414
2.279424
2.244481
2.231559
2.230386
2.232371
2.231479
2.232200
2.230722
2.234902
2.234337
2.232383
2.232471
2.232337
2.232963
2.230669
2.234022
2.230764
2.233663
2.230966
2.233852
2.231167
2.233810
2.232651
2.232975
2.234723
2.233368
2.233343
2.234587
2.234529
2.232802
2.230649
2.234827
2.231162
2.232716
2.233968
2.230840
2.227211
2.231743
2.233917
2.233956
2.233222
2.229001
2.233151
2.231296
2.231021
2.233077
2.232512
2.232576
2.232049
2.227455
2.229640
2.229909
2.232789
2.229447
2.231371
2.232218
2.231912
2.233174
2.227630
2.229115
2.226899
2.230042
2.229338
2.226995
2.229093
2.228260
2.228011
2.229643
2.230880
2.226932
2.228012
2.232361
2.229892
2.226747
2.228716
2.230611
2.225676
2.227707
2.221297
2.215894
2.178194
2.165143
2.169830
2.171483
2.171768
2.166918
2.167617
2.172579
2.168276
2.171532
2.170243
2.167511
2.171093
2.168522
2.167728
2.168949
2.171915
2.171296
2.172700
2.170894
2.167357
2.169216
2.170387
2.168391
2.172462
2.170638
2.170304
2.171226
2.170348
2.165258
2.172160
2.168405
2.169888
2.168160
2.170657
2.170927
2.166504
2.167141
2.166154
2.170453
2.169173
2.167871
2.168055
2.169370
2.169626
2.167652
2.163601
2.168938
2.166264
2.167285
2.165673
2.167799
2.165123
2.165024
2.164316
2.164914
2.161627
2.164567
2.166856
2.161454
2.162394
2.161669
2.166374
2.166938
2.164896
2.166177
2.166579
2.166981
2.167572
2.163873
2.158798
2.167210
2.165958
2.161634
2.159354
2.164388
2.164627
2.165596
2.165795
2.166258
2.164420
2.166121
2.164927
2.164517
2.161856
2.166651
2.165945
2.160254
2.164291
2.168658
2.164426
2.165858
2.167357
2.163009
2.163149
2.162941
2.163103
2.160905
2.157023
2.155048
2.104109
2.096956
2.096941
2.093646
2.096059
2.097102
2.097187
2.098215
2.098680
2.098389
2.097061
2.099563
2.095059
2.099979
2.097466
2.098822
2.095765
2.098230
2.094059
2.096526
2.100081
2.097427
2.099473
2.099375
2.098933
2.101542
2.096375
2.098309
2.100009
2.098356
2.100432
2.097692
2.097951
2.096842
2.097289
2.091457
2.098263
2.099574
2.097228
2.096888
2.094028
2.097540
2.097125
2.096757
2.099810
2.096807
2.094912
2.094159
2.094201
2.099976
2.093271
2.094306
2.094000
2.093805
2.090668
2.088996
2.090672
2.094520
2.088126
2.090930
2.095765
2.093405
2.091138
2.085822
2.092702
2.085843
2.089234
2.089106
2.093910
2.091435
2.090874
2.090379
2.088060
2.085270
2.089134
2.087988
2.091559
2.088588
2.090442
2.089022
2.088570
2.088310
2.089142
2.090020
2.087819
2.089465
2.089020
2.086294
2.090906
2.084203
2.085212
2.086499
2.087744
2.087103
2.083111
2.091396
2.083590
2.091401
2.087182
2.090359
2.088667
2.087897
2.088417
2.087607
2.087433
2.090373
2.086033
2.087449
2.086890
2.084777
2.085758
2.087518
2.091760
2.081938
2.088588
2.086735
2.088667
2.088070
2.085687
2.090330
2.088261
2.086403
2.086635
2.084426
2.088046
2.086093
2.085735
2.087096
2.088264
2.089205
2.087407
2.084453
2.087875
2.084482
2.085573
2.084606
2.086004
2.089088
2.086017
2.089010
2.086335
2.088088
2.085587
2.087599
2.085251
2.086385
2.085850
