2.306167
2.303297
2.306401
2.303036
2.297646
2.301631
2.299161
2.297188
2.290740
2.286858
2.280520
2.275656
2.278276
2.250813
2.247961
2.239262
2.226942
2.234656
2.232726
2.236433
2.191406
2.190420
2.207444
2.200529
2.175341
2.132185
2.117081
2.044931
2.034957
2.019209
2.029958
1.984211
1.922549
1.882967
1.798078
1.820735
1.811840
1.813387
1.782559
1.811071
1.776759
1.752273
1.785219
1.792402
1.809776
1.793041
1.834915
1.804285
1.813942
1.757715
1.789949
1.746324
1.714006
1.745273
1.687660
1.694482
1.698948
1.691822
1.695047
1.712679
1.693651
1.676481
1.701797
1.675695
1.687258
1.685802
1.662464
1.689453
1.667307
1.680144
1.647444
1.656721
1.657088
1.706067
1.650226
1.662016
1.660719
1.671722
1.678519
1.666840
1.622165
1.631629
1.662387
1.651793
1.657542
1.670559
1.638469
1.652052
1.661904
1.610900
1.647652
1.622642
1.606394
1.634817
1.645713
1.645934
1.616774
1.616825
1.662544
1.630884
1.626256
1.611257
1.602931
1.611311
1.664443
1.647619
1.640117
1.642182
1.611335
1.589942
1.618556
1.646828
1.666699
1.592950
1.606666
1.625857
1.600274
1.582067
1.622078
1.642970
1.625069
1.632784
1.593860
1.617694
1.594993
1.628472
1.593083
1.605286
1.610688
1.586466
1.609313
1.583801
1.614782
1.606155
1.643116
1.616683
1.615658
1.622614
1.612912
1.602491
1.596700
1.593390
1.586035
1.610333
1.631899
1.611174
1.583315
1.607539
1.597570
1.542902
1.628729
1.585922
1.563203
1.638918
1.595695
1.579716
1.591924
1.557611
1.613894
1.631104
1.616277
1.592360
1.605752
1.616472
1.605791
1.572169
1.604767
1.596101
1.607335
1.602295
1.588588
1.579496
1.584397
1.576405
1.584051
1.595035
1.612738
1.558704
1.575570
1.608999
1.577415
1.584742
1.580992
1.571251
1.574476
1.605496
1.553587
1.599024
1.586586
1.532693
1.608218
1.579577
1.559549
1.569880
1.626837
1.568560
1.575930
1.580520
1.569182
1.593854
1.611996
1.575449
1.589689
1.559901
1.566109
1.588242
1.576473
1.562204
1.576950
1.556013
1.553998
1.574291
1.569291
1.536088
1.566639
1.572334
1.563450
1.557813
1.556241
1.561551
1.570405
1.533397
1.582313
1.576551
1.555533
1.581711
1.561219
1.552261
1.596871
1.562440
1.549446
1.566476
1.559287
1.538499
1.538291
1.554709
1.556951
1.575744
1.575983
1.534850
1.539007
1.560308
1.579109
1.560245
1.566688
1.544364
1.551770
1.573029
1.553669
1.550820
1.544053
1.583466
1.550100
1.565823
1.569335
1.596795
1.530514
1.569857
1.552790
1.562169
1.562170
1.550700
1.551865
1.555983
1.556225
1.553921
1.563810
1.562508
1.556381
1.548262
1.561616
1.567255
1.550755
1.550505
1.553070
1.547479
1.555398
1.550679
1.538533
1.559442
1.558524
1.558363
1.544368
1.528155
1.554490
1.549783
1.536602
1.541760
1.554256
1.541745
1.548936
1.564518
1.556258
1.530880
1.556160
1.529223
1.545440
1.538056
1.528762
1.526716
1.544973
1.563244
1.554376
1.538055
1.557832
1.517019
1.537545
1.576519
1.519819
1.543020
1.552125
1.538595
1.540077
1.550750
1.584468
1.564121
1.548600
1.536377
1.550121
1.514342
1.547655
1.560461
1.526034
1.534901
1.536792
1.526948
1.536506
1.553637
1.545935
1.579559
1.522962
1.515878
1.531680
1.568541
1.522842
1.526517
1.533605
1.515401
1.539726
1.541517
1.531965
1.527504
1.537668
1.547517
1.539692
1.552447
1.529855
1.529708
1.528272
1.580698
1.514678
1.538668
1.526140
1.521117
1.535863
1.544608
1.535038
1.544848
1.513428
1.526702
1.519844
1.537666
1.515371
1.532974
1.538275
1.539204
1.538869
1.519675
1.530846
1.530628
1.534023
1.536048
1.513801
1.533895
1.543597
1.532199
1.533807
1.580201
1.537557
1.544989
1.530329
1.556910
1.534230
1.536676
1.532665
1.548835
1.534024
1.530822
1.569251
1.532346
1.517181
1.541760
1.510346
1.534202
1.528866
1.540805
1.572828
1.506256
1.531108
1.543056
1.525184
1.519611
1.524495
1.529639
1.524196
1.530737
1.500169
1.522409
1.525771
1.527927
1.518401
1.520800
1.514367
1.502389
1.533819
1.555731
1.511285
1.516742
1.530736
1.538347
1.529890
1.543127
1.523465
1.554991
1.524456
1.547154
1.522994
1.536499
1.526073
1.512940
1.510182
1.532164
1.540582
1.514214
1.549988
1.516691
1.531092
1.525124
1.507926
1.497152
1.537970
1.506539
1.514263
1.541305
1.516912
1.507540
1.526494
1.518587
1.515933
1.525196
1.523616
1.536315
1.521507
1.534082
1.530652
1.507383
1.511374
1.517531
1.513615
1.526506
1.530599
1.501559
1.511379
1.529743
1.531417
1.535346
1.500079
1.525906
1.523913
1.503994
1.517081
1.518685
1.534693
1.514882
1.536129
1.545489
1.507155
1.520393
1.513817
1.541360
1.509989
1.523371
1.527276
1.508141
1.519838
1.566222
1.553610
1.509554
1.528051
1.509469
1.531483
1.501676
1.505592
1.491820
1.521105
1.518634
1.517142
1.517684
1.532129
1.516739
