2.310728
2.306828
2.305170
2.303700
2.303700
2.303452
2.303824
2.302385
2.297002
2.294318
2.304529
2.305063
2.302299
2.302833
2.303204
2.303080
2.302585
2.300985
2.301394
2.300537
2.305187
2.306797
2.306673
2.302988
2.299794
2.286361
2.288219
2.291124
2.298898
2.298967
2.302264
2.294021
2.298462
2.275427
2.260155
2.246632
2.253071
2.256539
2.247776
2.216221
2.190431
2.189887
2.173000
2.160596
2.135826
2.123132
2.139642
2.170632
2.146133
2.165608
2.174167
2.159338
2.154079
2.138931
2.111536
2.088753
2.053080
2.057988
2.016396
1.999386
1.933054
1.941765
1.899043
1.873531
1.851980
1.823087
1.844157
1.847085
1.815533
1.815087
1.853466
1.875957
1.835643
1.806772
1.823015
1.830412
1.835365
1.824845
1.760535
1.774003
1.757264
1.766408
1.765520
1.741903
1.774586
1.736622
1.716749
1.747667
1.715343
1.770482
1.805074
1.761181
1.707757
1.710075
1.752027
1.762678
1.763679
1.771402
1.782048
1.808981
1.799596
1.770474
1.757835
1.768332
1.782798
1.759002
1.731369
1.755292
1.744936
1.720574
1.758312
1.731987
1.743765
1.721268
1.750755
1.750428
1.737349
1.748548
1.732104
1.718547
1.723698
1.736314
1.780673
1.762027
1.826951
1.800849
1.845257
1.831411
1.827542
1.835436
1.834410
1.847379
1.854320
1.829987
1.834057
1.791260
1.813920
1.868736
1.812557
1.791418
1.772659
1.787168
1.792881
1.810213
1.803357
1.805928
1.752228
1.789008
1.806348
1.826994
1.881995
2.000898
2.083370
2.313610
2.399834
2.438884
2.446074
2.445100
2.443421
2.431394
2.436630
2.438962
2.447209
2.440673
2.440094
2.437450
2.431486
2.426120
2.406539
2.375144
2.335595
2.236797
2.085047
1.920235
1.868391
1.807515
1.769077
1.790791
1.788139
1.727436
1.772752
1.803852
1.782006
1.758094
1.720755
1.731228
1.751810
1.789727
1.797262
1.750530
1.726343
1.754343
1.715368
1.761751
1.725802
1.759407
1.746776
1.674829
1.695454
1.670848
1.691171
1.727170
1.693971
1.677310
1.717753
1.653136
1.694960
1.699782
1.672934
1.732616
1.677743
1.697539
1.711901
1.686680
1.692212
1.741360
1.735448
1.749026
1.704024
1.672313
1.662947
1.670909
1.647475
1.695268
1.679127
1.659717
1.718954
1.732581
1.689861
1.643696
1.660123
1.666134
1.655142
1.642486
1.692329
1.677729
1.661142
1.663129
1.663742
1.684121
1.618518
1.647248
1.743070
1.636474
1.672586
1.688722
1.665789
1.664622
1.644627
1.661275
1.684019
1.640733
1.641130
1.683715
1.624798
1.726399
1.703448
1.650898
1.648822
1.622343
1.641892
1.688886
1.687737
1.626238
1.638280
1.689080
1.620757
1.676114
1.682236
1.614492
1.622090
1.646723
1.673519
1.700481
1.709158
1.657805
1.646074
1.650157
1.654177
1.672302
1.666079
1.659312
1.695871
1.632108
1.675918
1.627689
1.639543
1.666792
1.626870
1.599652
1.621127
1.649068
1.657150
1.652698
1.647758
1.655195
1.651540
1.684530
1.651085
1.663567
1.687780
1.622708
1.636163
1.672814
1.621012
1.662728
1.685015
1.655888
1.715007
1.760309
1.708184
1.718687
1.767780
1.791373
1.743030
1.744015
1.782097
1.789316
1.806171
1.772742
1.775819
1.792202
1.795903
1.743306
1.748486
1.714355
1.728265
1.710758
1.694935
1.673581
1.652578
1.629239
1.668205
1.614622
1.671992
1.673433
1.692011
1.660645
1.702490
1.692989
1.703182
1.660418
1.691578
1.724077
1.686607
1.674260
1.660890
1.678365
1.610082
1.662475
1.609785
1.643969
1.659515
1.679962
1.637709
1.620442
1.648076
1.656513
1.633750
1.628240
1.679555
1.644822
1.639671
1.612815
1.632097
1.636904
1.661296
1.694695
1.663322
1.686490
1.698599
1.755081
1.710586
1.720151
1.707082
1.711745
1.736304
1.715471
1.731525
1.652504
1.709436
1.712801
1.691048
1.679839
1.663226
1.653699
1.634457
1.689298
1.650963
1.674080
1.738054
1.669781
1.708670
1.732021
1.684450
1.752578
1.727288
1.670934
1.614322
1.707928
1.668453
1.661161
1.680709
1.673416
1.653991
1.664731
1.646955
1.629485
1.700292
1.694678
1.683879
1.615677
1.675865
1.732269
1.664585
1.724857
1.665310
1.653296
1.638834
1.657148
1.687786
1.698357
1.675954
1.667241
1.657228
1.654302
1.668992
1.672415
1.621675
1.673921
1.681367
1.695447
1.682929
1.693898
1.634721
1.656437
1.666069
1.635438
1.653583
1.673887
1.641814
1.619482
1.682005
1.673141
1.634438
1.644211
1.668376
1.686283
1.697018
1.642200
1.632500
1.614024
1.643412
1.648056
1.626549
1.663589
1.653424
1.668488
1.672084
1.686596
1.652116
1.642518
1.613686
1.686894
1.698005
1.674934
1.678740
1.651212
1.613876
1.710110
1.627643
1.661631
1.640271
1.651820
1.638378
1.638306
1.636069
1.586635
1.636492
1.651146
1.662636
1.646001
1.660982
1.637761
1.677928
1.648965
1.666950
1.663178
1.601607
1.597985
1.599915
1.652466
1.690563
1.701984
1.649530
1.636136
1.650168
1.687828
1.715101
1.715443
