2.308576
2.288483
2.329652
2.255488
2.181916
2.432434
2.392358
2.181471
2.003807
1.901240
1.921549
2.239274
2.453943
2.703757
2.735972
2.704098
2.696659
2.638420
2.553483
2.310884
2.141580
1.996554
1.854997
1.818383
1.813300
1.844135
1.910972
1.991120
1.993406
1.963728
1.926770
1.892182
1.896174
1.936988
1.930252
1.957086
1.972026
1.982482
1.964960
1.953787
1.914373
1.933376
1.911080
1.875135
1.820252
1.815378
1.817961
1.754212
1.824853
1.877994
1.862271
1.861353
1.843019
1.842089
1.834664
1.832358
1.861822
1.873647
1.873714
1.871080
1.813221
1.793612
1.813807
1.823255
1.810441
1.788391
1.779128
1.741138
1.733292
1.742357
1.839376
1.801610
1.748742
1.711205
1.699133
1.736881
1.769965
1.772642
1.752573
1.737931
1.760960
1.746116
1.745310
1.763427
1.746421
1.735579
1.755477
1.797600
1.790559
1.803439
1.855118
1.822647
1.697827
1.688405
1.721189
1.723871
1.749628
1.732686
1.733030
1.728450
1.718149
1.703561
1.683655
1.718250
1.741007
1.704525
1.731187
1.704655
1.718070
1.698031
1.690266
1.666294
1.649595
1.663707
1.658400
1.627954
1.646976
1.621406
1.704453
1.765980
1.800082
1.805696
1.799648
1.747845
1.775010
1.766365
1.739699
1.795649
1.826495
1.811947
1.842871
1.811854
1.792772
1.775331
1.784804
1.786123
1.837310
1.754708
1.773898
1.834352
1.852890
1.830150
1.789397
1.760660
1.732406
1.767114
1.729212
1.734560
1.727148
1.740728
1.756605
1.775241
1.782913
1.829898
1.832878
1.824100
1.858748
1.857186
1.815776
1.817350
1.787683
1.805956
1.745991
1.719252
1.744403
1.740721
1.741856
1.758878
1.804828
1.828113
1.789776
1.771648
1.790189
1.787075
1.758790
1.723512
1.705568
1.750460
1.771360
1.792890
1.822441
1.834030
1.791500
1.805772
1.758226
1.755482
1.829321
1.785617
1.768594
1.770721
1.789527
1.779560
1.798119
1.791623
1.766142
1.748281
1.790974
1.789985
1.780844
1.746760
1.702986
1.737286
1.811438
1.814433
1.861238
1.943810
2.117806
1.939454
1.838906
1.855229
1.922916
1.954803
1.998227
2.001611
1.924045
1.931442
1.904267
1.940784
1.894590
1.864465
1.847136
1.882307
1.840791
1.848586
1.905806
1.954951
1.928999
1.995262
1.938727
1.958361
1.964793
1.937660
1.942797
1.939352
1.925879
1.938563
1.949638
1.936239
1.928508
1.913132
1.920518
1.938750
1.952424
1.957154
1.934235
1.926081
1.951393
1.927508
1.949513
1.935257
1.918778
1.924691
1.933090
1.928853
1.910076
1.942714
1.926998
1.952841
1.924898
1.944932
1.903968
1.923919
1.940377
1.915963
1.934214
1.976973
1.948660
1.967893
1.946990
1.967786
1.942374
1.928941
1.932574
1.915632
1.936340
1.898103
1.934463
1.928211
1.892634
1.912616
1.900984
1.927357
1.917141
1.928716
1.918750
1.924450
1.944964
1.946140
1.941722
1.942170
1.968080
1.931887
1.919421
1.944643
1.935000
1.917353
1.912101
1.888632
1.892161
1.906749
1.931852
1.949327
2.006228
2.049882
2.123339
2.130487
2.122429
2.043267
2.011603
1.962812
1.916005
1.925433
1.903757
1.888342
1.857953
1.878144
1.885404
1.917776
1.924150
1.954250
1.964687
2.012254
1.965162
1.992390
1.976613
1.974705
1.953417
1.874016
1.881738
1.845014
1.859749
1.867352
1.871978
1.892605
1.881475
1.909902
1.926500
1.943440
1.958281
1.916634
1.899545
1.881731
1.893167
1.869850
1.871761
1.901031
1.870877
1.860095
1.871371
1.893263
1.920354
1.914198
1.880098
1.885227
1.861995
1.889523
1.889002
1.896089
1.884105
1.889508
1.884485
1.865539
1.858744
1.847276
1.864189
1.872404
1.857021
1.864650
1.859902
1.863173
1.895649
1.864108
1.875137
1.855158
1.860262
1.893504
1.889831
1.887441
1.874062
1.863523
1.884596
1.869844
1.870930
1.870994
1.883655
1.872597
1.880842
1.893778
1.856949
1.861544
1.888310
1.887072
1.873131
1.870678
1.869125
1.871450
1.872993
1.880457
1.865881
1.868200
1.899243
1.866946
1.863891
1.857875
1.871261
1.868509
1.864712
1.860119
1.853950
1.875617
1.875053
1.878660
1.885004
1.863261
1.906319
1.863211
1.876390
1.878068
1.877211
1.885331
1.857640
1.872879
1.857548
1.852743
1.891648
1.867179
1.852129
1.871736
1.860558
1.865940
1.869839
1.869896
1.877010
1.888179
1.865886
1.858384
1.860344
1.872939
1.856202
1.887767
1.858892
1.865696
1.864678
1.860244
1.873693
1.876710
1.874552
1.875446
1.881142
1.874670
1.872427
1.892151
1.884330
1.861640
1.869620
1.845191
1.871576
1.868656
1.867615
1.837061
1.863726
1.877090
1.861828
1.872795
1.868592
1.863875
1.881700
1.847149
1.877509
1.874246
1.880519
1.862719
1.881533
1.851946
1.844269
1.868206
1.854402
1.869636
1.862531
1.847568
1.849277
1.870002
1.857262
1.864279
1.855913
1.862843
1.854988
1.874180
1.866776
1.858883
1.863273
1.868318
1.855858
1.867133
1.876867
1.880378
1.865618
1.865619
1.850557
1.892540
