2.307737
2.308340
2.310941
2.307399
2.327888
2.320642
2.337232
2.347992
2.376027
2.354126
2.386603
2.376839
2.428276
2.436956
2.415932
2.514863
2.547673
2.554119
2.580969
2.493816
2.509761
2.497882
2.485564
2.456976
2.409528
2.368602
2.355991
2.337135
2.333470
2.340373
2.359106
2.398524
2.414122
2.422805
2.460596
2.476737
2.480461
2.456363
2.426455
2.429897
2.431454
2.421589
2.424817
2.405299
2.392898
2.383850
2.391909
2.385643
2.400238
2.385473
2.382759
2.379935
2.361327
2.358999
2.350327
2.355164
2.358804
2.349625
2.357684
2.352154
2.371645
2.364768
2.375216
2.403976
2.415357
2.428794
2.403330
2.402102
2.382727
2.378418
2.379464
2.367743
2.365527
2.367214
2.383669
2.369925
2.394834
2.404349
2.407040
2.411716
2.410389
2.399409
2.399136
2.391526
2.392108
2.388677
2.379235
2.362895
2.364843
2.360357
2.380025
2.363600
2.353448
2.358301
2.361629
2.353229
2.368637
2.383559
2.401578
2.397053
2.404825
2.380658
2.331758
2.230474
2.037096
1.893960
1.826479
1.747786
1.749609
1.846702
1.871912
1.806066
1.882234
1.792506
1.859728
1.759545
1.749272
1.776606
1.711341
1.708115
1.674275
1.723923
1.715810
1.682829
1.714964
1.723419
1.660438
1.669620
1.662738
1.673985
1.703179
1.669274
1.668433
1.646506
1.678286
1.642405
1.696689
1.629277
1.635300
1.622923
1.655822
1.684816
1.645880
1.603078
1.647422
1.654907
1.668903
1.654934
1.626413
1.676998
1.676659
1.641878
1.627818
1.684071
1.643812
1.620412
1.639491
1.652374
1.635190
1.622026
1.629802
1.623984
1.599250
1.631024
1.594163
1.609689
1.613729
1.646090
1.609729
1.601072
1.615301
1.599273
1.608642
1.606432
1.597890
1.632733
1.623554
1.620388
1.631965
1.632941
1.649052
1.613539
1.603062
1.590882
1.632295
1.601839
1.623163
1.593304
1.633231
1.541390
1.583376
1.618288
1.606396
1.580171
1.596820
1.540952
1.601048
1.582615
1.586852
1.634262
1.628900
1.609123
1.608799
1.569119
1.619626
1.620306
1.602923
1.649774
1.617810
1.592064
1.587663
1.625329
1.608495
1.608456
1.571266
1.584960
1.628933
1.616692
1.626876
1.605524
1.602322
1.603049
1.605472
1.616644
1.589569
1.641607
1.601150
1.555003
1.611470
1.605653
1.549516
1.612982
1.555876
1.571126
1.570316
1.584052
1.593372
1.620001
1.548652
1.617363
1.555469
1.569334
1.608926
1.636835
1.651992
1.601604
1.604325
1.575149
1.590777
1.594326
1.542511
1.597389
1.565098
1.558977
1.588923
1.605370
1.618665
1.616382
1.617390
1.631188
1.594033
1.591708
1.628926
1.578319
1.580462
1.602745
1.590215
1.582606
1.603594
1.574426
1.630461
1.582146
1.563573
1.596221
1.599445
1.583082
1.573298
1.594921
1.564092
1.608850
1.613717
1.577786
1.537584
1.584484
1.580858
1.553304
1.567536
1.563483
1.540238
1.571975
1.579823
1.558961
1.619920
1.635290
1.583835
1.569051
1.591791
1.574008
1.591658
1.599071
1.584094
1.594004
1.565609
1.618758
1.651058
1.555179
1.585921
1.604289
1.584335
1.585165
1.592514
1.575503
1.567152
1.580172
1.556039
1.589379
1.607953
1.585222
1.542581
1.575817
1.595345
1.552700
1.587015
1.587677
1.539161
1.600158
1.601585
1.586059
1.558933
1.552946
1.532169
1.561183
1.584328
1.577309
1.603703
1.593233
1.583969
1.575338
1.559731
1.614101
1.624664
1.586477
1.538436
1.601221
1.554128
1.556261
1.570468
1.590509
1.567403
1.619516
1.598783
1.615794
1.572489
1.588602
1.607367
1.575591
1.607577
1.576994
1.567372
1.569644
1.549094
1.559967
1.552433
1.589425
1.596997
1.541607
1.601243
1.580723
1.572880
1.633546
1.564740
1.570721
1.589392
1.579541
1.569836
1.549237
1.563203
1.543676
1.555185
1.564488
1.534532
1.630664
1.583660
1.582978
1.566449
1.596878
1.632069
1.567324
1.565337
1.564326
1.592820
1.574331
1.575574
1.574531
1.534293
1.581283
1.548278
1.561061
1.526779
1.619013
1.550659
1.548202
1.573500
1.572327
1.567487
1.586608
1.541264
1.611169
1.580152
1.623168
1.557415
1.585553
1.567894
1.555526
1.583218
1.549219
1.572926
1.586149
1.601835
1.560596
1.561631
1.552082
1.606328
1.576305
1.581397
1.568620
1.599402
1.566453
1.564195
1.527777
1.545805
1.560792
1.580318
1.561425
1.567173
1.580077
1.572465
1.573511
1.551618
1.558754
1.557666
1.582559
1.598623
1.557589
1.591865
1.558252
1.599456
1.591053
1.579131
1.554647
1.568621
1.558822
1.580551
1.557451
1.587525
1.552426
1.557782
1.530020
1.569828
1.555810
1.536046
1.567642
1.550127
1.564296
1.619427
1.594446
1.586092
1.569045
1.563540
1.602822
1.576211
1.555668
1.540648
1.569838
1.551824
1.586769
1.584116
1.556644
1.559918
1.561090
1.544465
1.583651
1.548864
1.536779
1.543980
1.561991
1.576978
1.578735
1.596933
1.604762
1.565012
1.616759
1.609380
1.556613
1.610401
1.546690
1.545663
1.566568
1.603717
1.577242
