2.298751
2.303551
2.294237
2.293347
2.289284
2.290833
2.276812
2.274795
2.257116
2.261326
2.242780
2.248075
2.241043
2.226257
2.214945
2.190726
2.183713
2.175673
2.169643
2.159902
2.135006
2.127304
2.100400
2.079997
2.056134
2.056757
1.982136
1.963431
1.930625
1.968090
1.910815
1.801748
1.774569
1.747710
1.693181
1.625912
1.601395
1.399868
1.438737
1.326512
1.192996
1.195143
1.045215
1.009058
0.909656
0.862127
0.831773
0.765947
0.745876
0.650497
0.641531
0.784456
0.477690
0.460319
0.500569
0.505096
0.522207
0.387556
0.434695
0.363819
0.548676
0.373970
0.450343
0.510809
0.415755
0.515252
0.450194
0.404552
0.464828
0.394289
0.285307
0.485532
0.402515
0.317819
0.357574
0.399531
0.498333
0.408840
0.402058
0.270190
0.280541
0.336833
0.402698
0.263261
0.328674
0.332660
0.492132
0.413954
0.464360
0.449126
0.329955
0.210196
0.320518
0.409427
0.257703
0.213475
0.319311
0.184332
0.344865
0.273469
0.393796
0.297792
0.202754
0.370669
0.557563
0.396785
0.201988
0.185816
0.270297
0.297767
0.198873
0.245016
0.436179
0.211685
0.271512
0.266999
0.280547
0.295763
0.227257
0.281379
0.268448
0.251143
0.321427
0.393630
0.348167
0.271573
0.421880
0.298740
0.317130
0.250612
0.353842
0.303187
0.262646
0.270990
0.299640
0.215638
0.295936
0.338160
0.374724
0.307361
0.225451
0.281657
0.223319
0.354849
0.293435
0.159124
0.206796
0.236138
0.152406
0.278919
0.285224
0.352357
0.415536
0.289808
0.338648
0.259502
0.369036
0.255069
0.240575
0.268603
0.226194
0.222295
0.223068
0.201895
0.232946
0.263926
0.324323
0.307633
0.211914
0.305806
0.207587
0.206477
0.312583
0.225497
0.187151
0.201464
0.245866
0.139231
0.334853
0.278302
0.353079
0.196692
0.252083
0.268844
0.207696
0.216899
0.251518
0.193557
0.215816
0.114803
0.204433
0.203348
0.299064
0.258701
0.141169
0.240546
0.197482
0.243588
0.165775
0.260871
0.157605
0.232659
0.248772
0.306992
0.204644
0.193455
0.232776
0.124762
0.263586
0.207246
0.255861
0.220901
0.172827
0.228394
0.186582
0.277642
0.215384
0.283900
0.187373
0.244904
0.230709
0.202767
0.327139
0.244864
0.272389
0.215927
0.335666
0.189656
0.147805
0.241916
0.131800
0.265289
0.251325
0.246397
0.217696
0.228782
0.246952
0.193420
0.273005
0.163149
0.253196
0.263943
0.196139
0.147226
0.138077
0.193384
0.218899
0.263018
0.202005
0.210958
0.215063
0.207525
0.232498
0.274545
0.193822
0.183507
0.252381
0.170673
0.237016
0.210925
0.143281
0.168957
0.231605
0.116098
0.174513
0.218878
0.152841
0.165784
0.205355
0.166898
0.234800
0.161852
0.207111
0.338973
0.210970
0.158428
0.172876
0.241465
0.242485
0.153521
0.364000
0.139550
0.211281
0.238040
0.223617
0.183016
0.172527
0.258401
0.222467
0.205684
0.151110
0.151212
0.180775
0.171970
0.079721
0.235935
0.151453
0.105416
0.184078
0.153399
0.193875
0.189085
0.089912
0.116688
0.095054
0.178763
0.296468
0.152622
0.135242
0.232393
0.062948
0.200751
0.251311
0.157831
0.157820
0.147454
0.113684
0.246151
0.169233
0.249957
0.152521
0.177716
0.082718
0.178812
0.176182
0.196103
0.197275
0.149172
0.122959
0.245879
0.188923
0.283547
0.228887
0.150861
0.169067
0.123692
0.179234
0.162587
0.167269
0.165192
0.203054
0.169800
0.190061
0.093600
0.147226
0.203171
0.222534
0.112051
0.203838
0.218128
0.099294
0.157368
0.222153
0.207046
0.166457
0.231462
0.137274
0.090070
0.153228
0.220063
0.196687
0.166877
0.137122
0.228995
0.170007
0.150184
0.079050
0.127053
0.164623
0.154425
0.141775
0.185939
0.099347
0.177990
0.147517
0.128115
0.209826
0.133601
0.214916
0.072198
0.108021
0.117857
0.166119
0.224956
0.161629
0.168699
0.093102
0.160018
0.153978
0.146740
0.116100
0.170205
0.152078
0.113144
0.154382
0.301113
0.144600
0.166759
0.113770
0.347168
0.101633
0.118898
0.156732
0.137861
0.103681
0.109024
0.192289
0.139514
0.139358
0.124582
0.109851
0.069239
0.255929
0.219390
0.072311
0.209475
0.189971
0.153059
0.098849
0.077854
0.135163
0.144372
0.163628
0.150893
0.153027
0.125075
0.111286
0.154746
0.095521
0.122217
0.236312
0.183697
0.167680
0.175321
0.188297
0.124751
0.143787
0.175569
0.137725
0.194956
0.078951
0.157680
0.142374
0.102812
0.113201
0.240816
0.071002
0.126668
0.161022
0.156489
0.104237
0.091450
0.160886
0.210833
0.170584
0.113326
0.185003
0.139048
0.110258
0.134059
0.142032
0.126406
0.107871
0.112064
0.167459
0.104205
0.093429
0.135648
0.137792
0.127379
0.058100
0.128696
0.060959
0.131815
0.165082
0.243081
0.250977
0.200069
0.094957
0.082625
0.089300
0.156936
0.175558
0.108855
0.220619
0.089891
0.087647
0.183083
0.092853
0.153666
0.127759
0.073154
0.179140
0.209033
0.078364
0.177993
0.065815
0.137902
0.128415
0.092314
