2.333840
2.307233
2.302719
2.302585
2.302585
2.302585
2.302585
2.302585
2.302585
2.302585
2.302585
2.302585
2.302585
2.302585
2.302585
2.302585
2.302585
2.302585
2.302585
2.302585
2.302585
2.302585
2.302585
2.302585
2.302585
2.302585
2.302585
2.302585
2.302585
2.302585
2.302585
2.302585
2.302585
2.302585
2.302585
2.302585
2.302585
2.302585
2.302585
2.302585
2.302585
2.302585
2.302585
2.302585
2.302585
2.302585
2.302585
2.302585
2.302585
2.302585
2.302585
2.302585
2.302585
2.302585
2.302585
2.302585
2.302585
2.302585
2.302585
2.302585
2.302585
2.302585
2.302585
2.302585
2.302585
2.302585
2.302585
2.302585
2.302585
2.302585
2.302585
2.302585
2.302585
2.302585
2.302585
2.302585
2.302585
2.302585
2.302585
2.302585
2.302585
2.302585
2.302585
2.302585
2.302585
2.302585
2.302322
2.302585
2.302585
2.302585
2.302585
2.302585
2.302585
2.302585
2.302585
2.302585
2.302585
2.300615
2.293947
2.297882
2.299178
2.303010
2.323342
2.309481
2.318170
2.273458
2.289588
2.288341
2.285305
2.315531
2.284531
2.288733
2.284723
2.287264
2.277617
2.312364
2.291106
2.341475
2.295790
2.299409
2.239784
2.188338
2.181818
2.185569
2.146756
2.106294
2.091388
2.106719
2.064560
2.100540
2.107738
2.117729
2.107098
2.073924
1.999555
1.996134
1.987468
2.020772
2.035351
2.070423
2.013545
2.014900
1.932400
1.913121
1.911138
1.880953
1.875295
1.828074
1.904907
1.904567
1.927635
2.038267
1.892841
1.879298
1.768020
1.716827
1.747344
1.701099
1.696614
1.700699
1.689489
1.696072
1.720156
1.740192
1.737983
1.765573
1.787599
1.760389
1.776671
1.731050
1.758249
1.779423
1.703097
1.682102
1.643130
1.654196
1.662992
1.652213
1.644894
1.653214
1.681272
1.652636
1.670898
1.686929
1.654516
1.715727
1.688632
1.693149
1.750492
1.684881
1.946255
2.047207
2.117223
2.161153
2.140580
2.133280
2.073551
2.037062
2.007360
1.965836
1.910427
1.820811
1.848182
1.873941
1.828568
1.707801
1.636063
1.616774
1.614040
1.581169
1.563494
1.561987
1.581434
1.586097
1.595669
1.618241
1.617502
1.624413
1.613130
1.652768
1.645019
1.647208
1.614095
1.638974
1.651675
1.587651
1.630197
1.608495
1.614218
1.596903
1.592000
1.595544
1.585585
1.590958
1.623807
1.599402
1.597489
1.597654
1.559591
1.619017
1.586476
1.649797
1.625460
1.648272
1.606867
1.614804
1.642671
1.649795
1.609650
1.590665
1.583709
1.598334
1.598392
1.598113
1.599176
1.560209
1.573942
1.551864
1.578210
1.627521
1.621890
1.682348
1.676197
1.680483
1.736836
1.682032
1.666038
1.604354
1.589089
1.596921
1.559952
1.543689
1.591286
1.592683
1.560237
1.584017
1.620983
1.597074
1.583436
1.618618
1.616903
1.701819
1.681436
1.658769
1.639935
1.621771
1.588615
1.581265
1.580325
1.576238
1.540809
1.548708
1.525040
1.581727
1.578997
1.583329
1.572191
1.588568
1.596819
1.585225
1.578224
1.625243
1.608198
1.635567
1.601497
1.582929
1.579444
1.576571
1.567435
1.569642
1.555936
1.578493
1.609064
1.586491
1.608014
1.560986
1.576255
1.577462
1.580714
1.581027
1.551316
1.565538
1.591066
1.586297
1.565306
1.546993
1.592979
1.560451
1.586955
1.559043
1.620668
1.603477
1.576409
1.560136
1.568792
1.553325
1.553861
1.608081
1.619923
1.563712
1.577720
1.604334
1.571620
1.571908
1.584429
1.622694
1.625818
1.583484
1.596969
1.567295
1.571862
1.541496
1.547552
1.545522
1.598072
1.582539
1.546526
1.609351
1.632053
1.646291
1.593625
1.613010
1.600691
1.586034
1.589962
1.595921
1.611131
1.616777
1.615785
1.599171
1.588631
1.594740
1.586489
1.607875
1.602484
1.631291
1.649656
1.607848
1.630056
1.631171
1.633166
1.655015
1.614408
1.702975
1.754262
1.683840
1.747552
1.686069
1.658957
1.697919
1.652875
1.636757
1.624067
1.587555
1.626388
1.602222
1.703927
1.682267
1.725828
1.847125
1.878483
1.901531
1.955901
1.890386
1.945546
1.979660
1.992071
2.055977
2.016675
2.090711
2.058686
2.095007
2.107299
2.057053
2.080374
2.080320
2.112387
2.144128
2.135487
2.093221
2.127009
2.081623
2.131847
2.075683
2.085169
2.077952
2.092475
1.999192
1.987674
1.953103
1.890163
2.015049
1.985655
2.020188
2.085688
2.080976
2.099106
2.058679
2.102536
2.109781
2.001995
2.016232
1.966092
2.029915
2.001219
2.061412
2.014119
2.048612
1.967802
1.867390
1.932790
1.939745
1.972172
2.034322
2.048812
2.056649
2.013803
1.949677
1.995974
1.876501
1.960627
1.920224
2.024622
1.910271
1.964937
1.997032
1.967725
1.894275
1.935543
2.024212
2.063014
1.941810
1.893949
1.856218
1.729334
1.810811
1.913387
1.946411
2.051618
1.963776
1.880077
1.786656
1.664696
1.583144
1.606183
1.703957
1.816050
1.881915
1.996661
1.899852
1.852853
1.736867
1.701435
1.654577
1.611631
1.702423
1.784151
1.776165
1.895099
1.923125
