2.304967
2.298000
2.295258
2.278837
2.268823
2.255470
2.250859
2.223115
2.201480
2.189594
2.171111
2.135708
2.124682
2.056788
1.987932
1.998064
1.934500
1.951109
1.910087
1.925114
1.961428
1.938877
1.892531
1.860161
1.823301
1.817806
1.795902
1.790752
1.746031
1.768456
1.743298
1.672234
1.690489
1.683350
1.727244
1.756894
1.795277
1.720024
1.689018
1.724822
1.715323
1.720099
1.708842
1.735152
1.717061
1.695867
1.674286
1.663174
1.680317
1.692845
1.656328
1.683118
1.657788
1.658065
1.644405
1.610782
1.633834
1.649848
1.648652
1.661664
1.643390
1.648853
1.640417
1.631789
1.637218
1.615650
1.621674
1.646263
1.654973
1.612260
1.605222
1.618359
1.609013
1.609155
1.604422
1.614003
1.598617
1.631483
1.568415
1.604908
1.613736
1.580421
1.593517
1.631634
1.607904
1.613204
1.596789
1.613887
1.572935
1.593599
1.589892
1.611141
1.593374
1.579327
1.595801
1.587068
1.614035
1.599672
1.616583
1.583154
1.587233
1.610031
1.581820
1.575609
1.605652
1.598790
1.585573
1.589333
1.579892
1.590406
1.600670
1.595722
1.591258
1.584535
1.598205
1.589151
1.600579
1.588816
1.610762
1.594412
1.598492
1.586071
1.569499
1.584912
1.591360
1.572012
1.576879
1.569384
1.576751
1.592939
1.562305
1.581146
1.561661
1.574995
1.587467
1.595743
1.572757
1.577593
1.593114
1.585704
1.568646
1.592236
1.592224
1.559665
1.625319
1.576464
1.604368
1.563107
1.563742
1.589376
1.583461
1.585309
1.583558
1.568129
1.562810
1.584895
1.586516
1.564498
1.583031
1.596791
1.588760
1.561237
1.565363
1.605318
1.602825
1.578797
1.576588
1.585061
1.562032
1.603116
1.573051
1.581956
1.567298
1.556239
1.571344
1.556161
1.599499
1.598999
1.578129
1.551767
1.564254
1.569520
1.557579
1.566687
1.563505
1.577606
1.567595
1.556201
1.576139
1.591946
1.555982
1.563964
1.572359
1.565235
1.570213
1.580968
1.567313
1.568229
1.571074
1.574699
1.574756
1.576974
1.547717
1.545109
1.553509
1.563499
1.573115
1.552104
1.566334
1.578178
1.582200
1.561295
1.593711
1.577218
1.582286
1.575212
1.549020
1.565378
1.575500
1.564164
1.604720
1.584008
1.575933
1.569014
1.582314
1.564936
1.550241
1.542900
1.549974
1.602225
1.564232
1.565354
1.578630
1.552216
1.555691
1.570546
1.588094
1.553878
1.550602
1.555116
1.588984
1.558238
1.557350
1.575092
1.559739
1.571286
1.567375
1.549358
1.553689
1.577682
1.577261
1.551501
1.558600
1.548541
1.557707
1.555907
1.552683
1.583257
1.555822
1.569563
1.550539
1.561434
1.558880
1.560776
1.567384
1.547910
1.558056
1.576042
1.568565
1.562010
1.554826
1.580146
1.547371
1.543630
1.554308
1.552625
1.565865
1.556019
1.549044
1.545364
1.580581
1.555926
1.551107
1.548003
1.563616
1.571572
1.563144
1.579089
1.570210
1.571016
1.563016
1.550219
1.555597
1.542227
1.547759
1.550488
1.546830
1.573780
1.559632
1.553650
1.579770
1.575180
1.551244
1.527961
1.552587
1.541171
1.570146
1.554383
1.552348
1.560834
1.570150
1.550053
1.568083
1.558590
1.561354
1.546433
1.551651
1.563429
1.563955
1.551584
1.580568
1.571424
1.557878
1.567965
1.555583
1.553730
1.551168
1.566244
1.555722
1.545521
1.551823
1.546425
1.546202
1.553579
1.553251
1.561886
1.552545
1.532421
1.542635
1.554365
1.541940
1.552498
1.552538
1.547265
1.550973
1.548461
1.547847
1.579205
1.547242
1.538253
1.544438
1.544566
1.552346
1.542962
1.537213
1.545246
1.559154
1.556689
1.565225
1.549583
1.556924
1.572137
1.537802
1.557377
1.548527
1.549976
1.558670
1.546954
1.561199
1.540307
1.533718
1.559760
1.555045
1.543762
1.540943
1.555480
1.561258
1.549608
1.573018
1.534169
1.554575
1.544205
1.536983
1.536938
1.536285
1.554701
1.529554
1.525997
1.574481
1.550377
1.540484
1.547303
1.547584
1.537253
1.544746
1.542610
1.549973
1.538489
1.554603
1.537015
1.541423
1.538758
1.546093
1.548318
1.559211
1.525838
1.521024
1.540384
1.547607
1.555604
1.537179
1.535082
1.522991
1.553492
1.537392
1.542217
1.541369
1.538736
1.527441
1.537534
1.542408
1.555089
1.562168
1.525491
1.549077
1.521056
1.551331
1.536523
1.541616
1.534307
1.561607
1.535340
1.532453
1.519427
1.512648
1.526486
1.546537
1.534414
1.544323
1.528388
1.524896
1.518629
1.524458
1.541258
1.511687
1.537239
1.524179
1.541555
1.523938
1.528757
1.518349
1.532254
1.535239
1.535281
1.516380
1.578313
1.528458
1.528862
1.522071
1.517340
1.549605
1.521657
1.518772
1.551282
1.509360
1.517373
1.524531
1.520110
1.518202
1.533289
1.536129
1.523265
1.512261
1.544068
1.507520
1.530857
1.513710
1.525837
1.519059
1.511852
1.526267
1.527856
1.521088
1.538112
1.533528
1.517013
1.523519
1.530686
1.521253
1.509838
1.521345
1.501905
1.503039
1.541886
1.511492
1.528914
1.503612
1.508438
1.515298
1.522841
