2.303794
2.318275
2.309545
2.314689
2.311086
2.299604
2.299911
2.289918
2.278946
2.256699
2.266621
2.248078
2.277137
2.245273
2.237389
2.195429
2.155773
2.202781
2.128764
2.042960
1.958324
1.834317
1.902134
1.905788
2.012493
1.917801
1.790600
1.713690
1.618778
1.472418
1.908058
2.382395
2.669974
3.318385
2.513886
2.371765
4.196198
5.333796
3.644838
3.830286
2.998372
2.356280
1.696436
1.776105
1.890872
1.910836
1.981405
1.986035
2.033859
2.024823
2.005087
1.964747
1.944538
1.849275
1.780323
1.854991
1.830339
1.684455
1.717057
1.643644
1.595991
1.627062
1.594486
1.450759
1.316009
1.232784
1.261654
1.232094
1.097029
1.242297
1.083281
0.920520
0.749684
0.692543
0.825111
0.927664
0.704355
0.700723
0.644202
0.558368
0.644093
0.452556
0.417581
0.422556
0.572061
0.542623
0.499962
0.461957
0.459991
0.376357
0.498491
0.423319
0.524191
0.469479
0.430519
0.385925
0.362272
0.298394
0.515673
0.500431
0.876361
0.394637
0.864917
0.678080
1.190786
0.820298
1.160261
1.050061
0.388608
0.751410
0.851403
0.940872
0.857438
0.572089
0.789549
0.406348
0.367100
0.506719
0.617959
0.462919
0.530988
0.517249
0.619652
0.467590
0.455490
0.261116
0.315102
0.394131
0.326887
0.346506
0.277368
0.455545
0.433604
0.363855
0.387172
0.474825
0.351762
0.307636
0.257118
0.345341
0.227027
0.218522
0.159634
0.391288
0.213416
0.347060
0.287846
0.388271
0.325339
0.213810
0.268618
0.179143
0.244139
0.260300
0.243207
0.224848
0.398979
0.207820
0.328891
0.201325
0.228569
0.186407
0.310911
0.312628
0.203247
0.216166
0.141491
0.322810
0.201588
0.303809
0.239254
0.272770
0.287361
0.416131
0.250679
0.292552
0.233478
0.411730
0.316844
0.296238
0.378238
0.245414
0.172409
0.155657
0.187948
0.313819
0.242949
0.166043
0.219094
0.259185
0.229547
0.238550
0.166587
0.247464
0.163054
0.324888
0.135377
0.301820
0.121224
0.148968
0.222892
0.210422
0.120670
0.140770
0.280505
0.290193
0.222041
0.316641
0.298289
0.173999
0.299598
0.168840
0.156253
0.274444
0.249044
0.113449
0.252071
0.228121
0.340694
0.147617
0.227878
0.158490
0.173385
0.268522
0.312820
0.183207
0.233183
0.260600
0.176127
0.194076
0.195408
0.180053
0.235040
0.137019
0.294035
0.189830
0.291665
0.153954
0.334179
0.175520
0.208126
0.427596
0.191620
0.151395
0.202366
0.242898
0.363565
0.314077
0.281632
0.271204
0.308489
0.448130
0.294741
0.397373
0.203510
0.161002
0.230795
0.235321
0.275610
0.117139
0.453035
0.318496
0.403460
0.324550
0.430656
0.084294
0.481676
0.161437
0.561727
0.381076
0.404026
0.268198
0.291536
0.141372
0.201306
0.308994
0.174050
0.211376
0.260189
0.209403
0.157260
0.318921
0.214318
0.378238
0.200922
0.216432
0.228596
0.145426
0.150673
0.199865
0.212280
0.266879
0.153623
0.209552
0.252721
0.279762
0.271552
0.189507
0.131849
0.148824
0.064493
0.135126
0.133456
0.181904
0.092964
0.251985
0.146539
0.208111
0.143002
0.092696
0.021947
0.101161
0.121238
0.140777
0.254102
0.169573
0.167427
0.320715
0.204703
0.298445
0.277949
0.283756
0.198436
0.289800
0.125119
0.356030
0.411890
0.534159
0.167526
0.193102
0.063531
0.259658
0.103725
0.399627
0.226119
0.310656
0.173091
0.251616
0.209721
0.246995
0.101243
0.055909
0.184359
0.131015
0.168243
0.123678
0.283900
0.095272
0.130632
0.283861
0.081500
0.154328
0.138432
0.116757
0.407767
0.061376
0.167158
0.191470
0.262353
0.106494
0.294333
0.676464
0.297089
1.009598
0.605646
1.033927
0.812897
0.544366
0.139537
0.329400
0.498207
0.329991
0.138298
0.177680
0.324828
0.358889
0.327188
0.278917
0.302012
0.362847
0.124535
0.192993
0.102989
0.086784
0.244500
0.238003
0.168742
0.188523
0.171824
0.338930
0.280925
0.386857
0.039997
0.199686
0.170878
0.242782
0.131209
0.104391
0.386962
0.073698
0.055498
0.132417
0.167029
0.112011
0.144061
0.091854
0.206385
0.257992
0.265483
0.356551
0.175158
0.126385
0.057322
0.077967
0.165106
0.074601
0.237182
0.125074
0.096012
0.232742
0.328794
0.191559
0.409109
0.254250
0.227056
0.119811
0.140298
0.257784
0.178903
0.231521
0.231082
0.177726
0.410652
0.075705
0.104895
0.153779
0.404381
0.231454
0.496345
0.098459
0.648055
0.181886
0.349901
0.516768
0.182101
0.367733
0.534567
0.315524
0.198035
0.187504
0.222247
0.112043
0.191151
0.142956
0.161883
0.135652
0.222231
0.219964
0.118891
0.119257
0.289596
0.182735
0.119040
0.107578
0.151357
0.108573
0.255114
0.059157
0.193414
0.058860
0.160980
0.079628
0.062513
0.147003
0.210062
0.171123
0.255204
0.116028
0.127331
0.164164
0.104237
0.096259
0.079853
0.261909
0.069124
0.282443
0.071939
0.034345
0.183359
0.297275
0.255740
0.192805
0.104095
0.336747
0.369347
0.254833
0.238397
0.130727
0.201070
0.149466
