2.304775
2.306422
2.304350
2.304195
2.301356
2.302919
2.299594
2.299022
2.295116
2.290886
2.297174
2.299700
2.299577
2.303769
2.305170
2.304436
2.305382
2.304887
2.306006
2.307330
2.296162
2.289228
2.276212
2.278160
2.259744
2.258657
2.262679
2.254861
2.245709
2.256997
2.257667
2.259265
2.255576
2.259299
2.237623
2.260323
2.240804
2.236808
2.239617
2.231821
2.257246
2.254380
2.242366
2.268508
2.252393
2.267014
2.224286
2.235079
2.221957
2.212899
2.225834
2.174602
2.210298
2.178022
2.162277
2.154044
2.133710
2.157345
2.131682
2.122761
2.114466
2.100159
2.104726
2.092310
2.062979
2.080716
2.068068
2.073545
2.120097
2.042494
2.022733
2.013701
2.011690
2.003017
1.974068
1.964760
1.956008
1.953084
1.973725
2.000458
1.978677
1.995258
1.941254
1.935396
1.950186
1.937107
1.963305
1.923885
1.957549
1.999396
1.912744
1.985444
1.938352
1.928354
1.898012
1.881877
1.878811
1.878452
1.896266
1.892322
1.852939
1.856749
1.853708
1.822479
1.839916
1.884512
1.832730
1.936967
1.913643
1.860255
1.840673
1.823830
1.844630
1.811532
1.857420
1.855789
1.851777
1.826310
1.823032
1.828985
1.818476
1.834932
1.786565
1.822658
1.823579
1.776289
1.852208
1.876582
1.839937
1.866760
1.887800
1.850841
1.838338
1.804583
1.871198
1.823669
1.810298
1.815273
1.826018
1.818596
1.755280
1.798837
1.793607
1.778841
1.833415
1.805435
1.790205
1.781224
1.821105
1.776986
1.793624
1.736335
1.807127
1.793713
1.748417
1.774644
1.791644
1.691449
1.711095
1.748600
1.754639
1.772775
1.813860
1.802665
1.856554
1.753594
1.778540
1.727607
1.774560
1.773927
1.737800
1.741652
1.749824
1.775635
1.717953
1.792982
1.764480
1.754612
1.796997
1.749058
1.744050
1.793964
1.756572
1.736593
1.765339
1.735458
1.756181
1.786130
1.741461
1.768355
1.834831
1.751780
1.743771
1.731854
1.742859
1.749209
1.788133
1.767256
1.698118
1.707078
1.701305
1.782264
1.760256
1.772103
1.696941
1.761889
1.737621
1.773077
1.776216
1.725366
1.718412
1.776967
1.696637
1.742794
1.748169
1.717594
1.725025
1.704937
1.757119
1.772141
1.736390
1.706012
1.792577
1.744673
1.741126
1.730024
1.687515
1.681310
1.755834
1.733523
1.739632
1.731391
1.742540
1.735115
1.718983
1.688297
1.750442
1.769563
1.786911
1.835829
1.830085
1.790284
1.823195
1.796532
1.765549
1.778582
1.718674
1.763017
1.687505
1.729342
1.694650
1.738762
1.711572
1.718331
1.675398
1.685569
1.721517
1.708579
1.737115
1.719866
1.669951
1.731101
1.778242
1.713971
1.696051
1.765705
1.689657
1.734476
1.771623
1.690462
1.705155
1.684639
1.709510
1.679534
1.786950
1.680829
1.699337
1.723209
1.756745
1.777143
1.752838
1.816975
1.789718
1.826912
1.755118
1.755711
1.774039
1.769615
1.729287
1.780853
1.719234
1.727400
1.666704
1.721228
1.700444
1.706515
1.704475
1.717960
1.746933
1.767852
1.697966
1.714286
1.747525
1.788730
1.696172
1.754628
1.770605
1.731464
1.726045
1.766537
1.711402
1.705924
1.707528
1.729012
1.694745
1.786488
1.653617
1.708648
1.689755
1.734901
1.724256
1.715138
1.727493
1.696502
1.701282
1.723212
1.725411
1.717864
1.802525
1.722585
1.745727
1.723013
1.727454
1.662562
1.660992
1.742941
1.734028
1.730258
1.707557
1.693243
1.687702
1.773034
1.711808
1.739587
1.743150
1.742087
1.693865
1.821609
1.729603
1.728079
1.692744
1.680893
1.676594
1.753008
1.695735
1.779023
1.685460
1.667286
1.725058
1.613261
1.675443
1.689369
1.697999
1.664614
1.675750
1.663657
1.705219
1.725043
1.662948
1.708202
1.693447
1.772215
1.641382
1.698916
1.743156
1.717424
1.652301
1.679576
1.703546
1.788765
1.715654
1.701448
1.740465
1.655473
1.737843
1.739710
1.739410
1.715633
1.654519
1.719175
1.772928
1.629879
1.721776
1.699346
1.726522
1.701977
1.739380
1.705169
1.695493
1.651770
1.684353
1.652175
1.684308
1.663181
1.643379
1.660190
1.692517
1.705656
1.661389
1.674559
1.670241
1.653436
1.726041
1.717760
1.689969
1.666253
1.702493
1.829827
1.703894
1.682774
1.680162
1.672325
1.692430
1.674386
1.693689
1.659370
1.696008
1.723765
1.677686
1.654288
1.705582
1.679141
1.659198
1.709217
1.683650
1.705140
1.676094
1.676153
1.647089
1.674741
1.637412
1.707796
1.689017
1.706102
1.668906
1.634910
1.699075
1.749983
1.750778
1.683854
1.689811
1.741498
1.628248
1.742835
1.702888
1.675220
1.667951
1.720591
1.677684
1.735239
1.678317
1.687680
1.673365
1.699338
1.672981
1.681671
1.711477
1.674806
1.665462
1.675179
1.663558
1.666232
1.657677
1.687151
1.667539
1.678221
1.659702
1.667772
1.665798
1.641794
1.702469
1.598423
1.713343
1.708617
1.668541
1.631798
1.721864
1.654821
1.723377
1.662811
1.664887
1.695074
1.678564
1.659711
1.730895
1.673305
1.677466
1.669843
1.670625
1.605404
