2.298138
2.305025
2.304443
2.302709
2.302585
2.302585
2.302585
2.302585
2.302709
2.302585
2.302585
2.302585
2.302585
2.302585
2.302585
2.302585
2.302585
2.302585
2.302585
2.302585
2.302585
2.302585
2.302585
2.302585
2.302585
2.302585
2.302585
2.302585
2.302585
2.302585
2.302585
2.302585
2.302585
2.302585
2.302585
2.302585
2.302585
2.302585
2.302585
2.302585
2.302585
2.302585
2.302585
2.302585
2.302585
2.302585
2.302585
2.302585
2.302585
2.302585
2.302585
2.302585
2.302585
2.302585
2.302585
2.302585
2.302585
2.302585
2.302585
2.302585
2.302585
2.302585
2.302585
2.302585
2.302585
2.302585
2.302585
2.302585
2.302585
2.302585
2.302585
2.302585
2.302585
2.302585
2.302585
2.302585
2.302585
2.302585
2.302585
2.302585
2.302585
2.302585
2.302585
2.302585
2.302585
2.302585
2.302585
2.302585
2.302585
2.302585
2.302585
2.302585
2.302585
2.302585
2.302585
2.302585
2.302585
2.302585
2.302585
2.302585
2.302585
2.302585
2.302585
2.302585
2.302585
2.302585
2.302585
2.302585
2.302585
2.302585
2.302585
2.302585
2.302585
2.302585
2.302585
2.302585
2.302585
2.302585
2.302585
2.302585
2.302585
2.302585
2.302585
2.302585
2.302585
2.302585
2.302585
2.302585
2.302585
2.302585
2.302585
2.302585
2.302585
2.302585
2.302585
2.302585
2.302585
2.302585
2.302585
2.302585
2.302585
2.302585
2.302585
2.302585
2.302585
2.302585
2.302585
2.302585
2.302585
2.302585
2.302585
2.302585
2.302585
2.302585
2.302585
2.302585
2.302585
2.302585
2.302585
2.302585
2.302585
2.302585
2.302585
2.302585
2.302585
2.302585
2.302585
2.302585
2.302585
2.302585
2.302585
2.302585
2.302585
2.302585
2.302585
2.302585
2.302585
2.302585
2.302585
2.302585
2.302585
2.302585
2.302585
2.302585
2.302585
2.302585
2.302585
2.302585
2.302585
2.302585
2.302585
2.302585
2.302585
2.302585
2.302585
2.302585
2.302585
2.302585
2.302585
2.302585
2.302585
2.302585
2.302585
2.302585
2.302585
2.302585
2.302585
2.302585
2.302585
2.302585
2.302585
2.302585
2.302585
2.302585
2.302585
2.302585
2.302585
2.302585
2.302585
2.302585
2.302585
2.302585
2.302585
2.302585
2.302585
2.302585
2.302585
2.302585
2.302585
2.302585
2.302585
2.302585
2.302585
2.302585
2.302585
2.302585
2.302585
2.302585
2.302585
2.302585
2.302585
2.302585
2.302585
2.302585
2.302585
2.302585
2.302585
2.302585
2.302585
2.302585
2.302585
2.302585
2.302585
2.302585
2.302585
2.302585
2.302585
2.302585
2.302585
2.302585
2.302585
2.302585
2.302585
2.302585
2.302585
2.302585
2.302585
2.302585
2.302585
2.302585
2.302585
2.302585
2.302585
2.302585
2.302585
2.302585
2.302585
2.302585
2.302585
2.302585
2.302585
2.302585
2.302585
2.302585
2.302585
2.302585
2.302585
2.302585
2.302585
2.302585
2.302585
2.302585
2.302585
2.302585
2.302585
2.302585
2.302585
2.302585
2.302585
2.302585
2.302585
2.302585
2.302585
2.302585
2.302585
2.302585
2.302585
2.302585
2.302585
2.302585
2.302585
2.302585
2.302585
2.302585
2.302585
2.302585
2.302585
2.302585
2.302585
2.302585
2.302585
2.302585
2.302585
2.302585
2.302585
2.302585
2.302585
2.302585
2.302585
2.302585
2.302585
2.302585
2.302585
2.302585
2.302585
2.302585
2.302585
2.302585
2.302585
2.302585
2.302585
2.302585
2.302709
2.302585
2.302585
2.302585
2.302585
2.302585
2.302585
2.302585
2.302709
2.302709
2.302585
2.302709
2.302585
2.302957
2.302833
2.302833
2.302833
2.303204
2.303700
2.303576
2.303576
2.303948
2.304072
2.303452
2.304567
2.305558
2.304691
2.305930
2.305434
2.307168
2.306673
2.307540
2.307912
2.307664
2.308779
2.308779
2.310265
2.309274
2.310389
2.308903
2.310761
2.310265
2.312619
2.310885
2.311256
2.310761
2.310389
2.313611
2.312743
2.312371
2.312495
2.312867
2.312495
2.315097
2.315840
2.315097
2.315840
2.316583
2.318070
2.320176
2.321043
2.320300
2.321910
2.322512
2.325947
2.326725
2.326122
2.324106
2.326353
2.326972
2.325998
2.326246
2.325131
2.325874
2.328903
2.330300
2.330424
2.332834
2.334512
2.335277
2.335991
2.341943
2.337580
2.337614
2.339506
2.338661
2.348637
2.354600
2.355788
2.362750
2.366629
2.356866
2.358287
2.365848
2.375746
2.388696
2.356599
2.361273
2.376923
2.399841
2.397547
2.395125
2.401455
2.420379
2.437829
2.415770
2.406151
2.414519
2.460602
2.466588
2.438830
2.448164
2.470747
2.511470
2.511053
2.479048
2.471441
2.501496
2.523480
2.545004
2.556274
2.534943
2.512160
2.526765
2.530110
2.541758
2.564192
2.534648
2.546870
2.566843
2.611968
2.629256
2.635747
2.635641
2.575567
2.594256
2.523386
2.562986
2.619224
2.651355
2.657503
2.457462
2.436620
2.497179
2.563335
2.614870
2.574395
2.591517
2.616349
2.628096
2.687350
2.738442
2.605252
2.531239
2.544107
2.611035
2.585961
2.553492
