2.304024
2.292064
2.290966
2.277060
2.266923
2.268713
2.227586
2.235275
2.199698
2.169436
2.184699
2.138036
2.151479
2.056613
2.007311
1.976388
1.974503
1.975339
1.952569
1.886644
1.898429
1.882857
1.838632
1.814130
1.860489
1.781717
1.854384
1.774232
1.816105
1.738303
1.810648
1.750447
1.681222
1.769300
1.805978
1.704859
1.749524
1.706356
1.691073
1.716496
1.793796
1.786878
1.713198
1.707297
1.720769
1.729861
1.678898
1.680121
1.648089
1.735410
1.745851
1.712940
1.746392
1.686375
1.712472
1.742479
1.716931
1.676780
1.756968
1.720246
1.713276
1.686393
1.722457
1.647671
1.626041
1.690679
1.724550
1.718337
1.696938
1.720624
1.691767
1.663525
1.645095
1.679816
1.643610
1.674155
1.707648
1.653693
1.661387
1.693215
1.714684
1.644185
1.669642
1.652970
1.682630
1.689189
1.675777
1.695219
1.696382
1.699447
1.669130
1.693768
1.656356
1.696716
1.689431
1.647477
1.696739
1.636274
1.669427
1.691139
1.680779
1.702530
1.691401
1.688731
1.650804
1.705276
1.680287
1.682048
1.670355
1.670397
1.659428
1.689594
1.704749
1.710112
1.632980
1.719275
1.664046
1.632000
1.674466
1.667363
1.712224
1.739017
1.652234
1.661879
1.672649
1.686881
1.705047
1.649875
1.680731
1.675676
1.607424
1.712246
1.698038
1.694334
1.703607
1.647650
1.703919
1.666078
1.661710
1.701729
1.709520
1.724669
1.656742
1.681569
1.629050
1.650477
1.626937
1.687745
1.670867
1.598153
1.609709
1.654069
1.689297
1.682523
1.616732
1.649679
1.699033
1.659056
1.682752
1.682202
1.727823
1.629897
1.653778
1.625340
1.680616
1.660595
1.686526
1.692166
1.620529
1.654289
1.656215
1.720920
1.683233
1.686291
1.672858
1.620807
1.699851
1.728985
1.650267
1.638432
1.638193
1.651959
1.706345
1.637070
1.623553
1.642866
1.673127
1.668810
1.643123
1.667603
1.675242
1.666886
1.609121
1.667846
1.637532
1.655672
1.659226
1.599957
1.632368
1.711146
1.680700
1.620381
1.636517
1.664164
1.636227
1.689837
1.688793
1.635694
1.646623
1.660883
1.656166
1.745785
1.683882
1.664646
1.660512
1.641620
1.654913
1.670600
1.700802
1.721266
1.652050
1.672260
1.681467
1.673368
1.629971
1.639002
1.618893
1.743914
1.642945
1.699914
1.636334
1.654608
1.659613
1.636117
1.683109
1.606162
1.656824
1.669212
1.674023
1.664671
1.641893
1.652904
1.621795
1.712165
1.653491
1.716247
1.692469
1.619830
1.646051
1.610464
1.684770
1.697705
1.674414
1.695861
1.611809
1.675196
1.611176
1.690383
1.707749
1.612172
1.687993
1.650103
1.632084
1.656108
1.625587
1.626974
1.672462
1.714800
1.642702
1.670363
1.632671
1.614898
1.696512
1.649314
1.670188
1.622113
1.670594
1.636473
1.652666
1.623302
1.637818
1.696429
1.676619
1.661585
1.706296
1.653398
1.654269
1.632476
1.608373
1.682393
1.704616
1.630315
1.621331
1.644884
1.711759
1.667724
1.634265
1.645498
1.619040
1.657616
1.682631
1.677061
1.610017
1.648815
1.617985
1.645487
1.692771
1.707573
1.634518
1.708928
1.621508
1.664220
1.666896
1.683318
1.641623
1.654681
1.616831
1.650022
1.678961
1.682203
1.678627
1.610491
1.644474
1.681853
1.656695
1.668295
1.695463
1.654688
1.675182
1.649060
1.666947
1.685814
1.626772
1.600900
1.628244
1.624542
1.665055
1.662096
1.616329
1.658555
1.615439
1.596846
1.629929
1.677107
1.568998
1.683308
1.681649
1.638454
1.647017
1.665688
1.633179
1.622516
1.627507
1.585665
1.641312
1.647617
1.621316
1.655041
1.661178
1.654168
1.662711
1.657432
1.642370
1.697005
1.684720
1.666878
1.594384
1.660693
1.656139
1.663576
1.668076
1.651642
1.682590
1.681819
1.579445
1.711259
1.695726
1.667800
1.699743
1.674760
1.643591
1.696138
1.614432
1.673765
1.644337
1.666201
1.666290
1.648573
1.701383
1.689400
1.640962
1.658230
1.696933
1.662097
1.644489
1.657973
1.695644
1.618601
1.676581
1.663561
1.655248
1.598098
1.629557
1.647365
1.615702
1.621775
1.618065
1.664822
1.657118
1.594496
1.634298
1.665570
1.638274
1.628896
1.665338
1.619879
1.675431
1.654404
1.569399
1.684084
1.578655
1.603836
1.676316
1.666945
1.712794
1.659589
1.658788
1.644264
1.640102
1.696077
1.654310
1.671036
1.701708
1.652142
1.615183
1.617069
1.627560
1.620741
1.570798
1.656814
1.585320
1.647554
1.653705
1.664361
1.679312
1.622444
1.682385
1.598099
1.638052
1.720474
1.649601
1.639436
1.685293
1.637978
1.638741
1.618886
1.632439
1.652537
1.630379
1.696405
1.624987
1.649019
1.577807
1.655517
1.594434
1.622053
1.657637
1.644055
1.687661
1.687467
1.584933
1.663626
1.638560
1.600872
1.673030
1.644796
1.626849
1.679609
1.567414
1.688874
1.660416
1.679283
1.613300
1.651931
1.669173
1.612861
1.595183
1.602211
1.652251
1.611296
1.680935
1.628896
1.607565
1.709317
1.680053
1.579143
1.631983
1.636820
1.636367
1.699363
