2.308388
2.307747
2.309127
2.314832
2.305661
2.311508
2.315425
2.299229
2.272247
2.302705
2.303396
2.312287
2.307708
2.306725
2.310990
2.326429
2.339595
2.337639
2.329456
2.315428
2.309850
2.247873
2.227037
2.181606
2.163896
2.139250
2.110392
2.062532
2.003685
1.963307
1.913828
1.896722
1.861603
1.853893
1.860888
1.869554
1.887101
1.946717
1.917375
1.923461
1.932190
1.899687
1.923063
1.912238
1.934880
1.874148
1.860327
1.842456
1.893722
1.861732
1.873747
1.937749
1.864239
1.914636
1.861798
1.875322
1.879161
1.853153
1.852225
1.855355
1.870703
1.851576
1.851686
1.878414
1.930680
2.006927
2.185282
2.287483
2.360521
2.428200
2.437662
2.428210
2.435267
2.449198
2.474181
2.443302
2.388422
2.271863
2.141857
2.083455
1.986570
1.994384
1.944000
1.919673
1.880582
1.861886
1.847909
1.848657
1.831938
1.805991
1.774442
1.794901
1.781022
1.791003
1.807837
1.796919
1.809414
1.822878
1.818038
1.854090
1.895074
1.901816
1.883538
1.939924
1.943297
1.915912
1.874706
1.885033
1.902009
1.881286
1.878137
1.869697
1.854355
1.872506
1.823426
1.799690
1.822882
1.812258
1.775537
1.799804
1.756157
1.751317
1.772899
1.765884
1.751915
1.734571
1.721897
1.724671
1.726354
1.719464
1.708263
1.706819
1.685655
1.682684
1.671018
1.664738
1.642608
1.633297
1.626734
1.625938
1.639725
1.653160
1.638054
1.648306
1.648880
1.635676
1.641579
1.625471
1.609249
1.604626
1.600386
1.613702
1.592731
1.608184
1.620396
1.617934
1.597941
1.592288
1.602077
1.596426
1.601554
1.591900
1.593847
1.593804
1.591437
1.590142
1.603238
1.588919
1.581839
1.584975
1.593189
1.591318
1.591157
1.585916
1.589196
1.597415
1.581770
1.582240
1.569918
1.575967
1.582435
1.580764
1.581702
1.592464
1.600675
1.589597
1.583750
1.582582
1.591978
1.589464
1.587981
1.563531
1.587765
1.570240
1.572722
1.589044
1.606630
1.577488
1.572297
1.575700
1.568112
1.592532
1.570658
1.566243
1.584576
1.585890
1.595414
1.569919
1.593873
1.578426
1.601933
1.585130
1.562503
1.573714
1.578750
1.579340
1.571625
1.560100
1.574006
1.576750
1.587397
1.601012
1.579709
1.571968
1.573354
1.570803
1.590559
1.567995
1.586500
1.555611
1.581594
1.572200
1.578497
1.602113
1.599279
1.595398
1.570721
1.576099
1.564808
1.572740
1.570442
1.589272
1.602472
1.586031
1.561757
1.565935
1.560339
1.566697
1.584330
1.582131
1.605275
1.582917
1.584077
1.577997
1.587118
1.599871
1.594443
1.583745
1.578230
1.595268
1.592696
1.582459
1.566203
1.568498
1.568523
1.581341
1.561889
1.577701
1.573013
1.591716
1.604252
1.624996
1.647173
1.635829
1.650125
1.630671
1.630553
1.631483
1.610934
1.588244
1.589245
1.568120
1.566424
1.569824
1.559825
1.558363
1.552371
1.558603
1.555216
1.573636
1.571111
1.558940
1.573818
1.572775
1.563424
1.589363
1.576838
1.570592
1.565320
1.574836
1.570378
1.567130
1.557745
1.563399
1.568709
1.570097
1.580067
1.563472
1.567276
1.574612
1.566638
1.575827
1.589986
1.561696
1.580128
1.570165
1.577546
1.568660
1.563684
1.565311
1.564433
1.563315
1.586067
1.561039
1.565956
1.564067
1.565270
1.569466
1.558074
1.561531
1.562845
1.554192
1.578522
1.560642
1.575167
1.576874
1.574292
1.565942
1.574941
1.566358
1.557808
1.570847
1.568621
1.560762
1.560745
1.567832
1.555400
1.561628
1.566634
1.553619
1.553245
1.564033
1.565489
1.564832
1.574403
1.563393
1.569744
1.562963
1.564679
1.573740
1.560947
1.573467
1.565897
1.579633
1.569948
1.563996
1.566243
1.560316
1.567888
1.577407
1.553522
1.568716
1.562945
1.566045
1.555150
1.567497
1.550022
1.550167
1.563882
1.553065
1.556885
1.559341
1.558479
1.569538
1.555351
1.562284
1.551515
1.561305
1.559790
1.579472
1.562617
1.565936
1.560214
1.555471
1.565238
1.557782
1.561773
1.552498
1.549216
1.559059
1.554204
1.577678
1.561631
1.561495
1.551512
1.571434
1.555404
1.550725
1.560031
1.559181
1.552710
1.553351
1.546208
1.544888
1.567312
1.564118
1.552870
1.577941
1.567100
1.555277
1.558690
1.560437
1.546183
1.575033
1.550721
1.551261
1.548761
1.557781
1.548966
1.568042
1.563217
1.561053
1.553422
1.560968
1.553557
1.567659
1.557232
1.556391
1.559223
1.555431
1.555248
1.546739
1.554770
1.555288
1.544862
1.543388
1.545800
1.544181
1.571072
1.564257
1.537296
1.555502
1.549932
1.544417
1.539004
1.553027
1.556150
1.562897
1.560239
1.579652
1.558836
1.559894
1.560543
1.548595
1.560231
1.552978
1.539084
1.551643
1.538847
1.538272
1.536087
1.542753
1.541212
1.535857
1.543412
1.558430
1.541463
1.538344
1.550384
1.539287
1.546147
1.543994
1.564607
1.553163
1.557712
1.553676
1.551194
1.565883
1.561090
1.551117
1.543366
1.560799
1.552712
1.541322
1.542409
1.551478
1.551792
1.534039
1.547463
1.545764
