2.308446
2.307985
2.320498
2.342510
2.344467
2.288201
2.178714
2.069483
2.197151
2.226971
2.263183
2.175086
2.172024
2.141562
2.173215
2.185397
2.181319
2.146011
2.113848
2.112576
2.114228
2.119271
2.117590
2.116675
2.114437
2.113737
2.114532
2.118198
2.110812
2.114343
2.110136
2.106479
2.105512
2.096627
2.098516
2.104906
2.089148
2.094634
2.093370
2.095047
2.093549
2.094575
2.090659
2.090491
2.058323
2.021204
2.019287
2.034981
2.030111
2.030420
2.030169
2.023978
2.032158
2.024155
2.046379
2.021168
2.046221
2.032866
2.027548
2.054483
2.028739
2.028423
2.031849
2.023062
2.046248
2.030952
2.024935
2.028235
2.022506
2.038994
2.036803
2.019813
2.017877
2.030452
2.015532
2.051986
2.046546
2.032233
2.039261
2.031176
2.035982
2.036236
2.057294
2.039542
2.042426
1.984077
1.967001
1.973112
1.971599
1.964142
1.990653
1.971030
1.962363
1.982896
1.963055
1.977343
1.969196
1.968710
1.968800
1.975246
1.975477
1.961166
1.968321
1.961183
1.961290
1.961508
1.960812
1.968539
1.975105
1.960812
1.961538
1.968091
1.961059
1.976109
1.960812
1.974874
1.968375
1.981905
1.982153
1.960918
1.981905
1.968044
1.968522
1.961491
1.960688
1.960812
1.962577
1.968197
1.969884
1.972705
2.003380
2.096214
2.762826
2.773532
2.752314
2.773408
2.773408
2.773408
2.773408
2.766377
2.773408
2.773408
2.773408
2.773408
2.766377
2.773408
2.766377
2.766377
2.773408
2.773408
2.766377
2.773408
2.773408
2.759346
2.766377
2.773408
2.773408
2.773408
2.766377
2.773408
2.773408
2.766209
2.773408
2.773408
2.773408
2.773408
2.773324
2.773156
2.759346
2.759084
2.766293
2.773156
2.773240
2.773408
2.773240
2.766990
2.766209
2.773240
2.766377
2.773324
2.773240
2.766209
2.771814
2.770126
2.768257
2.765048
2.762567
2.753538
2.756971
2.752924
2.739942
2.723910
2.645048
2.636981
2.624674
2.563721
2.538900
2.538900
2.538900
2.538687
2.534736
2.521212
2.496931
2.421070
2.367002
2.302709
2.302585
2.302957
2.312000
2.304567
2.302585
2.302585
2.302585
2.302585
2.302585
2.302585
2.302585
2.302585
2.302585
2.302585
2.302585
2.302585
2.302585
2.302585
2.302585
2.302585
2.302585
2.302585
2.302585
2.302585
2.302585
2.302585
2.302585
2.302585
2.302585
2.302585
2.302585
2.302585
2.302585
2.302585
2.302585
2.302585
2.302585
2.302585
2.302585
2.302585
2.302585
2.302585
2.302585
2.302585
2.302585
2.302585
2.302585
2.302585
2.302585
2.302585
2.302585
2.302585
2.302585
2.302585
2.302585
2.302585
2.302585
2.302585
2.302585
2.302585
2.302585
2.302585
2.302585
2.302585
2.302585
2.302585
2.302585
2.302585
2.302585
2.302585
2.302585
2.302585
2.302585
2.302585
2.302585
2.302585
2.302585
2.302585
2.302585
2.302585
2.302585
2.302585
2.302585
2.302585
2.302585
2.302585
2.302585
2.302585
2.302585
2.302585
2.302585
2.302585
2.302585
2.302585
2.302585
2.302585
2.302585
2.302585
2.302585
2.302585
2.302585
2.302585
2.302585
2.302585
2.302585
2.302585
2.302585
2.302585
2.302585
2.302585
2.302585
2.302585
2.302585
2.302585
2.302585
2.302585
2.302585
2.302585
2.302585
2.302585
2.302585
2.302585
2.302585
2.302585
2.302585
2.302585
2.302585
2.302585
2.302585
2.302585
2.302585
2.302585
2.302585
2.302585
2.302585
2.302585
2.302585
2.302585
2.302585
2.302585
2.302585
2.302585
2.302585
2.302585
2.302585
2.302585
2.302585
2.302585
2.302585
2.302585
2.302585
2.302585
2.302585
2.302585
2.302585
2.302585
2.302585
2.302585
2.302585
2.302585
2.302585
2.302585
2.302585
2.302585
2.302585
2.302585
2.302585
2.302585
2.302585
2.302585
2.302585
2.302585
2.302585
2.302585
2.302585
2.302585
2.302585
2.302585
2.302585
2.302585
2.302585
2.302585
2.302585
2.302585
2.302585
2.302585
2.302585
2.302585
2.302585
2.302585
2.302585
2.302585
2.302585
2.302585
2.302585
2.302585
2.302585
2.302585
2.302585
2.302585
2.302585
2.302585
2.302585
2.302585
2.302585
2.302585
2.302585
2.302585
2.302585
2.302585
2.302585
2.302585
2.302585
2.302585
2.302585
2.302585
2.302585
2.302585
2.302585
2.302585
2.302585
2.302585
2.302585
2.302585
2.302585
2.302585
2.302585
2.302585
2.302585
2.302585
2.302585
2.302585
2.302585
2.302585
2.302585
2.302585
2.302585
2.302585
2.302585
2.302585
2.302585
2.302585
2.302585
2.302585
2.302585
2.302585
2.302585
2.302585
2.302585
2.302585
2.302585
2.302585
2.302585
2.302585
2.302585
2.302585
2.302585
2.302585
2.302585
2.302585
2.302585
2.302585
2.302585
2.302585
2.302585
2.302585
2.302585
2.302585
2.302585
2.302585
2.302585
2.302585
2.302585
2.302585
2.302585
2.302585
2.302585
2.302585
2.302585
2.302585
2.302585
2.302585
2.302585
2.304319
2.315964
2.345960
2.323256
2.369131
2.431899
2.362682
2.350633
2.378685
2.409830
2.430065
