2.306663
2.301070
2.288985
2.274831
2.262362
2.256438
2.263849
2.232542
2.217571
2.199663
2.210724
2.208929
2.178111
2.126682
2.104790
1.959755
1.955661
1.931116
1.874865
1.834353
1.812931
1.820688
1.780609
1.779850
1.767267
1.758604
1.711520
1.709179
1.685506
1.685956
1.675668
1.671451
1.673470
1.665712
1.665834
1.649717
1.660032
1.660369
1.685703
1.665338
1.636424
1.623916
1.670849
1.647035
1.640645
1.648153
1.600497
1.615534
1.637501
1.633622
1.614522
1.618404
1.611862
1.615694
1.596264
1.619113
1.588518
1.595167
1.603704
1.635636
1.607605
1.607957
1.568902
1.587315
1.597728
1.582947
1.605254
1.561894
1.567462
1.559664
1.558911
1.609684
1.575939
1.551641
1.559160
1.533413
1.563300
1.593268
1.550325
1.562427
1.616226
1.557005
1.567705
1.554019
1.567902
1.553817
1.555860
1.557598
1.535686
1.596191
1.595549
1.530567
1.547017
1.543494
1.553306
1.545476
1.557370
1.543749
1.540195
1.527119
1.546781
1.520084
1.561657
1.542247
1.535761
1.537953
1.529582
1.540827
1.552967
1.586022
1.504769
1.534656
1.522275
1.530199
1.554116
1.536638
1.536356
1.533235
1.518449
1.519616
1.547509
1.564165
1.539824
1.526046
1.515275
1.523994
1.550049
1.556134
1.558674
1.521088
1.507696
1.549597
1.530849
1.519384
1.514255
1.507862
1.513611
1.547397
1.566130
1.510873
1.530031
1.523247
1.527251
1.530290
1.544528
1.534675
1.544378
1.505295
1.504437
1.499148
1.542131
1.529568
1.537240
1.518316
1.486232
1.517424
1.554855
1.538368
1.504751
1.531323
1.510993
1.526081
1.560558
1.490543
1.511152
1.511786
1.512814
1.537099
1.531656
1.523960
1.510386
1.504815
1.519236
1.529166
1.514897
1.511875
1.530997
1.538025
1.531664
1.510045
1.495671
1.517198
1.527659
1.481104
1.513893
1.516032
1.528405
1.518029
1.490012
1.524342
1.520713
1.523739
1.489588
1.510732
1.503447
1.513034
1.503489
1.513164
1.506183
1.565692
1.493585
1.504601
1.515801
1.519451
1.501763
1.518964
1.506778
1.502958
1.512006
1.510531
1.512113
1.531459
1.539387
1.504887
1.492353
1.511311
1.530066
1.506704
1.495478
1.507788
1.494953
1.521062
1.513268
1.506944
1.500951
1.511110
1.502805
1.509302
1.547752
1.489633
1.508224
1.509917
1.532532
1.481155
1.478429
1.501447
1.496955
1.501181
1.511451
1.507505
1.525602
1.506687
1.484778
1.508975
1.512039
1.517698
1.503890
1.487571
1.488476
1.515374
1.501589
1.497030
1.495335
1.515506
1.485477
1.510029
1.497324
1.511039
1.523511
1.505856
1.499894
1.521876
1.501162
1.523957
1.500802
1.501063
1.525033
1.514538
1.517889
1.489081
1.504265
1.510683
1.505641
1.509273
1.509250
1.514809
1.492613
1.496240
1.472381
1.499169
1.504801
1.509258
1.513198
1.496993
1.505788
1.478692
1.517450
1.509216
1.506509
1.484311
1.496168
1.492721
1.485406
1.511563
1.493794
1.496917
1.491630
1.495049
1.526636
1.500816
1.488349
1.495421
1.523017
1.486825
1.495012
1.505102
1.489658
1.514464
1.492330
1.504789
1.490388
1.494827
1.514391
1.506709
1.508866
1.511964
1.494535
1.498529
1.493454
1.490469
1.493910
1.512158
1.507530
1.517835
1.500112
1.473820
1.494167
1.490166
1.486287
1.489817
1.513819
1.501345
1.487282
1.483269
1.498792
1.489537
1.478330
1.490565
1.510433
1.485134
1.502533
1.477612
1.502715
1.485663
1.493436
1.513093
1.485272
1.499997
1.490738
1.495485
1.503132
1.517314
1.501188
1.506794
1.495028
1.492709
1.470319
1.483769
1.477461
1.510539
1.505909
1.478482
1.484876
1.510816
1.481806
1.485671
1.490380
1.487443
1.508213
1.481665
1.503351
1.501586
1.483766
1.491987
1.487226
1.507604
1.518012
1.480259
1.475671
1.472404
1.484046
1.483615
1.494130
1.490472
1.495902
1.498993
1.484666
1.478053
1.516835
1.500272
1.514553
1.480813
1.486185
1.472772
1.501185
1.478008
1.481460
1.508742
1.493919
1.493256
1.493307
1.491119
1.493641
1.493064
1.487415
1.500866
1.496835
1.507437
1.480108
1.487258
1.503603
1.505599
1.473126
1.496948
1.505952
1.476929
1.486428
1.500243
1.498660
1.498644
1.497968
1.479481
1.502774
1.491738
1.479421
1.491428
1.477835
1.514462
1.498418
1.496550
1.494729
1.474067
1.496930
1.486318
1.485633
1.499867
1.494610
1.517631
1.508553
1.480129
1.473870
1.488315
1.480001
1.490199
1.473826
1.473550
1.488858
1.495216
1.483121
1.484970
1.487423
1.501817
1.515197
1.473076
1.498728
1.500323
1.498830
1.484671
1.501397
1.519001
1.483777
1.485979
1.481456
1.489334
1.488508
1.529085
1.490484
1.489026
1.480965
1.476231
1.483225
1.484048
1.497159
1.503553
1.480614
1.488034
1.474878
1.492502
1.486097
1.487292
1.478655
1.502180
1.499616
1.480909
1.496605
1.479335
1.475893
1.474671
1.495371
1.475566
1.486895
1.478898
1.495956
1.488737
1.479130
1.474054
1.499139
1.501666
1.487102
1.493698
