2.228282
2.229228
2.207919
2.230162
2.200053
2.218918
2.198397
2.173004
2.123584
2.062140
2.089022
2.172106
2.213862
2.369898
2.473948
2.549156
2.417052
2.041145
1.718916
1.352816
1.647292
2.173134
2.308875
2.043864
3.566428
5.951220
38.275063
38.291168
20.067402
10.079877
5.265403
3.898923
3.302369
3.002916
2.943371
3.047056
3.133367
3.093301
3.119782
3.225776
3.355297
3.273547
3.557259
3.673166
3.627484
3.690288
3.748074
3.926996
3.757446
4.103979
3.964253
4.231548
4.378495
4.490325
4.570844
4.416623
4.378613
4.349611
4.379150
4.586988
4.655809
5.463423
6.204429
6.689613
6.778373
6.216434
5.594254
5.306787
6.540784
6.458508
7.184255
8.111856
9.099602
7.967474
6.475734
5.707542
5.165626
5.624147
6.010008
5.643742
5.356490
5.845712
6.376996
6.811017
7.565529
9.044710
11.733298
11.573047
10.873734
10.527022
9.288740
8.452205
8.657987
7.738427
7.206743
7.147251
6.444087
5.454245
5.435856
5.269203
6.124453
7.489398
8.455245
10.361797
12.500651
14.139642
13.857781
14.597537
14.215780
15.191035
16.483877
13.932086
10.633760
12.827366
13.362813
5.996788
54.669632
51.426197
38.255692
16.083342
6.584752
3.673195
2.868960
2.610086
2.569710
2.581288
2.562129
2.627524
2.604822
2.637767
2.685296
2.812358
2.807811
3.111423
3.441976
3.725640
3.665476
3.610703
3.627337
3.469329
3.713071
3.604108
3.559227
3.952013
3.960228
3.921552
4.032804
4.163373
4.689476
5.004717
4.873790
5.017601
5.035872
4.896394
5.095652
5.359262
4.434508
4.711742
4.924528
5.602064
5.622687
4.952720
5.457076
5.929720
6.385074
4.941321
5.547801
5.887678
7.431140
8.178580
9.816453
10.088739
6.069934
4.171428
3.470114
3.414956
3.549515
4.273182
4.824169
7.673542
11.135234
11.160389
12.277211
11.558212
12.546633
11.749495
7.629197
1.687722
0.762588
0.715626
1.311820
1.763236
1.934278
1.871932
2.130685
2.245564
2.448211
2.211696
2.123076
2.279668
2.180223
2.264818
2.274772
2.921133
2.005847
1.720502
1.430462
1.143889
1.174364
1.245964
1.352837
1.613811
2.177100
1.406553
1.221480
0.942456
1.435656
1.098885
3.142824
3.982335
0.781697
0.892413
3.950959
5.399500
1.789951
1.103704
0.733478
0.818652
0.911012
1.072005
0.731685
0.918779
0.822201
0.826719
1.199557
1.260466
1.996458
1.662831
1.650750
1.728690
2.215034
2.381727
4.782299
2.504920
2.639322
2.627734
2.609339
2.600023
2.568367
2.551213
2.535215
2.529929
2.456101
2.407493
2.434251
2.349628
2.341300
2.280028
2.204598
2.224283
2.200892
2.189139
2.142900
2.126831
2.119933
2.125504
2.143081
2.185036
2.213732
2.252104
2.359004
2.467859
3.029570
4.512038
4.129232
2.177370
1.778075
2.114986
2.229549
2.273729
2.141050
2.045150
1.690730
1.743214
1.597171
1.328234
0.989805
1.139433
1.292705
1.214523
1.168634
1.294554
1.687740
1.440970
2.080673
1.784200
2.116577
2.311281
2.347747
1.730336
2.144448
2.419125
1.683515
2.709466
2.177408
2.297533
2.082098
3.360946
2.702748
1.621712
2.496921
2.871310
6.288111
5.393256
2.704061
2.211798
2.299194
2.498075
4.483938
4.449811
2.567460
2.737121
2.953479
3.119731
3.165138
2.985355
2.987979
3.038046
2.686415
2.289228
2.296145
2.087856
1.848938
2.119262
1.769660
1.617933
1.467731
1.731656
1.964938
3.109881
4.715664
12.273010
8.498055
57.231621
6.273659
4.691232
4.717638
5.185883
5.432452
5.642303
5.379205
5.596853
5.566714
5.605944
5.575725
5.349946
5.422280
4.755217
4.763906
4.635373
4.178359
4.062098
4.292435
3.694654
3.497974
4.221143
3.460218
3.064287
3.295319
3.888345
2.989092
3.402323
3.244725
3.934045
2.994704
3.102477
3.214291
2.832864
2.749346
3.437036
3.343588
3.044040
2.840625
3.249945
3.487304
3.139661
3.323570
3.004323
2.986013
2.814253
3.153008
3.769456
3.052805
3.345916
2.856695
3.287392
2.865094
3.060715
3.224948
3.079596
3.077720
2.917103
2.802848
3.164874
3.511333
3.477594
2.923242
3.333225
3.115153
2.598907
2.813105
3.209771
3.199927
2.640313
3.039574
2.799630
3.096959
2.607482
2.696899
2.673723
2.536442
2.768060
3.017531
3.105513
3.092568
2.623559
2.806414
3.025841
2.607828
2.844205
2.989332
2.867219
2.794652
2.843796
2.850820
2.654589
2.633038
2.622900
2.868235
2.590452
2.624718
2.691806
2.438781
2.532163
2.525608
2.566870
2.572582
2.545618
2.621527
2.519779
2.486024
2.516285
2.459676
2.555027
2.416938
2.473008
2.518149
2.403499
2.499828
2.468387
2.500869
2.502635
2.486286
2.493822
2.539747
2.537167
2.493998
2.553671
2.581167
2.608790
2.639557
2.663390
2.657703
2.735203
2.739418
2.694176
2.726628
2.716285
2.674249
2.665411
2.649523
2.679916
2.630966
2.647950
2.625965
2.561663
2.567485
2.561167
2.581704
2.537532
2.537938
2.570851
2.587085
2.581259
2.567883
2.568882
2.540080
2.589151
2.553576
2.549542
