2.341504
2.332148
2.334373
2.322482
2.331318
2.327211
2.331812
2.345664
2.362953
2.352782
2.392120
2.367469
2.397668
2.388628
2.418775
2.382164
2.417022
2.408597
2.384715
2.406614
2.412870
2.403755
2.417935
2.355409
2.411356
2.394681
2.382840
2.398230
2.396280
2.423211
2.381466
2.528108
2.486233
2.479283
2.380772
2.470530
2.431101
2.443579
2.480328
2.438272
2.448032
2.583410
2.477657
2.514314
2.431930
2.479367
2.492929
2.498585
2.300107
2.251345
2.289354
2.326361
2.321407
2.339607
2.281538
2.257463
2.206201
2.247529
2.264419
2.227661
2.212127
2.261965
2.202140
2.263925
2.295427
2.237169
2.222293
2.222699
2.225267
2.248366
2.096176
2.249977
2.195045
2.220040
2.194478
2.177883
2.189473
2.147139
2.194911
2.145155
2.126714
2.157962
2.003921
2.193976
2.160889
2.094032
2.172681
2.110750
2.087628
2.038104
2.146224
2.062929
2.026897
2.060655
2.031489
2.040339
1.939554
2.109115
2.004937
2.012706
1.988381
1.944861
1.989592
1.851995
1.939324
1.843194
1.817975
1.742465
1.834299
1.714141
1.753040
1.674045
1.621354
1.627670
1.675051
1.575544
1.650078
1.447204
1.446596
1.430971
1.524341
1.313353
1.474678
1.400273
1.350662
1.395837
1.379238
1.242106
1.182120
1.100619
1.087786
1.120881
1.002711
0.892625
1.008690
1.003899
1.014091
0.816777
0.857728
0.784205
0.814612
0.903985
0.787094
0.911879
0.779088
0.928324
0.867569
0.820531
0.939745
1.039548
1.008666
0.741480
0.767492
0.699704
0.695677
0.584948
0.725869
0.638531
0.628997
0.474063
0.473715
0.514109
0.587854
0.610956
0.587351
0.548361
0.971030
1.562664
1.598024
1.368868
1.186070
0.823245
0.519638
0.525390
0.714445
0.543582
0.874402
0.655989
0.945844
0.779276
0.599596
0.722669
0.666698
0.669503
0.725344
0.613794
0.539648
0.581997
0.523661
0.472708
0.403495
0.615063
0.475195
0.470149
0.546317
0.412370
0.504385
0.447473
0.423266
0.530802
0.460792
0.469887
0.423332
0.596969
0.430463
0.354607
0.417105
0.414676
0.518524
0.412185
0.392640
0.328536
0.414496
0.407287
0.357491
0.624229
0.410855
0.495147
0.411492
0.430447
0.435011
0.442422
0.325592
0.449687
0.417093
0.369068
0.412905
0.548491
0.375327
0.300499
0.392637
0.352076
0.396319
0.244766
0.362968
0.328488
0.374471
0.328292
0.393978
0.355151
0.469379
0.443849
0.331360
0.311078
0.314940
0.417799
0.401884
0.449540
0.273938
0.262572
0.433262
0.267641
0.275223
0.509182
0.331010
0.393540
0.414467
0.395731
0.462997
0.354360
0.360591
0.272552
0.392853
0.353962
0.389819
0.445981
0.384131
0.386117
0.343283
0.424812
0.174092
0.321666
0.292162
0.378499
0.296000
0.432301
0.396953
0.500113
0.371285
0.313647
0.592054
0.303755
0.277779
0.215729
0.290985
0.370822
0.247962
0.414852
0.313703
0.322623
0.331971
0.444441
0.287430
0.270602
0.392868
0.186838
0.317098
0.342315
0.331858
0.272912
0.315512
0.283618
0.305552
0.307198
0.484815
0.310940
0.368183
0.284939
0.269769
0.246421
0.347441
0.301019
0.334230
0.291497
0.307968
0.228448
0.231136
0.286888
0.380989
0.389271
0.174795
0.438266
0.283854
0.224053
0.277091
0.226340
0.224319
0.285404
0.360878
0.285846
0.276956
0.298192
0.351918
0.354183
0.418449
0.220063
0.264292
0.273640
0.261596
0.288216
0.164170
0.116955
0.119053
0.289656
0.241380
0.244177
0.344200
0.355887
0.338592
0.260917
0.318019
0.233559
0.177750
0.325250
0.262638
0.395510
0.281229
0.227897
0.370304
0.231427
0.243183
0.157738
0.185853
0.267802
0.325107
0.269598
0.333529
0.284941
0.165971
0.195074
0.322695
0.347150
0.517956
0.505797
0.437992
0.238501
0.341730
0.296359
0.191347
0.255730
0.109025
0.296601
0.284559
0.253730
0.375181
0.243732
0.266747
0.315351
0.278283
0.272641
0.229615
0.347237
0.226512
0.351164
0.276312
0.274429
0.288688
0.276228
0.156020
0.253470
0.142940
0.267656
0.327371
0.372777
0.226421
0.221269
0.151011
0.161337
0.169398
0.211083
0.271607
0.162879
0.270545
0.248356
0.312794
0.385805
0.266729
0.137286
0.288509
0.215907
0.286949
0.190301
0.300566
0.117107
0.245363
0.153418
0.290793
0.187033
0.221045
0.265902
0.360720
0.160571
0.251440
0.260483
0.180042
0.205881
0.129421
0.323656
0.250765
0.298831
0.200168
0.183999
0.201115
0.206852
0.176086
0.312965
0.261748
0.200683
0.256246
0.247609
0.275022
0.191233
0.340736
0.455395
0.225206
0.074299
0.264080
0.280624
0.249579
0.183600
0.233306
0.206060
0.232889
0.270067
0.269341
0.222059
0.237032
0.241129
0.171383
0.167528
0.290613
0.235480
0.348816
0.247349
0.279502
0.207196
0.166779
0.215900
0.280700
0.192953
0.267106
0.166113
0.263684
0.172960
0.187969
0.133570
0.141991
0.174905
0.118608
0.146841
0.212793
0.228185
0.173946
0.289854
0.185051
0.204512
0.265840
0.231702
0.256867
0.195455
