2.398540
2.371311
2.382481
2.403347
2.416428
2.418012
2.440444
2.452741
2.508423
2.537109
2.568399
2.580905
2.591833
2.725920
2.656652
2.726774
2.807552
2.900323
3.008098
2.967657
3.197175
3.180706
3.439284
3.350137
3.561946
3.676274
3.944284
4.087554
4.386132
4.484885
4.762982
4.853261
5.057583
5.526299
6.136199
5.849014
6.258404
6.841764
6.787747
7.265288
8.377838
8.701762
8.892570
10.126955
10.611908
11.379063
11.632303
11.664483
13.329132
16.273670
16.760010
18.883801
19.600143
20.173693
26.554564
27.136484
29.167654
35.360592
33.969795
43.860622
50.204987
55.123749
68.699623
74.491928
93.534492
117.018852
132.598343
153.158859
211.619553
198.677917
257.518066
318.076660
336.012085
279.595673
97.132187
9.420991
2.808675
2.521453
2.485495
2.464795
2.480694
2.484978
2.504812
2.522928
2.496201
2.527949
2.505848
2.518924
2.519522
2.538772
2.507619
2.498271
2.516006
2.473753
2.494908
2.500600
2.479040
2.486623
2.460845
2.494699
2.500757
2.484995
2.493444
2.532331
2.488111
2.536725
2.490338
2.542214
2.527491
2.494871
2.549311
2.543878
2.575732
2.564051
2.547832
2.558154
2.529661
2.546699
2.562995
2.527952
2.506786
2.457523
2.442103
2.499268
2.461426
2.435792
2.457800
2.455884
2.415006
2.423306
2.425285
2.415659
2.416162
2.403602
2.399221
2.390238
2.390589
2.390911
2.366665
2.392531
2.392486
2.366355
2.378389
2.364897
2.345657
2.343599
2.305040
2.342101
2.324239
2.278356
2.388169
2.270337
2.163207
2.260170
2.250057
2.214751
2.232253
2.114850
2.146890
2.130018
2.107851
1.796201
2.141755
1.959277
1.904342
2.036059
1.844405
2.156891
2.255567
2.166970
2.302289
2.200026
2.560957
2.435675
2.273296
2.402894
2.070202
2.171978
2.216376
1.773377
2.668188
1.979712
1.842696
1.948864
2.298733
2.307766
1.880001
2.260837
2.978795
2.861436
2.720945
2.254985
3.249078
3.077988
2.188825
3.147344
2.786286
2.478238
3.356186
3.226406
2.723919
2.377119
1.896376
2.631602
3.455361
3.605592
4.062454
2.187888
4.073032
3.849560
3.611115
5.125396
3.893629
5.236959
4.500491
7.759331
7.031642
5.274620
6.585172
10.183224
9.777478
9.030115
7.927598
9.834188
13.379904
8.131618
13.203985
8.155439
15.918159
21.061214
11.232365
23.286526
12.036228
16.355185
16.307957
14.762289
10.014713
39.010475
28.566315
31.984291
24.775360
19.307491
13.892096
5.955933
6.848408
2.981709
3.174223
2.239919
2.471995
2.818031
2.363691
2.392565
2.163283
2.164722
2.185874
2.094234
1.988291
2.087426
2.063886
1.892934
1.855099
1.891010
1.741736
1.731840
1.852427
1.576376
1.771178
1.463256
1.212592
1.558270
1.532349
1.399181
1.286845
1.619227
1.528946
1.889086
1.481308
1.611385
1.337760
1.775316
1.756212
1.311131
1.677969
2.015084
1.898996
1.840548
1.493657
1.643670
2.431115
1.589217
2.312428
2.220108
1.639500
2.137193
3.334118
1.432898
2.162720
2.086097
2.467461
2.001089
3.637971
1.921217
3.657559
3.649831
2.014211
3.549745
4.872089
3.026820
5.804870
3.950086
2.476024
4.414989
6.806778
5.581493
2.417694
6.840023
5.508653
9.773242
2.732990
7.604342
2.311028
4.951717
4.126916
8.711401
10.570070
10.242146
13.688782
20.848583
8.086146
18.998318
11.760092
18.238277
24.746901
18.477732
23.417997
18.972391
26.244377
36.450676
99.523911
166.965546
215.405319
200.506561
162.707520
121.534035
63.381607
19.708817
4.359272
2.339917
2.766688
2.009128
2.429000
1.716024
1.691944
1.689196
1.810307
1.701894
1.732079
1.860187
1.792447
1.808792
1.807181
1.715036
1.692809
1.721430
1.621329
1.530379
1.566269
1.586984
1.574344
1.623119
1.513352
1.383377
1.355828
1.759910
1.682560
1.638427
1.643858
1.540076
1.714796
1.711392
1.504193
1.289023
1.473879
1.802608
1.920414
2.744916
2.461767
2.025779
2.354398
1.662728
1.507124
2.160094
2.697982
2.810225
2.622367
2.443906
2.170481
1.863097
3.073270
2.158508
2.513129
2.115259
2.705900
2.033296
2.004252
2.255621
2.955419
2.711532
2.780916
2.732172
2.819492
1.942529
2.866225
2.770177
3.203821
2.048807
3.219458
4.059428
3.973241
3.387126
2.852165
4.831830
2.671376
4.675272
3.641488
4.566493
4.840557
5.489461
7.052161
5.447058
6.342000
6.558522
8.315619
7.344446
6.501317
6.912942
8.323714
9.675278
8.167165
9.030834
6.487597
9.385500
7.784849
6.573421
9.222559
7.956893
10.226459
15.837805
7.950292
13.471534
17.767490
13.655531
19.973953
9.133446
12.026670
11.684239
22.586605
37.834110
27.576422
35.300701
40.526257
88.732307
129.383560
172.504944
130.644531
102.951881
69.801590
15.099957
2.778838
2.173693
2.190318
2.146001
2.143354
2.127253
2.119771
2.109326
2.116470
2.114229
2.086834
2.085934
2.129456
2.164420
2.117527
2.129807
2.178439
2.149453
2.151362
2.150184
2.114640
2.104801
2.142711
2.100432
2.146838
2.018305
2.060281
2.077484
2.034923
2.060563
2.067986
2.063137
