2.300327
2.291455
2.295919
2.302639
2.290915
2.289042
2.273869
2.264984
2.271090
2.252966
2.249897
2.240110
2.225196
2.228596
2.208827
2.205729
2.187592
2.177068
2.168607
2.151340
2.143541
2.120313
2.119864
2.081695
2.069599
2.052567
2.003519
1.987909
1.929086
1.900066
1.853120
1.867463
1.739249
1.748531
1.659237
1.634416
1.618786
1.520106
1.487163
1.361341
1.266067
1.260352
1.169978
1.054371
0.932459
0.908015
0.883612
0.847109
0.674511
0.659327
0.734890
0.726370
0.619685
0.563645
0.474958
0.545438
0.430941
0.487983
0.492865
0.603169
0.531989
0.488974
0.491404
0.364775
0.542417
0.427861
0.451878
0.438993
0.487634
0.496605
0.383349
0.329222
0.430360
0.536450
0.242984
0.541671
0.376070
0.466929
0.481728
0.385453
0.329411
0.304807
0.353537
0.501523
0.508828
0.449122
0.274510
0.381571
0.426673
0.286893
0.204333
0.389813
0.328272
0.316200
0.262906
0.318343
0.469947
0.463936
0.284611
0.321829
0.347114
0.287232
0.346155
0.580653
0.399577
0.482176
0.276369
0.296757
0.322841
0.280620
0.226208
0.397087
0.394137
0.129667
0.365929
0.295987
0.347515
0.249787
0.283986
0.293120
0.340374
0.332365
0.307036
0.418361
0.304062
0.353223
0.194002
0.239580
0.196225
0.351840
0.320664
0.234151
0.183764
0.288258
0.338640
0.274415
0.394895
0.433961
0.269653
0.319521
0.345025
0.357059
0.216647
0.204908
0.284453
0.385426
0.234639
0.271944
0.289003
0.407571
0.237178
0.310863
0.220895
0.228097
0.248095
0.280691
0.365394
0.284844
0.267264
0.298767
0.312299
0.234667
0.223495
0.404633
0.213291
0.265438
0.271373
0.285836
0.207223
0.237669
0.318919
0.220823
0.201760
0.236772
0.287020
0.263010
0.142090
0.380722
0.200731
0.370481
0.306906
0.287617
0.182433
0.309058
0.250771
0.178007
0.216470
0.221292
0.284850
0.231301
0.177159
0.171896
0.192617
0.370344
0.248833
0.270678
0.236190
0.222090
0.312159
0.270958
0.175704
0.254625
0.214928
0.171874
0.239150
0.252088
0.193931
0.171483
0.258364
0.288878
0.245980
0.189030
0.244318
0.217043
0.256879
0.112291
0.179011
0.184253
0.305211
0.246865
0.245064
0.170176
0.297822
0.160508
0.159858
0.256641
0.166230
0.139197
0.236906
0.151656
0.125360
0.186923
0.249964
0.149896
0.205942
0.212003
0.308780
0.286187
0.280830
0.197190
0.284045
0.293550
0.236211
0.205089
0.096140
0.282878
0.198841
0.089035
0.246344
0.160272
0.200475
0.217933
0.180452
0.185406
0.103017
0.196861
0.229062
0.156371
0.190776
0.171120
0.179034
0.198331
0.104030
0.133456
0.227319
0.254164
0.189779
0.282098
0.245381
0.156857
0.167386
0.212577
0.183205
0.219052
0.170812
0.218452
0.211259
0.118983
0.144586
0.149814
0.133652
0.145503
0.109394
0.162484
0.192352
0.224008
0.124725
0.141196
0.215970
0.111282
0.247769
0.200310
0.175922
0.189538
0.187294
0.206214
0.080736
0.214067
0.162669
0.216196
0.093811
0.128323
0.176638
0.115752
0.260383
0.175608
0.215540
0.193288
0.118979
0.221006
0.214688
0.230573
0.191583
0.155552
0.132972
0.127253
0.157882
0.078356
0.136486
0.108638
0.159898
0.209480
0.064302
0.193321
0.168940
0.161398
0.098792
0.244627
0.095960
0.224258
0.111605
0.285471
0.153824
0.112075
0.181603
0.075141
0.136664
0.114523
0.094773
0.168601
0.109678
0.117482
0.206420
0.068777
0.102626
0.174680
0.099241
0.113823
0.074384
0.207039
0.124561
0.110382
0.170965
0.105625
0.104346
0.097506
0.118093
0.203752
0.126392
0.121826
0.172698
0.236781
0.253925
0.097097
0.176063
0.198507
0.169440
0.082053
0.208623
0.192928
0.113748
0.119772
0.218495
0.173305
0.157408
0.221161
0.119676
0.190758
0.113830
0.202410
0.153616
0.103514
0.113056
0.203430
0.083454
0.095110
0.067177
0.120313
0.249952
0.122674
0.154070
0.111906
0.105434
0.114651
0.244885
0.165891
0.213119
0.075419
0.181682
0.233949
0.161472
0.098319
0.130298
0.088917
0.091132
0.085870
0.144544
0.215765
0.117261
0.132300
0.078085
0.145443
0.143255
0.150894
0.122096
0.125238
0.059646
0.181871
0.162008
0.089751
0.065596
0.116239
0.098983
0.065173
0.121251
0.105174
0.116495
0.117428
0.107430
0.080731
0.151044
0.230434
0.106880
0.248516
0.087860
0.096829
0.113277
0.065263
0.102937
0.165957
0.131483
0.177469
0.170899
0.064749
0.162810
0.066258
0.178929
0.130948
0.138970
0.119854
0.092450
0.154964
0.162385
0.189696
0.127758
0.110572
0.175407
0.056227
0.103760
0.175421
0.089002
0.257749
0.112298
0.149099
0.117812
0.127249
0.167431
0.147520
0.208042
0.047669
0.046945
0.109485
0.080384
0.126441
0.090703
0.070792
0.092742
0.107342
0.090651
0.192519
0.098689
0.155388
0.146388
0.118808
0.111497
0.149766
0.141652
0.097519
0.058481
0.039890
0.120713
0.117366
0.065990
0.056876
0.094792
0.072158
0.085641
0.095442
0.108078
0.159307
