2.305975
2.300847
2.298169
2.306357
2.294632
2.296679
2.288046
2.283580
2.278102
2.270548
2.276817
2.269944
2.254050
2.239700
2.207986
2.265600
2.198413
2.112258
2.067480
2.063588
2.084188
1.937845
1.830882
1.875090
1.840030
1.833575
1.786542
1.799948
1.784351
1.795626
1.796907
1.760396
1.786171
1.719497
1.706202
1.698453
1.748138
1.711005
1.727443
1.706145
1.702515
1.697884
1.671611
1.669464
1.646184
1.697037
1.674581
1.673080
1.669933
1.683704
1.617067
1.653642
1.656732
1.649927
1.630228
1.625781
1.649722
1.629071
1.658648
1.638689
1.641388
1.627995
1.619077
1.635162
1.626277
1.653911
1.622043
1.627730
1.597368
1.600344
1.619587
1.629350
1.586582
1.606667
1.626917
1.647569
1.590277
1.606226
1.621809
1.627674
1.569678
1.601652
1.607393
1.588395
1.605518
1.619815
1.588023
1.561112
1.637460
1.576167
1.595785
1.576669
1.548042
1.585303
1.579092
1.597866
1.560108
1.540952
1.578539
1.554605
1.553111
1.583904
1.566712
1.556800
1.575400
1.561767
1.561982
1.532387
1.562034
1.533809
1.531088
1.544023
1.537364
1.538099
1.560014
1.532529
1.525586
1.553669
1.556921
1.530535
1.563441
1.534115
1.543506
1.536252
1.532220
1.535354
1.526920
1.517460
1.516535
1.520486
1.533476
1.559221
1.551197
1.531744
1.529345
1.541530
1.539292
1.567727
1.521720
1.531119
1.534970
1.517682
1.526289
1.538162
1.525310
1.560343
1.527516
1.530595
1.508409
1.513785
1.509265
1.550902
1.532736
1.521235
1.508956
1.521791
1.523821
1.556830
1.510301
1.532619
1.513943
1.516525
1.526391
1.509546
1.536662
1.533222
1.517586
1.534801
1.532724
1.514939
1.518961
1.541478
1.516682
1.499904
1.531393
1.514320
1.527329
1.507060
1.507287
1.504717
1.502833
1.518245
1.527423
1.506254
1.510228
1.496643
1.514424
1.515977
1.523962
1.486439
1.515083
1.513411
1.481504
1.507141
1.511032
1.517229
1.523492
1.499833
1.496102
1.519685
1.517499
1.532094
1.497551
1.515489
1.531198
1.509158
1.492491
1.510273
1.516379
1.501876
1.498260
1.508293
1.499415
1.522695
1.499217
1.520142
1.498160
1.505437
1.503589
1.507928
1.488907
1.503617
1.491949
1.508837
1.492303
1.500328
1.502199
1.489935
1.511613
1.521888
1.506400
1.516116
1.507707
1.497542
1.492403
1.489895
1.494756
1.521710
1.493002
1.486301
1.495887
1.500484
1.501211
1.516590
1.515329
1.508234
1.498058
1.481490
1.497827
1.485937
1.494120
1.496559
1.478719
1.509905
1.490502
1.504619
1.505191
1.495899
1.488692
1.494526
1.503198
1.501461
1.505914
1.486024
1.509283
1.497733
1.482359
1.508181
1.491113
1.500253
1.476971
1.499591
1.510831
1.505788
1.499095
1.504344
1.503164
1.487250
1.501004
1.486597
1.479955
1.485432
1.500516
1.493037
1.487637
1.505318
1.486587
1.489294
1.502089
1.505822
1.483116
1.501652
1.495503
1.505817
1.486694
1.502492
1.513503
1.501192
1.487296
1.486739
1.496201
1.510480
1.482301
1.488231
1.484715
1.507295
1.492671
1.504364
1.484554
1.493425
1.503260
1.506264
1.485328
1.479700
1.502673
1.475631
1.505330
1.483559
1.485173
1.491944
1.504560
1.480497
1.510455
1.480018
1.507914
1.483027
1.493287
1.477526
1.499850
1.491505
1.496836
1.494480
1.493787
1.488292
1.473231
1.494165
1.485193
1.484643
1.507028
1.494167
1.497347
1.491987
1.496944
1.505026
1.486899
1.502583
1.481895
1.484774
1.486278
1.494477
1.496962
1.494873
1.490744
1.493165
1.483618
1.494793
1.493570
1.481637
1.499084
1.479351
1.488517
1.473863
1.486210
1.513002
1.488377
1.490636
1.490114
1.490839
1.483866
1.495452
1.484915
1.481586
1.476205
1.487086
1.484362
1.487888
1.492980
1.482034
1.496880
1.521355
1.482024
1.498290
1.503820
1.501495
1.480480
1.479351
1.509902
1.492387
1.490473
1.489683
1.490420
1.476238
1.475703
1.490936
1.479864
1.495384
1.482165
1.480266
1.486723
1.489419
1.488573
1.499347
1.490536
1.480020
1.480664
1.492431
1.486639
1.487067
1.480891
1.480379
1.478477
1.495106
1.505616
1.474658
1.493301
1.499465
1.479641
1.489565
1.490654
1.490430
1.482042
1.481497
1.480048
1.475494
1.476893
1.481847
1.488831
1.494066
1.509587
1.479951
1.503243
1.483739
1.486433
1.478545
1.480726
1.488361
1.483727
1.476876
1.490585
1.497186
1.481301
1.489717
1.482386
1.487324
1.475786
1.476950
1.488689
1.487196
1.491328
1.501897
1.509451
1.479619
1.485764
1.476212
1.477095
1.486616
1.483869
1.499302
1.475971
1.484863
1.483425
1.477340
1.495677
1.479543
1.472216
1.486576
1.482324
1.488678
1.479453
1.476220
1.484158
1.497312
1.472431
1.479685
1.490020
1.472892
1.494799
1.484789
1.468181
1.490039
1.475163
1.488528
1.482633
1.477431
1.481962
1.479938
1.489200
1.479943
1.475627
1.488720
1.483828
1.474359
1.504615
1.535080
1.476834
1.480731
1.471117
1.487874
1.482379
1.493217
