1.500000
1.500000
1.500000
1.494219
1.353073
0.962969
0.618854
0.684844
0.582500
0.670156
0.601406
0.490000
0.525833
0.530521
0.494583
0.470729
0.475521
0.485313
0.457500
0.448802
0.465052
0.433854
0.403125
0.378214
0.385156
0.371510
0.381667
0.366927
0.361979
0.347292
0.324844
0.303542
0.308646
0.290521
0.291458
0.283594
0.290521
0.288542
0.281406
0.288906
0.255156
0.249948
0.282135
0.252604
0.270885
0.246510
0.291719
0.266667
0.273438
0.226510
0.248542
0.255365
0.231354
0.244635
0.242396
0.255885
0.231823
0.230521
0.242344
0.229948
0.208958
0.226250
0.218177
0.190938
0.222500
0.232188
0.214167
0.214844
0.213698
0.237917
0.226927
0.204405
0.171250
0.211250
0.211250
0.203802
0.199323
0.192969
0.201510
0.196510
0.215417
0.201875
0.169948
0.193490
0.180260
0.180000
0.195833
0.176563
0.174375
0.183125
0.194427
0.177031
0.193906
0.175833
0.216354
0.133929
0.172135
0.177396
0.216146
0.200313
0.161667
0.168333
0.168646
0.159219
0.168698
0.162708
0.174167
0.170000
0.178073
0.153385
0.186927
0.140573
0.170208
0.179844
0.153333
0.174167
0.172240
0.148542
0.158490
0.136548
0.135156
0.148073
0.159688
0.159896
0.156771
0.157083
0.123125
0.134635
0.174063
0.128229
0.165052
0.125938
0.147917
0.132812
0.131458
0.161302
0.154115
0.146198
0.135208
0.142448
0.135938
0.150313
0.132396
0.131667
0.151771
0.124010
0.116510
0.134531
0.134531
0.135573
0.123490
0.124479
0.121458
0.168490
0.115052
0.153750
0.115208
0.124167
0.093802
0.158073
0.118854
0.118698
0.119167
0.122917
0.123594
0.124531
0.116875
0.132976
0.120521
0.113229
0.123958
0.113333
0.105833
0.118281
0.118646
0.112656
0.117344
0.119896
0.118542
0.112188
0.129219
0.122604
0.105208
0.128073
0.118490
0.095885
0.120313
0.099792
0.119896
0.124167
0.107292
0.141905
0.119010
0.108594
0.083854
0.125417
0.110313
0.114375
0.104323
0.116667
0.105625
0.112083
0.087448
0.105625
0.116615
0.111354
0.093021
0.098802
0.093802
0.100677
0.111771
0.112813
0.087396
0.118802
0.090885
0.132857
0.095833
0.093594
0.089427
0.122604
0.093750
0.114740
0.114219
0.097917
0.075313
0.100469
0.108333
0.073750
0.107552
0.096615
0.080365
0.103125
0.100938
0.105052
0.085156
0.104844
0.091146
0.087708
0.112240
0.097024
0.095833
0.096406
0.106302
0.111458
0.091667
0.101615
0.088385
0.095469
0.070469
0.090938
0.087292
0.087500
0.093021
0.069844
0.097188
0.084948
0.085417
0.106615
0.102344
0.082240
0.075052
0.096615
0.091615
0.097262
0.096302
0.089375
0.092708
0.086510
0.103438
0.094427
0.075625
0.087813
0.089323
0.094115
0.097865
0.098229
0.075625
0.088594
0.084583
0.100521
0.098021
0.087917
0.073854
0.071771
0.080417
0.089792
0.084844
0.062976
0.074375
0.125260
0.068281
0.087292
0.068802
0.084896
0.106615
0.086146
0.067760
0.088750
0.099896
0.088906
0.066406
0.090000
0.078490
0.087240
0.101719
0.086458
0.065573
0.075781
0.095052
0.080469
0.078854
0.083571
0.066510
0.116458
0.079896
0.074427
0.072031
0.080313
0.056042
0.076927
0.069844
0.059375
0.096146
0.094323
0.081094
0.089583
0.088333
0.083750
0.076771
0.086250
0.096510
0.076094
0.067760
0.063854
0.076146
0.063214
0.080104
0.082031
0.077760
0.069323
0.076823
0.069792
0.075052
0.088490
0.096042
0.066875
0.052917
0.088854
0.086875
0.081302
0.058854
0.075260
0.095156
0.079219
0.076875
0.077760
0.076094
0.071458
0.079010
0.102024
0.064010
0.082604
0.064583
0.096042
0.095521
0.076510
0.073698
0.083802
0.070729
0.071354
0.070885
0.076615
0.063490
0.068385
0.074010
0.082552
0.070833
0.076458
0.070521
0.061979
0.079010
0.076563
0.052135
0.058095
0.083906
0.065156
0.061458
0.078385
0.062552
0.082552
0.074844
0.072969
0.072448
0.071563
0.070104
0.072083
0.078854
0.084010
0.055729
0.066771
0.078281
0.075417
0.074635
0.076927
0.067656
0.074375
0.061615
0.076667
0.079583
0.070000
0.061771
0.066719
0.077448
0.075052
0.065521
0.081563
0.071510
0.077969
0.061771
0.058281
0.072031
0.067396
0.066875
0.053958
0.071146
0.072969
0.087292
0.071823
0.083698
0.067656
0.067500
0.045000
0.080052
0.079427
0.069635
0.056302
0.067813
0.055313
0.065052
0.074323
0.064323
0.069323
0.059323
0.060208
0.060729
0.065573
0.063698
0.069948
0.084792
0.056875
0.070885
0.079948
0.068229
0.076042
0.061615
0.061429
0.072604
0.056042
0.058281
0.062396
0.061615
0.079688
0.064896
0.080677
0.069531
0.060313
0.056771
0.064323
0.058490
0.059583
0.063073
0.067083
0.058594
0.064115
0.085573
0.059323
0.058385
0.073646
0.070573
0.058810
0.065885
0.066615
0.051719
0.062188
0.064063
0.065104
0.050260
0.069219
0.078750
0.065365
0.066042
0.072188
0.079375
0.054531
0.075365
0.067865
0.084323
0.062240
0.060208
0.058698
