2.309826
2.311701
2.319494
2.299942
2.260072
2.196080
2.112056
2.118102
2.234757
2.282024
2.292314
2.301441
2.302960
2.299301
2.297601
2.294181
2.295865
2.296055
2.298812
2.299288
2.299695
2.301258
2.301693
2.301891
2.302997
2.302434
2.301769
2.301924
2.302150
2.302804
2.303322
2.302024
2.302597
2.302480
2.302264
2.301990
2.302374
2.302585
2.302323
2.302264
2.302057
2.302534
2.301892
2.302585
2.302323
2.302432
2.302053
2.302150
2.302585
2.302428
2.302428
2.302480
2.302010
2.302608
2.302480
2.302428
2.302585
2.302264
2.302483
2.302585
2.302585
2.302374
2.302585
2.302480
2.302800
2.302150
2.302480
2.302370
2.302982
2.302534
2.302585
2.302428
2.302585
2.302858
2.302585
2.302585
2.303036
2.302288
2.302095
2.302483
2.302483
2.302994
2.302374
2.302306
2.302483
2.302804
2.302483
2.302323
2.302483
2.302381
2.303019
2.302370
2.302377
2.302315
2.303301
2.302370
2.302480
2.302268
2.302585
2.302370
2.302534
2.302428
2.302534
2.302217
2.302585
2.302994
2.302319
2.302374
2.302859
2.302428
2.302534
2.302480
2.302483
2.302585
2.302480
2.302765
2.302534
2.302585
2.302483
2.302585
2.302252
2.303088
2.302315
2.302210
2.302377
2.302480
2.302534
2.302323
2.302421
2.302765
2.302323
2.302428
2.302534
2.302272
2.302428
2.303184
2.302428
2.302534
2.302221
2.302593
2.302483
2.302480
2.302268
2.302428
2.302201
2.302483
2.302483
2.302585
2.302428
2.302237
2.302534
2.302483
2.302483
2.302534
2.302377
2.302534
2.302585
2.302421
2.302306
2.302315
2.302255
2.302534
2.302585
2.302480
2.302585
2.302765
2.302534
2.302765
2.302534
2.302699
2.302326
2.302483
2.302272
2.302264
2.302428
2.302217
2.302585
2.302480
2.302585
2.302122
2.302432
2.302217
2.302315
2.302323
2.302428
2.302710
2.302534
2.302487
2.302585
2.302585
2.302483
2.302714
2.302480
2.302480
2.302984
2.302608
2.302428
2.302585
2.302377
2.302201
2.302377
2.302370
2.302534
2.302585
2.302319
2.302428
2.302272
2.302377
2.302631
2.302534
2.302585
2.302428
2.302585
2.302608
2.302268
2.302432
2.302585
2.302319
2.302585
2.302337
2.302428
2.302306
2.302201
2.302585
2.302534
2.302370
2.302357
2.302483
2.302323
2.302315
2.302323
2.302658
2.302306
2.302585
2.302357
2.302326
2.302428
2.302428
2.302323
2.302432
2.302538
2.302480
2.302483
2.302275
2.302480
2.302534
2.302480
2.302534
2.302585
2.302377
2.302585
2.302585
2.302428
2.302213
2.302421
2.301891
2.302319
2.302377
2.302816
2.302943
2.302585
2.302585
2.302370
2.302534
2.302534
2.302585
2.302377
2.302534
2.302370
2.302272
2.302428
2.302483
2.302480
2.302306
2.302264
2.302480
2.302709
2.302534
2.302357
2.302534
2.302585
2.302374
2.302483
2.302377
2.302483
2.302816
2.302421
2.302714
2.302607
2.302428
2.302534
2.302370
2.302585
2.302142
2.302150
2.302432
2.302534
2.302319
2.302428
2.302111
2.302943
2.302428
2.302374
2.302374
2.302585
2.302421
2.302710
2.302585
2.302480
2.302377
2.302323
2.302326
2.302710
2.302421
2.302585
2.302326
2.302483
2.302585
2.302146
2.302377
2.302370
2.302428
2.302255
2.302326
2.302319
2.302428
2.302585
2.302534
2.302534
2.302837
2.302374
2.302330
2.302534
2.302264
2.302428
2.301774
2.302534
2.302534
2.302480
2.302585
2.302483
2.302483
2.302432
2.302994
2.302816
2.302534
2.302374
2.302483
2.302537
2.302534
2.302421
2.302695
2.302370
2.302480
2.302534
2.302534
2.302534
2.302585
2.302377
2.302534
2.302377
2.302201
2.302480
2.302377
2.302237
2.302483
2.302377
2.302272
2.302210
2.302428
2.302374
2.302585
2.302483
2.302534
2.302534
2.302319
2.302432
2.302432
2.302221
2.302130
2.302306
2.302326
2.302585
2.302585
2.302892
2.302272
2.302186
2.302585
2.302326
2.302483
2.302585
2.302428
2.302377
2.302483
2.302585
2.302381
2.302480
2.302585
2.302534
2.302585
2.302370
2.302534
2.302370
2.302306
2.302600
2.302534
2.302534
2.302421
2.302150
2.302374
2.302428
2.302534
2.302816
2.302377
2.302213
2.302483
2.302428
2.301780
2.302421
2.302480
2.302585
2.302432
2.302432
2.302432
2.302585
2.302377
2.302682
2.302306
2.302483
2.302816
2.302483
2.302534
2.302377
2.302585
2.302377
2.302480
2.302585
2.302319
2.302483
2.302483
2.302480
2.302135
2.302357
2.302534
2.302428
2.302681
2.302381
2.302217
2.302859
2.302421
2.302323
2.302585
2.302432
2.302217
2.302306
2.302585
2.302030
2.302557
2.302534
2.302377
2.302534
2.302534
2.302585
2.302715
2.302534
2.302480
2.302428
2.302272
2.302483
2.302534
2.302315
2.302474
2.302480
2.302534
2.302534
2.302357
2.302428
2.302483
2.302585
2.302428
2.302377
2.302585
2.302091
2.302323
2.302217
2.302534
2.302432
2.302480
2.302585
2.302585
2.302534
2.302237
2.302483
2.302170
2.302288
2.302212
2.302268
2.302534
2.302428
2.302534
