2.303472
2.301965
2.300606
2.300360
2.307256
2.296717
2.301552
2.301857
2.286355
2.309564
2.263419
2.231828
2.216536
2.197970
2.168293
2.091851
2.138263
2.137573
2.005373
1.849386
1.881511
1.980534
1.923464
2.039623
2.045760
1.979485
2.012750
2.055287
1.974156
2.070096
1.981309
1.781206
1.701733
1.730708
1.695204
1.714857
1.751454
1.948196
1.961832
1.985074
2.022747
1.998931
1.972111
1.955542
1.886279
1.818768
1.711559
1.687189
1.700718
1.658322
1.690089
1.664348
1.660204
1.697455
1.725336
1.713897
1.711201
1.774897
1.670936
1.650997
1.622325
1.621816
1.642646
1.651012
1.649844
1.643665
1.678136
1.652603
1.622157
1.602606
1.651593
1.651893
1.638893
1.578486
1.635068
1.596265
1.637186
1.609839
1.703231
1.602179
1.575217
1.589142
1.600511
1.599133
1.630949
1.683226
1.610680
1.628813
1.654757
1.696104
1.648978
1.634402
1.601881
1.600920
1.634967
1.645319
1.651770
1.619905
1.635107
1.645851
1.609153
1.625698
1.673991
1.728260
1.606729
1.646028
1.592577
1.612124
1.606384
1.600400
1.596729
1.604836
1.601024
1.617594
1.600684
1.608051
1.665820
1.618658
1.643784
1.593790
1.635938
1.632219
1.637545
1.600146
1.637241
1.624799
1.603390
1.667863
1.619815
1.595240
1.596598
1.578521
1.583116
1.593361
1.679507
1.658326
1.654793
1.642393
1.637547
1.608691
1.593771
1.599934
1.584527
1.596035
1.626641
1.648493
1.663090
1.611493
1.601618
1.614105
1.649816
1.695980
1.608737
1.625983
1.587087
1.622641
1.609562
1.580703
1.615041
1.621547
1.588907
1.586189
1.613521
1.626244
1.595957
1.594256
1.603987
1.568918
1.617840
1.605030
1.583845
1.613157
1.591960
1.592357
1.609685
1.588025
1.610241
1.584948
1.535371
1.602642
1.603360
1.610354
1.589377
1.559193
1.607748
1.594787
1.571607
1.601650
1.606845
1.588540
1.570536
1.576393
1.598854
1.572152
1.555116
1.600930
1.597294
1.651905
1.598169
1.589780
1.599280
1.592605
1.582630
1.566306
1.580657
1.597417
1.575048
1.593454
1.569836
1.560075
1.625510
1.617217
1.602760
1.595908
1.604670
1.593951
1.598310
1.621536
1.605788
1.602407
1.621914
1.631055
1.614966
1.597521
1.574624
1.614971
1.575107
1.608851
1.592781
1.611315
1.648255
1.629855
1.619067
1.633660
1.587872
1.602786
1.566489
1.617622
1.599172
1.667023
1.600654
1.672076
1.625442
1.611454
1.616598
1.608692
1.616350
1.626044
1.576116
1.599506
1.592972
1.597135
1.586806
1.565051
1.614612
1.573548
1.610456
1.594549
1.598495
1.629012
1.586032
1.566043
1.610483
1.572304
1.611791
1.628969
1.594366
1.604782
1.590769
1.569754
1.556361
1.612813
1.620522
1.611790
1.584674
1.593310
1.592778
1.607335
1.598379
1.616774
1.593472
1.619763
1.605569
1.588461
1.559549
1.589226
1.554960
1.566859
1.597153
1.597007
1.588643
1.606183
1.571325
1.593835
1.585743
1.584351
1.611151
1.629077
1.602751
1.583273
1.567068
1.579970
1.563778
1.567508
1.560200
1.578490
1.535274
1.569911
1.593317
1.586878
1.582692
1.576003
1.575494
1.603112
1.555882
1.594244
1.597925
1.574264
1.568420
1.624456
1.604733
1.613114
1.588885
1.588462
1.607788
1.627380
1.592809
1.643766
1.609222
1.593824
1.613681
1.623281
1.565142
1.554503
1.650747
1.596686
1.581375
1.618109
1.599854
1.613716
1.576872
1.549630
1.597259
1.653845
1.660810
1.581209
1.575819
1.593052
1.633898
1.611293
1.577039
1.574788
1.621710
1.612560
1.622443
1.645370
1.607541
1.576675
1.577697
1.618510
1.653072
1.603161
1.611182
1.568329
1.601821
1.576229
1.616010
1.591821
1.614139
1.594965
1.596376
1.604433
1.623614
1.621960
1.570743
1.617816
1.586986
1.606396
1.627372
1.610612
1.605247
1.645843
1.605021
1.608964
1.594985
1.606470
1.639756
1.646418
1.606405
1.585737
1.586412
1.607023
1.645249
1.596686
1.579330
1.617246
1.582235
1.608293
1.614311
1.646823
1.592994
1.647408
1.577963
1.556615
1.562328
1.608975
1.625637
1.620148
1.592720
1.603486
1.547532
1.568915
1.590765
1.588245
1.607095
1.562917
1.564066
1.586485
1.556503
1.569105
1.600080
1.558299
1.587672
1.585637
1.636481
1.586430
1.588632
1.600072
1.607388
1.611223
1.626171
1.581812
1.601232
1.616580
1.605631
1.613195
1.592394
1.598409
1.587291
1.593935
1.616032
1.598683
1.607225
1.610454
1.611839
1.596123
1.602283
1.585652
1.651261
1.599853
1.608973
1.600900
1.619890
1.583161
1.600030
1.590669
1.590945
1.595171
1.597002
1.611118
1.613381
1.583970
1.614329
1.590704
1.652448
1.592710
1.556043
1.581097
1.614935
1.593355
1.594646
1.643305
1.592888
1.602485
1.618797
1.607640
1.624276
1.583645
1.595898
1.609322
1.611383
1.564903
1.598977
1.625020
1.604975
1.642858
1.571774
1.540534
1.597430
1.563533
1.571476
1.552045
1.599558
1.561937
1.580623
1.599120
1.576092
1.580240
1.576141
1.571009
