2.306301
2.309194
2.313474
2.323284
2.336103
2.308874
2.305969
2.446041
2.540133
2.602824
2.483518
2.255254
2.168834
2.227380
2.229820
2.162287
2.107249
2.065702
2.069691
2.101068
2.120336
2.123586
2.091755
2.047854
2.035049
2.037814
2.036499
2.029473
2.007903
2.009578
2.040581
2.106136
2.284940
2.317436
2.198536
2.062901
2.003100
1.986280
1.977482
1.987457
2.019575
2.056109
2.014759
1.940463
1.893905
1.921965
1.914255
1.900131
1.898403
1.943060
1.870416
1.828604
1.809423
1.804590
1.828210
1.870383
1.903187
1.949908
2.218495
2.596203
2.650985
2.674291
2.655444
2.616720
2.606275
2.392907
2.080670
2.146940
2.119861
2.033124
2.009203
1.991367
2.004926
1.989354
1.986712
1.984254
1.970440
1.988272
2.039777
2.127312
2.063673
2.021439
1.960751
1.969079
1.925444
1.925877
1.887156
1.891439
1.943748
1.993072
2.028550
2.061924
2.090027
2.026361
2.013388
1.969326
1.976961
2.084872
2.501679
2.359586
2.148045
2.398727
2.473003
2.536067
2.529576
2.531599
2.536613
2.549361
2.351264
2.337599
2.298304
2.283566
2.239923
2.205391
2.140218
2.104371
2.118464
2.032923
2.061991
1.997544
2.006198
1.964882
1.949790
1.965248
1.935555
1.937220
1.955465
1.957044
1.977128
1.976939
1.971678
1.958053
1.948791
1.988105
2.025761
2.144450
2.191372
2.162997
2.059883
2.137033
2.257438
2.279027
2.284008
2.226801
1.983286
1.906837
1.926459
1.921645
1.899350
1.880353
1.851288
1.810762
1.816478
1.869256
1.923690
2.033191
2.076590
1.936502
1.778626
1.723379
1.733560
1.742532
1.748120
1.738529
1.739499
1.743494
1.767058
1.765655
1.797781
1.827314
1.844781
1.827685
1.822955
1.845989
1.834576
1.840500
1.818473
1.792713
1.737663
1.714244
1.701111
1.656146
1.638062
1.649197
1.679966
1.634806
1.623827
1.626459
1.667798
1.704354
1.751804
1.721907
1.717117
1.658819
1.603514
1.612504
1.588916
1.611134
1.587811
1.593250
1.604674
1.617023
1.600767
1.599833
1.602523
1.622090
1.621750
1.614420
1.603363
1.601935
1.621962
1.592681
1.607829
1.596701
1.595937
1.615871
1.592301
1.593099
1.615998
1.605373
1.611086
1.594260
1.580995
1.573355
1.586835
1.582141
1.593658
1.578527
1.573823
1.575358
1.571553
1.556533
1.574118
1.565951
1.560078
1.582003
1.569337
1.572251
1.565888
1.567003
1.553950
1.587651
1.557724
1.566232
1.566933
1.571374
1.574007
1.550559
1.581719
1.574355
1.570651
1.571936
1.568749
1.552799
1.550666
1.565002
1.548970
1.547672
1.564476
1.556131
1.553492
1.553423
1.573587
1.546268
1.558146
1.566942
1.546336
1.568659
1.572485
1.549310
1.542774
1.554269
1.553162
1.559904
1.553935
1.544830
1.533270
1.548343
1.545327
1.553706
1.540274
1.553883
1.539760
1.557810
1.546291
1.548349
1.553327
1.546624
1.522374
1.545191
1.542113
1.550663
1.551991
1.544627
1.524588
1.544928
1.543301
1.532534
1.525308
1.540261
1.525957
1.530612
1.554905
1.521401
1.534767
1.526932
1.526174
1.521455
1.525957
1.533534
1.528232
1.545396
1.540598
1.524963
1.548861
1.535676
1.538864
1.548493
1.544248
1.530363
1.537390
1.547508
1.532628
1.519964
1.525679
1.525873
1.538318
1.520631
1.535026
1.530347
1.520689
1.514630
1.520039
1.533762
1.521510
1.529964
1.517828
1.528652
1.515517
1.518436
1.533852
1.531276
1.534990
1.521676
1.532149
1.515600
1.518770
1.531043
1.537729
1.511265
1.523253
1.502218
1.506414
1.506580
1.519298
1.523090
1.503695
1.518686
1.529805
1.511199
1.509721
1.504990
1.516515
1.523287
1.522483
1.515168
1.504117
1.541042
1.500672
1.515707
1.527432
1.525158
1.510021
1.523505
1.513131
1.515343
1.501244
1.517025
1.517269
1.523843
1.503774
1.504900
1.526712
1.516505
1.510035
1.508435
1.516369
1.522409
1.513650
1.522743
1.514966
1.512143
1.514043
1.520891
1.505422
1.500812
1.503039
1.509989
1.509784
1.505028
1.508111
1.524121
1.500135
1.504023
1.508714
1.503267
1.509578
1.493273
1.518917
1.510310
1.506256
1.502040
1.508713
1.498737
1.497619
1.498507
1.504986
1.518020
1.513801
1.502321
1.523479
1.513558
1.494549
1.508841
1.490566
1.505202
1.520129
1.493844
1.508472
1.496145
1.507848
1.506687
1.519065
1.501418
1.495343
1.510859
1.504179
1.505846
1.510272
1.507490
1.503474
1.498800
1.510468
1.507713
1.513075
1.501398
1.496272
1.493528
1.496030
1.496554
1.507390
1.495131
1.496964
1.497041
1.525368
1.488131
1.499963
1.504932
1.501591
1.502734
1.503888
1.497713
1.498638
1.493411
1.505442
1.516976
1.495591
1.504044
1.499916
1.501600
1.481948
1.484397
1.500655
1.487933
1.509860
1.497666
1.501864
1.513178
1.497828
1.485542
1.495536
1.500064
1.502563
1.488544
1.503831
1.491797
1.495175
1.501730
1.505961
1.506606
1.497005
1.498257
1.508559
1.497658
1.487778
1.505211
1.500817
1.505625
1.498974
1.505238
