2.303520
2.300810
2.287856
2.255774
2.235009
2.226125
2.206679
2.215070
2.194074
2.162821
2.116049
2.075045
2.035752
1.997318
1.945953
1.882607
1.846863
1.838359
1.869906
1.890620
1.872863
1.832633
1.800328
1.738272
1.719538
1.725046
1.704024
1.677038
1.649002
1.664798
1.616962
1.601918
1.674604
1.670037
1.711568
1.727458
1.699672
1.729619
1.732036
1.678859
1.707290
1.700179
1.672021
1.653107
1.620096
1.618485
1.633188
1.592764
1.594983
1.589593
1.595798
1.637676
1.601065
1.592221
1.584066
1.592563
1.584159
1.605042
1.589859
1.574232
1.583878
1.591261
1.592944
1.585208
1.556972
1.566534
1.600064
1.576471
1.589580
1.569573
1.591757
1.582936
1.566625
1.594454
1.596475
1.574822
1.557782
1.576353
1.592526
1.591356
1.586731
1.560213
1.572135
1.564236
1.568838
1.588798
1.573347
1.570431
1.555753
1.577288
1.577356
1.561095
1.566111
1.572831
1.562936
1.574456
1.576707
1.563083
1.551058
1.581745
1.580722
1.579078
1.597874
1.600180
1.612117
1.568536
1.578447
1.590890
1.582634
1.575045
1.552990
1.571501
1.555911
1.573064
1.552051
1.559833
1.579481
1.571423
1.575967
1.570450
1.580164
1.562604
1.585638
1.569375
1.592240
1.582128
1.579133
1.568030
1.567111
1.568802
1.562558
1.563461
1.572707
1.563171
1.565884
1.561942
1.577076
1.564944
1.566184
1.586959
1.564342
1.579619
1.566466
1.567419
1.592156
1.573691
1.565686
1.567317
1.559675
1.575165
1.560995
1.576397
1.563059
1.572970
1.576161
1.559312
1.565676
1.571328
1.555843
1.556256
1.562635
1.556018
1.555994
1.557553
1.565651
1.585317
1.548624
1.580855
1.583428
1.579642
1.606226
1.560536
1.589587
1.563586
1.563028
1.567955
1.563963
1.576235
1.559781
1.555351
1.569885
1.571133
1.564489
1.569655
1.568972
1.582992
1.555466
1.575673
1.556504
1.556481
1.549478
1.562928
1.554360
1.568195
1.577342
1.597855
1.571377
1.590807
1.560483
1.562278
1.568348
1.553874
1.560387
1.566185
1.581535
1.555534
1.561049
1.556053
1.559591
1.557569
1.590827
1.566526
1.563518
1.579087
1.566000
1.611428
1.659396
1.655017
1.641131
1.605920
1.562836
1.557715
1.559141
1.582132
1.571353
1.575998
1.554144
1.555886
1.578721
1.558098
1.555954
1.565866
1.601773
1.587160
1.577081
1.572357
1.592102
1.590458
1.615220
1.623275
1.605227
1.588484
1.595728
1.589200
1.571728
1.558002
1.581045
1.567356
1.563020
1.556559
1.558451
1.554355
1.555507
1.554430
1.568616
1.567273
1.559904
1.604730
1.555913
1.582061
1.581961
1.586146
1.594261
1.590889
1.566914
1.567481
1.578928
1.564711
1.572717
1.565471
1.570094
1.549190
1.553217
1.561709
1.551336
1.556536
1.567666
1.553442
1.577655
1.575663
1.594917
1.610457
1.582019
1.572007
1.566745
1.558179
1.570592
1.581537
1.554746
1.574860
1.562554
1.584546
1.561321
1.558546
1.564403
1.579620
1.556036
1.554463
1.574115
1.565539
1.563854
1.578929
1.570615
1.566902
1.607164
1.592756
1.578819
1.567655
1.560929
1.572080
1.556420
1.557995
1.549489
1.557927
1.576031
1.571220
1.555940
1.572271
1.566661
1.575735
1.553411
1.572279
1.571906
1.574218
1.553385
1.561230
1.572612
1.559054
1.552840
1.584231
1.584764
1.562042
1.583388
1.583413
1.583189
1.580810
1.582258
1.564401
1.566405
1.555260
1.565171
1.567467
1.577076
1.579074
1.566793
1.583773
1.563758
1.560578
1.565537
1.568709
1.556427
1.557041
1.560863
1.544699
1.556694
1.563786
1.557543
1.544375
1.548065
1.547556
1.567501
1.559236
1.580885
1.581232
1.575872
1.582606
1.576511
1.579102
1.569202
1.560639
1.560830
1.559913
1.555773
1.551304
1.551767
1.548911
1.543158
1.546525
1.584340
1.543916
1.540707
1.552194
1.544707
1.563746
1.553051
1.557971
1.558079
1.560878
1.538460
1.571720
1.548046
1.542280
1.563790
1.551136
1.558401
1.568225
1.561815
1.568144
1.564086
1.587568
1.572421
1.548355
1.561779
1.551044
1.543176
1.537912
1.554739
1.530865
1.546416
1.536513
1.540355
1.536950
1.551716
1.535998
1.547379
1.541507
1.538521
1.539588
1.534485
1.559598
1.530624
1.539541
1.561749
1.536623
1.533787
1.555936
1.525631
1.517616
1.544348
1.529852
1.530582
1.532895
1.544815
1.551218
1.546820
1.561882
1.587256
1.589724
1.588359
1.574241
1.545789
1.540342
1.544855
1.532696
1.530436
1.526704
1.511305
1.529391
1.512450
1.519885
1.513950
1.529906
1.529115
1.527917
1.534169
1.558552
1.526030
1.517871
1.528631
1.534953
1.526577
1.524618
1.510273
1.540722
1.531515
1.517608
1.514949
1.537404
1.506857
1.523578
1.514118
1.505399
1.497113
1.536794
1.513196
1.505448
1.496096
1.491568
1.500670
1.494362
1.483551
1.487877
1.493789
1.481913
1.480092
1.504472
1.506062
1.502862
1.493320
1.494003
1.494905
1.502241
1.506591
1.495620
1.493787
1.497566
1.491906
1.507349
1.495055
1.503480
