2.303631
2.303669
2.300492
2.298062
2.302523
2.296021
2.287049
2.267730
2.265352
2.229945
2.230320
2.212354
2.162927
2.131157
2.148922
2.186909
2.181021
2.169052
2.145568
2.098472
2.156286
2.075594
2.041748
2.008509
1.999637
1.990222
1.956254
1.963609
1.983551
1.868475
1.882427
1.804771
1.830313
1.849024
1.816244
1.823683
1.795906
1.841626
1.774442
1.791833
1.731087
1.775196
1.735963
1.698503
1.754361
1.707551
1.782556
1.698924
1.769737
1.773731
1.660021
1.685642
1.772297
1.728599
1.696130
1.728776
1.654772
1.719374
1.697236
1.682120
1.659540
1.695041
1.699167
1.662425
1.699567
1.677346
1.645890
1.754045
1.708804
1.663813
1.690434
1.679884
1.719461
1.674455
1.716875
1.674439
1.679530
1.701857
1.697939
1.672942
1.706362
1.618595
1.702181
1.651739
1.694892
1.672222
1.663058
1.698488
1.644722
1.656319
1.696461
1.648764
1.702659
1.712736
1.648768
1.645558
1.687629
1.638987
1.656369
1.632397
1.632057
1.659561
1.660210
1.652964
1.623727
1.639791
1.609030
1.647458
1.606032
1.606889
1.599176
1.633611
1.669611
1.583684
1.635881
1.622732
1.610135
1.619413
1.643801
1.639356
1.638754
1.585131
1.610657
1.637800
1.619769
1.642632
1.566007
1.587213
1.561100
1.603114
1.580753
1.549633
1.563074
1.572269
1.563963
1.552616
1.534073
1.566902
1.554787
1.551488
1.549761
1.553597
1.518227
1.541907
1.532565
1.534784
1.513513
1.514770
1.528014
1.523677
1.518570
1.552096
1.523950
1.530423
1.555773
1.544914
1.543161
1.530077
1.536164
1.564508
1.539137
1.512130
1.510096
1.526425
1.516111
1.511267
1.529963
1.517541
1.527829
1.511177
1.528063
1.523238
1.499306
1.500618
1.518781
1.507945
1.518889
1.509847
1.502474
1.504412
1.502871
1.518017
1.538051
1.533497
1.524359
1.534931
1.515042
1.530814
1.519029
1.510008
1.500922
1.501925
1.504816
1.531188
1.511426
1.532459
1.533623
1.490416
1.508283
1.508386
1.512921
1.546314
1.511522
1.520415
1.501382
1.526783
1.529736
1.519704
1.499814
1.493803
1.493345
1.506700
1.518679
1.497641
1.504298
1.511684
1.497217
1.518079
1.485615
1.520872
1.500868
1.526923
1.495668
1.514142
1.499708
1.537701
1.497472
1.511975
1.518566
1.509858
1.508994
1.506970
1.511699
1.498687
1.520838
1.513094
1.505504
1.517972
1.494454
1.501836
1.509949
1.517403
1.496905
1.507406
1.498349
1.501613
1.534473
1.502295
1.502263
1.497449
1.501084
1.511938
1.513806
1.515007
1.509312
1.508955
1.499418
1.508109
1.502827
1.499416
1.509080
1.507850
1.503026
1.522194
1.494798
1.475132
1.487446
1.487916
1.495028
1.496035
1.518155
1.520036
1.492938
1.528931
1.491738
1.500930
1.498776
1.502631
1.501661
1.488035
1.504767
1.514706
1.492093
1.498795
1.496517
1.514666
1.501215
1.493793
1.499302
1.513906
1.489442
1.496845
1.526203
1.512188
1.492974
1.512185
1.517742
1.544635
1.513102
1.508690
1.499513
1.510636
1.501800
1.510248
1.530732
1.534471
1.495580
1.484359
1.493385
1.486647
1.502556
1.505548
1.513426
1.503504
1.508247
1.500528
1.512723
1.486327
1.498897
1.490003
1.509894
1.515077
1.524166
1.509368
1.515285
1.496622
1.509740
1.521792
1.493189
1.517333
1.498465
1.521903
1.526597
1.501436
1.511228
1.505949
1.521074
1.515108
1.498040
1.515040
1.510497
1.486422
1.523146
1.500670
1.507087
1.506845
1.498848
1.489992
1.490972
1.491265
1.495656
1.508769
1.504423
1.497634
1.491412
1.520108
1.478624
1.502342
1.497691
1.525739
1.509780
1.492505
1.505562
1.505878
1.493525
1.506848
1.511257
1.504809
1.506069
1.504507
1.506863
1.487381
1.495826
1.519879
1.485496
1.499593
1.485790
1.481087
1.516595
1.502774
1.524586
1.512018
1.494225
1.492245
1.488930
1.492076
1.506757
1.508965
1.507270
1.481919
1.477072
1.493300
1.494524
1.515231
1.501681
1.503817
1.496842
1.490907
1.524427
1.500190
1.500774
1.495735
1.511526
1.496905
1.527089
1.500703
1.488468
1.500147
1.476454
1.480448
1.488361
1.499525
1.500427
1.493773
1.493949
1.499924
1.491068
1.510100
1.507678
1.509096
1.500739
1.486572
1.498496
1.510383
1.498770
1.487212
1.509170
1.483609
1.490797
1.505082
1.510735
1.520076
1.503384
1.518899
1.499298
1.506152
1.503126
1.498868
1.488739
1.495763
1.499288
1.496271
1.504920
1.498402
1.500472
1.514806
1.511569
1.509583
1.495078
1.492904
1.512061
1.511265
1.514170
1.506993
1.507925
1.518550
1.511045
1.501929
1.511248
1.502910
1.495176
1.502204
1.488459
1.510203
1.484100
1.492749
1.485137
1.494866
1.494689
1.482617
1.503411
1.510209
1.477696
1.493269
1.490963
1.502356
1.490210
1.514156
1.504301
1.493275
1.507762
1.487576
1.484408
1.507241
1.487002
1.486367
1.510087
1.498741
1.503390
1.501186
1.508766
1.502176
1.498813
1.488904
1.493379
1.491245
1.484222
1.501196
1.499678
1.509190
