2.302857
2.304271
2.304391
2.298457
2.288983
2.268795
2.248413
2.242868
2.219476
2.185811
2.186848
2.165084
2.177326
2.151550
2.093596
2.071546
2.197271
2.014488
1.875736
1.892148
1.876991
1.918910
1.913442
1.917536
1.884912
1.888284
1.822223
1.825314
1.822627
1.824773
1.847330
1.834844
1.830388
1.753202
1.765491
1.785818
1.769991
1.802213
1.722963
1.723380
1.739221
1.708547
1.694400
1.698027
1.703037
1.702905
1.720644
1.715357
1.743371
1.639289
1.688573
1.724192
1.731670
1.718714
1.683572
1.716591
1.649095
1.657953
1.737543
1.647614
1.683930
1.691706
1.664018
1.698040
1.679718
1.693003
1.673172
1.662135
1.710172
1.680950
1.702951
1.680390
1.661998
1.642700
1.669949
1.616854
1.680957
1.639295
1.625702
1.585522
1.640118
1.646830
1.638333
1.635172
1.657520
1.666502
1.611488
1.598355
1.602644
1.600518
1.621582
1.578698
1.563544
1.604782
1.567956
1.617218
1.592090
1.591656
1.597085
1.578622
1.604913
1.598440
1.619120
1.579506
1.608006
1.603425
1.612626
1.618559
1.566665
1.594683
1.571707
1.577088
1.602712
1.568540
1.578377
1.596309
1.544881
1.582996
1.577422
1.647849
1.570519
1.627763
1.566599
1.584993
1.562557
1.590771
1.596886
1.551628
1.619283
1.593210
1.541287
1.569026
1.572260
1.581216
1.559045
1.567078
1.577862
1.577748
1.600435
1.590211
1.577884
1.562241
1.583925
1.590208
1.578348
1.577399
1.583098
1.556307
1.581005
1.592879
1.567176
1.542531
1.560627
1.541796
1.576657
1.605627
1.591099
1.589461
1.568333
1.564800
1.585913
1.569662
1.573150
1.559782
1.589198
1.577274
1.537881
1.585572
1.576015
1.575315
1.569838
1.546209
1.559432
1.581337
1.561436
1.561196
1.548371
1.529952
1.565608
1.586819
1.562205
1.581596
1.548901
1.548478
1.573819
1.563245
1.542569
1.570768
1.539667
1.559457
1.553523
1.572643
1.563514
1.588040
1.539103
1.563973
1.553851
1.563639
1.560628
1.564052
1.548183
1.558407
1.534627
1.551326
1.565398
1.557006
1.535487
1.575172
1.558748
1.562928
1.557075
1.552672
1.553297
1.590245
1.557773
1.571633
1.564786
1.553090
1.535368
1.546590
1.555063
1.519190
1.544601
1.568420
1.569009
1.565608
1.551729
1.515833
1.532439
1.552122
1.582424
1.556997
1.527124
1.532910
1.549266
1.570767
1.549143
1.578888
1.544724
1.564202
1.561226
1.523972
1.586749
1.558099
1.545760
1.540949
1.565646
1.553781
1.561694
1.554624
1.547854
1.571182
1.518981
1.558344
1.526614
1.554845
1.533218
1.594593
1.526533
1.534863
1.554703
1.532044
1.541903
1.549435
1.551957
1.550038
1.525034
1.572746
1.563465
1.509205
1.552316
1.538769
1.556376
1.557909
1.540541
1.523621
1.530206
1.549937
1.544272
1.548859
1.570007
1.534748
1.562124
1.570310
1.528525
1.530548
1.554669
1.561597
1.554823
1.514862
1.586433
1.535425
1.564049
1.526624
1.556861
1.528977
1.543039
1.544298
1.551086
1.548538
1.538855
1.537444
1.536141
1.547075
1.566267
1.562308
1.515719
1.533971
1.573362
1.532444
1.555825
1.524303
1.533157
1.546327
1.520657
1.526863
1.540827
1.524381
1.550801
1.528363
1.543347
1.528389
1.525946
1.511336
1.523697
1.533171
1.575846
1.521477
1.535605
1.552071
1.572610
1.547099
1.565218
1.533519
1.539696
1.537574
1.539794
1.570331
1.551496
1.535452
1.551243
1.525669
1.536691
1.537212
1.539559
1.525524
1.558668
1.562345
1.558856
1.526950
1.511858
1.540577
1.529278
1.526178
1.520351
1.510081
1.548494
1.538944
1.558270
1.519163
1.525246
1.558716
1.524881
1.525278
1.535300
1.520723
1.536764
1.534203
1.529876
1.545972
1.528907
1.539456
1.555361
1.518306
1.522454
1.557337
1.526484
1.573212
1.574390
1.546945
1.540134
1.509731
1.535551
1.546727
1.504193
1.502249
1.531099
1.526426
1.520377
1.542802
1.556737
1.509469
1.540625
1.545138
1.528412
1.534988
1.565500
1.520596
1.534721
1.537290
1.519019
1.563389
1.545089
1.508131
1.569196
1.537244
1.521944
1.518724
1.541621
1.546811
1.509770
1.545182
1.514091
1.520349
1.530367
1.505344
1.522870
1.533945
1.539093
1.544119
1.527398
1.525766
1.522887
1.517488
1.542078
1.502701
1.529715
1.522436
1.507144
1.528946
1.545038
1.535731
1.537640
1.527911
1.523477
1.526506
1.498945
1.557710
1.564060
1.502260
1.522782
1.527455
1.506634
1.523667
1.529696
1.511942
1.509321
1.505968
1.532834
1.513549
1.520734
1.511406
1.543570
1.504107
1.582626
1.517876
1.510292
1.494789
1.542755
1.559454
1.520228
1.535344
1.510754
1.528907
1.517726
1.545495
1.530617
1.502848
1.535980
1.517391
1.516844
1.525625
1.529457
1.509140
1.505077
1.524140
1.520485
1.540795
1.524192
1.515628
1.522644
1.531379
1.506355
1.534034
1.511873
1.512120
1.522562
1.506143
1.512352
1.521494
1.525310
1.523831
1.489172
1.558311
1.540664
1.534406
1.531772
1.541054
1.512920
1.526493
