2.290800
2.303700
2.302719
2.292277
2.302385
2.283652
2.310556
2.258535
2.200282
2.257850
2.337439
2.288572
2.283592
2.267115
2.104770
2.158011
2.191025
2.188384
2.708876
2.391792
1.869314
1.678670
1.629163
1.624949
1.635849
1.643285
1.745411
1.830878
1.871881
1.932021
1.861513
1.897713
1.891889
1.755811
1.726896
1.688542
1.647596
1.646384
1.614374
1.597684
1.650978
1.683710
1.728133
1.686011
1.684668
1.714525
1.682675
1.679413
1.656908
1.650263
1.623922
1.610695
1.579502
1.571099
1.558904
1.537796
1.551306
1.547461
1.562730
1.594986
1.620521
1.684276
1.668017
1.691784
1.661752
1.667681
1.633480
1.607448
1.570186
1.546598
1.517056
1.527437
1.517589
1.528594
1.511312
1.525729
1.527534
1.541486
1.536357
1.532550
1.552045
1.550089
1.538020
1.528085
1.536505
1.538392
1.525775
1.529955
1.521272
1.537275
1.547696
1.525449
1.547348
1.544298
1.529654
1.547660
1.548260
1.521378
1.541149
1.515231
1.503254
1.516194
1.494506
1.514959
1.498279
1.516719
1.515942
1.515216
1.516681
1.536243
1.541818
1.563819
1.563352
1.518848
1.547130
1.541171
1.518714
1.517281
1.511860
1.514847
1.526517
1.517037
1.510289
1.528480
1.521982
1.502066
1.514591
1.520481
1.521854
1.531435
1.504325
1.513756
1.517519
1.516514
1.516719
1.499560
1.528308
1.541448
1.527014
1.525234
1.533628
1.541706
1.525793
1.528033
1.517109
1.534112
1.505650
1.525494
1.523602
1.507119
1.507219
1.502583
1.502745
1.525028
1.506204
1.504778
1.505166
1.507321
1.492687
1.503955
1.495605
1.493883
1.488802
1.505864
1.508679
1.481631
1.512947
1.501511
1.500389
1.507638
1.499201
1.498292
1.520772
1.518483
1.499750
1.518462
1.509344
1.514759
1.496751
1.521706
1.495281
1.506289
1.524603
1.521878
1.525104
1.542538
1.527893
1.528316
1.535196
1.526392
1.500065
1.511945
1.518051
1.523779
1.500044
1.489457
1.528392
1.492638
1.481686
1.496935
1.491223
1.486241
1.504306
1.489667
1.484946
1.500383
1.494416
1.494555
1.496513
1.493936
1.493908
1.500249
1.500779
1.503734
1.493870
1.521527
1.505152
1.487258
1.518200
1.488003
1.507034
1.487263
1.494267
1.506232
1.488942
1.485365
1.479890
1.483292
1.482305
1.498142
1.491539
1.487970
1.478329
1.486330
1.499815
1.475287
1.491459
1.486322
1.496084
1.494814
1.482454
1.491155
1.487422
1.493069
1.491860
1.491004
1.487332
1.481779
1.485419
1.502270
1.509552
1.485074
1.486396
1.492630
1.485012
1.471802
1.491485
1.476314
1.475264
1.490754
1.483927
1.483991
1.479669
1.481635
1.475017
1.489514
1.483090
1.479043
1.493567
1.480317
1.484396
1.482976
1.469692
1.491828
1.475524
1.479379
1.491300
1.491997
1.490583
1.496508
1.480318
1.490044
1.476909
1.493646
1.481449
1.480742
1.472126
1.478642
1.487417
1.491769
1.476297
1.476372
1.485271
1.483763
1.484091
1.486419
1.492772
1.508454
1.492226
1.504420
1.503107
1.497720
1.512896
1.507655
1.509506
1.484854
1.503322
1.486789
1.504423
1.494928
1.495132
1.496193
1.493939
1.482701
1.482660
1.474539
1.494631
1.480177
1.485736
1.494631
1.494938
1.474658
1.477236
1.484925
1.498090
1.476273
1.488532
1.490543
1.488870
1.483097
1.484930
1.486015
1.477633
1.492284
1.525256
1.521255
1.513422
1.506172
1.498409
1.486863
1.495205
1.480996
1.480688
1.509557
1.470368
1.496609
1.483692
1.497123
1.499740
1.489551
1.483703
1.486933
1.496937
1.502871
1.484415
1.498999
1.493776
1.495576
1.497483
1.495777
1.508157
1.501522
1.494186
1.508548
1.522849
1.492037
1.503479
1.493836
1.499207
1.517063
1.491444
1.506101
1.488798
1.501721
1.490417
1.490984
1.487667
1.496356
1.479233
1.487356
1.490540
1.490941
1.499531
1.484726
1.494788
1.480433
1.471974
1.473609
1.483934
1.473677
1.469435
1.486219
1.486228
1.474338
1.486675
1.491210
1.479689
1.474978
1.479677
1.497107
1.478747
1.479617
1.489724
1.473703
1.482631
1.493489
1.468337
1.466592
1.485331
1.467752
1.485854
1.479679
1.481610
1.471812
1.466670
1.474701
1.486075
1.465491
1.488802
1.475358
1.485815
1.482170
1.486633
1.484776
1.484518
1.471381
1.475480
1.473991
1.472633
1.469724
1.478548
1.479525
1.468745
1.464804
1.470539
1.473596
1.479165
1.490381
1.469725
1.472338
1.466544
1.476143
1.480990
1.467036
1.468745
1.484890
1.487319
1.470792
1.466041
1.472017
1.481659
1.477180
1.487230
1.480290
1.469330
1.465918
1.479698
1.475990
1.478023
1.469050
1.480966
1.470690
1.485793
1.491366
1.471072
1.472873
1.474678
1.473925
1.470204
1.476850
1.469017
1.468745
1.470008
1.474893
1.488184
1.487941
1.476141
1.474851
1.466823
1.465277
1.470143
1.470414
1.466041
1.477748
1.464973
1.480731
1.464694
1.484193
1.472980
1.480132
1.475325
1.469363
1.471105
1.469649
1.480505
1.471435
1.476251
1.483958
1.475231
1.472972
