2.303645
2.302685
2.279872
2.268246
2.259169
2.229258
2.203868
2.140648
2.043494
2.000884
1.921391
1.860702
1.807970
1.807854
1.799665
1.741163
1.747895
1.716183
1.693672
1.703626
1.675019
1.669619
1.625057
1.652874
1.629382
1.621807
1.667883
1.635485
1.644285
1.612104
1.582734
1.580736
1.610612
1.609717
1.558032
1.572781
1.580671
1.590140
1.580523
1.532565
1.563774
1.540278
1.590007
1.567976
1.580427
1.583788
1.541552
1.566678
1.540109
1.579301
1.559043
1.551660
1.546025
1.527287
1.545435
1.554044
1.507278
1.529586
1.540848
1.523941
1.530250
1.546244
1.532183
1.530726
1.542832
1.529299
1.520808
1.519331
1.558427
1.529057
1.547102
1.500744
1.526597
1.527518
1.521882
1.496067
1.524097
1.532348
1.518069
1.556562
1.529951
1.528935
1.517954
1.539537
1.508457
1.530991
1.529729
1.506198
1.508933
1.501149
1.505280
1.518245
1.511917
1.515452
1.507554
1.499899
1.509783
1.506576
1.500276
1.517840
1.517460
1.517090
1.548629
1.510523
1.513916
1.493757
1.510620
1.519931
1.498138
1.496450
1.514319
1.525840
1.489446
1.482016
1.506645
1.500370
1.494084
1.500877
1.494378
1.498091
1.512504
1.514673
1.507801
1.488970
1.492185
1.504058
1.481947
1.501918
1.522236
1.493870
1.496652
1.515593
1.487142
1.505485
1.497012
1.504705
1.496660
1.476388
1.496315
1.510459
1.519479
1.504489
1.507311
1.494165
1.495217
1.481287
1.528614
1.502260
1.489900
1.506638
1.519568
1.483976
1.485414
1.499432
1.500750
1.485565
1.503060
1.503593
1.497661
1.479523
1.483677
1.485290
1.493066
1.506626
1.488711
1.488019
1.478705
1.488196
1.476986
1.508276
1.492578
1.485452
1.490753
1.509129
1.499304
1.479669
1.489909
1.498608
1.482290
1.490710
1.478003
1.493009
1.513616
1.487574
1.485012
1.519364
1.487539
1.521063
1.500480
1.531801
1.486657
1.477970
1.490031
1.477497
1.500853
1.497210
1.489706
1.487869
1.495559
1.487872
1.496938
1.491507
1.482291
1.500014
1.490457
1.492151
1.480142
1.483348
1.483892
1.492369
1.489676
1.489215
1.501319
1.483101
1.501935
1.484489
1.491977
1.485457
1.481919
1.485324
1.490695
1.497715
1.497556
1.498560
1.488481
1.470823
1.477821
1.480084
1.480610
1.478811
1.491375
1.495255
1.503702
1.496133
1.482749
1.479008
1.487253
1.491729
1.485211
1.484873
1.501271
1.476768
1.477648
1.491670
1.478966
1.496761
1.489714
1.495265
1.489920
1.485925
1.488149
1.501642
1.489610
1.479637
1.496444
1.488494
1.475999
1.480274
1.471704
1.496169
1.475529
1.475178
1.472587
1.475985
1.491026
1.472397
1.491804
1.476052
1.493000
1.494233
1.480320
1.490397
1.473631
1.481831
1.493494
1.475950
1.483223
1.474267
1.470861
1.493397
1.488212
1.487305
1.495730
1.485710
1.488395
1.469185
1.492201
1.484154
1.473767
1.479873
1.473110
1.491041
1.481630
1.485321
1.470569
1.513281
1.498683
1.485958
1.493469
1.479657
1.472933
1.495005
1.478783
1.486370
1.481792
1.484296
1.502786
1.482378
1.487177
1.467749
1.486484
1.489157
1.470993
1.485739
1.480628
1.509200
1.471094
1.476977
1.479239
1.484881
1.484939
1.489763
1.495872
1.478983
1.481295
1.477923
1.471314
1.484639
1.476752
1.476968
1.479752
1.483819
1.472296
1.488835
1.474512
1.493206
1.466784
1.476196
1.485688
1.481441
1.479888
1.485547
1.489488
1.480368
1.499073
1.484172
1.469059
1.483889
1.474833
1.485421
1.474623
1.473822
1.473607
1.479515
1.472816
1.481172
1.472470
1.481748
1.486365
1.478353
1.489850
1.463969
1.489140
1.487081
1.473471
1.478684
1.481791
1.476494
1.483127
1.473769
1.469230
1.494441
1.488778
1.487305
1.498010
1.493965
1.479671
1.483749
1.478745
1.504076
1.480606
1.492257
1.475602
1.474756
1.472602
1.472118
1.465360
1.475188
1.473734
1.472245
1.488759
1.482033
1.492030
1.479265
1.479044
1.475209
1.473848
1.496143
1.479356
1.480697
1.477340
1.500254
1.485344
1.470971
1.474859
1.487646
1.478565
1.473790
1.477580
1.487410
1.491466
1.483544
1.478247
1.478488
1.487143
1.479976
1.478063
1.482199
1.471118
1.473640
1.493929
1.477639
1.487946
1.481389
1.483558
1.476991
1.469406
1.481571
1.483157
1.479395
1.504652
1.471064
1.474912
1.477614
1.472668
1.472791
1.470061
1.480351
1.479197
1.471465
1.470160
1.468526
1.487841
1.486718
1.473114
1.478982
1.484048
1.479043
1.474519
1.501549
1.474831
1.474641
1.470172
1.482143
1.474970
1.480693
1.473203
1.479381
1.470007
1.472116
1.473030
1.482132
1.470246
1.484000
1.486587
1.477878
1.486963
1.474775
1.485381
1.471525
1.470764
1.470088
1.476793
1.479498
1.505159
1.467113
1.470070
1.476417
1.481750
1.475858
1.475058
1.476526
1.476000
1.477213
1.489855
1.481484
1.485451
1.484708
1.470440
1.489662
1.479937
1.492021
1.471630
1.483888
1.478099
1.482691
1.468533
1.469651
1.474593
1.472880
