2.303369
2.300025
2.297123
2.285412
2.267077
2.265313
2.255149
2.253223
2.212102
2.195835
2.142068
2.148525
2.118680
2.105621
2.043147
1.990370
1.956218
1.917849
1.910493
1.842196
1.791203
1.791299
1.748410
1.818497
1.751921
1.750085
1.770196
1.745303
1.747763
1.647276
1.730904
1.666683
1.671237
1.721128
1.681105
1.649115
1.677718
1.659280
1.656096
1.624471
1.648453
1.683293
1.663857
1.676388
1.635410
1.684670
1.628561
1.651023
1.637052
1.611370
1.608869
1.633433
1.683083
1.626177
1.663041
1.638406
1.669120
1.613793
1.621754
1.656767
1.670724
1.664693
1.635373
1.620815
1.646867
1.629815
1.613756
1.644467
1.670864
1.620850
1.642175
1.619058
1.671102
1.608255
1.616272
1.606658
1.603287
1.548390
1.599796
1.631825
1.637732
1.573614
1.627251
1.644064
1.581367
1.650579
1.611356
1.602975
1.650629
1.628353
1.575994
1.631539
1.581586
1.597708
1.607368
1.623392
1.596542
1.596028
1.632935
1.665443
1.586243
1.615970
1.608759
1.614469
1.577926
1.631385
1.617234
1.670711
1.572346
1.571629
1.625030
1.619239
1.666312
1.575576
1.591398
1.616202
1.579791
1.619408
1.601325
1.554985
1.641669
1.586455
1.629012
1.584195
1.594721
1.576456
1.570132
1.581458
1.566537
1.595833
1.633129
1.576431
1.622594
1.617964
1.581663
1.638030
1.543030
1.657909
1.607832
1.629987
1.597956
1.570613
1.631070
1.617045
1.580574
1.613490
1.590478
1.597409
1.589420
1.599852
1.618544
1.660957
1.611103
1.569300
1.580048
1.614490
1.584786
1.591111
1.620421
1.573307
1.633985
1.634967
1.625888
1.612058
1.603702
1.612286
1.573557
1.530995
1.568963
1.579410
1.634528
1.553787
1.596374
1.544331
1.578174
1.602373
1.550669
1.631689
1.579574
1.571906
1.592528
1.619982
1.594194
1.596889
1.611564
1.629772
1.568992
1.598309
1.613862
1.586765
1.587949
1.561729
1.598890
1.596468
1.583168
1.625593
1.598861
1.607920
1.554748
1.617998
1.600300
1.620548
1.559856
1.594374
1.560098
1.544398
1.545346
1.630244
1.584519
1.585302
1.597570
1.584044
1.611380
1.579600
1.598436
1.579062
1.616111
1.600539
1.566734
1.612413
1.588065
1.580112
1.560785
1.602685
1.610637
1.584905
1.533445
1.573498
1.560477
1.616621
1.593453
1.596049
1.562195
1.597323
1.573165
1.579713
1.584928
1.605513
1.578149
1.578048
1.572080
1.570483
1.607088
1.590285
1.564793
1.576818
1.608909
1.555367
1.582833
1.617120
1.542776
1.575540
1.603103
1.586284
1.572646
1.527650
1.601667
1.584024
1.607348
1.581438
1.554809
1.568953
1.591958
1.561595
1.603478
1.575243
1.623430
1.541782
1.591134
1.567106
1.604336
1.534123
1.584967
1.629691
1.591697
1.592412
1.659133
1.581962
1.604618
1.559160
1.545205
1.588099
1.593399
1.563358
1.584107
1.561087
1.607151
1.550884
1.543908
1.603562
1.572616
1.575934
1.580258
1.611346
1.598256
1.602457
1.551751
1.575839
1.543347
1.546819
1.548786
1.566988
1.559051
1.568335
1.568458
1.634965
1.594775
1.597204
1.570917
1.603048
1.554779
1.552838
1.534304
1.592973
1.535929
1.581341
1.560814
1.554891
1.592217
1.557433
1.573191
1.559886
1.548675
1.535241
1.596711
1.565445
1.576912
1.608555
1.607570
1.619161
1.554300
1.573804
1.568154
1.576023
1.574678
1.646385
1.536948
1.563483
1.585731
1.581079
1.563124
1.566198
1.588766
1.616219
1.539534
1.585802
1.588472
1.582398
1.605793
1.561281
1.566230
1.572092
1.592495
1.585299
1.547797
1.546234
1.556140
1.555578
1.580352
1.574991
1.582435
1.596517
1.561934
1.564587
1.574199
1.576886
1.507607
1.535990
1.556330
1.529284
1.572095
1.604031
1.603630
1.551983
1.605269
1.556262
1.602379
1.606244
1.577970
1.567577
1.570468
1.539694
1.619303
1.582675
1.555662
1.581039
1.589712
1.542802
1.575467
1.554285
1.602000
1.588996
1.565478
1.587033
1.583358
1.529804
1.576999
1.627708
1.583987
1.591023
1.551564
1.614892
1.605738
1.564542
1.537107
1.559306
1.567814
1.581752
1.544831
1.552940
1.548654
1.553808
1.563146
1.557358
1.594568
1.552934
1.565591
1.586955
1.562539
1.542472
1.583413
1.568067
1.551822
1.557736
1.583917
1.584658
1.588555
1.583214
1.540093
1.558847
1.523709
1.556358
1.620143
1.564200
1.576889
1.586223
1.580721
1.559830
1.569412
1.571316
1.580522
1.549196
1.562363
1.541613
1.570421
1.580774
1.602702
1.576242
1.549494
1.561194
1.604136
1.559650
1.554358
1.588202
1.552541
1.592567
1.550327
1.606009
1.549038
1.573180
1.568058
1.590118
1.555322
1.560494
1.554067
1.545221
1.557045
1.579255
1.577564
1.570058
1.571159
1.579253
1.576119
1.531157
1.540655
1.553124
1.578869
1.567445
1.589347
1.587876
1.588136
1.607870
1.549883
1.592600
1.571798
1.555956
1.574669
1.567243
1.595344
1.553194
1.542635
1.559162
1.556003
1.545188
1.591449
1.596117
1.548095
1.587490
1.540622
1.555179
