2.301659
2.304895
2.302727
2.303118
2.299311
2.295419
2.298960
2.291321
2.280880
2.288476
2.282812
2.285397
2.291414
2.265235
2.275292
2.268748
2.243272
2.267952
2.249606
2.240012
2.232728
2.222854
2.211035
2.188662
2.191535
2.185756
2.201504
2.187000
2.144814
2.125329
2.136440
2.141827
2.134782
2.090363
2.103696
2.087079
2.085538
2.062342
2.027858
2.041803
2.030727
2.013986
2.003355
1.999094
1.956693
1.966709
1.944755
1.915058
1.912328
1.908757
1.859557
1.881508
1.882940
1.862204
1.800830
1.819678
1.850320
1.825089
1.819787
1.833711
1.796801
1.780695
1.797676
1.768700
1.781447
1.772960
1.743110
1.753919
1.747816
1.785092
1.759324
1.753596
1.728830
1.771986
1.725008
1.743448
1.773520
1.707590
1.710795
1.713082
1.716395
1.708780
1.742957
1.722578
1.728182
1.701500
1.746684
1.719737
1.719158
1.742621
1.733685
1.719030
1.678160
1.728992
1.732324
1.669664
1.683726
1.700052
1.686071
1.726443
1.680236
1.719713
1.678441
1.690893
1.687521
1.673615
1.677389
1.681277
1.681053
1.656177
1.640853
1.638565
1.681855
1.632996
1.647808
1.684092
1.680108
1.694085
1.667214
1.674176
1.666593
1.630851
1.639357
1.644826
1.657670
1.643552
1.623038
1.660995
1.651879
1.628315
1.657916
1.652053
1.627752
1.632594
1.650448
1.648178
1.656521
1.634721
1.640973
1.635487
1.661586
1.641388
1.682545
1.627762
1.668551
1.640531
1.634552
1.607284
1.657493
1.644049
1.639196
1.607902
1.610557
1.624979
1.645761
1.645305
1.595555
1.617857
1.608396
1.629452
1.612636
1.622130
1.634577
1.641464
1.616725
1.613141
1.630782
1.636698
1.620432
1.613766
1.626495
1.620236
1.643513
1.618431
1.642136
1.656817
1.590278
1.592532
1.635550
1.617947
1.618988
1.602861
1.590570
1.618298
1.626044
1.616172
1.602326
1.615327
1.578417
1.607406
1.606414
1.618666
1.606201
1.599499
1.596810
1.608462
1.601887
1.645301
1.597086
1.636800
1.593933
1.629404
1.622787
1.587692
1.583601
1.588816
1.578126
1.603238
1.609593
1.595311
1.603848
1.598628
1.607586
1.590207
1.594387
1.589866
1.622528
1.612729
1.617232
1.601364
1.603830
1.591815
1.571223
1.567274
1.568939
1.581684
1.577732
1.616783
1.584695
1.609948
1.608026
1.582996
1.582497
1.568569
1.608941
1.626047
1.586861
1.599634
1.605045
1.579930
1.572209
1.569971
1.577940
1.560426
1.587571
1.606142
1.587016
1.583130
1.594274
1.571025
1.554950
1.603609
1.563608
1.598922
1.560151
1.578576
1.600215
1.625414
1.585221
1.601201
1.586498
1.588554
1.577261
1.565526
1.586714
1.553038
1.588250
1.606801
1.601011
1.563066
1.544033
1.571442
1.593171
1.581066
1.555333
1.570797
1.554820
1.582414
1.597057
1.553530
1.579285
1.576312
1.566833
1.571729
1.577215
1.561162
1.569730
1.597369
1.570334
1.587098
1.570249
1.597261
1.577310
1.601259
1.547026
1.582007
1.581603
1.561276
1.579970
1.618033
1.547965
1.557934
1.562268
1.564917
1.579001
1.561144
1.587232
1.575674
1.589650
1.576921
1.597669
1.598624
1.571381
1.598055
1.545435
1.590648
1.580327
1.578061
1.555003
1.564474
1.555162
1.518409
1.553584
1.548716
1.558407
1.533539
1.564121
1.551797
1.590186
1.581350
1.544455
1.561997
1.596270
1.544742
1.575789
1.535200
1.531648
1.567902
1.551596
1.556158
1.559230
1.615554
1.579741
1.548007
1.595685
1.542602
1.567037
1.577624
1.556053
1.553603
1.530583
1.533187
1.539691
1.523865
1.571282
1.543970
1.585155
1.566733
1.545954
1.614867
1.551995
1.561999
1.567882
1.592073
1.548631
1.544874
1.572265
1.557160
1.579958
1.544300
1.523769
1.567567
1.577376
1.534953
1.537814
1.587009
1.530920
1.556868
1.564887
1.584977
1.514898
1.582551
1.544664
1.533996
1.590882
1.562645
1.534557
1.538488
1.573942
1.529117
1.533511
1.564853
1.568272
1.535167
1.555132
1.537752
1.539408
1.550282
1.542066
1.566587
1.555393
1.544062
1.562956
1.548606
1.533901
1.547909
1.554429
1.520490
1.586826
1.557393
1.545555
1.575820
1.579853
1.549242
1.609027
1.527979
1.546763
1.519687
1.570719
1.553827
1.562563
1.535688
1.544043
1.546334
1.543707
1.541916
1.547505
1.551645
1.573197
1.557338
1.542281
1.557859
1.543292
1.570572
1.528769
1.554161
1.563609
1.541961
1.544602
1.534853
1.529548
1.534286
1.522770
1.547143
1.563920
1.522772
1.551568
1.558090
1.570909
1.556885
1.549516
1.543208
1.538128
1.547334
1.516306
1.539596
1.544952
1.542610
1.546720
1.537963
1.534748
1.551460
1.550229
1.545950
1.564598
1.553752
1.526061
1.579683
1.544275
1.547033
1.555789
1.518241
1.545771
1.533309
1.541213
1.539195
1.520835
1.557459
1.546780
1.543887
1.544854
1.545222
1.545287
1.542692
1.518576
1.512707
1.542787
1.549620
1.546445
1.525737
1.529951
1.576727
1.551049
1.551504
1.519314
1.536092
1.558990
1.575750
1.523603
1.563980
