2.298524
2.277303
2.277759
2.252276
2.230360
2.233835
2.168007
2.224492
2.301175
2.314299
2.218354
2.203110
2.245830
2.162584
2.216503
2.122784
2.143236
2.134152
2.138876
2.135805
2.085566
2.076844
2.062058
1.958844
2.022164
2.045325
2.014015
2.001043
1.984926
1.985244
1.982789
1.890368
1.918810
1.951897
1.885012
1.947404
1.928599
1.997144
1.904131
1.872889
1.934429
1.941904
1.924289
1.916435
1.919662
1.899813
1.906914
1.923079
1.909377
1.911703
1.956437
1.901254
1.880518
1.895307
1.941320
1.943683
1.903449
1.869784
1.974446
1.911231
1.915583
1.867030
1.862045
1.885666
1.876071
1.875060
1.840114
1.846906
1.811778
1.900272
1.867793
1.840927
1.860349
1.853400
1.845917
1.858702
1.802305
1.813016
1.794620
1.831981
1.799529
1.831120
1.828261
1.827490
1.843430
1.803246
1.792840
1.758927
1.777899
1.771983
1.788696
1.806482
1.795855
1.787392
1.801806
1.738162
1.810646
1.753496
1.839308
1.777504
1.735791
1.751241
1.796016
1.833351
1.765495
1.769303
1.777025
1.749233
1.773380
1.750069
1.751920
1.765292
1.755002
1.756898
1.769797
1.741740
1.733493
1.757297
1.802709
1.844342
1.797173
1.750456
1.756957
1.740972
1.723624
1.715337
1.788576
1.765642
1.710848
1.740369
1.735413
1.764028
1.754333
1.725041
1.728794
1.754590
1.744691
1.725419
1.708900
1.796051
1.747096
1.731482
1.735251
1.784476
1.782793
1.729766
1.753837
1.750758
1.778852
1.711940
1.762548
1.733814
1.721732
1.780173
1.770713
1.747084
1.733560
1.731646
1.724023
1.657494
1.663717
1.748588
1.686674
1.687468
1.689897
1.653449
1.717150
1.675353
1.706433
1.672843
1.704294
1.704844
1.729161
1.695467
1.722307
1.781812
1.700184
1.693317
1.646450
1.699145
1.706883
1.672915
1.674986
1.676357
1.694472
1.673258
1.715210
1.720672
1.644081
1.740757
1.696375
1.711466
1.685653
1.659087
1.721193
1.646991
1.688134
1.712901
1.688490
1.694338
1.674466
1.674787
1.720982
1.727182
1.734810
1.701853
1.708114
1.683923
1.784597
1.785231
1.759066
1.694482
1.711479
1.696943
1.732336
1.665354
1.701119
1.682396
1.745627
1.686481
1.740207
1.706645
1.706093
1.675356
1.661457
1.733873
1.663081
1.758604
1.762531
1.733565
1.717884
1.742985
1.750685
1.677718
1.688965
1.689249
1.707259
1.723330
1.713709
1.696313
1.688818
1.704577
1.659238
1.740949
1.759008
1.755890
1.740932
1.746937
1.705920
1.673701
1.715099
1.686595
1.708727
1.735594
1.632297
1.687572
1.766843
1.729370
1.726932
1.717809
1.740476
1.771029
1.695020
1.767030
1.750800
1.655262
1.685943
1.697947
1.706809
1.732170
1.690997
1.743562
1.692836
1.717647
1.711697
1.716174
1.710739
1.784049
1.726100
1.730492
1.738762
1.706340
1.752851
1.744265
1.698004
1.675215
1.721575
1.763759
1.707519
1.771807
1.708806
1.708765
1.714718
1.690611
1.729645
1.741430
1.687665
1.691159
1.706983
1.725459
1.708369
1.696446
1.703716
1.661841
1.699387
1.705968
1.691449
1.697396
1.716767
1.719373
1.695925
1.717603
1.706240
1.704267
1.698154
1.753988
1.720918
1.706064
1.694244
1.719831
1.766554
1.679522
1.706653
1.695245
1.704137
1.688525
1.703252
1.683008
1.743276
1.720686
1.674038
1.750152
1.753637
1.738324
1.719854
1.728089
1.688697
1.759581
1.689244
1.731117
1.685936
1.696945
1.737028
1.711141
1.726442
1.709526
1.740611
1.740433
1.656287
1.737515
1.706032
1.697093
1.701228
1.688616
1.724059
1.719404
1.726642
1.735219
1.739315
1.724379
1.697397
1.741042
1.711042
1.707450
1.727145
1.729590
1.694334
1.646377
1.688516
1.735150
1.738693
1.737574
1.747005
1.731628
1.722689
1.752519
1.678660
1.724053
1.668489
1.711809
1.725653
1.721348
1.707715
1.769576
1.706368
1.700128
1.676896
1.671722
1.756088
1.709165
1.715046
1.707139
1.746791
1.726472
1.726181
1.729479
1.753802
1.738274
1.714908
1.676851
1.740504
1.714704
1.746407
1.778148
1.738851
1.664736
1.740774
1.753572
1.735070
1.754242
1.768287
1.754121
1.738642
1.719516
1.727997
1.776047
1.740217
1.705266
1.749502
1.689006
1.730492
1.715261
1.729716
1.697837
1.683891
1.708801
1.734767
1.727174
1.725547
1.756176
1.751208
1.712167
1.720830
1.695392
1.747910
1.740668
1.755937
1.723985
1.757576
1.786730
1.730915
1.742144
1.768347
1.711375
1.705193
1.708674
1.749097
1.722444
1.714328
1.719054
1.699126
1.749900
1.696188
1.694974
1.688629
1.706602
1.768738
1.722257
1.724929
1.702115
1.731919
1.747152
1.709107
1.728902
1.682166
1.772189
1.749092
1.765727
1.770669
1.784727
1.797256
1.802209
1.774045
1.698211
1.739557
1.745740
1.707348
1.705420
1.740268
1.793591
1.807637
1.765553
1.784094
1.764236
1.760545
1.750762
1.714038
1.756228
1.760250
1.729759
1.707759
1.764152
1.713594
1.717165
1.683822
1.738412
1.723116
1.686406
1.729456
1.746442
