2.305568
2.299559
2.294730
2.296843
2.275399
2.272642
2.263514
2.263536
2.216486
2.237829
2.163296
2.194837
2.118351
2.097335
2.048344
2.033070
1.984849
1.845512
1.864004
1.853944
1.813205
1.784931
1.794026
1.765827
1.780729
1.722934
1.728024
1.699787
1.708372
1.664914
1.696977
1.636577
1.649099
1.636555
1.660834
1.654084
1.627661
1.561526
1.602007
1.621800
1.598532
1.580997
1.613039
1.608379
1.585688
1.581890
1.620501
1.576237
1.590163
1.593790
1.563391
1.594373
1.584106
1.562160
1.575909
1.583325
1.584060
1.569764
1.591382
1.541367
1.542226
1.582696
1.575333
1.588777
1.551075
1.578136
1.546969
1.546616
1.547405
1.557615
1.550892
1.565318
1.560027
1.553151
1.555070
1.537395
1.543126
1.574084
1.543593
1.522292
1.531824
1.543699
1.529381
1.582331
1.553474
1.543123
1.538541
1.523615
1.533730
1.566075
1.539485
1.526729
1.548549
1.555672
1.544904
1.535586
1.535301
1.543250
1.530511
1.558267
1.510067
1.530756
1.533075
1.520215
1.510846
1.518472
1.523288
1.528320
1.550089
1.539471
1.528594
1.525923
1.513166
1.559551
1.534976
1.533602
1.519613
1.504088
1.530313
1.526988
1.541775
1.516346
1.524793
1.531265
1.521096
1.531010
1.510659
1.546587
1.532055
1.505617
1.547376
1.503057
1.512603
1.539896
1.517698
1.509920
1.511461
1.531017
1.532354
1.516824
1.515620
1.539119
1.529749
1.505890
1.515440
1.510770
1.497635
1.513906
1.525057
1.502035
1.516135
1.523803
1.522742
1.527048
1.547885
1.518814
1.515134
1.520894
1.527510
1.509095
1.504400
1.514742
1.514223
1.521855
1.516160
1.504231
1.509346
1.507868
1.500647
1.511559
1.511557
1.508173
1.518491
1.508172
1.515227
1.513251
1.495660
1.498942
1.516266
1.503557
1.505471
1.509944
1.518795
1.501975
1.532380
1.498961
1.540911
1.500978
1.509640
1.504109
1.518846
1.511493
1.501873
1.498761
1.502383
1.494032
1.497206
1.502038
1.488143
1.531443
1.487766
1.492606
1.503235
1.511504
1.518153
1.505063
1.507273
1.500111
1.514663
1.496428
1.517476
1.506130
1.506205
1.512350
1.493805
1.488559
1.508826
1.510050
1.515066
1.506285
1.530484
1.505399
1.515880
1.491830
1.495267
1.510979
1.519662
1.518698
1.494092
1.494110
1.526756
1.482275
1.510399
1.509385
1.492582
1.521784
1.497963
1.505739
1.509196
1.501982
1.480177
1.512252
1.496374
1.497011
1.489770
1.491741
1.491358
1.493308
1.508461
1.509347
1.516546
1.486013
1.513645
1.518556
1.502658
1.512661
1.488909
1.499945
1.500594
1.497630
1.518959
1.489032
1.480714
1.502538
1.504292
1.547706
1.506412
1.499329
1.493834
1.489428
1.487342
1.505793
1.489502
1.488994
1.502410
1.511048
1.500468
1.508037
1.500918
1.493874
1.484855
1.510494
1.495818
1.508635
1.480677
1.506203
1.503215
1.499648
1.496960
1.488208
1.510771
1.501284
1.493046
1.478641
1.510009
1.507271
1.497177
1.495389
1.484532
1.490133
1.496263
1.499417
1.496844
1.484583
1.479006
1.491797
1.490083
1.487721
1.492440
1.496725
1.508136
1.514261
1.524825
1.502050
1.492002
1.482488
1.489599
1.495695
1.485619
1.495090
1.487333
1.497703
1.479590
1.484069
1.493188
1.489387
1.495673
1.495023
1.493709
1.489372
1.505578
1.496574
1.484403
1.505542
1.485034
1.490422
1.493096
1.489583
1.479324
1.493714
1.510240
1.494789
1.491399
1.494633
1.496336
1.478896
1.511324
1.494902
1.494230
1.489424
1.493715
1.486163
1.483741
1.484952
1.481276
1.478213
1.493343
1.483026
1.490979
1.487246
1.487723
1.479963
1.493734
1.512389
1.485054
1.483791
1.476392
1.494816
1.480965
1.498839
1.505753
1.482185
1.492978
1.488009
1.500498
1.502065
1.479109
1.505752
1.517074
1.488307
1.486859
1.486613
1.506937
1.489255
1.488809
1.487648
1.490849
1.489727
1.480450
1.500774
1.490311
1.503818
1.486269
1.492951
1.514255
1.496432
1.477956
1.483873
1.487327
1.484767
1.514017
1.496167
1.485363
1.489345
1.497215
1.476713
1.495840
1.477659
1.497230
1.481464
1.489657
1.478666
1.485980
1.498157
1.473443
1.480062
1.485204
1.493278
1.500774
1.481412
1.490851
1.486030
1.473453
1.486132
1.501488
1.489864
1.477711
1.476130
1.498111
1.479826
1.473878
1.482915
1.497414
1.478259
1.502447
1.494650
1.511062
1.501757
1.490441
1.495329
1.476530
1.484318
1.480344
1.484001
1.491209
1.498149
1.482338
1.485034
1.482206
1.474744
1.485322
1.485158
1.478383
1.490729
1.482023
1.476984
1.486640
1.471786
1.497768
1.492507
1.490325
1.488709
1.479089
1.488046
1.470769
1.482001
1.484051
1.484336
1.474060
1.483413
1.473566
1.483821
1.479166
1.479523
1.473627
1.496687
1.476625
1.481211
1.476444
1.484630
1.488178
1.508619
1.495211
1.476892
1.479079
1.499254
1.478710
1.503718
1.491589
1.491955
1.497193
1.503569
1.473593
1.499370
1.479570
1.478018
1.484527
1.476468
1.480231
1.470729
