2.293166
2.293213
2.302919
2.303576
2.308109
2.329683
2.318340
2.323953
2.314302
2.319370
2.330519
2.344383
2.353515
2.362617
2.388634
2.436775
2.439020
2.461413
2.417080
2.382536
2.451225
2.582167
2.643209
2.650331
2.744011
2.698611
2.717343
2.773603
2.820421
2.880117
2.901159
2.756188
2.698837
2.843758
2.860461
2.914379
2.958848
2.851000
2.915106
2.909310
2.940426
2.986473
2.962759
2.994888
2.983569
3.018431
3.013139
3.025061
2.952314
2.996906
3.046180
3.003411
3.025776
2.989233
3.015424
3.008574
3.059729
3.022329
2.993605
3.013336
3.001071
2.998662
3.052467
3.053421
3.038851
3.067787
3.036445
3.014232
3.007357
3.008869
3.048284
2.986600
3.050131
3.066353
3.096291
3.074486
3.060947
3.058129
3.050470
3.031177
3.053500
3.040232
3.076721
3.040060
3.041977
3.014688
3.028232
2.998667
3.051979
3.066088
3.050228
3.085197
3.056590
3.067250
3.033185
3.032868
3.061126
3.055980
3.068156
3.083734
3.047631
3.059941
3.074260
3.067092
3.069685
3.047394
2.991874
3.072119
3.093142
3.081176
3.076957
3.061862
3.068635
3.091105
3.056391
3.035719
3.011008
3.081811
3.073064
3.062454
3.089362
3.054241
3.069543
3.060940
3.069955
3.093915
3.052344
3.090740
3.052249
3.094386
3.005352
3.051837
3.076767
3.083858
3.084036
3.109964
3.083676
3.078927
3.080184
3.092566
3.035481
3.081339
3.071949
3.121120
3.089212
3.049588
2.998866
3.040806
3.026522
3.053870
3.046420
2.953766
3.019179
3.047988
2.987533
2.988058
3.001733
3.011689
3.040504
3.028620
3.023799
3.057180
3.045006
3.034290
3.041153
3.040169
3.030750
3.044691
3.070221
3.028124
3.051595
2.972017
3.038030
3.063336
3.036782
3.039085
3.019510
3.060655
3.081990
3.082632
3.073541
3.083093
3.091395
3.094298
3.097879
3.066135
3.070065
3.090202
3.095672
3.097496
3.041290
3.076383
3.076195
3.079722
3.098249
3.063210
3.089591
3.080626
3.089159
3.066651
3.098572
3.087873
3.077941
3.099092
3.057049
3.090309
3.043171
3.050022
3.066644
3.068465
3.047848
3.037021
3.025406
3.050728
3.016012
3.031678
3.026699
2.973698
3.022135
2.965462
3.036322
3.022151
3.023063
3.051641
3.026265
3.035046
3.029979
3.018221
3.009936
2.987868
3.020686
3.005601
3.005948
2.962793
2.993158
3.005445
2.968198
2.937031
2.945325
2.961429
2.925209
2.938206
2.897265
2.937731
2.942684
2.924443
2.952123
2.913247
2.932671
2.956365
2.941937
2.926565
2.965433
2.947097
2.936829
2.952526
2.929915
2.906430
2.944064
2.939929
2.938633
2.962063
2.938673
2.929269
2.940295
2.932184
2.891830
2.928100
2.868142
2.884024
2.905082
2.885249
2.890041
2.871361
2.857829
2.875690
2.845008
2.851811
2.811505
2.827281
2.762228
2.768411
2.774786
2.756338
2.730517
2.671230
2.657425
2.602739
2.601841
2.564672
2.566853
2.521180
2.568725
2.542349
2.514560
2.482478
2.439302
2.434899
2.422623
2.454796
2.438782
2.407532
2.415238
2.445526
2.429901
2.422195
2.429901
2.429901
2.398651
2.429901
2.445526
2.437713
2.437713
2.390838
2.437713
2.414276
2.422088
2.453338
2.406463
2.414276
2.429901
2.429901
2.390838
2.437713
2.390838
2.445526
2.429901
2.406463
2.414276
2.414276
2.383026
2.437713
2.453338
2.429901
2.422088
2.453338
2.398651
2.383026
2.437713
2.429901
2.406463
2.429901
2.422088
2.437713
2.445526
2.437713
2.429901
2.406463
2.429901
2.437713
2.422088
2.398651
2.422088
2.429901
2.422088
2.429901
2.422088
2.445526
2.414276
2.414276
2.422088
2.414276
2.406463
2.437713
2.422088
2.429901
2.437713
2.375213
2.414276
2.429901
2.437713
2.429901
2.414276
2.422088
2.422088
2.422088
2.414276
2.406463
2.429901
2.367401
2.414276
2.390838
2.422088
2.429901
2.398651
2.406463
2.414276
2.429901
2.437713
2.453338
2.437713
2.422088
2.445526
2.414276
2.422088
2.445526
2.422088
2.422088
2.414276
2.406463
2.414276
2.445526
2.422088
2.398651
2.422088
2.429901
2.406463
2.422088
2.406463
2.414276
2.422088
2.437713
2.414276
2.422088
2.437713
2.437713
2.422088
2.429901
2.398651
2.406463
2.429901
2.406463
2.437713
2.429901
2.398651
2.445526
2.414276
2.429901
2.422088
2.414276
2.437713
2.406463
2.414276
2.398651
2.422088
2.429901
2.437713
2.422088
2.422088
2.453338
2.453338
2.422088
2.429901
2.383026
2.398651
2.437713
2.437713
2.429901
2.429901
2.414276
2.422088
2.398651
2.429901
2.429901
2.422088
2.445526
2.437713
2.429901
2.383026
2.390838
2.414276
2.422088
2.406463
2.429901
2.422088
2.437713
2.429901
2.422088
2.445526
2.422088
2.422088
2.445526
2.429901
2.429901
2.414276
2.437713
2.406463
2.437713
2.406463
2.429901
2.429901
2.422088
2.414276
2.437713
2.406463
2.429901
2.429901
2.422088
2.422088
2.429901
2.429901
2.422088
2.390838
2.398651
2.398651
2.437713
2.414276
2.429901
2.437713
2.406463
