2.305765
2.305025
2.304102
2.303252
2.300089
2.301559
2.282330
2.257139
2.261549
2.293041
2.295283
2.281837
2.289685
2.293903
2.359377
2.401297
2.469518
2.423826
2.308583
2.306614
2.205159
2.225502
2.383256
2.367598
2.320500
2.156991
1.979593
1.959909
1.987001
2.125715
2.102270
2.209631
2.149328
2.121094
2.118757
2.050831
2.000423
1.955855
1.930031
1.892536
1.860361
1.848390
1.912207
1.832895
1.938884
2.000002
2.002200
1.992201
1.942896
1.902508
1.848031
1.889046
1.847509
1.822936
1.794074
1.797090
1.795970
1.799257
1.823195
1.772812
1.793536
1.811291
1.829880
1.837013
1.799002
1.810846
1.795831
1.813413
1.845481
1.833612
1.795625
1.805657
1.849762
1.808239
1.835355
1.869508
1.834307
1.836425
1.791133
1.782501
1.758816
1.762620
1.795506
1.822603
1.790292
1.768104
1.758698
1.750214
1.723094
1.753058
1.737255
1.739131
1.767386
1.744685
1.762137
1.792764
1.763495
1.751181
1.774847
1.825328
1.780690
1.753245
1.735253
1.763679
1.751322
1.744565
1.746394
1.718889
1.746978
1.764053
1.714992
1.736259
1.741541
1.723859
1.717832
1.729055
1.719407
1.707545
1.702016
1.712683
1.704475
1.693365
1.716719
1.718584
1.687203
1.708397
1.712363
1.727455
1.726824
1.757097
1.739775
1.726224
1.751325
1.706161
1.747672
1.750609
1.745247
1.721765
1.730277
1.720016
1.721231
1.677476
1.724172
1.684217
1.692451
1.695412
1.676674
1.677809
1.652287
1.640983
1.623738
1.643515
1.578377
1.584646
1.585532
1.562923
1.568154
1.560032
1.559083
1.604423
1.571087
1.612865
1.611612
1.584726
1.639134
1.661421
1.602847
1.641365
1.614699
1.586920
1.616761
1.594651
1.585724
1.570398
1.575955
1.583494
1.588600
1.559408
1.560563
1.584539
1.532106
1.565696
1.556735
1.565084
1.549754
1.559367
1.544893
1.598896
1.565978
1.575624
1.560265
1.557081
1.561043
1.566409
1.554232
1.532872
1.541003
1.554804
1.553247
1.537531
1.572506
1.528420
1.531318
1.544918
1.545763
1.531153
1.538415
1.546636
1.581702
1.538348
1.561937
1.539565
1.565172
1.546093
1.546303
1.530167
1.526676
1.530956
1.532972
1.547693
1.532550
1.527388
1.532652
1.528296
1.532522
1.540956
1.530039
1.540969
1.527691
1.544111
1.533961
1.548315
1.544245
1.558870
1.554295
1.572717
1.524276
1.529615
1.550648
1.525569
1.534092
1.547452
1.538421
1.538067
1.534757
1.536324
1.532223
1.515920
1.524975
1.529371
1.520610
1.533124
1.525216
1.522290
1.548567
1.532127
1.510208
1.519726
1.526693
1.516564
1.519601
1.517825
1.516244
1.520198
1.539411
1.534433
1.537422
1.532594
1.523585
1.537893
1.509733
1.509550
1.506894
1.516231
1.525296
1.530102
1.506100
1.534453
1.521518
1.545983
1.508599
1.523198
1.524457
1.533956
1.513260
1.537919
1.525442
1.507338
1.538330
1.528094
1.508736
1.519590
1.501637
1.515826
1.520735
1.554437
1.528524
1.508883
1.540895
1.549156
1.530546
1.517831
1.516714
1.528138
1.521174
1.512115
1.515708
1.540155
1.526579
1.496774
1.525946
1.514221
1.500663
1.533521
1.517432
1.529822
1.548147
1.523464
1.543715
1.523420
1.516034
1.523801
1.503826
1.538245
1.532713
1.512320
1.515242
1.489560
1.501288
1.513309
1.524371
1.520659
1.508829
1.532130
1.499102
1.524144
1.535391
1.523549
1.501209
1.515814
1.514486
1.525047
1.513045
1.505082
1.532860
1.517518
1.504088
1.491773
1.512267
1.499955
1.502146
1.498035
1.507941
1.534470
1.511741
1.530963
1.493182
1.522737
1.512901
1.500688
1.546880
1.496552
1.534229
1.503528
1.525781
1.516767
1.511926
1.550034
1.517155
1.500272
1.509763
1.506297
1.506482
1.529044
1.526759
1.514214
1.507198
1.520303
1.506234
1.506486
1.537107
1.522180
1.497790
1.513791
1.496801
1.507917
1.518300
1.527777
1.527969
1.507445
1.502985
1.515381
1.491146
1.523604
1.506532
1.510374
1.502751
1.501191
1.514395
1.516835
1.498983
1.516125
1.506637
1.503610
1.501254
1.496754
1.505503
1.503208
1.530842
1.505828
1.511902
1.506461
1.499698
1.507463
1.513905
1.524064
1.519392
1.488457
1.532631
1.514802
1.511815
1.506657
1.500054
1.512659
1.504558
1.502854
1.496820
1.511921
1.510386
1.504090
1.497736
1.500090
1.503361
1.492656
1.511036
1.513641
1.494673
1.504660
1.496063
1.509137
1.501327
1.498088
1.499992
1.508111
1.510457
1.515349
1.500701
1.520846
1.504670
1.495584
1.499989
1.490802
1.497247
1.516820
1.504371
1.506743
1.509259
1.503958
1.508801
1.503774
1.509550
1.526008
1.499249
1.505021
1.482121
1.512972
1.508048
1.503179
1.510659
1.490589
1.495410
1.497371
1.493821
1.485364
1.492970
1.528996
1.491184
1.500877
1.506981
1.501268
1.520345
1.498407
1.517019
1.479001
1.494642
1.506900
1.505044
1.500925
1.489374
1.500660
1.494516
1.489167
1.518011
1.526779
1.493422
1.497809
1.500837
1.494800
1.487782
1.504825
