2.306123
2.305441
2.302778
2.304106
2.304094
2.307283
2.301152
2.299824
2.298537
2.293503
2.290693
2.272502
2.265858
2.270806
2.271501
2.258822
2.266119
2.251500
2.244307
2.215600
2.239429
2.212925
2.185787
2.165313
2.166986
2.124070
2.071211
2.060975
2.039410
1.963819
1.994826
1.966874
1.997671
1.979301
2.042290
1.954893
1.938329
1.867598
1.862503
1.845911
1.866236
1.856406
1.852856
1.806289
1.887178
1.857288
1.854331
1.849700
1.802944
1.818744
1.804496
1.813140
1.761738
1.756745
1.733747
1.740293
1.758936
1.730408
1.766751
1.756382
1.800815
1.753795
1.754440
1.755940
1.709469
1.727832
1.728824
1.676089
1.704016
1.717679
1.697016
1.672664
1.741044
1.683187
1.704531
1.711630
1.712942
1.716535
1.696588
1.698140
1.687713
1.696016
1.683083
1.730886
1.725194
1.698038
1.678499
1.659356
1.661776
1.666158
1.689757
1.683521
1.681848
1.664804
1.682661
1.700082
1.676036
1.665097
1.646302
1.680951
1.677692
1.696838
1.680239
1.652427
1.652086
1.623476
1.678907
1.658478
1.666643
1.632607
1.643885
1.665504
1.647292
1.643638
1.646888
1.622965
1.650218
1.659620
1.643367
1.631819
1.662016
1.638476
1.631471
1.655067
1.653526
1.634740
1.647435
1.645551
1.618503
1.628216
1.612020
1.600802
1.640272
1.640807
1.626936
1.626938
1.610643
1.629294
1.627100
1.617183
1.629027
1.650978
1.629224
1.624770
1.626620
1.629212
1.631878
1.625803
1.625683
1.660041
1.636550
1.603714
1.595718
1.597791
1.610943
1.616144
1.635749
1.630743
1.597581
1.619519
1.603954
1.613703
1.606961
1.603320
1.605314
1.621007
1.596001
1.611228
1.617521
1.621341
1.608695
1.633840
1.602962
1.593150
1.587781
1.589893
1.586625
1.632489
1.611563
1.613265
1.615996
1.615868
1.631301
1.589018
1.625844
1.618537
1.590604
1.606968
1.595544
1.613779
1.608389
1.618414
1.609134
1.585701
1.595862
1.597064
1.590307
1.599678
1.582220
1.599472
1.588317
1.601487
1.581693
1.594518
1.600824
1.594024
1.618439
1.606402
1.590859
1.578656
1.565963
1.617406
1.584608
1.582259
1.574245
1.570513
1.580145
1.576423
1.596232
1.576238
1.570031
1.577777
1.582125
1.597735
1.598710
1.600605
1.605679
1.566880
1.569503
1.581617
1.584401
1.590088
1.593970
1.574832
1.580229
1.567774
1.588982
1.601914
1.596138
1.565713
1.570789
1.576354
1.602369
1.591336
1.570159
1.574002
1.566908
1.543726
1.554649
1.575182
1.568777
1.585415
1.583904
1.578119
1.559727
1.590824
1.582572
1.558504
1.542563
1.577159
1.568537
1.587818
1.564041
1.567762
1.567417
1.579365
1.563481
1.560078
1.582442
1.571240
1.566492
1.583784
1.564979
1.544648
1.560727
1.549017
1.556559
1.564923
1.578820
1.591547
1.544887
1.540794
1.554848
1.578759
1.571120
1.550524
1.577498
1.590068
1.569686
1.555432
1.562934
1.569943
1.559728
1.560847
1.552886
1.549684
1.576045
1.591007
1.552477
1.561146
1.584206
1.547735
1.547785
1.553763
1.559424
1.544584
1.556188
1.562350
1.557450
1.572665
1.556778
1.576964
1.542409
1.531534
1.555714
1.565337
1.545379
1.558300
1.539425
1.583674
1.529324
1.540595
1.575933
1.556163
1.549254
1.543021
1.575650
1.560817
1.560370
1.538495
1.554325
1.600038
1.560335
1.541064
1.538307
1.560085
1.551566
1.541324
1.535050
1.584487
1.548791
1.540594
1.532527
1.554847
1.535888
1.565236
1.534930
1.567357
1.544123
1.535648
1.544421
1.548020
1.561767
1.538584
1.532178
1.529485
1.551033
1.547644
1.561221
1.530548
1.559303
1.542603
1.547996
1.557211
1.571170
1.562897
1.542174
1.543236
1.541903
1.551818
1.530913
1.560157
1.541078
1.542481
1.543693
1.546246
1.564470
1.544366
1.556304
1.557892
1.559279
1.572498
1.549101
1.519432
1.554123
1.549238
1.539834
1.545613
1.549288
1.549980
1.540966
1.523889
1.538082
1.556545
1.522175
1.529948
1.555332
1.524470
1.580795
1.529842
1.537204
1.549171
1.542793
1.535648
1.524081
1.542352
1.559317
1.541935
1.520214
1.548553
1.543045
1.516573
1.544605
1.540553
1.522158
1.543357
1.547768
1.530526
1.569837
1.533085
1.540998
1.549678
1.536877
1.528373
1.526929
1.539517
1.553541
1.546720
1.536294
1.562155
1.534589
1.534449
1.525941
1.524546
1.520396
1.516750
1.530683
1.535611
1.549248
1.547354
1.564288
1.538814
1.536319
1.539071
1.532100
1.527743
1.513239
1.541543
1.530862
1.535022
1.533641
1.539153
1.530097
1.533276
1.543418
1.531244
1.534675
1.523222
1.536924
1.536108
1.536772
1.518476
1.540567
1.545978
1.531945
1.518221
1.522205
1.528473
1.552230
1.535124
1.517318
1.541927
1.555046
1.548938
1.534021
1.523867
1.527992
1.536178
1.517747
1.539365
1.540724
1.524963
1.536843
1.518339
1.523729
1.531522
1.518913
1.538217
1.534202
1.541935
1.529130
1.543559
1.549061
1.516271
1.516960
1.523741
1.514306
1.531823
1.526575
1.546509
