2.317738
2.305063
2.302932
2.302783
2.303477
2.320364
2.323369
2.319112
2.365777
2.429246
2.353151
2.322321
2.159032
2.107401
1.911238
1.897120
1.836019
1.783800
1.798046
1.883385
2.230581
2.479064
2.375067
2.641365
2.494226
2.327916
2.207605
2.109548
1.978522
1.812892
1.729670
1.649793
1.619032
1.597644
1.594400
1.585488
1.592935
1.587289
1.559976
1.562924
1.586766
1.646935
1.666423
1.699757
1.631280
1.576281
1.608507
1.575894
1.565341
1.582212
1.614784
1.592170
1.581817
1.602898
1.573765
1.577320
1.570671
1.606806
1.624035
1.637286
1.657908
1.634555
1.618177
1.603793
1.620593
1.624492
1.616455
1.586174
1.588889
1.532112
1.519728
1.500714
1.508240
1.514978
1.513330
1.532645
1.550625
1.519613
1.502910
1.521944
1.501376
1.522142
1.497999
1.515611
1.489116
1.533787
1.555784
1.588916
1.609975
1.606579
1.629896
1.624457
1.613445
1.630491
1.636496
1.601233
1.640691
1.616370
1.600366
1.626868
1.647949
1.599648
1.597538
1.581793
1.606744
1.588701
1.575919
1.579119
1.560667
1.587730
1.556499
1.533804
1.551026
1.529628
1.524891
1.523294
1.528890
1.534516
1.533482
1.528304
1.523652
1.519505
1.527009
1.518628
1.497380
1.524985
1.520200
1.522845
1.530181
1.513102
1.489490
1.494611
1.541398
1.513515
1.515395
1.500924
1.508605
1.507490
1.518719
1.503556
1.507969
1.488287
1.501976
1.488520
1.497291
1.499607
1.497601
1.506029
1.504050
1.511695
1.510571
1.492723
1.495275
1.504113
1.523916
1.496864
1.507930
1.541219
1.498784
1.487682
1.490965
1.483027
1.482102
1.483682
1.491522
1.481783
1.507139
1.549347
1.505761
1.491635
1.504618
1.482038
1.496111
1.477834
1.481824
1.508332
1.484053
1.504202
1.501736
1.489021
1.495455
1.496638
1.484994
1.472076
1.487662
1.506199
1.503486
1.493575
1.509544
1.517924
1.499838
1.478228
1.477205
1.484444
1.478134
1.483357
1.481748
1.486244
1.486597
1.508321
1.491501
1.488367
1.506424
1.490309
1.503445
1.507213
1.493434
1.493943
1.493727
1.477861
1.499251
1.490021
1.506396
1.493736
1.484298
1.476647
1.480515
1.495006
1.489362
1.482753
1.486500
1.486968
1.507926
1.498387
1.489433
1.471057
1.482229
1.499614
1.484519
1.481650
1.497645
1.505923
1.490783
1.494423
1.495901
1.481447
1.485997
1.487972
1.479962
1.476646
1.488586
1.495074
1.496487
1.487298
1.492147
1.491909
1.471229
1.489069
1.476562
1.490449
1.492410
1.493281
1.481261
1.489028
1.481505
1.486848
1.487140
1.483167
1.497505
1.472146
1.481050
1.485497
1.513100
1.494666
1.482426
1.477970
1.480448
1.474930
1.481523
1.489166
1.476606
1.507656
1.479659
1.490762
1.478139
1.490116
1.484929
1.503349
1.498237
1.490154
1.475800
1.493095
1.473398
1.479079
1.488707
1.474248
1.490967
1.481159
1.480807
1.493032
1.488341
1.486967
1.482136
1.483942
1.499545
1.473349
1.476035
1.481114
1.478298
1.472201
1.487232
1.496568
1.473518
1.493061
1.488334
1.487129
1.481999
1.492524
1.504745
1.490216
1.477987
1.483416
1.487894
1.474466
1.491472
1.487365
1.480854
1.485513
1.487844
1.480226
1.489554
1.473419
1.490092
1.470703
1.479366
1.482445
1.474077
1.486546
1.478474
1.474362
1.476436
1.508954
1.489165
1.486176
1.484074
1.471661
1.487875
1.472739
1.492776
1.487120
1.489184
1.479355
1.486314
1.472078
1.480418
1.472161
1.477699
1.472816
1.491581
1.503790
1.475504
1.474621
1.476771
1.474487
1.493439
1.484463
1.484708
1.476058
1.482012
1.472110
1.482474
1.479408
1.476926
1.474473
1.474692
1.484300
1.481195
1.473607
1.477540
1.479869
1.489374
1.480796
1.489903
1.493521
1.484852
1.473582
1.489521
1.472547
1.471592
1.484770
1.486719
1.483960
1.478187
1.490361
1.480762
1.482379
1.478445
1.486291
1.471115
1.481275
1.486525
1.500008
1.484149
1.480544
1.490617
1.479479
1.478369
1.485658
1.482185
1.476680
1.468289
1.469841
1.478527
1.473691
1.486269
1.489696
1.476575
1.477973
1.484756
1.488175
1.472212
1.472702
1.489939
1.476419
1.475808
1.483705
1.473230
1.480153
1.472116
1.486029
1.482107
1.479635
1.499911
1.482370
1.484117
1.471732
1.480495
1.474881
1.480415
1.471009
1.470798
1.475894
1.471244
1.484980
1.491448
1.490000
1.472176
1.475085
1.470845
1.477641
1.472167
1.484495
1.480629
1.484204
1.471687
1.478119
1.474046
1.477336
1.469896
1.489480
1.472912
1.478347
1.478629
1.485426
1.482986
1.478636
1.477854
1.482293
1.474982
1.491034
1.481569
1.476852
1.467648
1.479510
1.478923
1.479848
1.478505
1.474114
1.475691
1.473641
1.485120
1.482796
1.470818
1.468509
1.482242
1.468208
1.483476
1.485421
1.494038
1.461835
1.488469
1.470606
1.494165
1.472535
1.472861
1.476611
1.481244
1.469751
1.486686
1.475352
1.480941
1.481941
1.481117
1.476448
1.467184
1.477690
1.471385
1.493767
1.477641
1.482012
