2.295859
2.300142
2.301329
2.285329
2.246790
2.245074
2.246137
2.238569
2.191188
2.250989
2.247381
2.296109
2.139041
2.053206
2.099323
2.133703
2.226544
2.379678
2.087991
1.875523
1.857366
1.883716
1.829931
1.805216
1.827945
1.856713
1.855756
1.863799
1.838025
1.815534
1.808209
1.770599
1.677754
1.682110
1.733057
1.646815
1.679413
1.704565
1.753593
1.773705
1.744521
1.731979
1.716060
1.699869
1.703919
1.701883
1.654136
1.631144
1.640043
1.596546
1.630974
1.634162
1.608809
1.635187
1.635059
1.615352
1.658958
1.611516
1.621617
1.622791
1.615493
1.630928
1.605189
1.615217
1.592150
1.590411
1.581768
1.552881
1.577774
1.545818
1.549061
1.608953
1.557014
1.542228
1.526259
1.577774
1.565307
1.528068
1.553817
1.545677
1.576195
1.556020
1.541461
1.563393
1.562471
1.554383
1.541371
1.548501
1.541363
1.542706
1.553921
1.556230
1.551248
1.550511
1.515708
1.539390
1.534448
1.554362
1.530217
1.557334
1.533917
1.530971
1.543992
1.536194
1.527725
1.549974
1.536618
1.552777
1.553821
1.544253
1.528242
1.519663
1.526879
1.549946
1.523163
1.509744
1.526361
1.537701
1.534296
1.523806
1.517655
1.527251
1.508020
1.533799
1.520728
1.508146
1.511333
1.520011
1.539793
1.532793
1.506033
1.523693
1.548304
1.499343
1.540306
1.541893
1.511910
1.535900
1.507787
1.535368
1.510953
1.528689
1.533291
1.540164
1.522152
1.519932
1.510594
1.530339
1.520356
1.535841
1.518257
1.551824
1.510951
1.526480
1.513463
1.512799
1.535160
1.527824
1.501925
1.501262
1.529303
1.499881
1.502068
1.502321
1.540685
1.532440
1.531526
1.498852
1.516296
1.495231
1.513676
1.525144
1.511547
1.507471
1.513956
1.516144
1.534134
1.498306
1.509329
1.508147
1.507000
1.520577
1.520267
1.525426
1.508510
1.504144
1.525887
1.518949
1.507711
1.513742
1.510282
1.520512
1.505820
1.497398
1.492078
1.508997
1.500611
1.523122
1.528690
1.506428
1.503650
1.487414
1.507105
1.545182
1.523712
1.515955
1.490503
1.497786
1.501866
1.497967
1.516695
1.517575
1.505570
1.501615
1.487600
1.497439
1.517527
1.504000
1.500671
1.515687
1.509074
1.525451
1.502676
1.500746
1.498647
1.500399
1.497934
1.533438
1.507197
1.500415
1.515272
1.512606
1.492897
1.507047
1.505759
1.486544
1.482751
1.495842
1.502000
1.501675
1.517635
1.500968
1.495484
1.504871
1.502709
1.498214
1.495761
1.506763
1.497093
1.494177
1.511694
1.514236
1.506608
1.485796
1.489449
1.483952
1.502834
1.526095
1.515224
1.505876
1.494290
1.495041
1.488529
1.498335
1.504786
1.502625
1.508339
1.495695
1.512374
1.508276
1.479941
1.508399
1.487568
1.500332
1.493975
1.501563
1.488966
1.495056
1.496351
1.495859
1.495667
1.490285
1.490983
1.493579
1.492015
1.488376
1.507738
1.494043
1.493956
1.482124
1.499703
1.488276
1.497060
1.490145
1.486274
1.495506
1.479937
1.503153
1.501392
1.491603
1.503774
1.488724
1.486770
1.495716
1.477824
1.500566
1.500775
1.490031
1.497184
1.496019
1.497619
1.477430
1.481843
1.486264
1.480911
1.496993
1.483523
1.486704
1.490828
1.487438
1.492687
1.494801
1.494864
1.500344
1.499326
1.479834
1.481988
1.493571
1.494157
1.485820
1.487151
1.492680
1.493531
1.496462
1.483410
1.485575
1.501435
1.482666
1.496336
1.499742
1.497206
1.483616
1.478851
1.487466
1.494829
1.499624
1.489302
1.491822
1.477609
1.482921
1.473698
1.497636
1.511627
1.501359
1.485831
1.494011
1.488751
1.491328
1.480214
1.504090
1.498999
1.482763
1.483854
1.479325
1.504470
1.471969
1.486008
1.488082
1.473817
1.485880
1.490011
1.492161
1.487226
1.499835
1.490503
1.498384
1.476522
1.479477
1.485348
1.481486
1.485294
1.487319
1.495270
1.493616
1.498435
1.469118
1.474201
1.491705
1.477803
1.497734
1.493706
1.484728
1.493531
1.473631
1.492858
1.505105
1.488550
1.475858
1.503103
1.483625
1.472691
1.483035
1.489865
1.483432
1.473722
1.501570
1.482857
1.486035
1.476364
1.493876
1.479127
1.479951
1.485729
1.504840
1.482094
1.485295
1.478544
1.470290
1.491926
1.473889
1.486630
1.492348
1.480881
1.485750
1.475730
1.495887
1.488166
1.475227
1.487450
1.470868
1.482538
1.485918
1.496101
1.473521
1.474107
1.489522
1.503760
1.486821
1.484622
1.489877
1.476945
1.488234
1.474937
1.478327
1.484262
1.494597
1.485142
1.490446
1.475698
1.474878
1.496206
1.476600
1.478469
1.480904
1.492206
1.472214
1.490686
1.473531
1.472383
1.481979
1.486512
1.482900
1.484910
1.484582
1.470301
1.491651
1.487855
1.474625
1.477216
1.476441
1.478150
1.509836
1.469387
1.487600
1.482034
1.476804
1.475152
1.482110
1.491932
1.490392
1.482421
1.483053
1.479610
1.474546
1.488340
1.485789
1.485460
1.482115
1.501778
1.481660
1.490564
1.480647
1.474087
1.466378
1.474749
1.485851
1.481947
1.480077
1.482087
1.481126
