2.297986
2.300871
2.300853
2.302919
2.303204
2.303204
2.303328
2.302709
2.302795
2.303414
2.303132
2.303824
2.302957
2.302585
2.303080
2.302671
2.301728
2.301673
2.301425
2.302471
2.303166
2.295718
2.291389
2.292536
2.281351
2.278457
2.273965
2.265377
2.275588
2.273214
2.305885
2.331454
2.328856
2.337150
2.302531
2.268346
2.239459
2.263103
2.306364
2.351942
2.379390
2.428335
2.340578
2.298417
2.182099
2.152572
2.181535
2.211513
2.211521
2.243574
2.215077
2.228188
2.142168
2.149838
2.128815
2.107258
2.093605
2.055368
2.150753
2.175473
2.147224
2.190079
2.104527
2.038234
2.040649
2.000225
1.976722
1.971781
1.974422
2.002038
1.951466
2.000021
2.058449
2.009045
1.975798
2.054672
2.078667
2.078115
2.167366
2.133276
2.042657
1.968623
1.857219
1.790556
1.825798
1.856159
1.902093
1.924033
1.992991
2.056018
2.056529
2.102404
2.115075
2.085769
1.974135
1.962641
1.986339
1.990243
1.975744
2.063991
1.977082
2.072243
2.017541
2.060974
2.158405
2.088134
1.978903
1.876363
1.934472
1.916079
1.870501
1.927517
1.877766
1.860597
1.844077
1.780390
1.813797
1.806672
1.776400
1.746274
1.738374
1.743050
1.713451
1.734450
1.730617
1.772064
1.766598
1.763217
1.752411
1.797878
1.763492
1.770618
1.802619
1.766755
1.749922
1.732478
1.719296
1.723938
1.732270
1.730056
1.737086
1.733375
1.728132
1.719065
1.716047
1.716780
1.687218
1.679654
1.672389
1.647590
1.671759
1.660524
1.684125
1.664005
1.671183
1.665582
1.676654
1.678663
1.661845
1.659683
1.690514
1.719628
1.718857
1.693091
1.680862
1.650091
1.632021
1.667929
1.615783
1.638942
1.645061
1.654348
1.647866
1.630230
1.629045
1.640124
1.625174
1.646882
1.653373
1.632958
1.638750
1.607931
1.614532
1.636489
1.646064
1.626187
1.640527
1.621766
1.609080
1.600315
1.597701
1.594852
1.619452
1.612353
1.610998
1.614182
1.639688
1.621048
1.601948
1.625409
1.601627
1.584464
1.607262
1.570865
1.584194
1.601097
1.577509
1.612217
1.624602
1.625124
1.623497
1.591963
1.600503
1.585756
1.591470
1.599441
1.602773
1.616144
1.637774
1.590806
1.596153
1.605497
1.569054
1.611465
1.606181
1.560035
1.578031
1.604907
1.575837
1.585032
1.586028
1.588068
1.582812
1.571657
1.579199
1.590398
1.589046
1.584302
1.571040
1.579838
1.568436
1.569155
1.585470
1.577147
1.559154
1.589210
1.547564
1.564844
1.573646
1.599742
1.596793
1.574226
1.607203
1.561468
1.586731
1.552551
1.583502
1.561798
1.586203
1.582776
1.567431
1.592224
1.592999
1.558576
1.568746
1.590948
1.572600
1.549910
1.565803
1.548313
1.593626
1.577547
1.555012
1.608093
1.559944
1.550366
1.570525
1.562612
1.540877
1.549825
1.565714
1.560643
1.578367
1.548624
1.544651
1.582912
1.572886
1.598000
1.572716
1.573792
1.541446
1.551465
1.550796
1.575100
1.573346
1.549463
1.530736
1.553679
1.559235
1.554456
1.568748
1.551960
1.534114
1.559379
1.551481
1.574375
1.567986
1.552072
1.551656
1.527828
1.549754
1.559426
1.524141
1.562818
1.570553
1.566365
1.558159
1.571185
1.549173
1.542280
1.541003
1.556896
1.530458
1.541143
1.557825
1.539000
1.541982
1.531828
1.538308
1.575204
1.540232
1.562188
1.552164
1.553428
1.537773
1.565887
1.579594
1.541255
1.545952
1.552444
1.526613
1.568338
1.559142
1.549564
1.540327
1.521399
1.519780
1.528313
1.515392
1.528148
1.546646
1.558482
1.539473
1.549339
1.514323
1.535728
1.571400
1.523412
1.572317
1.541965
1.539626
1.543602
1.549572
1.539989
1.539983
1.538957
1.542997
1.539498
1.546802
1.534786
1.503986
1.545921
1.577086
1.524039
1.542466
1.543612
1.554727
1.550682
1.536920
1.538537
1.544505
1.543937
1.544769
1.533575
1.543489
1.550085
1.562369
1.552904
1.548303
1.534068
1.508545
1.528531
1.566867
1.521184
1.514378
1.517977
1.551339
1.538793
1.509991
1.550524
1.537607
1.540242
1.522926
1.541050
1.532646
1.525682
1.531926
1.541810
1.530911
1.525560
1.537329
1.547797
1.507871
1.520208
1.514396
1.523212
1.508733
1.529140
1.552295
1.530159
1.525798
1.518013
1.535943
1.520378
1.514831
1.517076
1.511861
1.520398
1.539404
1.508491
1.513593
1.515476
1.524077
1.519122
1.518126
1.534849
1.527448
1.527578
1.530000
1.530710
1.515767
1.539125
1.540169
1.534041
1.561091
1.530738
1.543513
1.550706
1.537614
1.500970
1.539249
1.546930
1.526254
1.522069
1.524349
1.520128
1.508870
1.504472
1.525282
1.509622
1.544726
1.526589
1.523067
1.547947
1.508277
1.518817
1.520860
1.511133
1.510995
1.524958
1.542047
1.529562
1.531550
1.515832
1.520422
1.513356
1.532284
1.520305
1.526935
1.527541
1.516539
1.548087
1.543437
1.517285
1.512201
1.545480
1.514773
1.528762
1.538061
1.511287
1.511402
1.502732
1.521906
1.507475
1.507090
1.517897
1.518390
1.528842
1.519886
1.499494
