2.294871
2.300695
2.295624
2.291305
2.281602
2.263470
2.250741
2.237447
2.221601
2.221156
2.193832
2.178586
2.154335
2.132921
2.110357
2.053003
2.069308
2.018750
1.947065
1.901527
1.839081
1.713133
1.703705
1.546054
1.433391
1.354838
1.270456
1.122815
0.979163
0.740572
0.870760
0.799127
0.607756
0.634461
0.592511
0.579102
0.426231
0.547996
0.441383
0.626811
0.523366
0.436231
0.384321
0.366385
0.359227
0.611366
0.617671
0.519995
0.617307
0.415994
0.325550
0.176163
0.488863
0.456885
0.475521
0.547753
0.352227
0.342191
0.401920
0.639422
0.298002
0.243366
0.349641
0.285557
0.246075
0.382950
0.308642
0.286203
0.462670
0.426343
0.341901
0.237801
0.370029
0.283692
0.282072
0.311188
0.242156
0.349188
0.308425
0.303185
0.333896
0.286671
0.345639
0.260046
0.369617
0.446437
0.196550
0.345376
0.256662
0.329434
0.244004
0.174831
0.277097
0.219225
0.273583
0.331510
0.128295
0.289935
0.222724
0.195715
0.252926
0.355026
0.338805
0.160593
0.219393
0.246621
0.210287
0.296379
0.169942
0.191043
0.231801
0.201649
0.235347
0.191493
0.274443
0.169083
0.168605
0.166818
0.133605
0.269764
0.189631
0.227969
0.163364
0.138595
0.459035
0.196746
0.285430
0.356714
0.164374
0.109040
0.143435
0.145656
0.220507
0.295479
0.186732
0.281694
0.177906
0.254242
0.229528
0.170962
0.200182
0.169917
0.240632
0.149477
0.219306
0.185446
0.170447
0.147725
0.140245
0.134464
0.175058
0.116622
0.133968
0.160198
0.220678
0.152522
0.144380
0.311345
0.208214
0.165575
0.276044
0.134835
0.194709
0.184697
0.093214
0.144767
0.143715
0.225608
0.155771
0.213407
0.137855
0.173250
0.157795
0.131802
0.231905
0.187991
0.124023
0.113980
0.185484
0.171325
0.152505
0.190498
0.175356
0.181483
0.178602
0.194144
0.158540
0.084895
0.100191
0.110839
0.103038
0.187799
0.114839
0.146331
0.252637
0.115265
0.245973
0.240639
0.210758
0.312040
0.087875
0.122717
0.098207
0.195676
0.102403
0.074402
0.169357
0.073889
0.225468
0.165201
0.142197
0.179397
0.109595
0.151619
0.103181
0.112961
0.136838
0.115641
0.066336
0.094172
0.171110
0.123932
0.110515
0.137015
0.173191
0.144763
0.064468
0.273595
0.122377
0.141269
0.129298
0.128418
0.103741
0.112917
0.170214
0.263034
0.119283
0.092619
0.079967
0.191335
0.125127
0.173629
0.086408
0.103340
0.107411
0.139958
0.103362
0.123006
0.088259
0.115242
0.082318
0.146460
0.131838
0.113728
0.132620
0.147937
0.108867
0.121007
0.094540
0.106707
0.098242
0.133381
0.078682
0.089444
0.211522
0.166992
0.155347
0.077274
0.082343
0.096924
0.115896
0.176908
0.109955
0.133417
0.175561
0.204128
0.088842
0.109703
0.110414
0.071295
0.123912
0.151041
0.168970
0.138038
0.096621
0.101481
0.094068
0.172338
0.094060
0.075013
0.185211
0.093033
0.049790
0.076280
0.064279
0.082894
0.104462
0.096443
0.054929
0.137858
0.119859
0.064947
0.118596
0.066299
0.131364
0.085160
0.168980
0.084869
0.093187
0.097736
0.161977
0.073091
0.064978
0.048656
0.092540
0.047419
0.127834
0.051857
0.111686
0.062369
0.020845
0.049673
0.135305
0.086155
0.142903
0.134273
0.135684
0.207968
0.110131
0.060765
0.107978
0.123564
0.118554
0.120133
0.080526
0.072829
0.058285
0.142884
0.050611
0.112224
0.139985
0.125529
0.031502
0.120170
0.078776
0.063765
0.166334
0.073339
0.071904
0.045438
0.052247
0.094339
0.087201
0.089954
0.147278
0.053410
0.149607
0.110162
0.114316
0.073596
0.058585
0.119891
0.084504
0.122564
0.084768
0.107678
0.132873
0.052895
0.051337
0.167202
0.146441
0.116323
0.120459
0.040705
0.063264
0.106837
0.048365
0.200100
0.107002
0.062353
0.075346
0.061769
0.109039
0.096273
0.046014
0.129576
0.058286
0.053122
0.167868
0.096787
0.146917
0.146428
0.105717
0.097443
0.090504
0.104343
0.060060
0.182511
0.047024
0.067902
0.050203
0.092983
0.103178
0.086802
0.057263
0.107672
0.130607
0.045329
0.058877
0.093455
0.052408
0.160228
0.049899
0.083082
0.024560
0.070161
0.125106
0.080323
0.167781
0.125977
0.069072
0.047764
0.043201
0.049641
0.029340
0.091382
0.095446
0.042680
0.113810
0.087284
0.041647
0.072986
0.055214
0.106204
0.063938
0.038584
0.027974
0.049745
0.050507
0.057018
0.162609
0.071237
0.111595
0.097145
0.042161
0.177763
0.070405
0.066141
0.137319
0.059211
0.059989
0.068825
0.042169
0.103240
0.134101
0.107552
0.027021
0.038042
0.083220
0.100310
0.066791
0.055590
0.075666
0.062347
0.076502
0.040072
0.051326
0.087991
0.052329
0.126357
0.070156
0.068861
0.042434
0.087943
0.102569
0.046167
0.177126
0.094025
0.106183
0.089360
0.060784
0.061343
0.090473
0.077770
0.073020
0.034980
0.094197
0.079809
0.109339
0.085931
0.042465
0.034333
0.084077
0.075131
0.093990
0.114740
0.066562
0.059762
0.070513
0.110352
