2.303345
2.298121
2.296294
2.247508
2.197053
2.248786
2.108267
2.103152
2.216968
2.332632
2.354977
2.258903
2.274414
2.244421
2.223891
2.246799
2.309342
2.284012
2.218682
2.220737
2.229607
2.205115
2.235728
2.195806
2.197446
2.260496
2.279720
2.249275
2.252243
2.193753
2.258752
2.244204
2.220166
2.259545
2.197781
2.229327
2.212746
2.188006
2.242226
2.248569
2.213985
2.268650
2.241707
2.189023
2.243888
2.228323
2.199182
2.251739
2.211492
2.180641
2.210655
2.220095
2.202305
2.214919
2.199704
2.221093
2.242574
2.242917
2.228254
2.253458
2.180663
2.182279
2.224509
2.187825
2.228728
2.202306
2.176240
2.234440
2.220151
2.202491
2.177627
2.177011
2.165339
2.166994
2.197912
2.211365
2.188727
2.225555
2.187137
2.168535
2.188306
2.176469
2.190083
2.208498
2.183744
2.208607
2.167812
2.212689
2.185919
2.192810
2.188291
2.193335
2.193503
2.196098
2.183297
2.190871
2.224098
2.183473
2.175982
2.176154
2.200217
2.143238
2.182725
2.206887
2.253622
2.188621
2.186877
2.229463
2.245790
2.187237
2.179371
2.177802
2.199992
2.139731
2.220839
2.274013
2.233006
2.184478
2.213979
2.226995
2.210487
2.197386
2.177588
2.205210
2.235230
2.229413
2.208394
2.210719
2.185467
2.226564
2.170218
2.178616
2.193139
2.229373
2.217423
2.181557
2.276556
2.179210
2.200373
2.190352
2.150775
2.152670
2.157010
2.177084
2.178254
2.224663
2.191257
2.198942
2.160650
2.160899
2.179271
2.143789
2.150218
2.211863
2.166781
2.177710
2.181326
2.146853
2.228387
2.178459
2.183293
2.159707
2.148878
2.163826
2.193971
2.169062
2.202265
2.185277
2.169364
2.158919
2.175234
2.144975
2.178544
2.151506
2.206376
2.156452
2.176728
2.184292
2.160378
2.162355
2.183814
2.186564
2.181668
2.180870
2.181991
2.209627
2.199527
2.238672
2.171284
2.191400
2.140777
2.179985
2.178397
2.150593
2.184228
2.189749
2.183817
2.178911
2.144723
2.137032
2.193780
2.163126
2.104802
2.198338
2.163530
2.165591
2.180789
2.161757
2.208349
2.193664
2.169185
2.206788
2.164961
2.143985
2.174643
2.185869
2.179362
2.193894
2.177155
2.182571
2.191466
2.204761
2.187232
2.182878
2.187855
2.181872
2.180859
2.192772
2.187770
2.194364
2.200310
2.188871
2.189268
2.182485
2.193107
2.172567
2.197083
2.223402
2.249254
2.213675
2.211855
2.212349
2.207828
2.203008
2.198913
2.228351
2.214023
2.214546
2.178556
2.210042
2.190949
2.187534
2.180710
2.194584
2.181657
2.176835
2.170897
2.172565
2.177441
2.186585
2.175773
2.184590
2.182249
2.184409
2.183684
2.177828
2.190438
2.176439
2.181419
2.174113
2.186606
2.175403
2.170484
2.177443
2.179266
2.177011
2.174555
2.181216
2.177678
2.172390
2.174918
2.172635
2.182685
2.185971
2.191499
2.181010
2.168103
2.178155
2.176805
2.169612
2.191914
2.173145
2.172242
2.172587
2.174764
2.183399
2.210442
2.209574
2.203453
2.191970
2.181239
2.176033
2.180692
2.172586
2.179087
2.166600
2.178291
2.178977
2.201509
2.187674
2.181538
2.170901
2.156162
2.161637
2.173615
2.178850
2.174367
2.174525
2.184982
2.179091
2.168925
2.170268
2.177409
2.176961
2.170731
2.165420
2.170845
2.169843
2.173362
2.193096
2.178588
2.178627
2.184876
2.187493
2.171400
2.173194
2.169946
2.172065
2.180306
2.170693
2.164102
2.160738
2.162999
2.175300
2.183178
2.174967
2.190357
2.177363
2.168892
2.164569
2.162360
2.170580
2.171216
2.187009
2.193875
2.180811
2.173207
2.177544
2.180361
2.190964
2.240592
2.217137
2.221926
2.206372
2.189388
2.175635
2.188281
2.169284
2.169483
2.178668
2.187156
2.183524
2.177135
2.171487
2.169282
2.173858
2.174176
2.175587
2.180420
2.180239
2.182357
2.173070
2.189409
2.168528
2.166649
2.158893
2.159234
2.163323
2.156836
2.173429
2.172148
2.174539
2.177189
2.162004
2.172468
2.161392
2.175161
2.176831
2.167814
2.168276
2.170118
2.167616
2.161615
2.163653
2.162962
2.167387
2.164012
2.155716
2.165458
2.161691
2.167499
2.169035
2.174008
2.166599
2.158025
2.170514
2.169744
2.157555
2.168623
2.171731
2.171640
2.167748
2.173192
2.168543
2.168217
2.172979
2.168761
2.177961
2.167587
2.183333
2.168218
2.187231
2.163576
2.159793
2.165324
2.167807
2.155100
2.160232
2.181317
2.170589
2.166151
2.163141
2.162416
2.159388
2.163943
2.159668
2.162934
2.166731
2.170642
2.162149
2.161846
2.173149
2.162634
2.165229
2.161146
2.165244
2.163034
2.159974
2.159409
2.184661
2.169540
2.165403
2.171703
2.165909
2.161952
2.159297
2.167949
2.172759
2.165487
2.170038
2.183591
2.177910
2.180261
2.157200
2.179535
2.167228
2.168253
2.168648
2.168395
2.170264
2.170875
2.159993
2.168015
2.159054
2.177482
2.164223
2.175568
2.167833
2.173210
2.180207
2.172777
2.176073
2.169638
2.164131
2.163238
2.165579
2.169351
2.165450
2.167404
2.176536
