2.304946
2.305644
2.302929
2.304739
2.302533
2.306966
2.306091
2.298723
2.288360
2.286103
2.288202
2.275836
2.291080
2.293187
2.267097
2.285036
2.260839
2.235957
2.187732
2.156682
2.112181
2.160476
2.120303
2.168355
2.130623
2.216829
2.189945
2.190510
2.071760
2.054170
1.995578
1.939369
1.869813
1.824493
1.806306
1.903731
1.798866
1.816279
1.872870
1.819665
1.794331
1.784804
1.771872
1.814081
1.771688
1.777631
1.805776
1.802527
1.780738
1.810404
1.862337
1.819198
1.796709
1.745743
1.789725
1.806882
1.834958
1.750168
1.731446
1.704292
1.737851
1.716691
1.718145
1.733418
1.703932
1.710371
1.684674
1.701114
1.661090
1.688014
1.712900
1.660144
1.671315
1.672467
1.682006
1.608098
1.651563
1.656392
1.656378
1.650061
1.658827
1.638918
1.629477
1.670222
1.641905
1.629562
1.619263
1.633546
1.634244
1.645194
1.611173
1.646546
1.654886
1.630552
1.644754
1.606339
1.604177
1.621235
1.612712
1.614615
1.660941
1.646743
1.631431
1.615005
1.651866
1.656496
1.624091
1.605268
1.611186
1.603271
1.577508
1.585877
1.612926
1.606721
1.593042
1.603918
1.620780
1.609697
1.608127
1.567014
1.563407
1.597132
1.574954
1.609032
1.576071
1.595052
1.610513
1.601690
1.600238
1.632745
1.614708
1.597765
1.613317
1.611241
1.582171
1.604474
1.623049
1.606109
1.586943
1.608368
1.566607
1.560058
1.616226
1.577100
1.583751
1.583839
1.556382
1.598115
1.563336
1.548164
1.593823
1.586975
1.554100
1.576685
1.574787
1.568827
1.574744
1.579425
1.632339
1.583157
1.575831
1.567438
1.552865
1.574049
1.573842
1.564603
1.567544
1.580955
1.581096
1.565253
1.570904
1.587923
1.550479
1.588912
1.551433
1.570448
1.567701
1.560760
1.584354
1.581807
1.585063
1.568545
1.570456
1.597109
1.575927
1.566194
1.563079
1.582606
1.536059
1.562871
1.543428
1.561556
1.552064
1.536915
1.553813
1.573917
1.575884
1.556505
1.576764
1.563512
1.566876
1.547200
1.583030
1.562758
1.567376
1.553278
1.534541
1.588884
1.564651
1.583037
1.541648
1.536626
1.572895
1.585688
1.564191
1.540972
1.555642
1.574025
1.544971
1.556037
1.545879
1.576185
1.538826
1.547642
1.543586
1.552968
1.544807
1.561580
1.548525
1.536640
1.550083
1.540151
1.534635
1.548271
1.555078
1.548261
1.561739
1.540412
1.568357
1.576430
1.544678
1.568660
1.541739
1.569583
1.568172
1.539253
1.542697
1.523638
1.572092
1.542094
1.545911
1.546474
1.535203
1.579005
1.537322
1.540363
1.549481
1.548098
1.555692
1.528507
1.543100
1.549189
1.571272
1.550333
1.533370
1.521336
1.530555
1.532969
1.584488
1.567250
1.516474
1.544551
1.540003
1.531179
1.563195
1.546680
1.552137
1.558230
1.550941
1.544269
1.553249
1.525756
1.531898
1.531881
1.548442
1.558131
1.541312
1.528646
1.533063
1.537795
1.542874
1.536333
1.544035
1.542808
1.536472
1.538927
1.548160
1.553120
1.522620
1.521042
1.536370
1.529340
1.552607
1.541129
1.531476
1.525594
1.537091
1.516744
1.543578
1.533860
1.518799
1.566026
1.545940
1.528016
1.534771
1.549822
1.544184
1.538344
1.525504
1.538872
1.527299
1.506193
1.544148
1.519553
1.526585
1.530636
1.555927
1.531708
1.518849
1.549674
1.534865
1.539224
1.533405
1.532430
1.541726
1.567392
1.544550
1.540180
1.530344
1.540796
1.527307
1.518300
1.510303
1.543381
1.537918
1.550633
1.524465
1.504176
1.541081
1.530793
1.519879
1.541828
1.535278
1.514997
1.548627
1.520330
1.526955
1.507701
1.520235
1.515079
1.549430
1.535601
1.569384
1.521862
1.555014
1.516158
1.529670
1.527811
1.529806
1.516547
1.534150
1.528396
1.517225
1.517454
1.515332
1.525553
1.534663
1.514737
1.525769
1.538674
1.528122
1.521733
1.516783
1.530485
1.539595
1.514963
1.511835
1.543129
1.537290
1.512455
1.511176
1.522475
1.526250
1.532084
1.554322
1.523085
1.525976
1.525778
1.518660
1.516357
1.542025
1.535315
1.542875
1.536272
1.506718
1.535578
1.495587
1.516600
1.521747
1.525645
1.527676
1.541101
1.540614
1.526382
1.497560
1.511624
1.517163
1.502092
1.530978
1.512369
1.512090
1.517672
1.533402
1.495682
1.521189
1.515158
1.523480
1.533891
1.527018
1.500645
1.540345
1.522583
1.525915
1.516278
1.510517
1.511086
1.503332
1.511413
1.533969
1.542818
1.527747
1.522201
1.524560
1.522917
1.492598
1.528199
1.515593
1.515458
1.540414
1.518904
1.533711
1.516141
1.514193
1.509873
1.545442
1.501095
1.520390
1.499184
1.514581
1.525186
1.504820
1.491321
1.516008
1.518037
1.553436
1.501501
1.502820
1.517916
1.520014
1.506934
1.513453
1.521711
1.520467
1.512633
1.509481
1.513676
1.513765
1.521599
1.506025
1.498190
1.529254
1.516784
1.511652
1.520611
1.527243
1.513297
1.509943
1.522337
1.507210
1.519138
1.502086
1.501782
1.529037
1.524233
1.511730
1.509834
1.513648
1.517136
1.505413
1.511444
