2.287771
2.280813
2.285288
2.277929
2.272926
2.277168
2.260682
2.257041
2.249371
2.250128
2.240583
2.237872
2.225049
2.202900
2.208948
2.192785
2.210229
2.190944
2.192433
2.148246
2.157097
2.147635
2.149303
2.116420
2.110851
2.108906
2.074149
2.101114
2.098540
2.117634
2.055265
2.017186
2.091070
2.024797
2.047781
2.028334
1.989634
1.973605
1.930106
1.977360
1.913957
1.917316
1.920890
1.962087
1.814058
1.827904
1.840307
1.801262
1.737749
1.639002
1.577417
1.523600
1.616536
1.448204
1.424067
1.317952
1.372209
1.281196
1.188041
1.117972
1.170021
1.151544
1.145504
1.236768
0.954319
0.957139
0.875242
0.903395
0.869157
0.811168
0.821079
0.733743
0.727306
0.664605
0.567066
0.581585
0.604658
0.687652
0.556919
0.637082
0.542192
0.506570
0.505619
0.437797
0.526268
0.457278
0.441967
0.479526
0.486220
0.502980
0.429603
0.389581
0.459843
0.388528
0.484311
0.386319
0.419234
0.489080
0.511877
0.597645
0.459251
0.344999
0.604008
0.460800
0.404055
0.717743
0.320143
0.327094
0.349107
0.427079
0.628076
0.414122
0.364091
0.525996
0.363353
0.437597
0.328269
0.298146
0.309947
0.267475
0.639086
0.422731
0.411197
0.345612
0.351024
0.423480
0.565944
0.283378
0.383299
0.255895
0.594185
0.375661
0.335327
0.251274
0.334714
0.494499
0.453262
0.363487
0.365257
0.342613
0.236448
0.427023
0.266341
0.383017
0.252994
0.412290
0.263658
0.329751
0.421950
0.361395
0.282640
0.262844
0.332673
0.394985
0.254029
0.438262
0.423744
0.288343
0.278203
0.346644
0.394705
0.517655
0.289014
0.313775
0.184572
0.386719
0.260445
0.377243
0.247633
0.333840
0.302148
0.401048
0.187763
0.448398
0.317977
0.215273
0.269999
0.259592
0.318907
0.292957
0.511444
0.225186
0.293604
0.200638
0.248920
0.263124
0.355314
0.239669
0.239716
0.414283
0.253068
0.291463
0.370485
0.379507
0.203906
0.244018
0.376607
0.206486
0.214990
0.347298
0.177265
0.502074
0.304526
0.311637
0.239154
0.151409
0.364165
0.253436
0.263080
0.230796
0.245976
0.279616
0.231094
0.228071
0.317605
0.324334
0.295450
0.345063
0.220868
0.264944
0.332605
0.364285
0.181379
0.256985
0.129896
0.365423
0.275383
0.292845
0.212306
0.245480
0.422038
0.272225
0.257731
0.153248
0.253487
0.290361
0.377614
0.299767
0.427370
0.180755
0.245014
0.229331
0.271843
0.315269
0.216090
0.192529
0.293989
0.201469
0.227201
0.186694
0.246602
0.318926
0.403850
0.218169
0.237236
0.399159
0.195547
0.235871
0.189063
0.205871
0.177362
0.152473
0.171617
0.227917
0.176924
0.268027
0.416884
0.253230
0.204889
0.233772
0.252768
0.184529
0.178604
0.304029
0.243406
0.186175
0.202620
0.213569
0.387692
0.186881
0.236745
0.290448
0.262260
0.273995
0.141013
0.354578
0.156021
0.134449
0.183604
0.243908
0.248405
0.150299
0.171155
0.193676
0.203762
0.232332
0.174591
0.240153
0.297957
0.326176
0.281002
0.149993
0.182577
0.137645
0.215565
0.324205
0.271599
0.155817
0.177010
0.163139
0.329865
0.141136
0.198483
0.297745
0.167457
0.227191
0.167821
0.229128
0.223146
0.352876
0.234122
0.259310
0.206540
0.516826
0.170436
0.162595
0.206279
0.303042
0.180045
0.175944
0.171330
0.160072
0.154907
0.250141
0.196724
0.121641
0.114632
0.199097
0.209433
0.202374
0.153243
0.103288
0.321345
0.219981
0.141026
0.091271
0.166982
0.232574
0.276069
0.166245
0.186883
0.138673
0.172953
0.135218
0.138914
0.211014
0.310739
0.228524
0.203788
0.213096
0.148657
0.138256
0.263753
0.147987
0.260223
0.247138
0.293156
0.126220
0.084443
0.236231
0.250186
0.142644
0.148183
0.117831
0.199586
0.237384
0.185340
0.255416
0.157480
0.337870
0.126806
0.180087
0.188496
0.130415
0.180508
0.253207
0.161810
0.176462
0.188179
0.208903
0.144504
0.267334
0.165188
0.296108
0.141496
0.201606
0.140774
0.243234
0.130080
0.154431
0.099537
0.232596
0.248616
0.173213
0.314664
0.113769
0.114113
0.150717
0.197758
0.158758
0.236302
0.134298
0.174751
0.272602
0.174066
0.123287
0.198327
0.085511
0.117592
0.143707
0.116411
0.111629
0.195199
0.137004
0.185375
0.114973
0.105580
0.125945
0.162432
0.284960
0.179317
0.246688
0.134972
0.159826
0.265767
0.239876
0.209885
0.111199
0.167890
0.127547
0.168038
0.148328
0.226961
0.200713
0.260831
0.177195
0.097827
0.083819
0.252487
0.286589
0.152272
0.124930
0.156609
0.189569
0.150382
0.104234
0.166049
0.169864
0.153909
0.141385
0.199328
0.160074
0.171476
0.251631
0.079181
0.123445
0.340858
0.264946
0.147731
0.139555
0.211866
0.128879
0.092132
0.089050
0.082711
0.103552
0.285957
0.127205
0.148148
0.167328
0.194893
0.124264
0.072347
0.171999
0.080872
0.069117
0.203812
0.156893
0.153047
0.164719
0.151876
0.216666
0.249911
0.168469
0.157486
0.188307
0.104304
0.137051
0.196558
0.106292
