2.302457
2.295743
2.293943
2.265463
2.280814
2.258966
2.253936
2.256528
2.153993
2.185843
2.155952
2.125180
2.148804
2.082183
2.051358
1.957184
1.983426
1.956042
1.854043
1.836470
1.820389
1.841129
1.797798
1.759567
1.818497
1.786116
1.799405
1.816868
1.812719
1.706207
1.714388
1.759440
1.768038
1.706656
1.753385
1.755005
1.762581
1.653261
1.762391
1.684135
1.700577
1.732912
1.733076
1.736433
1.717387
1.754767
1.729745
1.671023
1.687858
1.686581
1.734848
1.658871
1.666812
1.690759
1.696083
1.656164
1.751543
1.652485
1.699903
1.677783
1.722854
1.640964
1.692313
1.727856
1.686711
1.654253
1.647769
1.630149
1.649679
1.591887
1.606448
1.618806
1.642584
1.603314
1.663826
1.632656
1.652270
1.659788
1.608838
1.634480
1.568432
1.583006
1.586982
1.640202
1.602564
1.612926
1.603604
1.583126
1.600674
1.643569
1.611975
1.567857
1.585469
1.623635
1.612189
1.595286
1.616607
1.561208
1.626984
1.598400
1.633750
1.616157
1.628394
1.621637
1.584700
1.569926
1.600111
1.583772
1.575871
1.565005
1.577757
1.568833
1.567635
1.606875
1.551802
1.593795
1.601749
1.549655
1.558815
1.618233
1.562978
1.599128
1.630836
1.585140
1.650476
1.583248
1.570744
1.553937
1.621988
1.574908
1.553697
1.596687
1.606142
1.563670
1.590845
1.577045
1.595021
1.533394
1.577573
1.612780
1.535305
1.538478
1.538819
1.564040
1.579935
1.623173
1.578530
1.590618
1.579543
1.622756
1.599070
1.564840
1.557245
1.558646
1.546430
1.594022
1.607815
1.605895
1.529534
1.566453
1.599866
1.586791
1.604034
1.565533
1.574376
1.589739
1.592604
1.572115
1.592295
1.576673
1.576676
1.573182
1.565769
1.591194
1.569360
1.565026
1.589244
1.560374
1.539881
1.548207
1.588596
1.575382
1.593278
1.578568
1.571508
1.581665
1.615729
1.554662
1.520920
1.542927
1.558135
1.554215
1.547770
1.573336
1.548593
1.529136
1.570664
1.594515
1.595511
1.579903
1.562264
1.561372
1.621061
1.558584
1.611394
1.548407
1.612825
1.569551
1.543637
1.595320
1.575795
1.524730
1.576387
1.594885
1.578115
1.544899
1.571997
1.568571
1.550225
1.563672
1.580623
1.564719
1.590756
1.576608
1.533537
1.556007
1.562593
1.595468
1.579794
1.578031
1.597397
1.549478
1.548030
1.571679
1.580757
1.541578
1.566108
1.580348
1.556578
1.523525
1.529454
1.553435
1.577117
1.524091
1.560237
1.613438
1.550786
1.568530
1.552846
1.563110
1.578106
1.535264
1.599309
1.552271
1.572595
1.587130
1.544670
1.579903
1.546677
1.568073
1.574319
1.581391
1.566108
1.602522
1.563259
1.549361
1.608021
1.569333
1.546773
1.521900
1.523655
1.553541
1.527253
1.590255
1.576918
1.539193
1.553638
1.550547
1.603653
1.550857
1.568875
1.570206
1.567446
1.571507
1.569838
1.566429
1.569137
1.540007
1.551425
1.562690
1.575401
1.531125
1.582083
1.610466
1.558443
1.579433
1.547831
1.550746
1.560940
1.528324
1.537720
1.601819
1.578082
1.545806
1.544517
1.591217
1.563974
1.588122
1.603494
1.568072
1.556980
1.571281
1.541357
1.554411
1.575768
1.521517
1.563426
1.580464
1.573507
1.558151
1.535948
1.573840
1.583135
1.545551
1.543413
1.518127
1.564865
1.537974
1.533304
1.579265
1.581388
1.542773
1.572932
1.560785
1.517644
1.578636
1.519902
1.585028
1.541366
1.542768
1.577450
1.566962
1.576423
1.578524
1.549534
1.578548
1.528767
1.550996
1.554287
1.555982
1.543510
1.532200
1.583678
1.559508
1.561655
1.569567
1.545007
1.558266
1.550338
1.548800
1.590461
1.529856
1.569253
1.577498
1.544686
1.557181
1.607399
1.513415
1.539688
1.550402
1.583870
1.537012
1.571958
1.580308
1.566540
1.528575
1.553564
1.555917
1.561647
1.537933
1.532045
1.571042
1.536586
1.523309
1.554620
1.530241
1.559271
1.563588
1.552080
1.574417
1.551595
1.556728
1.563275
1.521701
1.557063
1.563013
1.574988
1.568677
1.559000
1.593000
1.562599
1.540939
1.564144
1.549700
1.516208
1.538817
1.577134
1.548917
1.526647
1.571384
1.577129
1.581866
1.576455
1.563882
1.551372
1.553776
1.556429
1.577236
1.571875
1.561810
1.530040
1.533099
1.556562
1.623318
1.568542
1.539026
1.565804
1.548134
1.557086
1.539888
1.545746
1.542600
1.534172
1.525296
1.563315
1.563847
1.572777
1.546608
1.571206
1.509557
1.561621
1.543961
1.566790
1.550179
1.554370
1.550688
1.569993
1.554283
1.527993
1.567235
1.573397
1.550034
1.557121
1.567403
1.564710
1.555247
1.547538
1.564002
1.548914
1.571652
1.565321
1.532362
1.549849
1.548228
1.552908
1.611735
1.567975
1.550937
1.505630
1.566235
1.571990
1.540188
1.573894
1.539664
1.561790
1.520681
1.523220
1.582868
1.533596
1.535489
1.576513
1.523331
1.611838
1.516347
1.566812
1.582830
1.536312
1.488055
1.597319
1.536487
1.571965
1.553463
1.576098
1.525154
1.549242
1.536831
1.563934
1.581535
1.577430
1.543647
