2.306552
2.289116
2.307065
2.291509
2.286968
2.285574
2.280944
2.274194
2.257787
2.252528
2.242851
2.241060
2.228288
2.219666
2.216430
2.206785
2.188987
2.176484
2.160000
2.141291
2.135836
2.103323
2.104565
2.075149
2.083076
2.037493
2.007460
2.013780
1.970165
1.933737
1.918148
1.862210
1.785738
1.723968
1.685276
1.594391
1.528153
1.466120
1.410343
1.321283
1.326930
1.291718
1.162971
0.965962
1.023373
0.882765
0.783305
0.766866
0.686474
0.626639
0.578240
0.595471
0.498502
0.648426
0.504921
0.471639
0.497279
0.481422
0.512491
0.490278
0.485555
0.461837
0.451564
0.540870
0.332345
0.427958
0.433397
0.373009
0.392771
0.368149
0.363684
0.335347
0.394983
0.450507
0.428492
0.400623
0.476407
0.478149
0.411973
0.408945
0.358029
0.312505
0.265907
0.331150
0.358804
0.498297
0.529939
0.297457
0.362567
0.458431
0.401769
0.266972
0.387308
0.373977
0.413772
0.401218
0.355184
0.247994
0.295305
0.288023
0.260545
0.241369
0.361966
0.329023
0.343408
0.240409
0.236715
0.293802
0.274660
0.297675
0.440845
0.329859
0.255403
0.196692
0.384282
0.343033
0.214373
0.301342
0.320695
0.402398
0.192438
0.467430
0.224344
0.265503
0.374207
0.269352
0.292166
0.445639
0.279116
0.228172
0.208724
0.349554
0.274917
0.377244
0.253142
0.218099
0.275228
0.226902
0.385811
0.356396
0.254415
0.294291
0.249768
0.270073
0.228822
0.238484
0.198212
0.361992
0.255822
0.438639
0.319042
0.187538
0.224864
0.266432
0.285013
0.332018
0.261684
0.268735
0.244573
0.178527
0.259942
0.193308
0.261535
0.352515
0.291862
0.196865
0.212883
0.220782
0.221516
0.239834
0.343202
0.337558
0.356680
0.416356
0.297509
0.250830
0.261994
0.187174
0.234174
0.262427
0.211407
0.186423
0.221165
0.205352
0.314792
0.308242
0.222338
0.275475
0.269385
0.266885
0.144554
0.181134
0.267129
0.246183
0.149310
0.176444
0.196654
0.240639
0.193848
0.342708
0.278569
0.245389
0.301818
0.137854
0.313912
0.279881
0.177806
0.180467
0.292390
0.200830
0.218953
0.269752
0.303770
0.136672
0.120010
0.366944
0.206837
0.202127
0.207836
0.278972
0.255472
0.318975
0.287833
0.242685
0.195723
0.145575
0.191439
0.532817
0.157656
0.197712
0.158276
0.208184
0.181892
0.169256
0.409310
0.223366
0.144002
0.260854
0.149635
0.129270
0.264339
0.245549
0.279246
0.212997
0.189675
0.240720
0.256600
0.223955
0.238538
0.173922
0.298903
0.130737
0.183078
0.260109
0.295663
0.123906
0.190220
0.309926
0.176198
0.154888
0.217761
0.266512
0.162486
0.283634
0.193999
0.305174
0.206506
0.295960
0.174553
0.221580
0.194452
0.209269
0.184035
0.127662
0.192146
0.119318
0.270495
0.208889
0.190764
0.154032
0.129376
0.136500
0.210201
0.182353
0.268431
0.242879
0.329432
0.172313
0.241508
0.148814
0.171316
0.199801
0.237491
0.128852
0.230867
0.196962
0.113478
0.177984
0.237012
0.244472
0.153987
0.151217
0.244800
0.192274
0.114121
0.247117
0.162406
0.132018
0.090721
0.137754
0.275574
0.304862
0.201306
0.181695
0.150773
0.204763
0.126358
0.159633
0.226397
0.185254
0.176526
0.167774
0.189630
0.133947
0.196503
0.216024
0.077520
0.201424
0.150115
0.233517
0.204714
0.203669
0.133421
0.118726
0.124980
0.204070
0.242701
0.101813
0.175135
0.245410
0.287951
0.142036
0.119899
0.153141
0.118545
0.195643
0.328377
0.074501
0.268974
0.122762
0.196732
0.138228
0.085818
0.212355
0.099574
0.121142
0.212387
0.123922
0.234202
0.079627
0.242911
0.125144
0.238836
0.199225
0.087047
0.178481
0.205545
0.195220
0.178154
0.188469
0.203838
0.119862
0.098644
0.142853
0.150064
0.182501
0.230216
0.082951
0.187202
0.272707
0.162122
0.192591
0.161451
0.099132
0.298276
0.121481
0.175771
0.201016
0.066038
0.221246
0.182791
0.174377
0.166717
0.209732
0.119582
0.331524
0.191054
0.071550
0.115343
0.143167
0.240875
0.099406
0.116187
0.078761
0.161759
0.047170
0.180425
0.097679
0.147105
0.154707
0.161118
0.202850
0.099550
0.121829
0.247980
0.122832
0.105329
0.276792
0.152786
0.149972
0.300860
0.187522
0.143454
0.109585
0.113130
0.082929
0.084253
0.128829
0.104473
0.128132
0.064070
0.155804
0.085122
0.143742
0.172466
0.125606
0.225653
0.183551
0.161993
0.179941
0.163945
0.148363
0.113123
0.125241
0.200391
0.093729
0.079461
0.231576
0.068824
0.248331
0.109370
0.143047
0.109184
0.168147
0.213984
0.212484
0.148360
0.148663
0.168565
0.081417
0.139080
0.173035
0.095063
0.135445
0.147731
0.254443
0.128521
0.185318
0.079683
0.162210
0.174028
0.093659
0.124855
0.128776
0.135283
0.077834
0.148992
0.129065
0.099916
0.124744
0.264447
0.163987
0.128950
0.165248
0.213931
0.093322
0.092262
0.096284
0.143424
0.120899
0.095524
0.129200
0.095751
0.215875
0.107655
0.220929
0.132532
0.127799
0.122945
0.157696
