2.309151
2.304195
2.302833
2.302585
2.302585
2.302585
2.302585
2.302585
2.302585
2.302585
2.302585
2.302585
2.302585
2.302585
2.302585
2.302585
2.302585
2.302585
2.302585
2.302585
2.302585
2.302585
2.302585
2.302585
2.302585
2.302585
2.302585
2.302585
2.302585
2.302585
2.302585
2.302585
2.302585
2.302585
2.302585
2.302585
2.302585
2.302585
2.302585
2.302585
2.302585
2.302585
2.302585
2.302585
2.302585
2.302585
2.302585
2.302585
2.302585
2.302585
2.302585
2.302585
2.302585
2.302585
2.302585
2.302585
2.302585
2.302585
2.302585
2.302585
2.302585
2.302585
2.302585
2.302585
2.302585
2.302585
2.302585
2.302585
2.302585
2.302585
2.302585
2.302585
2.302585
2.302585
2.302585
2.302585
2.302585
2.302585
2.302585
2.302585
2.302585
2.302585
2.302585
2.302585
2.302585
2.302585
2.302585
2.302585
2.302585
2.302585
2.302585
2.302585
2.302585
2.302585
2.302585
2.302585
2.302585
2.302585
2.302585
2.302585
2.302585
2.302585
2.302585
2.302585
2.302585
2.302585
2.302585
2.302585
2.302585
2.302585
2.302585
2.302585
2.302585
2.302585
2.302585
2.302585
2.302585
2.302585
2.302585
2.302585
2.302585
2.302585
2.302585
2.302585
2.302585
2.302585
2.302585
2.302585
2.302585
2.302585
2.302585
2.302585
2.302585
2.302585
2.302585
2.302585
2.302585
2.302585
2.302585
2.302585
2.302585
2.302585
2.302585
2.302585
2.302585
2.302585
2.302585
2.302585
2.302585
2.302585
2.302585
2.302585
2.302585
2.302585
2.302585
2.302585
2.302585
2.302585
2.302585
2.302585
2.302585
2.302585
2.302585
2.302585
2.302585
2.302585
2.302585
2.302585
2.302585
2.302585
2.302585
2.302585
2.302585
2.302585
2.302585
2.302585
2.302585
2.302585
2.302585
2.302585
2.302585
2.302585
2.302585
2.302585
2.302585
2.302585
2.302585
2.302585
2.302585
2.302585
2.302585
2.302585
2.302585
2.302585
2.302585
2.302585
2.302585
2.302585
2.302585
2.302585
2.302585
2.302585
2.302585
2.302585
2.302585
2.302585
2.302585
2.302585
2.302585
2.302585
2.302585
2.302585
2.302585
2.302585
2.302585
2.302585
2.302585
2.302585
2.302585
2.302585
2.302585
2.302585
2.302585
2.302585
2.302585
2.302585
2.302585
2.302585
2.302585
2.302585
2.302585
2.302585
2.302585
2.302585
2.302585
2.302585
2.302585
2.302585
2.302585
2.302585
2.302585
2.302585
2.302585
2.302585
2.302585
2.302585
2.302585
2.302585
2.302585
2.302585
2.302585
2.302585
2.302585
2.302585
2.302585
2.302585
2.302585
2.302585
2.302585
2.302585
2.302585
2.302585
2.302585
2.302585
2.302585
2.302585
2.302585
2.302585
2.302585
2.302585
2.302585
2.302585
2.302585
2.302585
2.302585
2.302585
2.302585
2.302585
2.302585
2.302585
2.302585
2.302585
2.302585
2.302585
2.302585
2.302585
2.302585
2.302585
2.302585
2.302585
2.302585
2.302585
2.302585
2.302585
2.302585
2.302585
2.302585
2.302585
2.302585
2.302709
2.302585
2.302585
2.302585
2.302585
2.302585
2.302585
2.302709
2.302585
2.302585
2.302585
2.302585
2.302585
2.302833
2.302709
2.302585
2.302585
2.302833
2.302957
2.302957
2.302833
2.302709
2.302833
2.302709
2.302709
2.302833
2.302833
2.302585
2.302585
2.302585
2.303081
2.302709
2.302585
2.302709
2.302709
2.302833
2.303328
2.303452
2.303080
2.303080
2.302957
2.303188
2.303576
2.303452
2.303576
2.304426
2.304054
2.303807
2.303435
2.303452
2.302940
2.302795
2.303752
2.301567
2.295399
2.306016
2.295445
2.307169
2.304567
2.303576
2.303328
2.303204
2.303700
2.304319
2.305789
2.303948
2.303700
2.300530
2.288813
2.304755
2.313117
2.306541
2.271721
2.302888
2.308875
2.312400
2.312010
2.308677
2.298095
2.254450
2.294104
2.309209
2.323827
2.310363
2.285207
2.249752
2.300957
2.331538
2.324106
2.298931
2.224257
2.270797
2.312981
2.262647
2.247416
2.308622
2.334155
2.295607
2.208949
2.177306
2.290138
2.314742
2.316505
2.328099
2.327604
2.290227
2.193404
2.022764
2.067173
2.185266
2.374862
2.306661
2.304880
2.309246
2.308003
2.310416
2.317572
2.338657
2.324646
2.306374
2.304406
2.302311
2.285891
2.270314
2.193614
2.063876
2.118585
2.189927
2.288526
2.311248
2.304426
2.307763
2.309503
2.310100
2.246344
2.173668
2.252627
2.286949
2.301463
2.298006
2.300445
2.303278
2.305608
2.308885
2.308397
2.310072
2.290684
2.203762
2.252090
2.261334
2.322283
2.262713
2.193323
2.059546
2.059861
2.085114
2.191661
2.228220
2.355385
2.423548
2.366629
2.320930
2.316619
2.305434
2.301056
2.293284
2.276583
2.181839
2.201012
2.225544
2.122015
2.196507
2.186593
2.207402
2.172210
2.269415
2.324027
2.344161
2.321329
2.272058
2.184798
2.143207
2.061020
1.967291
1.849360
1.816207
1.819140
1.793347
1.704293
1.791222
1.853145
1.837411
1.844406
2.118881
2.195054
2.263427
2.274489
2.269024
2.308602
2.326573
2.336147
