2.228282
2.232209
2.214283
2.250179
2.241557
2.263337
2.260950
2.245230
2.235748
2.226089
2.225259
2.252291
2.257557
2.260979
2.271801
2.286352
2.271672
2.284665
2.286995
2.252889
2.249608
2.295799
2.230153
2.226865
2.207506
2.209613
2.210190
2.226502
2.252067
2.161783
2.112868
2.218348
2.134415
2.134541
2.153913
2.020838
1.993358
2.068372
2.135793
1.977616
2.010564
2.070420
1.841521
1.809485
1.969388
1.913276
1.974953
2.019365
1.811328
2.099770
1.919382
1.961971
2.052278
1.777996
1.630618
1.695769
1.798799
1.820394
1.763556
1.728860
1.706278
1.816164
1.972953
2.146796
1.612659
1.607252
1.687751
1.709989
1.654636
1.389541
1.667456
2.129777
1.415570
1.526638
1.791144
2.493790
1.495636
1.777496
1.960697
1.255313
1.317824
1.307573
1.859187
1.978055
1.346920
1.318214
0.857838
0.998515
1.064222
1.617544
1.745170
1.992993
1.981079
5.105221
2.957572
2.169209
4.306238
3.016696
3.537932
9.037263
7.058194
3.553430
7.782933
4.101764
21.678989
23.635309
40.349838
60.133476
35.175751
15.488409
10.189759
3.970355
1.292549
1.315675
1.691999
1.874257
2.065010
2.157611
2.182477
2.208233
2.234447
2.247123
2.247079
2.256619
2.260916
2.231175
2.235901
2.252549
2.252115
2.270313
2.254465
2.230153
2.248940
2.243783
2.253682
2.233091
2.219483
2.233266
2.234956
2.209435
2.220090
2.226007
2.220944
2.223169
2.238263
2.225916
2.174277
2.219326
2.154450
2.158932
2.150605
2.309631
2.169667
2.118879
2.146464
2.249969
2.153890
2.152568
2.171141
2.163115
2.159827
2.167017
2.155995
2.145484
2.155451
2.140733
2.160000
2.164898
2.150005
2.151875
2.166195
2.127839
2.161506
2.131045
2.158277
2.137763
2.147200
2.134782
2.083143
2.078499
2.108513
2.082597
2.056889
2.083634
2.042807
2.051164
2.056416
2.065368
2.063766
2.032158
2.016533
2.049412
2.064736
1.950856
2.033296
1.968695
1.939529
1.945872
2.049166
1.977160
1.920749
1.986650
1.940559
1.900894
1.907259
1.838942
1.886840
1.885615
1.970524
1.812662
1.802789
1.787768
1.843544
1.861164
1.777086
1.743469
1.790656
1.743119
1.750973
1.653475
1.672677
1.701925
1.677979
1.621711
1.633218
1.587496
1.503932
1.685645
1.566889
1.472781
1.485007
1.524499
1.391733
1.329809
1.371571
1.324348
1.280958
1.335468
1.341559
1.232310
1.271600
1.274908
1.324566
1.172965
1.097916
1.249925
1.234970
1.195915
1.166477
0.966888
1.075971
1.145098
0.891732
1.042829
1.130980
1.184773
0.975860
1.025919
0.885434
1.031929
0.977467
1.091213
1.046514
0.967317
0.992471
0.895572
1.064046
0.909855
0.812850
0.694554
0.754269
0.895277
0.839646
0.976054
0.839999
0.822550
0.706908
0.815125
0.554280
1.149616
0.768653
0.955436
0.672146
0.754969
0.891014
0.801175
0.473914
0.600379
0.644776
0.824893
0.767877
0.959798
0.932785
0.733547
0.992735
0.802466
0.849251
0.812398
0.431765
0.682058
0.946736
0.617820
0.746361
0.737927
0.688964
0.836208
0.713219
0.954179
0.985478
0.469816
0.544475
0.652018
0.598507
0.758009
0.597279
0.716506
0.503686
0.659456
0.872479
0.524813
0.772116
0.531291
0.448815
0.466703
0.411587
0.495310
1.124568
0.909434
1.649804
0.641654
0.784971
1.062833
0.622593
0.792120
0.812964
0.783453
0.734967
0.746306
0.768921
0.616169
0.444116
0.689358
0.730729
0.547892
0.656196
0.767079
0.548682
0.386666
0.526337
0.467271
0.486734
0.369028
0.455921
0.338810
0.490624
0.531802
0.448738
0.365635
0.360619
0.527890
0.336526
0.385479
0.469871
0.460488
0.362381
0.601169
0.311446
0.381820
0.391034
0.499003
0.450637
0.525374
0.419038
0.795904
0.505997
0.553017
0.525451
0.351262
0.472329
0.509256
0.572558
0.371173
0.552822
0.352025
0.629567
0.444537
0.671179
0.564764
0.377735
0.318053
0.325001
1.155707
0.815195
0.615312
0.352714
0.460446
0.406320
0.434547
0.589733
0.501373
0.478410
0.438828
0.155565
0.710240
1.253189
0.549365
0.432351
0.839698
0.924311
0.299151
0.544644
1.076249
0.767775
0.357260
0.757690
0.242911
0.946838
0.430577
0.293198
0.498776
0.453277
0.860465
1.096207
1.445137
1.030965
0.316380
0.776512
1.056794
0.614956
1.103779
1.210555
0.904224
0.889443
1.209018
1.175036
0.515756
0.535682
0.490816
1.435009
0.769809
1.111694
1.489152
0.583287
0.956322
0.676858
1.341731
0.967046
0.993972
1.344005
0.784959
0.726720
1.292720
0.678825
1.403421
0.166167
1.115981
1.851663
0.330479
1.783093
0.685954
1.577035
1.712785
0.543145
0.668349
1.029825
1.713989
1.106384
1.185578
1.923476
0.676781
1.812394
0.663832
0.753573
1.097343
1.538630
1.488591
0.781188
1.430519
0.534003
1.692380
0.614203
1.196508
2.150515
2.794188
1.743938
1.496799
1.433694
1.956590
1.255431
2.468963
3.149026
3.234186
2.463549
0.330591
4.557881
2.007950
3.814714
3.916693
1.863931
3.396510
