2.305544
2.305727
2.304732
2.307716
2.304291
2.305806
2.304653
2.304426
2.302966
2.302757
2.301480
2.303700
2.303328
2.303414
2.304567
2.303700
2.304157
2.303693
2.304902
2.305197
2.304429
2.306666
2.301548
2.305124
2.305520
2.306301
2.303538
2.303824
2.302547
2.302175
2.301232
2.303452
2.302547
2.302957
2.302709
2.302585
2.302957
2.302833
2.303204
2.303204
2.304567
2.304426
2.304192
2.304295
2.305024
2.303710
2.305465
2.303941
2.303159
2.304443
2.303376
2.302881
2.303700
2.302530
2.303080
2.303080
2.302833
2.302709
2.302175
2.303080
2.302957
2.303204
2.303328
2.303080
2.302957
2.303080
2.302833
2.302957
2.303452
2.303204
2.302385
2.303290
2.303824
2.303452
2.302833
2.302585
2.302709
2.302833
2.302709
2.302957
2.302585
2.302585
2.302709
2.302833
2.302957
2.302709
2.302833
2.303081
2.303204
2.303204
2.303328
2.302957
2.302957
2.303081
2.302709
2.302709
2.302833
2.302585
2.302957
2.302833
2.303080
2.302957
2.302957
2.302833
2.302709
2.302833
2.302585
2.302957
2.302709
2.301928
2.302833
2.302709
2.303452
2.303576
2.302175
2.302671
2.303081
2.303080
2.302833
2.302709
2.303080
2.302709
2.302709
2.302585
2.302585
2.302585
2.302585
2.302585
2.302833
2.302833
2.302709
2.301339
2.302957
2.303328
2.302957
2.302585
2.302833
2.302709
2.302585
2.302585
2.302709
2.302833
2.302709
2.302585
2.302585
2.302585
2.303204
2.302709
2.302833
2.302585
2.302709
2.302585
2.302585
2.302833
2.302585
2.302585
2.302709
2.302585
2.302585
2.302585
2.302833
2.302833
2.302585
2.302585
2.302585
2.302585
2.302585
2.302585
2.302709
2.302709
2.302585
2.301928
2.303080
2.302833
2.302957
2.302833
2.302833
2.302833
2.302585
2.302585
2.302585
2.302585
2.302585
2.302585
2.302585
2.302585
2.302709
2.302585
2.302585
2.302585
2.302709
2.302585
2.302585
2.302585
2.302585
2.302585
2.302585
2.302585
2.302585
2.302585
2.302709
2.302585
2.302585
2.302709
2.302585
2.302585
2.302585
2.302585
2.302585
2.302585
2.302585
2.302585
2.302585
2.302709
2.302833
2.302585
2.302585
2.302585
2.302585
2.302585
2.302585
2.302709
2.302052
2.302833
2.302833
2.302709
2.302833
2.302833
2.302833
2.302709
2.302833
2.302585
2.302585
2.302585
2.302709
2.301928
2.302585
2.302299
2.302709
2.302585
2.302052
2.302585
2.302709
2.302585
2.302585
2.302585
2.302709
2.302585
2.302709
2.302585
2.302709
2.302585
2.302585
2.302585
2.302585
2.302585
2.302709
2.302585
2.302585
2.302709
2.302709
2.302709
2.302585
2.302585
2.302585
2.302585
2.302585
2.302585
2.302585
2.302585
2.302585
2.302585
2.302585
2.302585
2.302585
2.302585
2.302585
2.302585
2.302709
2.302585
2.302585
2.302585
2.302585
2.302585
2.302585
2.302585
2.302585
2.302585
2.302585
2.302585
2.302585
2.302585
2.302585
2.302585
2.302585
2.302709
2.302709
2.302585
2.302585
2.302585
2.302585
2.302585
2.302585
2.302585
2.302585
2.302585
2.302585
2.302585
2.302585
2.302585
2.302585
2.302585
2.302585
2.302585
2.302585
2.302585
2.302585
2.302585
2.302585
2.302585
2.302585
2.302585
2.302585
2.302833
2.302585
2.302833
2.302585
2.302585
2.302709
2.302585
2.302585
2.302585
2.302585
2.302585
2.302585
2.302585
2.302585
2.302585
2.302585
2.302585
2.302585
2.302585
2.302585
2.302585
2.302585
2.302585
2.302709
2.302585
2.302585
2.302585
2.302585
2.302585
2.302585
2.302585
2.302585
2.302585
2.302585
2.302709
2.302585
2.302585
2.302585
2.302585
2.302585
2.302585
2.302585
2.302585
2.302585
2.302585
2.302585
2.302585
2.302585
2.302585
2.302585
2.302585
2.302585
2.302585
2.302585
2.302585
2.302585
2.302585
2.302585
2.302585
2.302585
2.302585
2.302585
2.302585
2.302585
2.302585
2.302585
2.302585
2.302585
2.302585
2.302585
2.302585
2.302585
2.302585
2.302585
2.302585
2.302585
2.302585
2.302585
2.302585
2.302585
2.302585
2.302585
2.302585
2.302585
2.302585
2.302585
2.302585
2.302585
2.302585
2.302585
2.302585
2.302585
2.302585
2.302585
2.302585
2.302585
2.302585
2.302585
2.302585
2.302585
2.302585
2.302585
2.302585
2.302585
2.302585
2.302585
2.302585
2.302585
2.302585
2.302585
2.302585
2.302585
2.302585
2.302585
2.302585
2.302585
2.302585
2.302585
2.302585
2.302585
2.302585
2.302585
2.302585
2.302585
2.302585
2.302585
2.302585
2.302585
2.302585
2.302585
2.302585
2.302585
2.302585
2.302585
2.302585
2.302585
2.302585
2.302585
2.302585
2.302585
2.302585
2.302585
2.302585
2.302585
2.302585
2.302585
2.302585
2.302585
2.302585
2.302585
2.302585
2.302585
2.302585
2.302585
2.302585
2.302585
2.302585
2.302585
2.302585
2.302585
2.302585
2.302585
2.302585
2.302585
2.302585
2.302585
2.302585
2.302585
2.302585
2.302585
2.302585
2.302585
2.302585
2.302585
2.302585
2.302585
2.302585
