2.305910
2.304670
2.305842
2.304441
2.309748
2.307951
2.290967
2.309060
2.326893
2.317142
2.299565
2.302362
2.295082
2.272821
2.254009
2.268797
2.283626
2.263276
2.253269
2.230155
2.230041
2.234336
2.239298
2.216371
2.200054
2.220929
2.146312
2.156576
2.134592
2.111759
2.122824
2.114246
2.110075
2.114300
2.089938
2.095920
2.060678
2.067718
2.042661
2.008797
1.998434
2.007297
2.033728
2.029093
2.001356
2.021023
2.009540
1.981324
1.996549
2.001837
1.995577
1.981264
1.967315
1.958811
1.995887
2.023012
2.030981
2.034899
2.052115
2.098583
2.128864
2.091065
2.061148
2.014989
1.979907
1.949194
1.954430
1.978504
1.951683
1.905075
1.905580
1.909639
1.910137
1.908794
1.926758
1.910548
1.878820
1.875045
1.849476
1.849881
1.839539
1.826997
1.895382
1.881584
1.909671
1.853233
1.825767
1.809084
1.805858
1.795618
1.811770
1.823249
1.840900
1.844764
1.778229
1.795657
1.823285
1.812191
1.827660
1.804256
1.795918
1.796775
1.773691
1.806502
1.760045
1.807398
1.818157
1.778312
1.771895
1.807714
1.843432
1.785648
1.797899
1.795387
1.791865
1.798172
1.770737
1.769926
1.753285
1.770617
1.764803
1.806219
1.758163
1.804744
1.778152
1.771407
1.774299
1.773289
1.856137
1.776838
1.757132
1.760114
1.748328
1.771965
1.800607
1.773573
1.780047
1.765111
1.752050
1.771431
1.748759
1.756843
1.746115
1.779266
1.783838
1.715503
1.694593
1.708930
1.732458
1.700917
1.668220
1.679842
1.727820
1.765225
1.732225
1.768182
1.765681
1.682355
1.693187
1.665856
1.679789
1.718467
1.735660
1.732765
1.739366
1.695059
1.700098
1.713498
1.695627
1.689579
1.715430
1.687079
1.671162
1.688362
1.714297
1.735682
1.712242
1.705095
1.685774
1.655686
1.681119
1.681337
1.708520
1.702354
1.695599
1.673958
1.696057
1.704517
1.678579
1.679588
1.673877
1.704509
1.677168
1.668047
1.703876
1.671334
1.673849
1.680652
1.679679
1.677165
1.684177
1.659255
1.709511
1.707411
1.685486
1.651885
1.629845
1.671492
1.661944
1.673142
1.654737
1.644399
1.669295
1.654105
1.675103
1.682527
1.659942
1.640008
1.676216
1.666092
1.666936
1.644541
1.664272
1.656373
1.656354
1.667397
1.676630
1.643094
1.654142
1.633855
1.698529
1.671110
1.648218
1.637840
1.673694
1.675150
1.650900
1.652963
1.640943
1.651161
1.662495
1.634973
1.653268
1.643251
1.648688
1.648831
1.621227
1.619295
1.629224
1.644829
1.652300
1.647697
1.637328
1.638095
1.661497
1.649505
1.653474
1.627922
1.626825
1.640699
1.617350
1.647289
1.640005
1.670131
1.637570
1.708303
1.646687
1.637000
1.617469
1.666873
1.663711
1.622521
1.625930
1.643378
1.676691
1.675830
1.641023
1.623823
1.611539
1.626978
1.618917
1.613612
1.615652
1.613495
1.624801
1.607044
1.650821
1.645042
1.632894
1.626865
1.625638
1.606708
1.618410
1.612486
1.645872
1.646398
1.626647
1.616125
1.612266
1.624784
1.623540
1.623519
1.613967
1.654553
1.618032
1.624046
1.617558
1.643060
1.646675
1.652183
1.622353
1.630921
1.638727
1.634793
1.651615
1.633262
1.631133
1.637443
1.648411
1.646326
1.626604
1.649146
1.631518
1.636771
1.648610
1.649924
1.617653
1.623437
1.645535
1.621871
1.628792
1.615540
1.640881
1.657451
1.634623
1.634999
1.644060
1.629750
1.617641
1.633044
1.616328
1.635601
1.602523
1.635615
1.619083
1.598348
1.642178
1.619740
1.651005
1.618519
1.644353
1.604319
1.638745
1.640431
1.597474
1.629721
1.617027
1.646507
1.634588
1.614973
1.619480
1.602676
1.617627
1.613115
1.638948
1.611014
1.613399
1.604771
1.614952
1.618026
1.614152
1.628085
1.606842
1.622217
1.646551
1.623507
1.635782
1.614465
1.597417
1.600930
1.598574
1.628767
1.606970
1.629619
1.606316
1.622324
1.640313
1.615423
1.610280
1.618220
1.624885
1.612795
1.622876
1.615576
1.651542
1.604759
1.599161
1.627432
1.627732
1.594222
1.627161
1.635851
1.634905
1.595833
1.596617
1.605175
1.592427
1.602966
1.606101
1.587543
1.579980
1.586001
1.589929
1.603764
1.622412
1.611659
1.651719
1.636058
1.607393
1.600850
1.641931
1.636837
1.605826
1.592753
1.618704
1.604451
1.606963
1.625830
1.618461
1.634283
1.613118
1.582552
1.585430
1.609515
1.607520
1.613693
1.597863
1.601123
1.608953
1.597391
1.611966
1.610773
1.606399
1.613327
1.573801
1.587970
1.627501
1.618960
1.643868
1.601735
1.606277
1.599327
1.622895
1.628375
1.626771
1.600004
1.632151
1.627507
1.611693
1.633916
1.655644
1.616537
1.619720
1.605265
1.614484
1.611586
1.633875
1.617683
1.608805
1.624377
1.625942
1.622849
1.637199
1.623345
1.636735
1.595127
1.626832
1.629271
1.645567
1.614642
1.614364
1.637202
1.618338
1.611815
1.595591
1.625943
1.634786
1.625213
1.607871
1.616600
1.597128
1.613008
1.611891
1.613459
1.609345
1.597057
1.606143
1.599841
1.623754
1.605521
