2.304877
2.306935
2.305837
2.305410
2.306013
2.307675
2.301342
2.303452
2.305190
2.305298
2.308781
2.292902
2.308327
2.314324
2.323193
2.320229
2.327725
2.335032
2.353057
2.345813
2.342190
2.330370
2.293083
2.290839
2.283265
2.241052
2.219840
2.206429
2.163262
2.164952
2.162685
2.164528
2.136387
2.161863
2.148170
2.157940
2.244455
2.215447
2.198031
2.250370
2.145812
2.031294
1.985094
1.858994
1.789376
1.802395
1.842575
1.883302
1.957782
1.963264
1.951565
1.934894
1.915751
1.913807
2.065691
2.227824
2.242704
2.229620
2.196500
2.218479
2.152253
2.040880
1.916194
2.007680
2.067588
2.033654
1.914492
1.801576
1.710610
1.723563
1.696228
1.721040
1.683256
1.706876
1.694790
1.753592
1.754747
1.844676
1.824949
1.849462
1.852216
1.890636
1.838677
1.813733
1.823474
1.830495
1.784876
1.724470
1.726124
1.775669
1.736531
1.714147
1.699786
1.697676
1.756248
1.773440
1.715517
1.723460
1.724864
1.700166
1.686230
1.708863
1.734708
1.695363
1.724044
1.688733
1.699015
1.716034
1.732398
1.736745
1.750439
1.735382
1.699913
1.709361
1.660416
1.727190
1.666645
1.703252
1.699065
1.682608
1.705930
1.683113
1.679607
1.705008
1.707690
1.730166
1.654066
1.693524
1.682562
1.671136
1.697077
1.691248
1.692444
1.701830
1.666061
1.653124
1.674773
1.670684
1.656694
1.665723
1.693300
1.674504
1.620228
1.664397
1.666578
1.684233
1.692540
1.621161
1.659274
1.645480
1.640203
1.663237
1.628073
1.639861
1.623458
1.646496
1.705534
1.619752
1.623676
1.640079
1.659598
1.643541
1.662743
1.649384
1.623077
1.638833
1.628741
1.640003
1.630856
1.635447
1.633424
1.632969
1.648914
1.666100
1.653606
1.639982
1.629915
1.666357
1.626032
1.630895
1.620438
1.617979
1.643197
1.651756
1.617755
1.651044
1.623914
1.618838
1.636595
1.582715
1.638213
1.619104
1.613837
1.615737
1.584762
1.620314
1.609470
1.616322
1.624200
1.654221
1.608420
1.610406
1.605334
1.650516
1.613790
1.589524
1.615335
1.587546
1.620881
1.605038
1.583067
1.587707
1.600726
1.617892
1.598456
1.618272
1.610105
1.595129
1.613440
1.628458
1.610919
1.613409
1.569625
1.599963
1.607932
1.603939
1.658011
1.621506
1.600975
1.619752
1.604280
1.612849
1.603834
1.602406
1.604224
1.608206
1.595519
1.592056
1.565648
1.590778
1.577337
1.605878
1.565431
1.598109
1.568887
1.562281
1.602329
1.617941
1.579835
1.578990
1.587276
1.596452
1.593626
1.609612
1.610694
1.570139
1.579378
1.544618
1.560442
1.578022
1.596124
1.609961
1.588145
1.587157
1.606873
1.619183
1.605023
1.572166
1.611297
1.585060
1.574501
1.551879
1.577266
1.603962
1.579535
1.562677
1.593685
1.569228
1.554253
1.582674
1.557560
1.592312
1.578676
1.607398
1.576627
1.579008
1.579943
1.566029
1.576805
1.606194
1.553456
1.586727
1.556586
1.599381
1.587036
1.565225
1.563327
1.554174
1.573571
1.573524
1.554957
1.576259
1.579220
1.618584
1.586231
1.580463
1.563949
1.563999
1.564068
1.550514
1.554199
1.575394
1.611807
1.545205
1.599760
1.585612
1.565252
1.562806
1.598302
1.592430
1.542372
1.542595
1.575073
1.581133
1.552579
1.553219
1.583634
1.566968
1.562582
1.544048
1.553761
1.583995
1.554399
1.561790
1.559425
1.559916
1.539885
1.555401
1.606155
1.532733
1.550614
1.582008
1.553025
1.547073
1.569106
1.586292
1.556093
1.527566
1.565705
1.568684
1.569411
1.567877
1.546318
1.541948
1.576005
1.569932
1.526382
1.556072
1.543754
1.538836
1.541173
1.568495
1.581890
1.551436
1.550452
1.549031
1.569214
1.549666
1.559084
1.555372
1.527520
1.577243
1.571384
1.559259
1.557794
1.551035
1.594755
1.548325
1.563587
1.592368
1.543923
1.562370
1.525848
1.539527
1.576323
1.532483
1.580364
1.568882
1.577646
1.550963
1.563929
1.573176
1.534068
1.529544
1.548314
1.534099
1.571177
1.529377
1.557222
1.541799
1.531690
1.518857
1.549871
1.548562
1.540600
1.542711
1.542364
1.563555
1.534212
1.574248
1.556308
1.543911
1.577186
1.534515
1.533271
1.558824
1.551610
1.593062
1.526768
1.524637
1.588216
1.522318
1.555146
1.569827
1.554196
1.542707
1.532797
1.548775
1.538802
1.537760
1.538645
1.550738
1.536898
1.527022
1.547097
1.547235
1.565547
1.513684
1.575274
1.550422
1.560605
1.527010
1.524964
1.532210
1.554511
1.538267
1.530989
1.528870
1.551684
1.517118
1.527803
1.546532
1.538486
1.556348
1.563573
1.556947
1.541954
1.541088
1.547986
1.561591
1.534766
1.540224
1.540668
1.550609
1.544579
1.537031
1.556299
1.548312
1.530348
1.530837
1.528999
1.511100
1.535657
1.546772
1.544100
1.535704
1.575115
1.553429
1.545590
1.536551
1.518855
1.536292
1.530598
1.529769
1.525841
1.514836
1.515761
1.532604
1.532672
1.529899
1.574214
1.529631
1.522514
1.533387
1.545277
1.532205
1.529742
1.522346
1.577498
1.529957
