2.299353
2.300012
2.317767
2.315803
2.288921
2.304802
2.295677
2.211322
2.194927
2.152225
2.212293
2.169842
2.252991
2.293536
2.237074
2.169658
2.171509
2.194695
2.118667
2.137386
2.118505
2.101287
2.101800
2.050830
2.062847
2.040871
2.035616
2.017347
2.005987
1.957738
1.993416
1.999903
1.971087
1.924546
1.928505
1.912339
1.915867
1.896560
1.896320
1.859008
1.842782
1.907122
1.894179
1.866644
1.849198
1.824165
1.839080
1.887063
1.849096
1.852090
1.833217
1.797177
1.746832
1.779514
1.799312
1.799727
1.808399
1.783850
1.813192
1.770906
1.719566
1.730166
1.711344
1.756984
1.730998
1.732258
1.713851
1.713426
1.718601
1.756465
1.690590
1.717204
1.685085
1.732607
1.709313
1.681096
1.690516
1.701620
1.691755
1.676652
1.663190
1.679791
1.695235
1.697646
1.682167
1.688926
1.679364
1.650417
1.662419
1.692725
1.656320
1.684745
1.638737
1.650413
1.649770
1.673056
1.661723
1.644012
1.626363
1.657789
1.684346
1.683010
1.625684
1.665381
1.640801
1.715937
1.679353
1.716024
1.632862
1.692230
1.659556
1.639933
1.641665
1.671312
1.711204
1.650462
1.648278
1.734210
1.649011
1.678931
1.690758
1.713642
1.696319
1.688907
1.659402
1.731391
1.712105
1.671609
1.628682
1.683409
1.672260
1.724865
1.610309
1.620919
1.627979
1.656216
1.685426
1.665165
1.647956
1.667815
1.637809
1.608686
1.616970
1.649978
1.647523
1.650570
1.624571
1.684249
1.637837
1.642928
1.670720
1.626197
1.667204
1.649177
1.681635
1.648869
1.633161
1.596952
1.643731
1.643748
1.625084
1.618662
1.602468
1.611240
1.637901
1.596963
1.629119
1.701827
1.625203
1.610982
1.587529
1.630648
1.618050
1.632580
1.617464
1.615032
1.597701
1.648656
1.685251
1.651579
1.674918
1.641312
1.631484
1.617946
1.622603
1.619378
1.680924
1.650565
1.667347
1.567886
1.632580
1.646737
1.655285
1.659920
1.622203
1.654510
1.643752
1.641208
1.652460
1.653946
1.670691
1.667530
1.646965
1.677146
1.625393
1.637814
1.660045
1.656122
1.676279
1.658135
1.662467
1.679953
1.646542
1.652903
1.656377
1.631863
1.699159
1.648439
1.615392
1.640913
1.645117
1.653964
1.644504
1.702341
1.608954
1.640609
1.637011
1.662765
1.659450
1.634873
1.658773
1.667802
1.650346
1.631828
1.686961
1.694239
1.694934
1.661236
1.661565
1.634572
1.674291
1.685904
1.666550
1.660470
1.671419
1.652211
1.633130
1.646218
1.629883
1.632813
1.676139
1.696469
1.646072
1.683214
1.669777
1.601983
1.666375
1.660403
1.651707
1.633070
1.625441
1.650211
1.643591
1.664728
1.658415
1.609322
1.634895
1.633937
1.613801
1.693471
1.640334
1.642235
1.628376
1.622957
1.609082
1.649115
1.643366
1.635687
1.641410
1.665058
1.590681
1.645650
1.645559
1.629731
1.626055
1.642648
1.638382
1.647985
1.654395
1.643130
1.644460
1.609097
1.659226
1.653128
1.662418
1.673165
1.652582
1.674204
1.647564
1.631236
1.648953
1.649996
1.651841
1.626163
1.648828
1.652873
1.632079
1.592655
1.650779
1.614027
1.629087
1.620866
1.634035
1.621185
1.612644
1.672960
1.660731
1.632936
1.634343
1.693027
1.640089
1.631290
1.623536
1.640695
1.618002
1.669237
1.688166
1.611419
1.640145
1.624929
1.644035
1.633394
1.639615
1.626850
1.608516
1.672094
1.603062
1.628698
1.649826
1.665724
1.606210
1.624237
1.647967
1.656782
1.632501
1.628440
1.627255
1.589730
1.652498
1.620883
1.645719
1.596489
1.610531
1.593091
1.626007
1.697422
1.616820
1.608468
1.638202
1.597339
1.637141
1.628569
1.607556
1.639262
1.595770
1.598655
1.676250
1.638782
1.618755
1.602902
1.644528
1.683631
1.591671
1.619087
1.621436
1.593696
1.640250
1.712883
1.641806
1.642365
1.591594
1.656822
1.582914
1.628616
1.611653
1.629607
1.602533
1.630082
1.587733
1.651209
1.658476
1.605304
1.598056
1.588592
1.635474
1.654484
1.598269
1.617825
1.641448
1.596667
1.624251
1.598008
1.627572
1.608525
1.619951
1.602892
1.595975
1.610517
1.628699
1.650268
1.595182
1.593216
1.604415
1.636743
1.606177
1.605321
1.584739
1.609046
1.636445
1.581991
1.582830
1.607338
1.602911
1.607946
1.622020
1.614330
1.625379
1.606330
1.603168
1.591138
1.607348
1.668786
1.576776
1.580824
1.589916
1.584700
1.623796
1.595376
1.637373
1.630152
1.645063
1.611338
1.606663
1.650389
1.616081
1.591621
1.622707
1.628746
1.679849
1.650229
1.659037
1.623149
1.616733
1.603357
1.633407
1.656394
1.635073
1.598961
1.622667
1.646514
1.632656
1.625028
1.633626
1.647441
1.650248
1.646771
1.640721
1.617415
1.641106
1.647925
1.683118
1.616902
1.620024
1.653959
1.629067
1.635619
1.658663
1.638381
1.620424
1.618410
1.667089
1.610388
1.629593
1.635723
1.649430
1.623680
1.606056
1.620207
1.626807
1.660761
1.628956
1.643626
1.642361
1.661444
1.608105
1.659418
1.644623
1.657690
1.646808
1.627410
