2.301253
2.301805
2.294366
2.289083
2.294092
2.282356
2.271052
2.273628
2.252685
2.246681
2.215762
2.196843
2.158249
2.190747
2.177052
2.136906
2.144846
2.082297
2.083973
2.023404
2.006868
1.920597
1.934408
1.836903
1.821397
1.848084
1.809221
1.770752
1.755275
1.762794
1.756281
1.773341
1.714173
1.754091
1.715220
1.690390
1.713682
1.706520
1.694994
1.669581
1.685855
1.669162
1.636879
1.641425
1.653130
1.658595
1.655063
1.650383
1.663327
1.663570
1.658601
1.628452
1.609021
1.628287
1.651237
1.611028
1.616960
1.598118
1.646260
1.615316
1.590260
1.623442
1.616899
1.602617
1.608505
1.577043
1.598643
1.592950
1.593257
1.565233
1.599329
1.604515
1.591910
1.612813
1.611663
1.586893
1.541978
1.583890
1.592162
1.624974
1.573819
1.559643
1.631012
1.628755
1.589505
1.587296
1.585314
1.576734
1.584783
1.564947
1.581496
1.586517
1.554100
1.571580
1.579311
1.571518
1.557774
1.584308
1.559360
1.583073
1.569570
1.588155
1.536811
1.584762
1.606478
1.561346
1.562801
1.559723
1.558138
1.560676
1.562583
1.555192
1.547433
1.547010
1.552865
1.557677
1.546835
1.555470
1.570800
1.578019
1.522903
1.552245
1.559750
1.541178
1.540173
1.567966
1.559511
1.543477
1.524869
1.543661
1.586509
1.538509
1.608360
1.571239
1.527392
1.563910
1.519295
1.543216
1.547252
1.552965
1.559157
1.529426
1.573926
1.540076
1.530917
1.539158
1.537030
1.539002
1.556463
1.545862
1.585645
1.522202
1.529462
1.536390
1.562176
1.544619
1.528978
1.544194
1.532358
1.529423
1.524863
1.521103
1.546016
1.549866
1.509727
1.536458
1.546348
1.537969
1.514042
1.541615
1.525499
1.560437
1.566808
1.543293
1.540802
1.533658
1.530214
1.514693
1.552583
1.521191
1.503303
1.530770
1.523025
1.518980
1.537161
1.568132
1.519892
1.513622
1.553258
1.531920
1.559428
1.536629
1.548024
1.517485
1.514522
1.531179
1.527524
1.513801
1.520030
1.501241
1.505732
1.535648
1.529469
1.527393
1.499203
1.534865
1.517108
1.528031
1.503721
1.539856
1.541068
1.529264
1.517542
1.535857
1.541655
1.534247
1.509899
1.499575
1.519765
1.515092
1.528965
1.515496
1.493575
1.573362
1.521620
1.527601
1.516843
1.537477
1.530282
1.510548
1.510483
1.519807
1.492159
1.536702
1.530899
1.539089
1.532263
1.518873
1.511868
1.537107
1.495321
1.506662
1.522181
1.513614
1.519172
1.517157
1.525014
1.519363
1.507130
1.538899
1.520940
1.531988
1.507111
1.521987
1.516383
1.507622
1.497988
1.522307
1.510388
1.520542
1.530233
1.493313
1.549058
1.530444
1.504328
1.508616
1.514690
1.523947
1.515971
1.495968
1.503738
1.525292
1.510019
1.512161
1.513383
1.537283
1.508709
1.516047
1.514426
1.507957
1.501826
1.522097
1.497345
1.488850
1.518156
1.509412
1.502780
1.529093
1.515639
1.499287
1.510361
1.529649
1.520586
1.538754
1.531065
1.502841
1.527508
1.514467
1.501674
1.507850
1.536616
1.523913
1.495700
1.512951
1.520808
1.525567
1.505705
1.496134
1.512210
1.506610
1.544824
1.500534
1.511991
1.499243
1.525358
1.510765
1.513276
1.488814
1.513194
1.489931
1.529403
1.546186
1.512160
1.546517
1.495210
1.530467
1.494516
1.497477
1.500892
1.493358
1.519383
1.526303
1.505121
1.495701
1.498768
1.505611
1.487498
1.495548
1.493526
1.523494
1.507932
1.495434
1.511182
1.495637
1.512983
1.504558
1.527332
1.520031
1.500926
1.522263
1.509519
1.509776
1.490034
1.550506
1.507520
1.488955
1.511794
1.520963
1.505505
1.496426
1.505535
1.513070
1.485661
1.513594
1.495642
1.498985
1.510353
1.499530
1.509654
1.483320
1.493574
1.498275
1.498156
1.500067
1.497265
1.513585
1.501749
1.531727
1.520258
1.488297
1.504705
1.497161
1.497714
1.511980
1.496499
1.498179
1.489723
1.517962
1.514121
1.493773
1.514542
1.523646
1.503109
1.498432
1.493478
1.510558
1.487066
1.513671
1.498748
1.500579
1.533115
1.515949
1.498061
1.502239
1.502210
1.486516
1.487908
1.509130
1.490980
1.502687
1.488756
1.502616
1.507674
1.506724
1.522956
1.516052
1.536231
1.510026
1.498796
1.501774
1.505264
1.492844
1.496220
1.496944
1.487216
1.505483
1.510610
1.508139
1.504272
1.496501
1.488699
1.496795
1.486319
1.506816
1.507626
1.501794
1.489516
1.509018
1.501662
1.504587
1.511675
1.514318
1.503321
1.497229
1.488498
1.505792
1.493220
1.502552
1.525201
1.505922
1.487033
1.523416
1.484000
1.502537
1.502839
1.512938
1.495703
1.510478
1.472457
1.492082
1.484195
1.497856
1.498721
1.489166
1.518471
1.498016
1.493920
1.492917
1.518610
1.496277
1.504399
1.492491
1.509423
1.495369
1.486752
1.504978
1.503868
1.508185
1.508019
1.506192
1.508543
1.491475
1.509419
1.515468
1.494675
1.503840
1.489298
1.492592
1.501175
1.513389
1.495479
1.497160
1.492316
1.515418
1.506047
1.494344
1.487032
1.499860
1.477358
1.492221
