2.302760
2.295812
2.295217
2.290823
2.281934
2.263849
2.225667
2.255260
2.175766
2.214446
2.175887
2.151751
2.128047
2.085502
2.058122
1.962383
1.926747
1.923276
1.865590
1.878980
1.873546
1.832789
1.813614
1.835683
1.809235
1.786369
1.815504
1.760104
1.777289
1.743457
1.793419
1.782632
1.736799
1.763949
1.748967
1.803737
1.745235
1.732099
1.759215
1.745854
1.714595
1.670416
1.684469
1.679213
1.700101
1.677861
1.691542
1.679311
1.673243
1.639556
1.654517
1.635801
1.661052
1.646618
1.629811
1.637956
1.680765
1.638101
1.657589
1.669984
1.634471
1.650032
1.627584
1.636136
1.631366
1.649347
1.618836
1.622573
1.624348
1.623960
1.594033
1.617373
1.630534
1.651540
1.623577
1.651577
1.645331
1.623164
1.649478
1.620344
1.629204
1.580614
1.638034
1.608657
1.634356
1.645350
1.618379
1.617903
1.605195
1.598524
1.581813
1.576191
1.596471
1.570744
1.623410
1.605481
1.620343
1.612700
1.620345
1.588197
1.595689
1.627524
1.614195
1.611806
1.609058
1.597041
1.628936
1.560233
1.610982
1.563943
1.580519
1.554930
1.612998
1.640773
1.609210
1.607017
1.623732
1.593725
1.604248
1.577052
1.629978
1.637673
1.595180
1.567410
1.627801
1.601478
1.608670
1.633437
1.567305
1.540720
1.595663
1.591075
1.582126
1.633531
1.600168
1.584743
1.592955
1.605186
1.583302
1.616876
1.574727
1.617275
1.594617
1.592799
1.573945
1.622936
1.569627
1.539249
1.574044
1.576362
1.584256
1.575172
1.593002
1.584278
1.604352
1.578334
1.568396
1.619266
1.593965
1.569620
1.623448
1.591838
1.592349
1.573840
1.587838
1.542272
1.544336
1.587604
1.575984
1.585220
1.565428
1.578840
1.625581
1.593674
1.596246
1.601220
1.567576
1.571561
1.576805
1.596561
1.609039
1.583309
1.580338
1.606539
1.621710
1.610467
1.596121
1.552280
1.571933
1.510264
1.568993
1.623510
1.551430
1.593268
1.597736
1.568683
1.569224
1.623709
1.596163
1.596031
1.538130
1.575760
1.567272
1.598443
1.568602
1.536555
1.590137
1.545919
1.621914
1.575260
1.585288
1.592576
1.565389
1.591045
1.585984
1.587584
1.609170
1.596991
1.546074
1.522628
1.614235
1.602369
1.570835
1.570653
1.592693
1.548079
1.587440
1.606411
1.587481
1.585178
1.542328
1.572865
1.566823
1.596903
1.615989
1.632583
1.565615
1.558987
1.568784
1.590386
1.597908
1.587714
1.548841
1.574345
1.567199
1.582993
1.558914
1.595840
1.564233
1.578467
1.546659
1.590125
1.578539
1.545540
1.567165
1.607461
1.599490
1.582627
1.559971
1.579150
1.570380
1.555559
1.554195
1.560045
1.556027
1.586787
1.606332
1.537904
1.575888
1.552566
1.548953
1.576794
1.573874
1.579338
1.573130
1.568344
1.587944
1.552562
1.573683
1.577907
1.555806
1.586504
1.588284
1.600498
1.592974
1.572853
1.541185
1.562715
1.564463
1.542153
1.566363
1.571811
1.599107
1.573148
1.574337
1.570174
1.559977
1.588540
1.568189
1.576403
1.598256
1.545766
1.573467
1.580727
1.594699
1.581061
1.599125
1.541711
1.561412
1.603906
1.591609
1.530498
1.541750
1.498593
1.577573
1.554543
1.586340
1.531842
1.587964
1.583538
1.533636
1.525517
1.618579
1.566978
1.568937
1.587621
1.568790
1.600819
1.567823
1.571184
1.585398
1.568048
1.562722
1.572313
1.541660
1.531580
1.551716
1.587510
1.577436
1.601663
1.601104
1.568702
1.602126
1.575514
1.558188
1.546532
1.564782
1.564520
1.534664
1.534895
1.531972
1.585824
1.561854
1.577036
1.608594
1.576242
1.552867
1.577768
1.541019
1.546156
1.539003
1.545385
1.539922
1.571496
1.577357
1.585106
1.554938
1.545109
1.610739
1.615252
1.603801
1.547776
1.592289
1.557027
1.559337
1.567738
1.576174
1.575794
1.542361
1.623727
1.553371
1.542927
1.601591
1.565835
1.547736
1.551247
1.577976
1.587460
1.579070
1.541592
1.571337
1.589174
1.557667
1.553536
1.591559
1.548377
1.613515
1.597618
1.567634
1.554633
1.524118
1.568955
1.554208
1.558623
1.553565
1.552962
1.613240
1.583066
1.552806
1.566932
1.568056
1.573812
1.575644
1.523852
1.515175
1.540998
1.586826
1.523242
1.580513
1.565083
1.554895
1.551608
1.565741
1.558650
1.566935
1.549647
1.595061
1.548750
1.576721
1.565131
1.529498
1.588733
1.610874
1.587116
1.540681
1.532389
1.535263
1.549607
1.578252
1.520236
1.557483
1.527639
1.575849
1.576670
1.567735
1.595991
1.541169
1.593253
1.571669
1.559620
1.569671
1.548742
1.562033
1.579135
1.571313
1.514480
1.587762
1.568279
1.565634
1.551125
1.564861
1.618052
1.557170
1.590680
1.540435
1.533515
1.572236
1.553899
1.515244
1.551990
1.573522
1.546822
1.552459
1.527029
1.595948
1.562197
1.573750
1.576672
1.561010
1.589216
1.542041
1.554553
1.547391
1.565212
1.535723
1.523747
1.578016
1.575229
1.552618
1.547950
1.583560
1.591591
1.560101
1.540669
1.544149
1.543319
1.571499
1.611492
1.573715
1.540620
