2.304836
2.306117
2.303893
2.301751
2.299628
2.297787
2.293481
2.296324
2.296686
2.296537
2.284278
2.292659
2.288180
2.282055
2.257497
2.263344
2.264537
2.273047
2.277825
2.267905
2.264312
2.174020
2.199311
2.186297
2.182283
2.157717
2.117447
2.091013
1.999133
2.110842
2.057648
2.001846
1.993154
2.014475
1.936916
1.923717
1.869866
1.865351
1.946089
1.927171
1.910390
1.884437
1.853673
1.901444
1.865943
1.842143
1.845114
1.781231
1.830680
1.810391
1.813900
1.777638
1.818674
1.743333
1.785983
1.734137
1.815294
1.778178
1.762512
1.775027
1.768396
1.673208
1.746733
1.712602
1.697465
1.671229
1.705044
1.704459
1.724435
1.677615
1.655908
1.652910
1.740232
1.729579
1.645910
1.696200
1.762356
1.697788
1.692449
1.625128
1.670616
1.668052
1.678318
1.692902
1.648892
1.648387
1.621478
1.640775
1.654344
1.618707
1.664524
1.664015
1.626552
1.624150
1.625449
1.602625
1.595890
1.604165
1.622053
1.573811
1.613108
1.581400
1.602528
1.594996
1.600817
1.603548
1.590278
1.577046
1.578258
1.613782
1.587991
1.559718
1.585047
1.606437
1.580015
1.557022
1.562746
1.606150
1.593015
1.609618
1.547731
1.602483
1.560460
1.607384
1.597503
1.596416
1.583824
1.554200
1.564745
1.562650
1.571721
1.582756
1.593599
1.581437
1.545825
1.547382
1.573464
1.537840
1.544539
1.561122
1.551200
1.549430
1.563158
1.537217
1.549703
1.557018
1.537489
1.558154
1.533679
1.542966
1.542030
1.556016
1.561810
1.560893
1.557945
1.564263
1.564193
1.557536
1.553427
1.547865
1.545660
1.568834
1.582439
1.547118
1.533177
1.541852
1.562952
1.558363
1.558198
1.525243
1.549470
1.536459
1.568998
1.527181
1.534914
1.543013
1.567083
1.536851
1.545831
1.536466
1.532842
1.535780
1.537763
1.555029
1.532986
1.561680
1.560685
1.564253
1.544174
1.530260
1.534534
1.546202
1.530583
1.529854
1.567946
1.569986
1.556296
1.537583
1.558827
1.560639
1.539575
1.562677
1.574597
1.569849
1.547969
1.544567
1.526033
1.532829
1.545297
1.559287
1.553367
1.569756
1.542574
1.544849
1.526581
1.524178
1.568007
1.551079
1.532325
1.549829
1.527451
1.539287
1.563836
1.547004
1.517477
1.523065
1.537321
1.533721
1.513773
1.544238
1.554260
1.515510
1.543580
1.521941
1.538759
1.537747
1.567983
1.526383
1.527958
1.522261
1.516974
1.538222
1.529984
1.542138
1.531276
1.519524
1.527977
1.511110
1.531052
1.545418
1.535120
1.520027
1.528172
1.530909
1.544743
1.540083
1.525009
1.525859
1.539685
1.560226
1.528512
1.531195
1.530737
1.511219
1.518328
1.535830
1.537870
1.506344
1.517291
1.526313
1.512984
1.526222
1.535511
1.534446
1.526434
1.531751
1.523888
1.539139
1.548221
1.524002
1.526466
1.534669
1.526851
1.520064
1.523260
1.552979
1.511420
1.503833
1.536720
1.522190
1.511369
1.528647
1.529732
1.532468
1.508256
1.547979
1.506558
1.536841
1.518534
1.519699
1.528910
1.518131
1.535755
1.527187
1.536529
1.518475
1.522609
1.547121
1.517957
1.501388
1.507110
1.530775
1.511501
1.524917
1.529855
1.510883
1.513310
1.511615
1.535542
1.522326
1.516394
1.523406
1.523806
1.534938
1.546876
1.513379
1.532926
1.504273
1.531725
1.548894
1.500808
1.523461
1.514277
1.516526
1.502881
1.513838
1.519116
1.516016
1.511416
1.503706
1.512344
1.516393
1.523304
1.524334
1.507247
1.525016
1.511108
1.514340
1.521718
1.511711
1.523292
1.521479
1.506566
1.521433
1.527059
1.554428
1.526535
1.523944
1.523197
1.519599
1.527192
1.514033
1.522089
1.502845
1.512951
1.527441
1.530838
1.499481
1.511272
1.501398
1.508879
1.516361
1.522232
1.511658
1.536482
1.509835
1.516858
1.525553
1.507794
1.533664
1.506238
1.518522
1.521334
1.517709
1.510081
1.513997
1.520160
1.525316
1.511104
1.531316
1.500144
1.527938
1.509772
1.499177
1.509581
1.527440
1.515545
1.507161
1.511729
1.500874
1.516783
1.518889
1.508799
1.515403
1.531403
1.504929
1.517313
1.516609
1.512553
1.514676
1.526100
1.508746
1.512368
1.511623
1.506216
1.520275
1.530398
1.516874
1.517594
1.500003
1.515191
1.516726
1.508682
1.504479
1.500747
1.523650
1.518771
1.503287
1.516920
1.509667
1.508179
1.494584
1.504487
1.511672
1.515754
1.506246
1.509125
1.518194
1.537712
1.499707
1.520701
1.520254
1.523048
1.508684
1.506296
1.504462
1.513352
1.493050
1.500907
1.503830
1.514454
1.507984
1.513786
1.508152
1.504477
1.533870
1.508611
1.507530
1.497864
1.515184
1.502427
1.500006
1.523187
1.508224
1.503181
1.505198
1.518881
1.530183
1.505826
1.495751
1.513964
1.506560
1.507732
1.507439
1.529220
1.518290
1.510347
1.522918
1.518910
1.498194
1.526009
1.500399
1.513811
1.528803
1.514924
1.500106
1.496015
1.513112
1.495485
1.515444
1.507128
1.523138
1.517571
1.501744
1.508044
1.503122
1.505736
1.501177
1.501871
1.510922
