0.0781
0.0781
0.0938
0.0625
0.1016
0.0469
0.0312
0.0234
0.0156
0.0078
0.0234
0.0391
0.0234
0.0156
0.0078
0.0234
0.0078
0.0156
0.0156
0.0312
0.0156
0.0078
0.0547
0.0714
0.1016
0.2656
0.4375
0.5078
0.4766
0.5312
0.3906
0.5156
0.4766
0.4766
0.4375
0.4609
0.3984
0.4297
0.4219
0.3594
0.5391
0.6797
0.7266
0.6328
0.4766
0.4375
0.4219
0.3214
0.3438
0.3516
0.4141
0.3125
0.3047
0.4141
0.4219
0.4453
0.6172
0.7422
0.6953
0.6641
0.6953
0.7422
0.7266
0.3047
0.2109
0.3828
0.1172
0.0234
0.0312
0.0625
0.0156
0.0714
0.0625
0.0391
0.2891
0.2969
0.3203
0.3047
0.2500
0.2969
0.2188
0.3125
0.2734
0.3438
0.3125
0.3281
0.2969
0.2656
0.2734
0.3594
0.2891
0.2891
0.3125
0.2891
0.2812
0.3393
0.2891
0.3203
0.2031
0.2969
0.3047
0.3281
0.3906
0.3438
0.2344
0.3125
0.4453
0.4375
0.3906
0.3516
0.4062
0.4375
0.3984
0.4688
0.5234
0.5234
0.5781
0.5859
0.6484
0.6429
0.6406
0.6953
0.6328
0.6562
0.6328
0.7266
0.6953
0.6406
0.7188
0.7188
0.6797
0.6953
0.6328
0.5703
0.6641
0.7266
0.7734
0.5938
0.3359
0.3047
0.3438
0.3203
0.4375
0.4107
0.3281
0.5000
0.6875
0.8594
0.6562
0.5234
0.3828
0.4375
0.3828
0.3281
0.2969
0.7422
0.6094
0.3594
0.3828
0.1250
0.4766
0.2812
0.0469
0.0156
0.0625
0.1016
0.0156
0.0536
0.0625
0.0391
0.0391
0.0234
0.0078
0.0156
0.0234
0.0156
0.0391
0.0312
0.0234
0.0312
0.0234
0.0312
0.0625
0.0391
0.0391
0.0391
0.0469
0.0469
0.0156
0.0078
0.0312
0.0357
0.0469
0.1484
0.1797
0.1953
0.2578
0.3203
0.3594
0.3516
0.3516
0.3281
0.3203
0.2969
0.2969
0.2891
0.2734
0.2812
0.3516
0.2734
0.3672
0.5234
0.6172
0.6953
0.6172
0.5000
0.4688
0.4844
0.5312
0.5156
0.6484
0.7031
0.5547
0.5469
0.6562
0.5234
0.5625
0.3281
0.1250
0.4141
0.3047
0.1094
0.3047
0.5312
0.1719
0.5547
0.2031
0.2656
0.0625
0.0000
0.0781
0.0312
0.3281
0.4141
0.2344
0.2969
0.0938
0.0547
0.0547
0.0703
0.0859
0.0391
0.0703
0.0703
0.0469
0.0625
0.0391
0.0625
0.0547
0.0547
0.0625
0.0547
0.0312
0.0179
0.1094
0.0391
0.0391
0.0703
0.0547
0.0312
0.0781
0.0781
0.1094
0.0234
0.0469
0.0547
0.0547
0.0391
0.0547
0.0469
0.0781
0.0781
0.0469
0.0781
0.0547
0.0781
0.0938
0.1071
0.0703
0.0391
0.1016
0.0859
0.0781
0.1406
0.1094
0.1250
0.1641
0.2188
0.1953
0.2891
0.2344
0.2031
0.2969
0.2734
0.3047
0.3438
0.3203
0.2969
0.3125
0.3438
0.3594
0.4643
0.3438
0.3672
0.3594
0.4062
0.4219
0.4141
0.4453
0.3281
0.4297
0.5078
0.5156
0.5391
0.5234
0.4531
0.4922
0.5000
0.6016
0.5391
0.4844
0.6094
0.6016
0.7109
0.7188
0.7321
0.6875
0.7578
0.7656
0.7656
0.7891
0.7500
0.8047
0.7500
0.7578
0.7734
0.8281
0.8281
0.7578
0.6875
0.7109
0.6562
0.7578
0.7891
0.7734
0.7266
0.7891
0.8281
0.7734
0.8214
0.8281
0.8125
0.7734
0.7578
0.8125
0.7031
0.7188
0.7500
0.7578
0.7734
0.7891
0.8047
0.7422
0.7656
0.7500
0.7734
0.7422
0.7109
0.7031
0.7812
0.8359
0.8281
0.7812
0.8571
0.8125
0.7266
0.7812
0.7500
0.7812
0.7188
0.7266
0.7031
0.7500
0.7109
0.7344
0.7656
0.7344
0.6250
0.6562
0.7578
0.8359
0.6406
0.6953
0.5547
0.6875
0.1016
0.3594
0.0357
0.0156
0.4297
0.0312
0.0234
0.1094
0.7109
0.7109
0.7500
0.7500
0.6641
0.6094
0.4219
0.2734
0.2578
0.2656
0.3047
0.2812
0.2734
0.2891
0.2656
0.3594
0.2969
0.2656
0.2321
0.2734
0.3203
0.3203
0.2891
0.3672
0.2812
0.2109
0.2891
0.2500
0.3984
0.3594
0.5312
0.5703
0.6094
0.5625
0.6172
0.6641
0.6797
0.6016
0.7031
0.6641
0.7188
0.6406
0.6607
0.7422
0.7500
0.7031
0.6797
0.6719
0.7031
0.7500
0.6797
0.6875
0.6641
0.7109
0.6875
0.7266
0.7422
0.6406
0.6797
0.5781
0.6797
0.5938
0.6016
0.6406
0.6562
0.6094
0.5179
0.6016
0.6875
0.6797
0.7344
0.7500
0.7578
0.7344
0.8047
0.7500
0.7031
0.6953
0.3359
0.4141
0.3906
0.3906
0.4062
0.5469
0.5391
0.6953
0.7188
