2.302140
2.303687
2.284567
2.285655
2.268871
2.271472
2.264642
2.261307
2.242334
2.229002
2.215718
2.195552
2.185569
2.183201
2.142391
2.143358
2.125305
2.088076
2.028875
2.041420
2.048376
1.998538
1.971676
1.969514
1.912173
1.897683
1.841915
1.821897
1.819255
1.776354
1.781113
1.780219
1.774434
1.714896
1.756002
1.704276
1.751341
1.694572
1.694672
1.729865
1.654225
1.680525
1.668832
1.737658
1.658886
1.656089
1.677947
1.636887
1.684950
1.656370
1.658631
1.629904
1.653439
1.627450
1.647658
1.669628
1.645652
1.630185
1.650752
1.646708
1.630035
1.600178
1.626738
1.612020
1.609179
1.655404
1.647611
1.631382
1.590312
1.616217
1.606256
1.610907
1.617741
1.585159
1.637679
1.621537
1.613418
1.583217
1.610158
1.597339
1.609172
1.579506
1.617605
1.602221
1.607991
1.597480
1.622474
1.596903
1.595434
1.608896
1.603745
1.571968
1.598163
1.577639
1.591705
1.596991
1.603529
1.571384
1.622111
1.578686
1.605610
1.590141
1.602087
1.612338
1.613077
1.568956
1.597093
1.586309
1.571093
1.579804
1.583479
1.583908
1.571522
1.587201
1.596053
1.593936
1.605042
1.558637
1.566686
1.566454
1.555539
1.595448
1.613534
1.578871
1.579555
1.575087
1.573140
1.560116
1.583036
1.569353
1.551532
1.557248
1.566668
1.622359
1.557088
1.561730
1.570438
1.581303
1.566258
1.565215
1.565984
1.559997
1.594442
1.556307
1.554854
1.588974
1.549475
1.590947
1.565028
1.596478
1.583680
1.528157
1.536443
1.554279
1.573154
1.558890
1.559707
1.562025
1.549364
1.554980
1.570131
1.576989
1.577067
1.539567
1.568302
1.543574
1.552077
1.583680
1.544885
1.547980
1.568917
1.563479
1.567538
1.559567
1.571053
1.572574
1.545528
1.552380
1.571345
1.562658
1.561740
1.562437
1.562033
1.540010
1.539804
1.545095
1.571344
1.579386
1.559399
1.564366
1.533343
1.569830
1.538633
1.549243
1.549056
1.556424
1.575429
1.543552
1.551798
1.552099
1.525540
1.535401
1.552533
1.563557
1.537949
1.541727
1.546969
1.557590
1.560081
1.546282
1.540637
1.567487
1.542291
1.526196
1.561849
1.534883
1.539216
1.543988
1.557025
1.550881
1.538356
1.524983
1.537714
1.542410
1.523746
1.540020
1.528636
1.551373
1.540165
1.530391
1.523166
1.527114
1.547303
1.531404
1.555726
1.527414
1.551352
1.514160
1.519669
1.523466
1.516213
1.536637
1.519193
1.528370
1.489749
1.510408
1.527878
1.537117
1.529305
1.519849
1.550984
1.538034
1.507370
1.551314
1.519302
1.544292
1.526065
1.497561
1.543859
1.525955
1.531247
1.541101
1.521484
1.509671
1.533393
1.530313
1.519397
1.524882
1.518055
1.507579
1.493585
1.525866
1.530217
1.512174
1.512754
1.525033
1.533145
1.518039
1.519408
1.517277
1.497266
1.529521
1.513589
1.513327
1.527153
1.513511
1.526029
1.508045
1.495639
1.513301
1.541260
1.525909
1.511574
1.547371
1.508037
1.501453
1.519518
1.500983
1.503779
1.519256
1.527579
1.536818
1.502482
1.528775
1.501503
1.519575
1.497749
1.506239
1.489112
1.515567
1.491295
1.510938
1.508256
1.512783
1.489990
1.509831
1.497299
1.489908
1.515382
1.504296
1.523735
1.503663
1.500197
1.549181
1.518467
1.558297
1.516110
1.493361
1.517740
1.524599
1.514483
1.506086
1.492041
1.501611
1.513394
1.498451
1.528720
1.501019
1.509994
1.503641
1.510903
1.515828
1.503560
1.501190
1.523574
1.498910
1.522382
1.501523
1.495547
1.508791
1.506839
1.492444
1.510900
1.491303
1.494156
1.536425
1.486243
1.503963
1.491142
1.487608
1.494292
1.521438
1.514443
1.523633
1.496941
1.492883
1.499366
1.506567
1.502977
1.510674
1.522434
1.511904
1.514940
1.478459
1.495678
1.522072
1.482533
1.482906
1.482536
1.557120
1.504097
1.504074
1.519486
1.487692
1.488430
1.519470
1.494460
1.494713
1.491386
1.483134
1.505778
1.497268
1.490634
1.490706
1.510696
1.524858
1.484875
1.486955
1.492228
1.502368
1.510719
1.490685
1.497114
1.504280
1.526688
1.501431
1.500895
1.498940
1.507879
1.531195
1.499590
1.500944
1.491881
1.478955
1.493794
1.509213
1.491684
1.503382
1.499175
1.478743
1.486424
1.486298
1.510786
1.500309
1.502814
1.495970
1.499414
1.496500
1.504803
1.491438
1.502092
1.506016
1.496669
1.523323
1.497633
1.526906
1.513285
1.490856
1.503279
1.506508
1.494992
1.488754
1.506247
1.485157
1.495461
1.482905
1.485475
1.487659
1.500907
1.506414
1.480608
1.472565
1.494475
1.513027
1.489380
1.476794
1.505789
1.491042
1.494241
1.498519
1.490009
1.528015
1.520427
1.484836
1.503717
1.493524
1.481032
1.508485
1.491159
1.482731
1.480376
1.488130
1.504037
1.490352
1.496862
1.487434
1.484817
1.488381
1.489856
1.506374
1.489269
1.488128
1.489810
1.485388
1.476480
1.504024
1.475320
1.499436
1.506539
1.501464
1.499141
1.484919
1.499863
1.482202
1.516500
1.506452
1.503742
1.484048
1.494375
1.500582
