2.311509
2.309202
2.308941
2.309982
2.319594
2.323232
2.342648
2.349957
2.335993
2.355743
2.325583
2.314231
2.373413
2.304693
2.287521
2.265166
2.264438
2.281106
2.294340
2.229782
2.206202
2.157970
2.210609
2.218164
2.153705
2.229932
2.160793
2.240731
2.168474
2.177851
2.121006
1.900066
1.727247
1.701633
1.731866
1.696642
1.624031
1.654397
1.620915
1.642464
1.641456
1.655745
1.636282
1.566195
1.617444
1.593315
1.586959
1.579871
1.610201
1.613851
1.606388
1.578756
1.606455
1.568959
1.559987
1.564905
1.566628
1.587312
1.583771
1.604639
1.574614
1.600228
1.571150
1.574459
1.562029
1.554535
1.576498
1.574021
1.574570
1.549859
1.557084
1.553297
1.547809
1.589530
1.566226
1.574955
1.563199
1.612686
1.550877
1.566325
1.542748
1.551734
1.585646
1.574311
1.565362
1.546135
1.516153
1.535819
1.537462
1.542281
1.509838
1.531058
1.536513
1.548592
1.542405
1.519644
1.531477
1.545743
1.509634
1.537763
1.533597
1.527993
1.528255
1.538061
1.521062
1.545924
1.525230
1.542352
1.522177
1.537045
1.508880
1.526508
1.526474
1.514331
1.520600
1.512698
1.512244
1.517066
1.508784
1.507901
1.514354
1.545601
1.529171
1.521647
1.503134
1.531354
1.519413
1.504304
1.523488
1.513582
1.499186
1.517518
1.523389
1.508543
1.496877
1.506498
1.518624
1.522727
1.525892
1.513244
1.507579
1.524656
1.504478
1.501150
1.516024
1.490195
1.539236
1.527244
1.500229
1.515888
1.526298
1.521415
1.501164
1.510118
1.499092
1.519804
1.528528
1.505952
1.494362
1.511026
1.504397
1.498907
1.496858
1.507374
1.508863
1.508095
1.499350
1.496405
1.521011
1.500714
1.491783
1.530031
1.503597
1.495304
1.493945
1.509466
1.499498
1.521711
1.514153
1.513532
1.502651
1.503172
1.507136
1.503985
1.512825
1.502272
1.487177
1.497549
1.489316
1.485906
1.494677
1.511832
1.497488
1.500531
1.498887
1.515807
1.494576
1.496990
1.495001
1.488962
1.496094
1.505695
1.492815
1.500670
1.495412
1.501279
1.496850
1.512231
1.493256
1.492869
1.502404
1.506504
1.499276
1.512292
1.496747
1.503001
1.499797
1.513434
1.501111
1.488269
1.504309
1.479748
1.486254
1.506451
1.503838
1.500806
1.505378
1.487308
1.501809
1.484439
1.501058
1.491734
1.492653
1.491890
1.492374
1.496020
1.499164
1.503456
1.489968
1.485803
1.489691
1.501794
1.493798
1.485492
1.483291
1.509448
1.495194
1.490472
1.477770
1.479613
1.494320
1.493943
1.490306
1.482382
1.497741
1.498130
1.501432
1.514221
1.492137
1.500364
1.489348
1.483096
1.500463
1.484468
1.485969
1.498081
1.480334
1.499155
1.497657
1.489410
1.495528
1.490142
1.487528
1.500458
1.483358
1.486951
1.492656
1.483800
1.486866
1.486016
1.498431
1.486781
1.491317
1.497196
1.482409
1.508686
1.498145
1.490092
1.491721
1.492970
1.480175
1.475699
1.502594
1.499251
1.479521
1.498636
1.489392
1.480877
1.496289
1.486119
1.485958
1.480945
1.485509
1.510068
1.490915
1.479877
1.507185
1.482679
1.485335
1.497007
1.488557
1.473051
1.486019
1.493260
1.485093
1.484155
1.478747
1.499105
1.488141
1.474682
1.486143
1.491345
1.496029
1.473443
1.486587
1.477429
1.486557
1.485122
1.482641
1.496019
1.486774
1.487764
1.489697
1.503641
1.490440
1.517813
1.484644
1.497829
1.488672
1.503453
1.500438
1.475317
1.482693
1.484323
1.482790
1.489524
1.477914
1.499231
1.481406
1.480253
1.490222
1.479381
1.494650
1.481643
1.480367
1.482363
1.483191
1.470559
1.477732
1.483608
1.483635
1.482247
1.482862
1.487680
1.479929
1.472899
1.487580
1.494201
1.477451
1.477116
1.492402
1.484417
1.489884
1.481052
1.493115
1.474321
1.477642
1.489716
1.485676
1.492837
1.481942
1.477155
1.493194
1.479549
1.483696
1.484315
1.477996
1.478886
1.476551
1.480223
1.489714
1.484854
1.480989
1.478014
1.479153
1.486520
1.477926
1.474894
1.481085
1.486120
1.486454
1.480418
1.485965
1.482497
1.500258
1.473331
1.476124
1.481046
1.486432
1.479015
1.481315
1.483465
1.490165
1.483371
1.482157
1.479632
1.474241
1.491749
1.481414
1.475028
1.479498
1.481560
1.484549
1.475644
1.477287
1.485608
1.483049
1.501135
1.488194
1.474159
1.479913
1.474198
1.470445
1.476685
1.470422
1.483628
1.477260
1.481729
1.490927
1.474919
1.476644
1.479330
1.478083
1.494589
1.471060
1.486193
1.497584
1.479169
1.493881
1.481338
1.479140
1.479508
1.476731
1.478949
1.476048
1.483145
1.487082
1.470932
1.483702
1.477848
1.478149
1.488312
1.480407
1.485926
1.483372
1.480488
1.486600
1.480465
1.477621
1.479834
1.474072
1.482676
1.475244
1.485431
1.481499
1.474539
1.468378
1.478197
1.472656
1.471000
1.471975
1.484682
1.477849
1.501754
1.475847
1.487932
1.476855
1.474989
1.485458
1.479557
1.482144
1.491292
1.469178
1.473905
1.473597
1.473574
1.476996
1.475959
1.476910
1.470420
