2.273524
2.316908
2.318443
2.322826
2.305803
2.304716
2.307101
2.305167
2.284934
2.266028
2.256306
2.243842
2.223941
2.193970
2.410898
2.303247
2.085366
2.092605
1.945388
1.828867
1.791792
1.850616
1.877961
1.844535
1.877678
1.781822
1.698934
1.808620
1.805818
1.752550
1.738807
1.672840
1.693401
1.738477
1.780803
1.770386
1.758329
1.804355
1.786461
1.691021
1.673342
1.673818
1.653005
1.658169
1.656647
1.701419
1.677941
1.730485
1.710685
1.695033
1.652218
1.661840
1.665495
1.749177
1.687308
1.659333
1.623498
1.615747
1.630998
1.640843
1.694506
1.679737
1.653116
1.645247
1.688362
1.725423
1.693201
1.700089
1.611545
1.655551
1.630684
1.623765
1.613195
1.589213
1.585079
1.561787
1.583676
1.583595
1.566987
1.587419
1.613174
1.611204
1.575987
1.561966
1.588572
1.573320
1.580758
1.621228
1.608106
1.567544
1.566450
1.551928
1.558710
1.560893
1.552466
1.568190
1.543221
1.580921
1.552646
1.550626
1.536361
1.551955
1.525962
1.542492
1.553938
1.565636
1.558538
1.603208
1.594553
1.579735
1.593538
1.553105
1.586741
1.532896
1.581710
1.541385
1.576490
1.563905
1.534721
1.563345
1.545246
1.530367
1.566821
1.547879
1.555395
1.513403
1.514246
1.528512
1.540246
1.563874
1.537811
1.506767
1.541402
1.528167
1.546592
1.548630
1.512006
1.512674
1.538326
1.520250
1.536201
1.545668
1.549662
1.531935
1.506416
1.529261
1.521449
1.548629
1.567655
1.532015
1.495698
1.536479
1.502264
1.506263
1.514465
1.524151
1.524189
1.533216
1.530012
1.534261
1.536071
1.547712
1.525119
1.503108
1.532269
1.507143
1.507910
1.523127
1.501171
1.539184
1.522925
1.533737
1.509951
1.540533
1.609330
1.533749
1.543398
1.504218
1.517095
1.522856
1.512753
1.565237
1.519084
1.556587
1.540894
1.547622
1.508817
1.537599
1.550423
1.511891
1.548663
1.568312
1.548688
1.530787
1.545597
1.537005
1.511157
1.530433
1.563292
1.532052
1.545897
1.567143
1.554429
1.519916
1.520522
1.516952
1.502057
1.516207
1.554329
1.518515
1.536717
1.531864
1.517234
1.593849
1.516071
1.524170
1.529026
1.557144
1.542104
1.521437
1.532870
1.566009
1.529503
1.560660
1.555927
1.563028
1.558414
1.587409
1.510040
1.500746
1.539431
1.509924
1.504539
1.504246
1.535773
1.525374
1.525257
1.559676
1.522444
1.518385
1.524711
1.547708
1.539202
1.510111
1.512306
1.529446
1.525856
1.522214
1.572032
1.542088
1.556252
1.557898
1.522081
1.530570
1.536362
1.527748
1.526858
1.544238
1.521172
1.546707
1.514382
1.541155
1.534740
1.542642
1.549626
1.522566
1.560008
1.515445
1.555117
1.562884
1.549762
1.598734
1.523426
1.550712
1.527611
1.521496
1.537439
1.556393
1.500545
1.536676
1.539065
1.552547
1.521981
1.536940
1.552060
1.523941
1.513437
1.517605
1.546611
1.565837
1.547910
1.524425
1.519975
1.534107
1.528568
1.523788
1.528619
1.547398
1.536176
1.531184
1.513802
1.515292
1.516500
1.555766
1.519445
1.548842
1.544960
1.539227
1.564784
1.504435
1.499304
1.520337
1.535670
1.511968
1.502611
1.546786
1.517793
1.535909
1.547555
1.594775
1.537280
1.575165
1.587158
1.519370
1.515313
1.507840
1.504637
1.491879
1.526417
1.511648
1.489086
1.508320
1.514312
1.510049
1.520333
1.500796
1.515355
1.511062
1.543808
1.559702
1.512883
1.515509
1.522262
1.527724
1.518597
1.523175
1.522085
1.537336
1.528794
1.512258
1.547722
1.505292
1.529866
1.519555
1.510012
1.534637
1.499736
1.504933
1.520511
1.532530
1.513434
1.514580
1.502102
1.539673
1.509158
1.527937
1.519519
1.528953
1.512380
1.495081
1.534074
1.550203
1.528660
1.545818
1.502207
1.549237
1.488142
1.536602
1.508712
1.490216
1.540740
1.505130
1.563186
1.508607
1.484131
1.497085
1.508915
1.492558
1.513890
1.503661
1.514486
1.508981
1.535202
1.531388
1.554364
1.517078
1.517815
1.538012
1.512955
1.537853
1.515858
1.507275
1.516486
1.553038
1.516297
1.514822
1.519416
1.507712
1.508157
1.510941
1.509107
1.549661
1.518892
1.508458
1.496110
1.514417
1.540020
1.492554
1.552054
1.494462
1.542405
1.530342
1.525187
1.507870
1.527675
1.524512
1.512510
1.499939
1.517458
1.516826
1.494484
1.528211
1.517965
1.518841
1.502369
1.514279
1.528826
1.514211
1.504962
1.508848
1.521310
1.544370
1.534709
1.519488
1.494217
1.514472
1.516168
1.519245
1.515453
1.503524
1.503228
1.559548
1.516393
1.507279
1.488055
1.533082
1.518184
1.524441
1.498745
1.507545
1.534971
1.531236
1.493859
1.530363
1.495292
1.500700
1.505301
1.546362
1.508371
1.543445
1.495549
1.494972
1.523176
1.511523
1.509084
1.543287
1.491772
1.511127
1.527500
1.503941
1.524280
1.523377
1.530421
1.507706
1.508960
1.511950
1.515138
1.523492
1.525099
1.535334
1.492369
1.506811
1.528036
1.499908
1.504474
1.511404
1.533646
1.494201
1.515640
1.516989
