3.256233
3.197507
3.524063
3.151630
3.317358
3.210714
3.128014
3.077771
3.066629
3.026965
2.904807
2.915833
2.759472
2.687531
2.906523
2.797948
2.648955
2.628691
2.583865
2.505980
2.636710
2.536482
2.526659
2.485092
2.381408
2.380667
2.338576
2.452332
2.385649
2.341497
2.351756
2.355009
2.406268
2.428563
2.381632
2.405045
2.413273
2.321381
2.388130
2.349602
2.415469
2.362845
2.404761
2.391694
2.393443
2.341818
2.369188
2.348158
2.340914
2.430878
2.394832
2.409861
2.401762
2.357299
2.410672
2.375009
2.402014
2.339808
2.306097
2.351481
2.391928
2.357868
2.329628
2.402691
2.324032
2.376441
2.364448
2.337445
2.406320
2.379353
2.365949
2.333526
2.380309
2.332017
2.342878
2.397549
2.363759
2.324762
2.336878
2.283091
2.360396
2.368158
2.365208
2.363650
2.334412
2.292505
2.339052
2.294624
2.320714
2.350446
2.404084
2.334626
2.345436
2.319175
2.353992
2.312248
2.313020
2.337023
2.297464
2.337375
2.250089
2.377424
2.392610
2.256135
2.348711
2.348351
2.379186
2.348063
2.383824
2.370235
2.352547
2.379510
2.359827
2.297432
2.270850
2.332421
2.352397
2.267850
2.301344
2.317559
2.233564
2.271273
2.302199
2.343105
2.325782
2.340034
2.327331
2.312076
2.296704
2.416901
2.375152
2.236724
2.313100
2.294963
2.331586
2.349163
2.291941
2.332048
2.324682
2.287898
2.318168
2.281742
2.209840
2.313732
2.235814
2.309758
2.331447
2.283202
2.272007
2.272642
2.283086
2.338131
2.327292
2.323635
2.301815
2.288552
2.268417
2.281579
2.273096
2.220080
2.211157
2.238017
2.126100
2.256718
2.244426
2.187235
2.162010
2.191641
2.262839
2.180075
2.214509
2.292910
2.178512
2.201734
2.132560
2.208778
2.111209
2.168651
2.145648
2.155805
2.158253
2.131666
2.181288
2.067425
2.112082
2.084671
2.050184
2.134538
2.233682
1.984412
2.190062
2.146901
2.056095
2.138977
2.065583
2.046228
2.132097
2.046233
2.054410
2.002249
2.198797
2.003807
2.083750
2.054181
2.124185
1.994663
2.011885
2.170679
2.081090
2.082630
2.012633
2.094509
1.960699
2.035228
1.884404
1.988723
1.986677
1.935344
1.965898
2.106159
2.061760
1.974442
1.861889
1.840584
1.909751
2.011894
1.972051
1.809551
1.953640
1.985664
2.149073
2.086861
2.006552
1.953320
1.981862
2.031856
1.923706
1.913139
1.900560
1.614700
1.899985
1.913508
1.722334
1.935315
1.827718
1.838296
2.058865
1.982463
1.886099
1.890211
1.766767
1.884410
1.838865
1.909808
1.915804
1.777186
1.871505
1.876810
1.749646
1.843818
1.866373
1.896522
1.943785
1.767442
1.818136
1.455647
1.851823
1.725225
1.823673
1.845410
1.657826
1.781732
1.793651
1.781700
1.756644
1.905101
1.692188
1.804434
1.719284
1.682651
1.897332
1.667146
1.750404
1.752843
1.731985
1.774639
1.888813
1.748411
1.816212
1.698524
1.462807
1.737611
1.870576
1.700831
1.704115
1.504848
1.692269
1.737468
1.809057
1.540332
1.611969
1.850898
1.597357
1.712972
1.641414
1.532769
1.645888
1.677003
1.693409
1.637900
1.563432
1.689753
1.844649
1.755165
1.719372
1.593136
1.705556
1.815866
1.783136
1.577911
1.446814
1.788497
1.651572
1.716733
1.573274
1.584597
1.644316
1.531093
1.451627
1.822778
1.608095
1.687812
1.717294
1.565870
1.462231
1.514906
1.557478
1.549411
1.503770
1.342534
1.677743
1.273439
1.528039
1.541188
1.564852
1.434993
1.536400
1.566148
1.531876
1.666188
1.447781
1.616091
1.519295
1.617673
1.398010
1.549559
1.403106
1.650423
1.530639
1.632846
1.585374
1.461085
1.435986
1.634688
1.638426
1.608512
1.572064
1.614746
1.519571
1.495409
1.543130
1.595726
1.561673
1.552263
1.514914
1.267374
1.533636
1.650859
1.509831
1.331276
1.474360
1.638172
1.410998
1.433625
1.514343
1.424806
1.568211
1.455492
1.445939
1.282705
1.386776
1.507377
1.523137
1.606035
1.612420
1.520620
1.673679
1.373798
1.355348
1.391871
1.539961
1.301998
1.441846
1.463720
1.502580
1.371183
1.446121
1.384354
1.439097
1.424954
1.318422
1.429801
1.542271
1.411452
1.276901
1.475396
1.464861
1.557902
1.656361
1.337550
1.356203
1.403713
1.423016
1.409691
1.424961
1.307905
1.268297
1.320270
1.463526
1.430129
1.542858
1.377943
1.238547
1.387905
1.490489
1.261343
1.501992
1.417146
1.420916
1.326624
1.219389
1.372225
1.260270
1.531950
1.301457
1.492740
1.476016
1.361240
1.367415
1.549640
1.389157
1.523983
1.357005
1.353479
1.523860
1.053410
1.338718
1.282320
1.172330
1.381569
1.409626
1.266603
1.443134
1.672493
1.405506
1.344892
1.312728
1.294729
1.335046
1.204181
1.395136
1.179616
1.292283
1.442667
1.354590
1.192488
1.430420
1.362053
1.183868
1.457945
1.367997
1.387458
1.309038
1.202462
1.251481
1.321242
1.435258
1.224163
1.289536
1.247665
1.102031
1.450907
1.314432
1.264326
1.322338
1.366189
1.344856
1.026120
1.256807
1.190788
