2.308109
2.303700
2.302585
2.302833
2.302957
2.302585
2.302709
2.302585
2.302585
2.301928
2.301928
2.302585
2.302585
2.302585
2.302585
2.302585
2.302585
2.302585
2.302585
2.302585
2.302585
2.302585
2.302585
2.302585
2.302585
2.302585
2.302585
2.302585
2.302585
2.302585
2.302585
2.302585
2.302585
2.302585
2.302585
2.302585
2.302585
2.302585
2.302585
2.302585
2.302585
2.302585
2.302585
2.302585
2.302585
2.302585
2.302585
2.302585
2.302585
2.302585
2.302585
2.302585
2.302585
2.302585
2.302585
2.302585
2.302585
2.302585
2.302585
2.302585
2.302585
2.302585
2.302585
2.302585
2.302585
2.302585
2.302585
2.302585
2.302585
2.302585
2.302585
2.302585
2.302585
2.302585
2.302585
2.302585
2.302585
2.302585
2.302585
2.302585
2.302585
2.302585
2.302585
2.302585
2.302585
2.302585
2.302585
2.302585
2.302585
2.302585
2.302585
2.302585
2.302585
2.302585
2.302585
2.302585
2.302585
2.302585
2.302585
2.302585
2.302585
2.302585
2.302585
2.302585
2.302585
2.302833
2.302709
2.302709
2.302585
2.302585
2.302585
2.302957
2.302709
2.302833
2.302585
2.303204
2.302709
2.302709
2.302709
2.302833
2.302709
2.302709
2.302585
2.302833
2.303328
2.302957
2.303081
2.302833
2.302585
2.302709
2.302833
2.303204
2.302299
2.303328
2.303807
2.303311
2.302833
2.303824
2.303435
2.304905
2.303931
2.305913
2.302833
2.303807
2.304302
2.303204
2.303576
2.303559
2.304269
2.307382
2.306408
2.305029
2.305277
2.305276
2.304195
2.306477
2.310010
2.309506
2.306863
2.306919
2.305218
2.308429
2.305913
2.305120
2.304855
2.306209
2.308429
2.305164
2.316820
2.326238
2.322173
2.311938
2.326873
2.341840
2.321794
2.309683
2.305944
2.308938
2.311335
2.309330
2.312035
2.319257
2.346448
2.355262
2.367621
2.383924
2.335699
2.330745
2.361371
2.394416
2.379089
2.376233
2.397843
2.403354
2.472861
2.349509
2.330940
2.312372
2.362504
2.430439
2.480999
2.467126
2.384311
2.363816
2.356867
2.378495
2.321143
2.369861
2.389844
2.371661
2.415109
2.356135
2.340612
2.317707
2.402223
2.346964
2.390344
2.342101
2.362080
2.347704
2.346819
2.363723
2.399944
2.396854
2.407218
2.433271
2.389959
2.380241
2.413692
2.466807
2.443779
2.352786
2.417332
2.415978
2.431143
2.407257
2.438866
2.431016
2.398429
2.381134
2.385174
2.350410
2.361854
2.381254
2.465643
2.420710
2.486767
2.379014
2.409715
2.360652
2.388590
2.384702
2.435486
2.418849
2.394573
2.429155
2.432097
2.431901
2.490526
2.523575
2.454675
2.322147
2.359507
2.477394
2.497666
2.467385
2.506679
2.526175
2.471498
2.473864
2.487411
2.504767
2.520980
2.471756
2.490806
2.444231
2.481950
2.484986
2.478450
2.482520
2.451207
2.485956
2.490227
2.520241
2.533847
2.499585
2.464285
2.497565
2.520449
2.479402
2.488812
2.463207
2.516711
2.547278
2.531709
2.520444
2.492308
2.490330
2.510540
2.475486
2.499028
2.516989
2.510796
2.498721
2.539131
2.505304
2.475575
2.524095
2.528091
2.502149
2.467510
2.537997
2.506718
2.516532
2.548560
2.491292
2.461652
2.527382
2.527359
2.500212
2.483067
2.444816
2.487502
2.493542
2.510764
2.468875
2.484886
2.551528
2.488010
2.476547
2.498924
2.511635
2.517325
2.507208
2.482896
2.517080
2.509626
2.497857
2.528435
2.487246
2.463048
2.500659
2.455868
2.494380
2.547629
2.570875
2.394975
2.360365
2.383437
2.385742
2.382562
2.371718
2.375888
2.416917
2.441089
2.509868
2.522936
2.570222
2.447517
2.416122
2.425656
2.445819
2.455891
2.501674
2.482512
2.536018
2.529701
2.521318
2.451935
2.445843
2.462493
2.454428
2.442002
2.456625
2.465957
2.440492
2.446053
2.481647
2.559097
2.527167
2.598060
2.548788
2.522022
2.503715
2.474690
2.466717
2.490690
2.480659
2.503135
2.482174
2.446550
2.485614
2.454804
2.466107
2.464366
2.430263
2.439759
2.398776
2.460469
2.450174
2.444301
2.461112
2.450542
2.430346
2.426575
2.420642
2.408873
2.405777
2.377532
2.338262
2.305310
2.302585
2.302585
2.302585
2.302585
2.302585
2.302585
2.302585
2.302585
2.302585
2.302585
2.302585
2.305786
2.308854
2.307892
2.351136
2.450830
2.501946
2.593754
2.656830
2.663179
2.699005
2.686861
2.654147
2.661091
2.697639
2.722000
2.658302
2.689780
2.720830
2.687350
2.721627
2.681521
2.699067
2.732896
2.749317
2.728267
2.735224
2.746591
2.761804
2.753995
2.754917
2.739500
2.739701
2.739784
2.716179
2.731972
2.747597
2.715938
2.747513
2.731888
2.731972
2.708534
2.778679
2.716347
2.755326
2.786659
2.724076
2.739607
2.731972
2.731972
2.685013
2.739784
2.770951
2.771034
2.747513
2.669472
2.700722
2.708534
2.708534
2.763222
2.700638
2.708250
2.747597
2.739784
2.747597
2.763222
2.700722
2.724159
2.716347
2.747597
2.708534
2.755409
2.731972
2.739784
2.747597
2.747597
2.700722
2.692909
2.755409
