2.310982
2.295182
2.272127
2.257300
2.246519
2.236431
2.180124
2.159972
2.044397
1.950066
1.983859
1.882095
1.833061
1.785874
1.732050
1.729446
1.720828
1.703269
1.684203
1.646816
1.702812
1.676311
1.661963
1.617985
1.647733
1.617770
1.631871
1.590212
1.611957
1.596737
1.591823
1.573910
1.569525
1.600093
1.567011
1.534243
1.586395
1.573366
1.548571
1.550121
1.579247
1.549256
1.556104
1.548107
1.553507
1.574879
1.541638
1.566117
1.534735
1.568353
1.563289
1.527386
1.527127
1.531496
1.560995
1.564861
1.526560
1.520932
1.547758
1.536463
1.540957
1.544858
1.551802
1.505120
1.498426
1.532989
1.541192
1.524023
1.541928
1.501281
1.535290
1.506656
1.536268
1.522432
1.515476
1.523182
1.503566
1.515662
1.520443
1.514396
1.523355
1.511308
1.527708
1.536595
1.521189
1.506669
1.517504
1.521202
1.530335
1.517713
1.498422
1.512249
1.516387
1.520412
1.525662
1.520580
1.509352
1.506788
1.503244
1.504170
1.504887
1.517956
1.506175
1.516734
1.504565
1.534993
1.513719
1.508076
1.512709
1.510388
1.513894
1.502876
1.496931
1.537566
1.491654
1.507133
1.499746
1.507024
1.514079
1.526828
1.535944
1.512804
1.509302
1.498501
1.504692
1.508848
1.513354
1.497423
1.498516
1.499603
1.490359
1.500401
1.506876
1.504349
1.522107
1.513739
1.513588
1.501977
1.508547
1.528491
1.515635
1.500097
1.492780
1.502946
1.500904
1.493873
1.495164
1.532195
1.505048
1.496233
1.499102
1.501603
1.516187
1.486003
1.504032
1.489714
1.514105
1.497581
1.506028
1.541094
1.506499
1.485596
1.499148
1.515293
1.492056
1.522497
1.495174
1.495363
1.493550
1.505185
1.509364
1.521845
1.502592
1.504798
1.489922
1.492977
1.493253
1.517733
1.496190
1.491198
1.500255
1.494688
1.484255
1.492221
1.490197
1.512547
1.497654
1.488168
1.491341
1.505614
1.510818
1.503527
1.480967
1.500741
1.497558
1.499512
1.483573
1.505270
1.486777
1.496567
1.491810
1.498946
1.509510
1.498311
1.513667
1.507028
1.498811
1.497458
1.500151
1.502429
1.487204
1.507837
1.498922
1.482968
1.498265
1.513816
1.519883
1.501074
1.489325
1.504999
1.513586
1.489306
1.494212
1.504642
1.487849
1.490993
1.492728
1.550828
1.500851
1.488751
1.488800
1.481972
1.480910
1.491901
1.506473
1.500605
1.505614
1.501898
1.505079
1.486674
1.512256
1.482979
1.490084
1.504968
1.480095
1.512547
1.497977
1.484832
1.498266
1.516882
1.495357
1.489244
1.498323
1.498243
1.482697
1.501335
1.489818
1.497196
1.515234
1.493001
1.487011
1.494404
1.504891
1.518014
1.496795
1.501508
1.497622
1.488137
1.489114
1.504759
1.491003
1.512673
1.492023
1.492363
1.492913
1.497239
1.502855
1.491185
1.503911
1.487820
1.491226
1.510554
1.491546
1.491374
1.508112
1.486620
1.496824
1.491455
1.490345
1.501113
1.507364
1.488392
1.495710
1.483443
1.508865
1.499496
1.496327
1.480490
1.501050
1.505756
1.485496
1.500264
1.499049
1.486311
1.498731
1.494432
1.492560
1.500366
1.491079
1.520643
1.494074
1.493929
1.485856
1.513925
1.481399
1.501644
1.502629
1.500077
1.493312
1.490623
1.493354
1.496981
1.496336
1.493575
1.495866
1.498507
1.501298
1.485210
1.504111
1.506056
1.507375
1.499469
1.497048
1.500813
1.499660
1.492658
1.516135
1.492440
1.486789
1.495189
1.506767
1.505342
1.499996
1.491346
1.495986
1.495431
1.492929
1.497970
1.509206
1.489015
1.506774
1.490705
1.502171
1.486673
1.492531
1.488493
1.501131
1.505684
1.489703
1.510497
1.513761
1.494686
1.513004
1.496708
1.497012
1.506223
1.493826
1.496888
1.497391
1.494485
1.501221
1.503751
1.496710
1.501231
1.488301
1.521465
1.499450
1.515774
1.490072
1.506013
1.486530
1.492709
1.488338
1.489372
1.507491
1.491045
1.491150
1.494758
1.495031
1.521836
1.497220
1.485144
1.502702
1.502738
1.494937
1.508161
1.500618
1.484924
1.505318
1.495451
1.490054
1.502901
1.498074
1.504910
1.498061
1.500759
1.493816
1.505320
1.500582
1.497531
1.504112
1.493232
1.520561
1.500614
1.486256
1.504513
1.496457
1.511463
1.488416
1.495765
1.497557
1.492203
1.498222
1.486643
1.506374
1.490761
1.501264
1.494671
1.512367
1.499016
1.504347
1.492994
1.510108
1.511325
1.504863
1.494125
1.491966
1.504860
1.485762
1.508103
1.497202
1.527976
1.493674
1.501052
1.501151
1.496727
1.502324
1.492245
1.513279
1.500436
1.490257
1.501972
1.489089
1.490081
1.494931
1.483473
1.492413
1.487788
1.513739
1.494822
1.485718
1.497540
1.497674
1.492532
1.493929
1.500485
1.496232
1.496068
1.499262
1.495962
1.485951
1.492384
1.494850
1.491977
1.496737
1.501997
1.504947
1.504052
1.487185
1.497461
1.505698
1.499572
1.508947
1.508059
1.494184
1.491987
1.518204
1.502001
1.489635
1.488838
1.495542
1.500852
1.486288
1.517235
1.491478
1.507561
1.493359
1.496040
1.507383
1.499902
