2.403056
2.422719
2.410757
2.409312
2.436879
2.442611
2.467743
2.483669
2.503137
2.523065
2.530639
2.523556
2.594619
2.595636
2.614218
2.650856
2.662982
2.649389
2.695457
2.660364
2.656918
2.687834
2.703594
2.695627
2.706622
2.692094
2.679702
2.626278
2.685396
2.664641
2.668591
2.655046
2.663250
2.699998
2.675112
2.730736
2.671176
2.663080
2.688048
2.656708
2.700116
2.631871
2.642697
2.612822
2.622311
2.555103
2.611987
2.478831
2.491276
2.452808
2.386342
2.460934
2.433903
2.364931
2.385474
2.456853
2.404198
2.545221
2.570716
2.523125
2.605368
2.643169
2.696335
2.803473
2.597099
2.680008
2.534465
2.510624
2.625365
2.821413
2.777254
3.235203
3.372516
3.573702
3.848938
3.656076
3.337013
3.137995
3.762190
4.091145
4.330191
4.973073
4.756657
3.692406
4.350077
4.863358
4.414913
5.734159
6.348627
6.278037
6.098916
6.221338
6.273318
6.072615
4.846489
5.036479
3.727325
3.642656
3.576403
3.367014
3.507885
3.189342
2.940317
2.058766
1.009198
0.847410
1.144482
1.412736
1.835029
2.503683
3.255432
3.500098
3.901925
3.990036
4.016788
3.345362
2.794756
3.029748
3.478899
3.191507
3.431876
3.792687
3.509705
3.890682
4.357301
3.947634
3.285393
3.041176
2.535209
2.402828
2.146344
1.824688
1.951377
2.170998
2.078144
1.383528
0.642750
0.603871
0.448853
0.384525
0.285467
0.720853
0.939963
1.836847
1.943343
2.063196
2.025390
2.393920
2.335393
2.710947
3.135309
2.974748
2.612386
2.269296
2.661658
2.359527
2.331916
2.013148
1.861930
1.525970
1.060677
0.669625
0.583474
0.496836
0.544138
0.376340
0.434467
0.249109
0.470027
0.620021
0.661356
0.737422
0.887926
1.074652
1.093188
1.006440
1.201702
0.990256
1.031058
0.824960
0.797212
0.899385
0.834437
0.763234
0.653721
0.655536
0.657647
0.417163
0.617428
0.505829
0.420931
0.610903
0.512268
0.376681
0.543200
0.490229
0.577302
0.557140
0.509035
0.445058
0.497030
0.559080
0.390210
0.487582
0.527141
0.532829
0.437244
0.495389
0.528761
0.471897
0.455318
0.552398
0.355354
0.375827
0.438985
0.395275
0.395656
0.375205
0.301419
0.456885
0.370878
0.333477
0.376505
0.520363
0.422867
0.509676
0.405142
0.449713
0.395122
0.345800
0.517464
0.377437
0.487552
0.494800
0.380682
0.412568
0.388850
0.329698
0.412812
0.363100
0.317431
0.302450
0.415187
0.288711
0.381575
0.292845
0.372870
0.292142
0.358718
0.408276
0.413417
0.384071
0.376274
0.369453
0.431236
0.455488
0.305152
0.393013
0.335350
0.341591
0.396743
0.274219
0.435609
0.361505
0.391388
0.319950
0.327107
0.364559
0.415981
0.387483
0.474369
0.421073
0.409148
0.419148
0.269280
0.433228
0.317708
0.399262
0.277796
0.337738
0.283668
0.311726
0.348132
0.339497
0.317731
0.222860
0.291387
0.342582
0.259953
0.263500
0.308370
0.349205
0.230086
0.318442
0.341156
0.393981
0.430458
0.247957
0.401102
0.290217
0.268493
0.369741
0.274151
0.487143
0.349338
0.419800
0.288462
0.294013
0.287514
0.425083
0.326715
0.322661
0.332218
0.339476
0.235609
0.363002
0.301081
0.308382
0.255783
0.243122
0.350857
0.333464
0.391740
0.263011
0.283872
0.241013
0.326240
0.311812
0.243349
0.308961
0.245130
0.236838
0.294045
0.282331
0.289920
0.275944
0.245864
0.251550
0.267247
0.253652
0.208115
0.313475
0.333202
0.195279
0.260585
0.237644
0.259524
0.255249
0.283312
0.282927
0.287266
0.426073
0.364230
0.308604
0.344088
0.363823
0.310755
0.322049
0.193339
0.370404
0.191251
0.269665
0.248481
0.312349
0.252210
0.202355
0.250097
0.274657
0.220404
0.220014
0.367447
0.250388
0.210534
0.240535
0.319954
0.395425
0.234783
0.230329
0.293338
0.258004
0.211874
0.327208
0.306386
0.318925
0.323253
0.240103
0.239867
0.255895
0.228231
0.308803
0.197200
0.384852
0.236537
0.313125
0.264974
0.312062
0.291425
0.146226
0.325201
0.502761
0.262009
0.256008
0.286791
0.216203
0.171076
0.263516
0.198320
0.241156
0.279062
0.211575
0.192709
0.227408
0.272529
0.240109
0.248553
0.264493
0.301177
0.214523
0.192745
0.193248
0.306322
0.196062
0.208994
0.239741
0.235613
0.225221
0.259306
0.262800
0.251118
0.337612
0.324013
0.241951
0.220597
0.240264
0.190009
0.205059
0.267202
0.269095
0.190860
0.259982
0.245409
0.360905
0.300484
0.227279
0.292776
0.323362
0.293991
0.220335
0.218842
0.272016
0.261281
0.180698
0.187654
0.197277
0.222725
0.137075
0.168975
0.184502
0.193875
0.231412
0.181059
0.170205
0.250526
0.344198
0.170267
0.161800
0.171744
0.315707
0.285432
0.154550
0.225104
0.186394
0.217423
0.309343
0.200225
0.233321
0.161654
0.273270
0.297731
0.333830
0.145706
0.214668
0.207690
0.282130
0.184924
0.274415
0.223139
0.265793
0.163667
0.151135
0.224728
0.266013
0.237670
0.249992
0.252004
0.233160
0.210071
0.229114
0.284771
0.199766
