2.306797
2.308959
2.321759
2.334676
2.347432
2.357601
2.369848
2.399810
2.429482
2.447393
2.458268
2.436601
2.409184
2.379354
2.279625
2.245493
2.176299
2.124923
2.094997
2.004696
1.937622
1.855770
1.808283
1.819475
1.742710
1.732487
1.732263
1.749368
1.721168
1.701281
1.690111
1.711714
1.672578
1.690664
1.637299
1.649759
1.686253
1.660294
1.610048
1.604198
1.653673
1.677850
1.662471
1.601725
1.585194
1.622452
1.593541
1.630318
1.615378
1.618891
1.635015
1.597844
1.581214
1.541696
1.605703
1.619194
1.619771
1.596506
1.572381
1.600954
1.604004
1.574291
1.589990
1.590371
1.603875
1.529148
1.576062
1.564178
1.568901
1.578375
1.578019
1.535866
1.510824
1.580600
1.580008
1.556736
1.564711
1.574475
1.556563
1.547825
1.543078
1.564179
1.591484
1.552665
1.518147
1.564968
1.555066
1.593282
1.561429
1.559446
1.544695
1.559898
1.524589
1.541466
1.574727
1.540820
1.577850
1.524395
1.525693
1.538114
1.533017
1.576226
1.569079
1.558999
1.520398
1.551085
1.582881
1.536812
1.552610
1.573908
1.543668
1.529474
1.548313
1.510220
1.543382
1.570346
1.520858
1.550032
1.527468
1.518506
1.515050
1.526613
1.562822
1.547327
1.560599
1.547082
1.522517
1.519602
1.545511
1.563381
1.524748
1.535851
1.552069
1.527419
1.535001
1.515250
1.591940
1.548461
1.512969
1.543938
1.534177
1.535005
1.519288
1.527331
1.570394
1.535164
1.502402
1.529248
1.521399
1.518680
1.563152
1.531308
1.516751
1.534264
1.540416
1.532144
1.526278
1.519761
1.512347
1.523529
1.516819
1.524351
1.539547
1.519442
1.509273
1.533036
1.519130
1.523579
1.530696
1.531851
1.527700
1.558924
1.494954
1.530142
1.514189
1.515327
1.548268
1.540710
1.508075
1.512945
1.496870
1.552329
1.529550
1.528330
1.529370
1.521738
1.503025
1.531370
1.504516
1.521171
1.502127
1.544990
1.537579
1.526724
1.492930
1.513884
1.512119
1.566259
1.531679
1.521790
1.524820
1.503191
1.489597
1.482851
1.514786
1.531115
1.564621
1.540158
1.493337
1.500862
1.507055
1.525297
1.517691
1.534486
1.539398
1.525500
1.498262
1.507187
1.503310
1.517073
1.515365
1.517552
1.520798
1.514338
1.484390
1.533192
1.540990
1.494531
1.509445
1.522232
1.543431
1.520215
1.513677
1.513244
1.504433
1.496344
1.500876
1.520440
1.516167
1.511604
1.526262
1.530111
1.503772
1.512426
1.518707
1.505282
1.515436
1.499016
1.494638
1.500631
1.515697
1.528151
1.521631
1.520238
1.492864
1.488540
1.504851
1.516601
1.507026
1.512190
1.503900
1.505576
1.513358
1.524766
1.540672
1.478121
1.505071
1.508821
1.505664
1.503045
1.508132
1.500316
1.525085
1.520759
1.530878
1.537330
1.502833
1.501409
1.499710
1.488296
1.495924
1.498194
1.501479
1.515877
1.496985
1.523816
1.487437
1.513836
1.504362
1.520745
1.519695
1.531722
1.510018
1.482884
1.488372
1.507295
1.530289
1.502072
1.525188
1.496990
1.521910
1.491215
1.500625
1.519439
1.496502
1.533062
1.504811
1.493054
1.500800
1.508868
1.502261
1.502866
1.523673
1.503193
1.495115
1.478980
1.496414
1.481415
1.511199
1.524593
1.523861
1.494331
1.500262
1.488395
1.497911
1.485316
1.496940
1.510379
1.527193
1.534611
1.501364
1.487928
1.500747
1.497566
1.502298
1.503723
1.506360
1.517335
1.500309
1.487947
1.492913
1.500386
1.518728
1.497326
1.500083
1.519258
1.494194
1.495021
1.492445
1.488634
1.499398
1.524300
1.506761
1.513398
1.480340
1.476684
1.494020
1.515889
1.497218
1.546084
1.509334
1.494258
1.486000
1.492695
1.498868
1.516081
1.498319
1.513537
1.502085
1.510050
1.473026
1.492736
1.500312
1.500900
1.514584
1.491999
1.529374
1.489639
1.508529
1.473871
1.477035
1.508961
1.486163
1.530712
1.477556
1.494436
1.496615
1.482981
1.502294
1.504665
1.500131
1.511353
1.500142
1.494339
1.479641
1.485428
1.490541
1.491109
1.498581
1.478538
1.511877
1.500191
1.488393
1.502995
1.480562
1.483682
1.502434
1.488763
1.487833
1.506809
1.507932
1.494054
1.504407
1.502901
1.497217
1.495066
1.488382
1.520464
1.486238
1.508583
1.485238
1.479332
1.491565
1.490203
1.500756
1.508930
1.513706
1.498390
1.479083
1.520763
1.492516
1.492857
1.496696
1.492881
1.498694
1.486149
1.493335
1.516503
1.496752
1.482465
1.479235
1.477843
1.478446
1.518433
1.496099
1.514100
1.493674
1.490518
1.484162
1.485998
1.485344
1.529196
1.488604
1.497014
1.490687
1.477693
1.498433
1.484423
1.497174
1.509317
1.490229
1.499488
1.479389
1.472738
1.487496
1.503248
1.498362
1.488524
1.489808
1.493232
1.492247
1.483809
1.501566
1.497999
1.487616
1.489003
1.483219
1.485399
1.489414
1.501244
1.495578
1.508422
1.497644
1.480214
1.507359
1.500033
1.488158
1.478406
1.484621
1.485079
1.491930
1.494167
1.495440
1.500433
1.491342
1.484796
1.486431
1.493706
1.507414
1.496208
