1.500000
1.500000
1.500000
1.453438
1.174375
0.690677
0.844219
0.625313
0.725156
0.594740
0.504479
0.564583
0.525313
0.491146
0.530313
0.524063
0.495260
0.496719
0.480208
0.462344
0.484948
0.468854
0.440208
0.442857
0.435052
0.440208
0.431302
0.403646
0.432604
0.394167
0.402708
0.389844
0.382240
0.362083
0.370938
0.375729
0.359167
0.333333
0.342500
0.356302
0.344635
0.331719
0.326979
0.326302
0.313438
0.321094
0.305417
0.296310
0.303073
0.295729
0.308281
0.304479
0.301250
0.293073
0.303854
0.293438
0.262448
0.262604
0.271354
0.274219
0.255885
0.274740
0.266771
0.234583
0.238802
0.301146
0.270156
0.259427
0.246563
0.263854
0.258073
0.253452
0.246563
0.242969
0.249948
0.227448
0.219531
0.224792
0.222292
0.225625
0.239063
0.228906
0.232240
0.223646
0.208281
0.206615
0.228698
0.216146
0.236510
0.208125
0.230104
0.189583
0.198281
0.212969
0.229740
0.203333
0.184688
0.189792
0.182917
0.204010
0.213698
0.201302
0.190521
0.190990
0.170729
0.197813
0.168594
0.209427
0.225885
0.178542
0.216250
0.210677
0.187604
0.196927
0.211875
0.184740
0.233698
0.205156
0.167656
0.184286
0.199271
0.165208
0.193281
0.208438
0.182292
0.171667
0.173021
0.152969
0.178854
0.191563
0.164792
0.168594
0.190677
0.154531
0.165156
0.145521
0.156927
0.150990
0.161927
0.170677
0.145573
0.155781
0.138438
0.154286
0.143021
0.156406
0.147656
0.142135
0.128490
0.132865
0.152083
0.149271
0.178594
0.156510
0.139219
0.135781
0.166302
0.128229
0.164063
0.142188
0.147135
0.135677
0.131146
0.129740
0.123125
0.149323
0.129635
0.165238
0.135052
0.126510
0.131354
0.141094
0.117604
0.136615
0.130781
0.124531
0.143698
0.124583
0.124375
0.123854
0.136198
0.124375
0.104167
0.127031
0.127969
0.105000
0.125156
0.120260
0.127292
0.112188
0.128594
0.132976
0.120833
0.118333
0.129948
0.120313
0.098750
0.116510
0.092240
0.125781
0.138854
0.109063
0.129063
0.110104
0.086979
0.124375
0.102448
0.110573
0.126042
0.123802
0.111927
0.114792
0.114479
0.092500
0.113750
0.087500
0.109219
0.126510
0.125260
0.105417
0.110052
0.094531
0.093125
0.130990
0.107344
0.104896
0.113906
0.113542
0.089323
0.087448
0.104635
0.108385
0.123906
0.101927
0.078958
0.101667
0.085260
0.108125
0.102760
0.115833
0.096667
0.097396
0.100469
0.082500
0.103958
0.095313
0.116875
0.095677
0.090469
0.098802
0.088385
0.106927
0.093802
0.102500
0.112917
0.086198
0.087813
0.113854
0.108906
0.100156
0.096406
0.101094
0.115417
0.106786
0.117448
0.073646
0.081458
0.088073
0.088125
0.100052
0.104219
0.088125
0.081302
0.091198
0.102031
0.079479
0.099740
0.115938
0.089792
0.107396
0.098438
0.102031
0.087396
0.089063
0.093854
0.084688
0.100469
0.091786
0.093385
0.077708
0.108490
0.099896
0.088229
0.111979
0.101302
0.081042
0.076354
0.095885
0.097969
0.077917
0.098958
0.103073
0.083229
0.103021
0.102188
0.088229
0.081458
0.086146
0.080052
0.082813
0.081250
0.068095
0.084792
0.102031
0.089323
0.092396
0.083021
0.090938
0.092552
0.072292
0.094063
0.108854
0.095469
0.078229
0.100885
0.086510
0.081302
0.075000
0.061406
0.103177
0.075417
0.074115
0.080781
0.073906
0.072708
0.070714
0.097292
0.073073
0.086458
0.095833
0.087969
0.080990
0.069531
0.080573
0.090781
0.084688
0.085260
0.079948
0.073333
0.076146
0.078281
0.084948
0.079271
0.071771
0.082760
0.083125
0.095885
0.092500
0.075729
0.086190
0.076458
0.082292
0.081823
0.082708
0.069271
0.089375
0.076927
0.069063
0.082760
0.070521
0.104219
0.058906
0.087031
0.079583
0.072240
0.090156
0.071354
0.077083
0.094271
0.081250
0.075573
0.096406
0.075260
0.113929
0.077344
0.080469
0.072656
0.074219
0.085521
0.072188
0.082708
0.086198
0.083229
0.076302
0.079896
0.065156
0.065625
0.072969
0.061458
0.080313
0.083958
0.075000
0.071719
0.079323
0.090573
0.069479
0.071719
0.086786
0.067344
0.067188
0.080156
0.087240
0.068281
0.061250
0.082083
0.069063
0.075781
0.078490
0.082031
0.064844
0.077031
0.068438
0.078958
0.069740
0.082865
0.076302
0.075156
0.079323
0.086458
0.100417
0.084010
0.088690
0.087135
0.074219
0.079167
0.067656
0.076771
0.071250
0.070781
0.062396
0.075156
0.059479
0.068021
0.072969
0.067083
0.066094
0.070260
0.066406
0.071615
0.081302
0.075052
0.073594
0.075000
0.073750
0.062083
0.084524
0.061771
0.082344
0.075729
0.060990
0.079063
0.088490
0.061719
0.073958
0.067708
0.075417
0.061979
0.069219
0.086354
0.061302
0.070156
0.071667
0.065625
0.072969
0.071615
0.064844
0.071875
0.053958
0.070052
0.076429
0.060052
0.055417
0.058906
0.079375
0.062917
0.084063
0.057760
0.069583
0.074323
0.066615
0.053333
0.071563
0.070417
0.075521
0.073333
0.057188
0.056406
0.071719
0.071771
0.066615
