2.302495
2.301111
2.301859
2.302278
2.297677
2.301047
2.294119
2.292908
2.280255
2.293622
2.282783
2.290505
2.284453
2.279760
2.269103
2.252418
2.254526
2.260910
2.251794
2.240048
2.228783
2.235555
2.207913
2.205599
2.200808
2.206650
2.168614
2.163132
2.170685
2.200443
2.164184
2.118540
2.110554
2.106308
2.101282
2.085294
2.085922
2.044712
2.063279
2.044750
2.013635
2.029599
1.982769
1.974010
1.954667
1.947833
1.941389
1.927937
1.909216
1.883330
1.884402
1.915713
1.829237
1.833427
1.842750
1.846242
1.819516
1.788367
1.808933
1.800228
1.844908
1.780094
1.781858
1.802655
1.776746
1.787258
1.793499
1.749115
1.783605
1.769343
1.732039
1.742681
1.728516
1.740913
1.740312
1.715106
1.784897
1.745763
1.733575
1.698395
1.693785
1.702827
1.722907
1.692419
1.709797
1.714656
1.734500
1.732712
1.731812
1.724861
1.685595
1.679241
1.695405
1.678471
1.673339
1.645348
1.696306
1.671427
1.698846
1.673282
1.678581
1.687489
1.643620
1.712698
1.719310
1.682904
1.643524
1.671660
1.651256
1.689867
1.662487
1.650985
1.688144
1.651292
1.666562
1.657044
1.647125
1.651236
1.666937
1.662606
1.633996
1.632948
1.638312
1.672547
1.668579
1.647976
1.658970
1.640445
1.646440
1.635663
1.664606
1.661090
1.651444
1.612624
1.653553
1.614459
1.625574
1.649860
1.664341
1.645376
1.632949
1.627880
1.625689
1.624117
1.652263
1.617010
1.635782
1.609172
1.599760
1.641124
1.635559
1.625217
1.626872
1.624683
1.640633
1.636759
1.627512
1.618478
1.604587
1.608365
1.603113
1.609900
1.619577
1.584956
1.599871
1.615629
1.613569
1.618908
1.604523
1.629294
1.617941
1.594472
1.640108
1.618965
1.573552
1.602466
1.607882
1.570435
1.644322
1.613492
1.640540
1.579941
1.624676
1.629086
1.609532
1.599286
1.598944
1.607890
1.600367
1.578887
1.598502
1.605996
1.662838
1.600904
1.569932
1.612222
1.592077
1.604478
1.578991
1.599401
1.569874
1.593245
1.585235
1.606610
1.600835
1.576628
1.598684
1.559015
1.604554
1.583282
1.588301
1.579662
1.577850
1.589266
1.579034
1.604074
1.581433
1.605024
1.578272
1.595147
1.590570
1.577194
1.624871
1.585531
1.574998
1.600510
1.603527
1.590687
1.559071
1.590113
1.554901
1.579487
1.588565
1.568604
1.595532
1.584130
1.592875
1.584283
1.598166
1.571623
1.596810
1.604278
1.584077
1.558871
1.575310
1.579500
1.600247
1.599273
1.578028
1.583539
1.597770
1.601141
1.589556
1.587382
1.552847
1.573924
1.591666
1.563985
1.566020
1.581650
1.551116
1.572575
1.592641
1.551944
1.548695
1.564548
1.560406
1.556726
1.582045
1.548245
1.571510
1.586679
1.597038
1.599783
1.571975
1.576533
1.553364
1.588761
1.578556
1.535018
1.594792
1.555164
1.573688
1.573551
1.576583
1.560007
1.576268
1.557747
1.578251
1.572884
1.548799
1.558938
1.560696
1.558116
1.541655
1.594178
1.556007
1.543022
1.575245
1.550348
1.563887
1.581284
1.546301
1.547026
1.526266
1.575979
1.580490
1.553989
1.559205
1.581976
1.529404
1.573676
1.597038
1.558970
1.543137
1.554295
1.526833
1.579316
1.562176
1.563003
1.543093
1.551592
1.539393
1.564780
1.558556
1.556182
1.567333
1.537040
1.545228
1.575217
1.552631
1.596730
1.558317
1.562728
1.570456
1.536520
1.553322
1.559929
1.544801
1.562020
1.549287
1.556324
1.543125
1.520475
1.539470
1.550388
1.562147
1.535682
1.557793
1.555234
1.525679
1.555296
1.567137
1.561538
1.566553
1.557163
1.534121
1.542490
1.555530
1.606728
1.564216
1.553111
1.544650
1.564001
1.564346
1.543704
1.532627
1.534985
1.534132
1.539286
1.549261
1.570310
1.545213
1.537780
1.541965
1.533206
1.568740
1.560614
1.576457
1.531389
1.535826
1.539127
1.543463
1.569963
1.531766
1.554246
1.526970
1.566547
1.552956
1.544895
1.528690
1.526762
1.539954
1.539862
1.529819
1.572883
1.559957
1.549459
1.544656
1.572523
1.524370
1.530309
1.562638
1.539591
1.519521
1.552815
1.555935
1.554592
1.550008
1.541892
1.532713
1.517178
1.578488
1.553248
1.512914
1.531747
1.551027
1.533382
1.523497
1.525203
1.530890
1.539579
1.532517
1.550018
1.539641
1.559044
1.539159
1.535531
1.525456
1.535159
1.556908
1.548431
1.545345
1.555017
1.542441
1.533847
1.545517
1.545400
1.532789
1.565609
1.508274
1.555560
1.536170
1.520499
1.544437
1.545322
1.529030
1.537038
1.552302
1.562713
1.517697
1.520644
1.547454
1.556780
1.534604
1.531955
1.564925
1.539287
1.536746
1.544413
1.546853
1.531199
1.520287
1.530188
1.542598
1.523178
1.527792
1.552796
1.535555
1.543705
1.513720
1.540882
1.513737
1.551080
1.558000
1.541461
1.568306
1.543587
1.522910
1.538116
1.517837
1.543060
1.532903
1.527006
1.544327
1.509549
1.544007
1.532243
1.534161
1.528447
1.526895
1.514638
1.534484
1.530048
1.521505
1.529292
1.527475
1.542344
1.517682
1.530750
