2.302581
2.294191
2.286395
2.257492
2.235015
2.218506
2.141850
2.076382
2.068870
2.016068
1.979455
1.989170
1.991288
1.955082
1.917561
1.857337
1.818772
1.818717
1.770621
1.753201
1.729633
1.762489
1.714048
1.700968
1.731888
1.669198
1.708879
1.660109
1.707735
1.635202
1.649484
1.632575
1.611718
1.655768
1.675503
1.630957
1.652720
1.620804
1.630573
1.632714
1.619961
1.637864
1.601482
1.586241
1.604179
1.645894
1.599079
1.609592
1.557988
1.615677
1.615869
1.608703
1.575104
1.575898
1.582822
1.635913
1.560356
1.546365
1.568389
1.579800
1.588130
1.564791
1.604866
1.602731
1.565884
1.634616
1.564734
1.572209
1.597365
1.575532
1.584767
1.554118
1.607964
1.568143
1.592867
1.530435
1.573157
1.560668
1.593631
1.595766
1.530666
1.549587
1.570163
1.578872
1.592375
1.545674
1.564795
1.549509
1.558355
1.570262
1.560775
1.553793
1.570990
1.570137
1.553292
1.555766
1.537873
1.559285
1.553349
1.579935
1.551953
1.541064
1.548820
1.560691
1.531945
1.567788
1.548867
1.557909
1.541806
1.565664
1.531932
1.555237
1.556224
1.531801
1.526313
1.555699
1.493176
1.540868
1.574295
1.558202
1.568628
1.584581
1.534011
1.533058
1.572236
1.561972
1.537585
1.533303
1.575560
1.500114
1.526183
1.548897
1.517292
1.570641
1.517037
1.572512
1.584036
1.584669
1.542364
1.487223
1.576492
1.558395
1.558162
1.541451
1.538390
1.552718
1.546377
1.534573
1.573188
1.527157
1.555602
1.578261
1.574912
1.512198
1.538108
1.563399
1.614213
1.531637
1.547240
1.540285
1.546723
1.544553
1.530429
1.547257
1.542183
1.546022
1.518653
1.522990
1.588768
1.538656
1.558211
1.507131
1.573607
1.559789
1.533376
1.528863
1.520778
1.527211
1.532918
1.548514
1.578888
1.532919
1.531944
1.524771
1.526706
1.537613
1.553134
1.546685
1.564365
1.524130
1.524096
1.535045
1.549453
1.534320
1.517359
1.527264
1.506653
1.582525
1.541506
1.531227
1.542921
1.552192
1.532551
1.535051
1.554782
1.539844
1.528446
1.529149
1.597878
1.533356
1.524501
1.552452
1.560589
1.537578
1.508674
1.528855
1.501507
1.568193
1.489540
1.533205
1.573498
1.571113
1.569923
1.553512
1.538405
1.522593
1.537526
1.519404
1.546363
1.567893
1.531613
1.556439
1.545201
1.518805
1.541771
1.546245
1.535341
1.527682
1.540275
1.536035
1.531624
1.527828
1.526705
1.537520
1.540979
1.550721
1.542363
1.517515
1.508733
1.542413
1.530424
1.558371
1.550373
1.544785
1.548045
1.533689
1.520274
1.538021
1.557096
1.522509
1.536284
1.510947
1.538167
1.547297
1.540197
1.516731
1.561824
1.505659
1.506422
1.544617
1.583543
1.579109
1.548885
1.523100
1.593006
1.538861
1.526646
1.526420
1.510158
1.526827
1.539882
1.528651
1.515212
1.505287
1.537613
1.513459
1.554090
1.531215
1.508920
1.516660
1.502112
1.544201
1.513713
1.590075
1.522811
1.515391
1.539755
1.545102
1.529271
1.550509
1.554622
1.539436
1.505431
1.508640
1.543323
1.515828
1.563120
1.541051
1.531296
1.559362
1.546851
1.559285
1.493557
1.536912
1.495684
1.539299
1.541114
1.498754
1.522968
1.517798
1.527568
1.544409
1.530317
1.551177
1.533560
1.534280
1.574000
1.514670
1.549281
1.549043
1.533202
1.507754
1.530983
1.524911
1.548178
1.533034
1.503817
1.508427
1.562768
1.502223
1.525506
1.564418
1.541510
1.529947
1.513961
1.552171
1.483110
1.508558
1.531641
1.560813
1.526755
1.545445
1.515668
1.526956
1.537992
1.555615
1.524962
1.504407
1.564351
1.560506
1.515203
1.531978
1.553870
1.547742
1.513542
1.508029
1.538272
1.545963
1.502407
1.507023
1.551079
1.521117
1.554379
1.507874
1.541849
1.532475
1.550143
1.551612
1.513731
1.537132
1.510177
1.511151
1.540287
1.550817
1.530947
1.604985
1.588168
1.533482
1.513988
1.529153
1.535701
1.521585
1.530941
1.543097
1.537796
1.513703
1.540112
1.524590
1.515706
1.507064
1.525921
1.510114
1.520572
1.541189
1.510015
1.537389
1.503489
1.547950
1.532237
1.508931
1.537599
1.546922
1.545034
1.501351
1.553517
1.536964
1.509560
1.498149
1.527833
1.549197
1.513115
1.524713
1.502597
1.538336
1.548543
1.574676
1.500461
1.565348
1.511403
1.546439
1.529329
1.538724
1.525885
1.527783
1.533848
1.513452
1.504885
1.522138
1.506722
1.561614
1.551847
1.569494
1.527940
1.567686
1.544586
1.530094
1.527089
1.517323
1.488317
1.522056
1.530335
1.533023
1.500710
1.517820
1.487586
1.505790
1.518289
1.492209
1.539435
1.520122
1.549451
1.558969
1.537348
1.560203
1.526360
1.535884
1.527391
1.510381
1.524279
1.506640
1.526634
1.537595
1.500537
1.538411
1.564854
1.520622
1.523066
1.531796
1.509965
1.525244
1.505268
1.509629
1.532437
1.556328
1.538743
1.521139
1.525220
1.533523
1.541229
1.513347
1.517331
1.522687
1.516137
1.548659
1.540513
1.498540
1.523869
1.521124
1.518096
1.513337
