2.313187
2.297380
2.285474
2.284888
2.267889
2.259016
2.212520
2.174103
2.110596
2.055099
1.962950
1.947598
1.841737
1.828797
1.800239
1.738759
1.712946
1.697181
1.694980
1.670326
1.653930
1.637186
1.685134
1.659749
1.659864
1.640019
1.614084
1.631434
1.604970
1.619410
1.638177
1.615158
1.593820
1.633941
1.617739
1.605695
1.613130
1.556193
1.614981
1.608752
1.593091
1.599030
1.587003
1.574182
1.546973
1.587776
1.580148
1.628376
1.569559
1.567566
1.585877
1.588478
1.584554
1.544438
1.572871
1.585513
1.571911
1.565190
1.581698
1.583562
1.586326
1.575790
1.563622
1.542251
1.581645
1.563828
1.564844
1.560710
1.564975
1.594304
1.558203
1.546609
1.566440
1.571062
1.523451
1.576395
1.545711
1.576307
1.591000
1.543940
1.529517
1.537930
1.536927
1.562254
1.583931
1.551041
1.531327
1.550667
1.566140
1.545300
1.541734
1.557416
1.546286
1.534504
1.524547
1.540139
1.558913
1.564643
1.532132
1.546649
1.562222
1.529805
1.541109
1.588756
1.559751
1.561337
1.528552
1.545207
1.537457
1.520648
1.527582
1.547071
1.558133
1.498557
1.552545
1.546912
1.534241
1.533962
1.524501
1.526457
1.537078
1.525823
1.534103
1.551615
1.531454
1.542247
1.493537
1.533115
1.523872
1.536574
1.541627
1.525478
1.521464
1.538040
1.536573
1.550296
1.548639
1.550256
1.528241
1.549641
1.537638
1.563435
1.525283
1.519682
1.527953
1.546371
1.521882
1.542199
1.526113
1.554338
1.519772
1.528228
1.511494
1.526916
1.517152
1.529203
1.519882
1.552774
1.536781
1.531250
1.539138
1.524327
1.517974
1.549200
1.520151
1.514522
1.556457
1.521225
1.518943
1.527871
1.536483
1.520030
1.511834
1.502280
1.508342
1.533361
1.500394
1.549239
1.518680
1.546630
1.528220
1.528297
1.515704
1.541626
1.516852
1.503262
1.509058
1.525727
1.534345
1.512164
1.519126
1.505915
1.509975
1.542093
1.524809
1.542241
1.524274
1.511983
1.528482
1.532578
1.509438
1.515484
1.519352
1.523528
1.517319
1.503218
1.495411
1.522493
1.513202
1.531307
1.533985
1.508546
1.530192
1.513166
1.504924
1.497337
1.512404
1.511620
1.543677
1.521591
1.523922
1.518266
1.529011
1.510505
1.501994
1.526072
1.520376
1.502706
1.518277
1.509945
1.501408
1.519336
1.521892
1.501673
1.529090
1.504354
1.537087
1.537974
1.537573
1.519837
1.522964
1.545663
1.506709
1.508094
1.492667
1.529700
1.511718
1.500485
1.524523
1.509095
1.520046
1.500550
1.498841
1.506428
1.494698
1.501099
1.504281
1.500214
1.511029
1.518572
1.517093
1.510109
1.492138
1.500460
1.521523
1.522617
1.508990
1.527693
1.523746
1.504676
1.497091
1.503833
1.516184
1.515451
1.503704
1.513825
1.512225
1.502098
1.498168
1.505099
1.509312
1.514867
1.498401
1.505762
1.511251
1.523387
1.500397
1.501474
1.516673
1.496006
1.517908
1.522364
1.513837
1.505736
1.498821
1.519088
1.486179
1.523024
1.495486
1.521235
1.486386
1.492501
1.521300
1.495154
1.530200
1.508758
1.519182
1.506076
1.500693
1.511482
1.504375
1.517281
1.495165
1.497832
1.495785
1.502021
1.507198
1.487239
1.493367
1.494371
1.500910
1.514257
1.484524
1.502933
1.508828
1.513494
1.485036
1.525429
1.494730
1.531222
1.494479
1.526308
1.514718
1.494978
1.497888
1.483173
1.507955
1.507689
1.489536
1.510653
1.498806
1.502967
1.517284
1.484318
1.492977
1.521052
1.493959
1.492618
1.494256
1.517678
1.494816
1.487745
1.507801
1.510162
1.491382
1.483186
1.505332
1.500905
1.502726
1.498375
1.517256
1.505706
1.526683
1.488333
1.491775
1.501200
1.506173
1.499896
1.512503
1.496822
1.491598
1.489989
1.510289
1.498226
1.514200
1.513705
1.495086
1.509452
1.504121
1.514584
1.507596
1.493563
1.496687
1.513259
1.487833
1.485358
1.477646
1.492848
1.513480
1.492967
1.498030
1.499362
1.488848
1.489496
1.523015
1.499266
1.519109
1.501086
1.504454
1.515589
1.499201
1.501407
1.499918
1.485994
1.493055
1.488943
1.512196
1.512839
1.493081
1.503306
1.477988
1.489819
1.494711
1.504125
1.494856
1.506058
1.487232
1.500881
1.498791
1.486245
1.478323
1.498880
1.496364
1.488989
1.493102
1.499606
1.498215
1.493497
1.485110
1.492002
1.511548
1.516032
1.509233
1.518054
1.481488
1.488355
1.491491
1.496082
1.499747
1.514055
1.482095
1.504682
1.503601
1.481098
1.489845
1.482223
1.500257
1.504752
1.497311
1.493603
1.489288
1.503710
1.502482
1.505879
1.498507
1.482291
1.503221
1.477928
1.490326
1.516885
1.485836
1.526332
1.497823
1.507390
1.492165
1.504087
1.489922
1.493769
1.510286
1.478262
1.472364
1.492616
1.489500
1.490881
1.483536
1.493149
1.504554
1.490945
1.492292
1.505006
1.499391
1.503499
1.497618
1.492661
1.500705
1.502166
1.503974
1.495051
1.490016
1.483493
1.491496
1.488418
1.483445
1.472165
1.502280
1.487197
1.500415
1.482348
1.491966
1.501271
