1.500000
1.500000
1.500000
1.453438
1.174375
0.690677
0.840469
0.627552
0.721719
0.591042
0.509219
0.567448
0.526094
0.494583
0.533333
0.520885
0.492083
0.498333
0.478646
0.465833
0.486302
0.470990
0.440938
0.440357
0.436146
0.443490
0.432656
0.403750
0.435938
0.397083
0.399844
0.388698
0.382448
0.362656
0.374115
0.377031
0.361823
0.336563
0.336823
0.353385
0.347865
0.330833
0.330625
0.326719
0.309792
0.327813
0.301146
0.300476
0.296198
0.294688
0.310208
0.301563
0.305365
0.293125
0.303906
0.293490
0.265260
0.265365
0.268906
0.273646
0.257396
0.276927
0.265990
0.234688
0.240365
0.305156
0.272344
0.260417
0.247188
0.262135
0.259792
0.250595
0.245104
0.239740
0.249271
0.232604
0.222344
0.227917
0.228177
0.234479
0.240000
0.236927
0.237083
0.236510
0.205260
0.218125
0.242656
0.225313
0.242500
0.220104
0.237031
0.195677
0.203229
0.220573
0.227552
0.208690
0.183125
0.196458
0.186406
0.215313
0.223021
0.200469
0.199583
0.189271
0.178021
0.202083
0.183646
0.223698
0.231042
0.175677
0.229792
0.222188
0.186979
0.202552
0.215729
0.187396
0.203698
0.199115
0.170625
0.177500
0.193281
0.177344
0.189635
0.208073
0.190885
0.186875
0.168281
0.167917
0.181406
0.250417
0.202604
0.208906
0.384583
0.219948
0.309896
0.180417
0.273177
0.162760
0.260833
0.191771
0.188594
0.197448
0.162969
0.202619
0.167969
0.175781
0.185104
0.153750
0.150469
0.162760
0.161406
0.168490
0.194219
0.174010
0.155938
0.153073
0.185469
0.149635
0.182083
0.152396
0.166563
0.153281
0.136354
0.140417
0.141146
0.159375
0.136719
0.198810
0.143073
0.132969
0.154583
0.166042
0.145208
0.154688
0.144896
0.140365
0.152292
0.144063
0.130000
0.149479
0.153646
0.144479
0.118802
0.141302
0.146927
0.125365
0.140833
0.135156
0.164740
0.124688
0.150521
0.166310
0.138021
0.190885
0.166979
0.159323
0.138750
0.124583
0.130313
0.148802
0.174844
0.122031
0.173073
0.132552
0.116719
0.133385
0.131771
0.129115
0.148906
0.131719
0.127135
0.135677
0.129688
0.109063
0.128073
0.105238
0.120990
0.140365
0.140417
0.116771
0.123021
0.113281
0.110885
0.154219
0.132760
0.124167
0.148854
0.136302
0.119896
0.115156
0.136094
0.127344
0.147292
0.119115
0.099115
0.114531
0.099740
0.123750
0.115208
0.123095
0.107604
0.106667
0.108646
0.092448
0.114219
0.101146
0.127292
0.099115
0.099271
0.115885
0.097917
0.135417
0.107917
0.141458
0.124063
0.134531
0.104688
0.157344
0.127969
0.126198
0.114010
0.118438
0.143958
0.131071
0.139635
0.083854
0.100938
0.095469
0.093542
0.115156
0.119896
0.095313
0.096615
0.101302
0.106406
0.085469
0.109635
0.131094
0.099844
0.118958
0.104219
0.105208
0.094427
0.100677
0.099219
0.088854
0.108958
0.101071
0.092865
0.083490
0.112552
0.106406
0.096354
0.115677
0.109635
0.094115
0.079479
0.099896
0.106563
0.081875
0.103073
0.106719
0.091979
0.110417
0.111875
0.102031
0.089688
0.096198
0.091875
0.091354
0.095000
0.081548
0.101667
0.119896
0.097760
0.110156
0.093958
0.099427
0.103385
0.073490
0.104740
0.115625
0.101406
0.087135
0.110208
0.092188
0.091771
0.088229
0.072083
0.112188
0.095313
0.083958
0.095625
0.086354
0.085417
0.080714
0.112604
0.088646
0.097813
0.112760
0.104375
0.114323
0.092031
0.142656
0.108646
0.133542
0.102656
0.116771
0.090833
0.106927
0.094635
0.106979
0.096406
0.088906
0.095573
0.087396
0.109948
0.098698
0.087292
0.103452
0.082604
0.093750
0.095417
0.095781
0.087188
0.102083
0.082448
0.078490
0.089271
0.073802
0.109167
0.062292
0.098854
0.092865
0.082500
0.097552
0.082604
0.085208
0.098125
0.091198
0.084948
0.107604
0.083750
0.118095
0.089583
0.092969
0.083802
0.088073
0.097083
0.083750
0.096198
0.096198
0.096875
0.095521
0.084375
0.078906
0.079323
0.088490
0.072604
0.091875
0.092500
0.084531
0.082083
0.094063
0.107500
0.083281
0.085729
0.098452
0.077552
0.080104
0.093125
0.093073
0.078281
0.079948
0.099271
0.082031
0.091563
0.084740
0.093802
0.078750
0.096250
0.076563
0.091927
0.079115
0.094844
0.099219
0.092344
0.115677
0.102240
0.133698
0.121458
0.118810
0.124323
0.103854
0.116406
0.087292
0.105156
0.085573
0.092865
0.085990
0.093073
0.072760
0.088594
0.085938
0.082031
0.081979
0.086667
0.078021
0.088594
0.094375
0.089896
0.086927
0.081771
0.081719
0.076510
0.100833
0.075573
0.091719
0.090573
0.068229
0.090833
0.094896
0.069271
0.084271
0.077813
0.085885
0.073438
0.077865
0.095104
0.078177
0.087813
0.086198
0.080104
0.079427
0.088177
0.082500
0.083229
0.065000
0.087865
0.094048
0.070990
0.063229
0.069010
0.086823
0.074323
0.100573
0.066406
0.082813
0.088490
0.076094
0.068229
0.084219
0.080729
0.091719
0.088490
0.069219
0.068021
0.080729
0.085156
0.078698
