2.337144
2.341739
2.337552
2.333496
2.322382
2.312374
2.302844
2.288661
2.285264
2.264187
2.237278
2.233577
2.222144
2.192598
2.171257
2.178648
2.207965
2.118076
2.150856
2.115293
2.142393
2.104774
2.088228
2.081252
2.055257
2.163898
2.043101
2.131107
2.127968
2.104360
2.117438
2.249843
2.216532
2.118447
2.256237
2.404053
2.339932
2.606882
2.233424
2.471095
2.357969
2.514652
2.154674
2.155128
2.328470
2.257700
2.572057
2.238261
2.054907
2.709012
2.989641
2.819122
2.565535
3.560457
3.424305
4.990628
2.629592
3.419944
3.462415
3.503683
4.901929
4.913004
6.619618
4.974858
10.352537
8.748455
7.757627
12.792415
8.360088
14.257406
11.711194
28.230736
35.181469
66.822128
66.582390
54.704304
98.550758
62.213284
47.578529
3.264083
2.286916
2.328233
2.339422
2.363591
2.358341
2.365880
2.414834
2.469679
2.461689
2.456984
2.438387
2.479056
2.437209
2.426937
2.390807
2.397816
2.415354
2.426210
2.402642
2.388452
2.397881
2.405538
2.374779
2.394471
2.398978
2.388138
2.392938
2.427622
2.410248
2.440490
2.393974
2.385802
2.362079
2.383569
2.305585
2.303775
2.279317
2.247101
2.243569
2.223617
2.202633
2.217097
2.187374
2.203223
2.187784
2.163995
2.159978
2.158612
2.144302
2.126013
2.145423
2.099080
2.101047
2.062469
2.072028
2.008170
2.079265
2.012614
2.015134
1.968012
2.066063
2.071399
2.052693
2.048140
2.134083
2.089402
2.027083
2.192457
2.310161
2.087754
2.582022
2.569685
2.206678
2.333410
2.364143
2.469870
2.479854
2.367369
3.339778
2.621455
2.658225
2.350109
3.449606
3.539527
2.751637
3.122636
2.772588
3.289133
3.865260
3.279028
3.112965
4.550766
3.860914
5.030872
4.940200
5.475012
4.788637
4.024414
5.739959
9.513236
7.362630
5.947325
9.038456
4.793669
8.825482
12.216899
9.615746
15.052331
14.559015
44.409710
69.969376
101.985992
108.261345
108.108276
90.383331
41.725983
19.400627
3.177904
2.119599
1.621289
1.804660
1.915847
1.943943
1.931127
1.951694
1.904937
1.926177
1.919523
1.906037
1.824746
1.664639
1.801276
1.636365
1.766618
1.514711
1.627393
1.641087
1.600604
1.668028
1.588404
1.651204
1.572964
1.452545
1.775729
1.720566
1.715283
1.687520
1.740335
1.878681
1.718972
1.794613
1.846061
1.719788
1.804524
1.459027
1.704833
1.704322
1.632306
2.197131
2.040020
2.138494
2.288550
2.261246
2.179275
2.837778
3.042194
2.470665
2.763787
1.830892
3.099264
3.032290
3.950354
2.867135
2.696205
2.669386
3.139386
4.622168
2.659867
2.749360
4.254576
4.848062
4.457960
5.968887
6.901772
4.532793
3.598537
6.314636
5.529015
8.095276
8.014941
10.696289
11.599169
8.080567
8.167017
8.596272
16.877569
19.046371
19.083035
34.529682
28.919710
28.031725
51.900642
119.391037
178.725861
254.913544
198.635452
91.083351
10.398204
4.585421
3.547866
2.937197
2.737264
2.556071
2.476480
2.423103
2.353495
2.406302
2.390085
2.346552
2.342893
2.376857
2.347982
2.346627
2.323287
2.330565
2.329231
2.335402
2.337520
2.311830
2.310252
2.333233
2.323698
2.319156
2.306986
2.297427
2.310929
2.274336
2.263375
2.287530
2.267987
2.288993
2.252801
2.252504
2.236428
2.284664
2.249111
2.211828
2.271260
2.237856
2.213821
2.234940
2.277202
2.229107
2.193944
2.214906
2.218702
2.155743
2.232102
2.224753
2.179090
2.183670
2.166489
2.205772
2.195757
2.168073
2.174752
2.192863
2.170889
2.188219
2.132427
2.161574
2.145455
2.183680
2.153144
2.167329
2.141258
2.158503
2.125321
2.185661
2.140184
2.141519
2.125753
2.137136
2.123622
2.123280
2.102664
2.099121
2.109146
2.127276
2.143709
2.069560
2.123955
2.120303
2.113749
2.145825
2.075564
2.071094
2.106649
2.071006
2.136187
2.091834
2.066439
2.048685
2.058535
2.062652
2.060877
2.112225
2.042182
2.049528
2.047596
2.001091
2.010491
2.086928
2.043616
2.026126
2.028863
2.022493
2.030238
1.938883
2.004224
1.981029
1.987493
2.010010
1.958507
1.922797
1.882040
1.999434
2.003114
1.908845
1.888014
1.862021
1.933619
1.941553
1.924682
1.938724
1.852420
1.944506
1.889915
1.849842
1.838294
1.878290
1.908909
1.772913
1.793150
1.707616
1.630577
1.785286
1.776540
1.710971
1.734409
1.661711
1.574486
1.580413
1.535618
1.524436
1.554508
1.575203
1.397595
1.371318
1.385123
1.388480
1.414436
1.448146
1.568635
1.360041
1.340156
1.295645
1.383963
1.438955
1.577599
1.370794
1.515325
1.325943
1.413163
1.394233
1.522409
1.483172
1.452601
1.650058
1.692934
1.696716
1.515421
1.830108
1.908644
1.740107
1.700316
1.358874
1.500725
1.623263
1.871790
2.139781
1.895739
1.831330
1.710821
2.788831
1.978915
2.487546
2.660532
1.773452
2.280987
2.128537
2.435008
3.289598
2.110948
2.594710
2.428881
2.760580
3.220018
1.913742
2.226475
3.404455
2.489111
3.252434
3.124323
4.658637
3.917271
3.232067
5.865157
4.025635
4.178640
