0.0781
0.3438
0.4297
0.3047
0.4844
0.4531
0.3672
0.4297
0.4141
0.5938
0.5938
0.4062
0.4922
0.4453
0.6172
0.6250
0.6484
0.7422
0.7109
0.7578
0.7578
0.7969
0.8047
0.8036
0.8359
0.8359
0.7891
0.8125
0.8438
0.8594
0.8672
0.8828
0.8828
0.8359
0.8906
0.8750
0.8672
0.9062
0.8516
0.8984
0.9062
0.8672
0.8906
0.8828
0.8594
0.8906
0.8828
0.9107
0.9141
0.8750
0.9141
0.8828
0.9219
0.9375
0.9531
0.9141
0.9375
0.9141
0.9375
0.9531
0.8984
0.9219
0.9062
0.8984
0.9375
0.8828
0.9219
0.8594
0.9141
0.8828
0.9141
0.9286
0.9219
0.9375
0.9609
0.9375
0.9375
0.9219
0.8828
0.8906
0.9375
0.9453
0.9297
0.9766
0.9141
0.9375
0.9453
0.9766
0.9766
0.9375
0.8828
0.9219
0.9609
0.9062
0.9453
0.9107
0.9219
0.9453
0.9453
0.9609
0.9609
0.9609
0.8984
0.9453
0.9766
0.9531
0.9609
0.9375
0.9609
0.9531
0.9609
0.9531
0.9219
0.9609
0.9531
0.9531
0.9375
0.9219
0.9297
0.9821
0.9688
0.9766
0.9531
0.9531
0.9531
0.9375
0.9766
0.9688
0.9531
0.9531
0.9688
0.9531
0.9609
0.9453
0.9766
0.9766
0.9531
0.9531
0.9844
0.9609
0.9766
0.9375
0.9688
0.9464
0.9766
0.9531
0.9531
0.9688
1.0000
0.9844
0.9531
0.9766
0.9297
0.9609
0.9688
0.9688
0.9688
0.9531
0.9688
0.9609
0.9453
0.9922
0.9531
0.9609
0.9844
0.9844
0.9688
0.9643
0.9688
0.9844
0.9688
0.9688
0.9766
0.9531
0.9688
0.9766
0.9531
0.9609
0.9844
0.9922
0.9766
0.9609
0.9531
0.9766
0.9688
0.9609
0.9844
0.9844
0.9922
0.9766
0.9531
0.9821
0.9844
0.9766
0.9766
0.9844
0.9922
0.9922
0.9766
0.9531
0.9844
0.9766
0.9922
0.9531
0.9531
0.9531
0.9766
0.9688
0.9688
0.9531
0.9766
0.9766
0.9766
0.9766
0.9766
0.9821
0.9766
0.9688
0.9688
0.9688
0.9844
0.9844
0.9766
0.9609
0.9844
0.9844
0.9688
0.9766
0.9688
0.9766
0.9766
0.9766
0.9531
0.9766
0.9766
0.9922
0.9922
0.9609
0.9922
0.9821
0.9922
0.9922
0.9766
1.0000
1.0000
0.9688
0.9844
0.9922
0.9688
0.9766
0.9922
0.9766
0.9844
0.9688
0.9688
0.9609
0.9922
0.9922
0.9766
0.9688
0.9688
0.9531
0.9766
1.0000
0.9766
0.9766
0.9766
0.9844
1.0000
0.9531
0.9766
0.9688
0.9922
0.9688
0.9766
1.0000
0.9688
0.9922
0.9766
1.0000
1.0000
0.9766
1.0000
0.9766
0.9844
0.9922
0.9609
0.9821
0.9844
0.9922
0.9844
0.9844
0.9766
0.9766
0.9766
0.9922
0.9688
0.9844
1.0000
0.9844
0.9922
0.9922
0.9766
0.9766
0.9844
0.9922
0.9844
0.9688
0.9688
0.9922
0.9922
0.9643
0.9609
0.9688
0.9766
0.9922
0.9766
0.9922
0.9922
0.9922
0.9844
0.9844
1.0000
0.9844
0.9922
1.0000
0.9844
0.9766
1.0000
0.9922
0.9688
0.9922
0.9844
0.9688
0.9766
1.0000
0.9688
0.9609
0.9688
1.0000
0.9922
1.0000
0.9922
0.9844
0.9766
0.9844
0.9922
0.9844
1.0000
0.9766
0.9922
1.0000
0.9766
0.9766
0.9922
0.9922
0.9922
0.9844
0.9922
1.0000
0.9844
0.9922
0.9922
0.9766
0.9844
0.9844
0.9922
0.9844
0.9844
0.9844
0.9844
1.0000
0.9844
0.9922
0.9844
0.9922
0.9609
0.9844
0.9922
0.9766
0.9844
1.0000
1.0000
0.9821
0.9922
0.9688
0.9844
0.9844
0.9922
1.0000
0.9922
1.0000
1.0000
0.9844
0.9922
0.9766
0.9688
0.9922
0.9766
1.0000
0.9844
0.9922
1.0000
0.9766
0.9609
1.0000
1.0000
1.0000
0.9922
1.0000
0.9531
0.9766
0.9766
1.0000
0.9688
0.9922
1.0000
1.0000
0.9844
0.9922
0.9766
0.9922
0.9766
0.9922
0.9844
0.9922
0.9922
1.0000
0.9922
0.9844
0.9844
1.0000
1.0000
0.9922
0.9922
0.9844
0.9844
0.9922
0.9844
0.9844
0.9766
0.9922
1.0000
0.9766
1.0000
1.0000
1.0000
0.9922
0.9922
0.9922
0.9688
0.9922
0.9688
0.9609
0.9922
0.9821
0.9922
1.0000
0.9844
0.9766
1.0000
0.9922
0.9922
0.9844
1.0000
1.0000
0.9844
0.9844
0.9844
1.0000
0.9844
1.0000
0.9766
0.9922
0.9766
0.9609
0.9922
1.0000
1.0000
0.9821
1.0000
0.9844
0.9844
1.0000
0.9922
0.9922
0.9844
0.9766
0.9766
0.9922
1.0000
0.9766
0.9922
1.0000
0.9766
0.9844
0.9922
0.9844
0.9922
0.9922
