2.304326
2.304608
2.305043
2.304119
2.304405
2.303662
2.303576
2.304195
2.303824
2.303452
2.303824
2.302368
2.303824
2.302957
2.302671
2.303166
2.301566
2.298403
2.295309
2.286649
2.285523
2.279367
2.285992
2.288656
2.284574
2.293880
2.295927
2.296659
2.291411
2.285054
2.296025
2.296257
2.284276
2.288469
2.281270
2.284671
2.278018
2.278025
2.282331
2.279514
2.271426
2.270250
2.273616
2.264669
2.284292
2.248152
2.270264
2.258033
2.264133
2.254392
2.298245
2.240642
2.258967
2.256603
2.270639
2.250683
2.239202
2.226285
2.202608
2.207874
2.198139
2.221119
2.232592
2.208771
2.212084
2.149838
2.150606
2.177166
2.150656
2.195284
2.133229
2.166019
2.127845
2.194635
2.184329
2.104340
2.116952
2.161844
2.140142
2.194049
2.176149
2.155063
2.155129
2.157182
2.169913
2.138939
2.166905
2.122314
2.123775
2.098777
2.111840
2.037587
2.080049
2.061539
2.052059
2.072052
2.101250
2.057299
2.053921
2.026754
2.026955
1.993655
2.036022
2.030948
2.010961
2.006652
2.000681
1.976883
1.985176
1.951961
1.973155
1.967897
2.029977
1.994762
2.048359
1.998134
2.020125
2.031102
1.982813
2.021970
2.031451
2.028911
1.959662
2.055439
2.131843
2.117613
2.111741
2.102423
2.146199
2.163666
2.117965
2.116508
2.054723
2.063870
2.088449
2.035616
2.024348
2.033731
1.988629
1.957642
1.920613
1.875500
1.937965
1.907254
1.821083
1.867636
1.902630
1.884922
1.919703
1.869091
1.894937
1.883469
1.854667
1.842178
1.824897
1.833347
1.862446
1.911300
1.922819
1.892944
1.891958
1.961374
1.887540
1.879573
1.881206
1.892233
1.890772
1.896702
1.879740
1.916342
1.855308
1.942293
1.937631
1.824958
1.902372
1.800037
1.805220
1.807886
1.821488
1.825932
1.819416
1.808480
1.840304
1.864330
1.833496
1.859270
1.779788
1.796964
1.814472
1.899728
1.780008
1.845863
1.789340
1.819953
1.852458
1.843026
1.803548
1.819581
1.870858
1.794018
1.824855
1.823315
1.773397
1.820013
1.801079
1.872685
1.828246
1.894737
1.812084
1.853990
1.812326
1.873777
1.807410
1.822711
1.807860
1.799739
1.809952
1.776966
1.797353
1.761997
1.770673
1.794567
1.801028
1.797853
1.850288
1.820556
1.832857
1.835656
1.846131
1.833986
1.824484
1.749774
1.835773
1.789221
1.803391
1.766302
1.766475
1.809078
1.774933
1.784502
1.770366
1.779075
1.759076
1.824154
1.820319
1.818703
1.829723
1.805954
1.795335
1.778877
1.748477
1.764188
1.793898
1.816645
1.802386
1.782380
1.782869
1.779691
1.830231
1.782910
1.797759
1.808028
1.790442
1.831744
1.750502
1.724640
1.759978
1.780696
1.791264
1.784771
1.842268
1.797399
1.811190
1.782203
1.766840
1.834292
1.782579
1.800413
1.795431
1.769692
1.777714
1.747886
1.743307
1.778017
1.764941
1.749062
1.736818
1.821648
1.809555
1.762144
1.788264
1.694378
1.759518
1.750206
1.788830
1.796573
1.819123
1.794944
1.775060
1.749736
1.784582
1.801589
1.749327
1.749883
1.786366
1.766574
1.754759
1.762966
1.801701
1.789985
1.810971
1.799245
1.794250
1.709728
1.740906
1.740173
1.770695
1.798092
1.798639
1.723959
1.768793
1.767929
1.795172
1.749611
1.751366
1.750497
1.784065
1.786167
1.772418
1.803218
1.796938
1.759832
1.764315
1.797201
1.757152
1.742016
1.745694
1.771651
1.743978
1.739492
1.724762
1.721886
1.748221
1.764851
1.765582
1.751580
1.775421
1.769475
1.776150
1.732002
1.716998
1.796844
1.782112
1.781902
1.834688
1.848873
1.896078
1.941955
1.928789
1.982150
1.985604
1.963410
2.015501
2.022049
2.028812
1.925736
1.883527
1.823706
1.782761
1.780645
1.750992
1.831118
1.785805
1.845701
1.845617
1.807587
1.910971
1.851844
1.924216
1.856886
1.922707
1.932140
1.952832
1.951859
1.932503
1.932939
1.997443
2.037331
1.989740
1.952011
2.042309
1.916855
1.827052
1.801596
1.807934
1.793449
1.826904
1.807944
1.762959
1.792860
1.728222
1.780318
1.746242
1.759039
1.776548
1.761816
1.755404
1.741516
1.726759
1.766238
1.755917
1.794260
1.767505
1.749087
1.768918
1.743723
1.721386
1.709880
1.762004
1.760961
1.796394
1.758988
1.733408
1.733429
1.729439
1.747901
1.705310
1.713987
1.774666
1.724355
1.734653
1.770041
1.827385
1.779292
1.752040
1.833380
1.774673
1.705440
1.699927
1.696091
1.703967
1.740757
1.681010
1.756485
1.705321
1.733274
1.702177
1.760006
1.752224
1.737519
1.744728
1.790850
1.772350
1.740656
1.722900
1.736088
1.751977
1.742004
1.748302
1.712511
1.724598
1.704376
1.758350
1.698998
1.719204
1.731500
1.740550
1.737934
1.734938
1.854113
1.834421
1.839692
1.844098
1.890621
1.893878
1.814161
1.798468
1.771927
1.793846
1.781633
1.707677
1.681556
1.679125
1.692901
1.692194
1.657651
1.702074
1.683502
1.667062
1.685156
1.725354
1.694513
1.751732
1.671689
1.735745
1.716831
1.753727
1.759184
1.754715
1.812027
