2.281145
2.290531
2.288705
2.282157
2.278706
2.271432
2.261931
2.268008
2.262712
2.255376
2.250432
2.251503
2.229379
2.236293
2.231663
2.251915
2.211482
2.212189
2.215435
2.211446
2.210485
2.216882
2.217216
2.201077
2.215154
2.162889
2.196276
2.176170
2.193713
2.177522
2.107805
2.175528
2.122522
2.118805
2.149035
2.136276
2.136410
2.105404
2.101536
2.108170
2.162870
2.119546
2.141143
2.117565
2.070885
2.040241
2.038931
2.053508
2.121064
2.091413
1.997868
2.003891
2.107746
1.974478
1.944781
1.943962
1.943716
1.974722
1.876219
1.816710
1.876414
1.783357
1.804150
1.784961
1.676579
1.732401
1.732760
1.796991
1.691164
1.567460
1.592592
1.545479
1.462771
1.469437
1.440105
1.346528
1.404626
1.406658
1.271315
1.232637
1.246239
1.231105
0.961751
1.084168
0.957808
1.053415
0.983293
0.838033
1.131113
1.006424
0.976529
0.903741
0.837513
0.814624
0.852475
0.848578
0.729261
0.739770
0.882460
0.859993
0.696345
0.565742
0.613671
0.545857
0.573821
0.568670
0.546197
0.855252
1.006284
1.055739
0.648687
0.579812
0.593869
0.714113
0.574671
0.667972
0.701790
0.843213
0.758084
0.713162
0.511922
0.874940
0.580109
0.597964
0.662929
0.566308
0.672981
0.489682
0.504155
0.675124
0.551444
0.391261
0.418678
0.571652
0.543930
0.524568
0.445059
0.515771
0.467276
0.581916
0.429486
0.453556
0.435547
0.561789
0.388883
0.376056
0.375651
0.462395
0.528368
0.492890
0.503322
0.275777
0.371832
0.449458
0.371737
0.256430
0.476167
0.332477
0.369789
0.397428
0.540800
0.586519
0.487914
0.257997
0.345756
0.333290
0.399318
0.317274
0.349241
0.311133
0.651218
0.486995
0.449909
0.470748
0.364107
0.358383
0.348235
0.332034
0.483281
0.423033
0.292040
0.399318
0.524815
0.412738
0.429790
0.327195
0.411868
0.350887
0.341853
0.419087
0.386157
0.277401
0.252434
0.285253
0.434478
0.363379
0.415556
0.343430
0.259391
0.305544
0.274787
0.312526
0.459125
0.300886
0.407681
0.428597
0.399872
0.400047
0.313222
0.197487
0.266401
0.243067
0.311128
0.329572
0.305761
0.514860
0.376702
0.257312
0.283792
0.289808
0.419395
0.357371
0.459286
0.401083
0.247087
0.354671
0.446005
0.356896
0.231138
0.306141
0.173211
0.367502
0.360711
0.249749
0.273460
0.335534
0.421450
0.356916
0.356545
0.494819
0.235796
0.157117
0.258533
0.440550
0.242780
0.298265
0.304072
0.284979
0.340877
0.267251
0.493752
0.226483
0.327312
0.365192
0.404075
0.282322
0.225849
0.308203
0.311224
0.367645
0.344940
0.384842
0.343928
0.275662
0.267175
0.164138
0.333629
0.318808
0.301374
0.385010
0.383284
0.263609
0.240712
0.236138
0.237379
0.276649
0.265587
0.275172
0.251142
0.267345
0.419899
0.333250
0.206693
0.278955
0.297230
0.215660
0.217250
0.298519
0.186192
0.378713
0.208566
0.404179
0.256003
0.280775
0.278561
0.342041
0.318530
0.340420
0.336508
0.205161
0.314394
0.299803
0.225696
0.160904
0.235165
0.259716
0.306263
0.249161
0.257961
0.306979
0.202500
0.262652
0.156176
0.261848
0.208500
0.212608
0.228938
0.302225
0.395086
0.259694
0.244115
0.318251
0.281729
0.253148
0.304703
0.288960
0.343260
0.235914
0.297305
0.252810
0.323116
0.155020
0.266737
0.284213
0.209563
0.171320
0.254635
0.322091
0.327363
0.240070
0.217840
0.097225
0.326056
0.176238
0.148783
0.237850
0.241297
0.226315
0.277706
0.202132
0.283835
0.209728
0.178262
0.275216
0.282107
0.367131
0.245460
0.280829
0.212579
0.160197
0.196474
0.383674
0.263837
0.261575
0.236530
0.326464
0.224295
0.214032
0.144757
0.247297
0.271129
0.277094
0.218583
0.317569
0.207452
0.163429
0.272457
0.155620
0.171074
0.238150
0.275233
0.361850
0.204358
0.162704
0.125931
0.251296
0.139824
0.208473
0.488998
0.146113
0.219379
0.216175
0.255522
0.222130
0.283209
0.318664
0.211079
0.224537
0.213419
0.312435
0.266615
0.177192
0.286127
0.226347
0.186110
0.151216
0.198352
0.190388
0.154299
0.288886
0.295659
0.194834
0.234776
0.144772
0.174146
0.208734
0.179025
0.121443
0.236179
0.224142
0.204761
0.201695
0.282424
0.238866
0.108925
0.200829
0.197282
0.136807
0.193582
0.212458
0.204875
0.238177
0.281408
0.163977
0.263085
0.260574
0.187898
0.231089
0.310315
0.219591
0.173672
0.323234
0.200449
0.144945
0.342402
0.132846
0.194093
0.219245
0.190255
0.313420
0.183662
0.173182
0.166881
0.168629
0.191379
0.230590
0.244521
0.182294
0.138765
0.128121
0.230034
0.189428
0.220100
0.205306
0.158786
0.161647
0.316747
0.456388
0.162898
0.119713
0.194393
0.140513
0.204690
0.279800
0.369115
0.241324
0.121537
0.227218
0.204487
0.262708
0.217060
0.226497
0.139064
0.183152
0.154392
0.205132
0.292666
0.157193
0.228249
0.224201
0.171806
0.195562
0.216092
0.291110
0.411815
0.161394
0.209112
0.167718
0.177080
0.123220
