2.336705
2.325265
2.327682
2.354459
2.457712
2.410271
2.381333
2.072011
2.001042
2.098311
2.137681
2.010890
1.942336
2.167142
2.374157
2.358901
2.273200
2.151711
2.004569
2.112159
2.157720
2.189865
2.024133
1.922712
1.965351
2.004247
2.080043
2.029671
1.967973
2.394303
2.233474
2.016149
2.112571
2.284256
2.337113
2.254024
2.198802
2.012850
1.891242
1.807468
1.803264
1.872596
1.998712
1.852744
1.796112
1.824371
1.899114
1.791957
1.751903
1.850818
2.248808
2.272027
2.240391
2.196752
2.195248
2.113711
1.880116
1.904649
1.847990
1.865344
1.839862
1.814833
1.802889
1.870032
1.760278
1.817074
1.792312
1.779514
1.771674
1.799260
1.748783
1.782616
1.775668
1.770274
1.747695
1.744480
1.792030
1.773847
1.696179
1.695556
1.719329
1.718875
1.764563
1.821917
1.757227
1.769852
1.703781
1.698428
1.682729
1.745695
1.787681
1.886884
1.814511
1.720559
1.738418
1.844963
1.864091
2.204313
2.245873
1.982264
1.791623
1.779257
1.814448
2.214930
2.270450
2.265581
2.241230
2.192224
2.200212
2.156753
1.995874
1.750794
1.687312
1.672216
1.715382
1.798058
1.884975
2.003291
1.920035
1.755146
1.741503
1.738528
1.728573
1.803600
1.978642
1.793537
1.747693
1.742506
1.724575
1.750689
1.806162
1.833897
1.807370
1.761833
1.713391
1.681776
1.709383
1.760608
1.808251
1.758843
1.761584
1.699848
1.703771
1.702981
1.770943
1.774341
1.755517
1.773673
1.708945
1.749182
1.746659
1.775806
1.761505
1.782051
1.726285
1.715102
1.731762
1.696894
1.750610
1.763092
1.802162
1.742566
1.701483
1.703102
1.753399
1.826308
1.809392
1.816737
1.761618
1.727364
1.733669
1.745050
1.803251
1.848988
1.770480
1.709596
1.735176
1.781020
1.795671
1.753780
1.734896
1.931538
1.783842
1.696242
1.731749
1.735966
1.737019
1.769907
1.794174
1.697887
1.716887
1.720142
1.909219
2.161410
2.216759
2.233454
2.213469
2.356199
2.440849
2.307944
2.123739
1.868722
1.688378
1.668190
1.721972
1.836626
1.913082
1.857200
1.808876
1.715272
1.749266
1.752767
1.797155
1.753504
1.738973
1.757896
1.728088
1.718883
1.754250
1.850122
1.967590
1.990289
2.042935
2.070504
2.117909
2.100170
2.100100
1.964239
1.881428
1.740305
1.732753
1.734854
1.738099
1.814516
1.913743
1.844593
1.807780
1.786995
1.912811
2.051505
2.025411
1.762180
1.693727
1.667198
1.661402
1.695903
1.778945
1.800214
1.789710
1.863866
1.776184
1.792805
1.717316
1.727480
1.684366
1.691726
1.679627
1.699042
1.736415
1.758622
1.769716
1.772029
1.694108
1.675138
1.668051
1.708179
1.706647
1.708553
1.722871
1.747065
1.780684
1.816844
1.818930
1.763635
1.712599
1.682424
1.707494
1.685925
1.666854
1.694812
1.714844
1.710348
1.756152
1.682701
1.745385
1.738418
1.747184
1.688553
1.677421
1.687903
1.686114
1.666963
1.694150
1.675513
1.683115
1.707450
1.698354
1.737835
1.703447
1.708948
1.721757
1.710757
1.727034
1.711834
1.705781
1.661032
1.680313
1.657830
1.701581
1.681703
1.743150
1.758855
1.756822
1.793937
1.859641
1.769773
1.741549
1.698362
1.702888
1.682087
1.670833
1.702471
1.727565
1.711771
1.747428
1.780992
1.715620
1.717053
1.687205
1.672767
1.680308
1.685122
1.688363
1.697744
1.719702
1.747094
1.696175
1.716003
1.693027
1.679333
1.702365
1.682683
1.701573
1.688411
1.695830
1.696781
1.703385
1.688753
1.674242
1.691857
1.629385
1.665833
1.689031
1.717711
1.729230
1.683725
1.718937
1.665134
1.646435
1.640373
1.628874
1.608640
1.621784
1.602621
1.593479
1.621332
1.595086
1.584989
1.620341
1.641401
1.625245
1.688510
1.678137
1.707406
1.743667
1.717493
1.703721
1.646634
1.712121
1.656657
1.609982
1.562453
1.578104
1.588963
1.614389
1.620887
1.603366
1.629528
1.730081
1.825587
1.927455
1.724781
1.663398
1.637261
1.607637
1.600647
1.593851
1.642568
1.716349
1.797563
1.830441
1.840060
1.839843
1.793382
1.765038
1.708881
1.638843
1.646805
1.629269
1.627741
1.653756
1.639766
1.657307
1.683628
1.693777
1.673259
1.669544
1.642305
1.611450
1.602292
1.589196
1.611315
1.622032
1.585198
1.604810
1.598309
1.558368
1.588933
1.624316
1.626015
1.594411
1.634795
1.645666
1.669846
1.678009
1.635377
1.625039
1.626083
1.595000
1.587038
1.595876
1.627183
1.592518
1.584830
1.604025
1.601158
1.611871
1.612243
1.611090
1.610098
1.609114
1.580646
1.590724
1.579923
1.547992
1.547575
1.557091
1.552532
1.573807
1.593495
1.572572
1.587762
1.555343
1.546883
1.546944
1.572913
1.578478
1.568594
1.604819
1.531813
1.531933
1.526112
1.542041
1.548818
1.532970
1.518651
1.533690
1.529829
1.544748
1.542034
1.562929
1.577617
1.578161
1.516494
1.539871
1.519620
1.527070
1.536719
1.524272
1.543610
1.565690
1.522658
1.528428
1.555941
1.584224
1.575918
1.563743
1.583520
1.564223
1.545586
