2.307169
2.306870
2.314342
2.327398
2.341206
2.347439
2.352186
2.364940
2.388880
2.408445
2.434202
2.454080
2.459574
2.478344
2.478771
2.498883
2.487544
2.477015
2.430697
2.419551
2.370130
2.189212
2.140021
2.090443
2.066425
2.022328
1.922907
1.855115
1.790985
1.761750
1.835658
1.798851
1.797821
1.735025
1.723182
1.744532
1.751503
1.668306
1.732215
1.744976
1.703936
1.633343
1.672127
1.663563
1.691874
1.696166
1.703272
1.616152
1.606075
1.625136
1.627512
1.620008
1.617921
1.605479
1.639288
1.638687
1.648297
1.624465
1.594768
1.580799
1.595542
1.585315
1.586120
1.567214
1.584297
1.602418
1.594791
1.569252
1.587837
1.564511
1.553998
1.599966
1.590997
1.579027
1.602638
1.575379
1.550362
1.564598
1.597402
1.549792
1.559867
1.569204
1.564395
1.569239
1.582094
1.547340
1.571836
1.558296
1.552716
1.593213
1.555442
1.578209
1.564010
1.539326
1.546048
1.565261
1.544750
1.550074
1.533656
1.556922
1.547163
1.536044
1.533506
1.528601
1.539932
1.538360
1.542766
1.559029
1.551120
1.525857
1.557980
1.522725
1.563137
1.517631
1.535817
1.533621
1.525716
1.518345
1.558587
1.531449
1.532514
1.535006
1.541252
1.551114
1.522108
1.541352
1.511173
1.525710
1.538949
1.519302
1.543565
1.533212
1.543078
1.515884
1.519071
1.528716
1.503268
1.513196
1.522825
1.535861
1.544438
1.529508
1.530841
1.518605
1.540267
1.520185
1.554955
1.516175
1.540220
1.520396
1.528973
1.519910
1.515158
1.513788
1.521852
1.517396
1.541784
1.522815
1.514283
1.525257
1.530942
1.533484
1.493467
1.523037
1.515705
1.514331
1.506930
1.504561
1.502284
1.510309
1.513024
1.514039
1.520656
1.498153
1.511117
1.515396
1.516905
1.548433
1.504392
1.508527
1.501543
1.536166
1.496415
1.531935
1.536064
1.522532
1.524591
1.503789
1.512385
1.478862
1.515132
1.517205
1.513367
1.510749
1.508317
1.508065
1.497052
1.526850
1.517426
1.503055
1.503301
1.512773
1.519218
1.500860
1.510713
1.498063
1.515439
1.500932
1.500486
1.503455
1.508756
1.509554
1.496373
1.493427
1.483698
1.506251
1.504248
1.500488
1.522722
1.531836
1.527327
1.484977
1.519233
1.514644
1.497039
1.511816
1.501561
1.496999
1.508208
1.504341
1.495528
1.516366
1.509531
1.498193
1.496378
1.509293
1.512387
1.488711
1.500276
1.502815
1.506672
1.506909
1.504577
1.497476
1.489480
1.493085
1.508321
1.498177
1.527638
1.517085
1.499901
1.485830
1.489877
1.505785
1.507080
1.514659
1.505536
1.512259
1.483383
1.480895
1.501524
1.479293
1.490958
1.498098
1.512977
1.514542
1.499548
1.511755
1.497569
1.494264
1.505708
1.484507
1.494049
1.502006
1.505242
1.476663
1.475697
1.485041
1.492875
1.509638
1.508342
1.497008
1.499921
1.498746
1.498268
1.494893
1.492440
1.475339
1.500294
1.500762
1.516282
1.485023
1.489924
1.524082
1.512377
1.515413
1.493789
1.476024
1.498786
1.491280
1.485651
1.488249
1.493234
1.524279
1.500269
1.502868
1.489322
1.491815
1.512862
1.514795
1.496458
1.488518
1.506316
1.487186
1.494199
1.498038
1.505577
1.494991
1.501749
1.499581
1.489733
1.483463
1.503550
1.487993
1.499314
1.507016
1.522414
1.492408
1.482192
1.481493
1.491113
1.480714
1.478974
1.478970
1.496349
1.502854
1.490179
1.498088
1.505033
1.500428
1.499069
1.477987
1.496120
1.502313
1.511169
1.484460
1.503222
1.484614
1.493817
1.483728
1.490677
1.498785
1.476403
1.500069
1.485616
1.494821
1.494980
1.509911
1.487575
1.495032
1.495368
1.484340
1.481215
1.491335
1.501860
1.512467
1.497072
1.481711
1.495431
1.475646
1.476119
1.490682
1.498557
1.484699
1.491307
1.493108
1.492120
1.481348
1.480355
1.481539
1.492431
1.489856
1.507558
1.503726
1.483971
1.480404
1.484558
1.482094
1.480953
1.491124
1.488982
1.499846
1.505750
1.484413
1.483414
1.485502
1.487925
1.492955
1.496027
1.495879
1.472557
1.477555
1.510040
1.490178
1.501562
1.486727
1.483093
1.486108
1.498598
1.475990
1.484495
1.486756
1.491301
1.498748
1.489968
1.477280
1.488610
1.480774
1.486126
1.468257
1.490543
1.488546
1.496574
1.471928
1.501241
1.479868
1.520383
1.510141
1.499708
1.480173
1.498202
1.490969
1.486183
1.482315
1.473246
1.482219
1.499786
1.477966
1.490184
1.480678
1.491474
1.490816
1.487252
1.478762
1.481906
1.488246
1.494805
1.489440
1.490404
1.469169
1.488753
1.490893
1.481584
1.475773
1.474817
1.494337
1.499607
1.503857
1.491665
1.499503
1.495578
1.490704
1.489269
1.486572
1.483036
1.480264
1.470733
1.478235
1.493436
1.484879
1.486640
1.473207
1.499552
1.478316
1.487387
1.490317
1.497512
1.500925
1.478892
1.487703
1.492274
1.482442
1.475614
1.488750
1.491070
1.474737
1.476611
1.470519
1.474535
1.475478
1.480166
1.496274
1.480048
1.503053
1.490019
1.489294
1.493333
1.478911
1.472688
1.480512
