2.322434
2.310113
2.278147
2.271757
2.351881
2.406651
2.408733
2.318035
2.297600
2.474800
2.461972
2.255138
2.215379
2.225032
2.220259
2.220150
2.197588
2.222024
2.237764
2.234103
2.221127
2.205385
2.223002
2.209409
2.189582
2.191519
2.190655
2.204588
2.194759
2.200233
2.192746
2.206428
2.199984
2.195853
2.192127
2.191296
2.188989
2.208694
2.186547
2.207222
2.183132
2.187602
2.197754
2.189734
2.190598
2.192847
2.186110
2.192596
2.193149
2.181355
2.182820
2.188505
2.188627
2.185701
2.187551
2.191170
2.182329
2.182818
2.196470
2.188147
2.196906
2.183044
2.186430
2.184218
2.184603
2.188352
2.189604
2.187059
2.189333
2.184718
2.195280
2.192442
2.192814
2.194892
2.203441
2.198126
2.194056
2.184905
2.187987
2.192417
2.180180
2.182946
2.187423
2.188900
2.186740
2.181984
2.191604
2.184360
2.186234
2.193115
2.195233
2.200764
2.190194
2.183567
2.185567
2.189086
2.197624
2.193768
2.187686
2.181983
2.198725
2.191631
2.185572
2.187334
2.198845
2.192413
2.189209
2.182457
2.182334
2.260482
2.183027
2.191575
2.210654
2.188484
2.188289
2.187338
2.197842
2.198512
2.182252
2.184297
2.203372
2.225273
2.230622
2.210767
2.189043
2.189767
2.190171
2.185994
2.186931
2.190607
2.188179
2.190324
2.193163
2.193678
2.185065
2.182202
2.185315
2.190556
2.190109
2.189390
2.189673
2.181300
2.178172
2.190557
2.189302
2.190662
2.192535
2.187122
2.192382
2.176114
2.182018
2.220949
2.181060
2.188503
2.189101
2.186436
2.183440
2.185169
2.186726
2.192039
2.194301
2.193739
2.191275
2.186163
2.184125
2.187440
2.184935
2.183413
2.180157
2.182731
2.186385
2.183769
2.199411
2.184948
2.191233
2.181790
2.185783
2.187254
2.187021
2.189785
2.180383
2.183796
2.180165
2.184524
2.180865
2.178623
2.184779
2.192343
2.183991
2.189606
2.184588
2.182967
2.199950
2.187288
2.185084
2.180143
2.188316
2.185160
2.179648
2.181117
2.184537
2.191641
2.185092
2.180936
2.184700
2.178963
2.185646
2.189411
2.181001
2.186697
2.191286
2.183866
2.188922
2.185914
2.181962
2.186924
2.185154
2.194291
2.183099
2.184894
2.185076
2.186349
2.189313
2.181771
2.184853
2.182797
2.185381
2.178264
2.186347
2.180019
2.184302
2.191236
2.191308
2.183622
2.186244
2.179321
2.187519
2.191958
2.186288
2.183985
2.185910
2.186906
2.186720
2.184717
2.184993
2.189106
2.183176
2.182725
2.188741
2.191673
2.181122
2.185058
2.177668
2.184811
2.186153
2.185703
2.186247
2.181386
2.182056
2.184206
2.187289
2.186664
2.178506
2.183634
2.190115
2.196845
2.190035
2.178468
2.183617
2.192419
2.186125
2.184958
2.186249
2.186337
2.189867
2.191797
2.180171
2.184554
2.181282
2.189496
2.180141
2.182812
2.190904
2.183356
2.196206
2.186194
2.198684
2.189823
2.199491
2.184258
2.190919
2.193886
2.186297
2.196522
2.183705
2.190434
2.178148
2.188563
2.187540
2.189302
2.188508
2.184419
2.183494
2.180922
2.182720
2.182402
2.185515
2.188055
2.186231
2.190541
2.195619
2.188096
2.194753
2.196284
2.197816
2.193980
2.182967
2.187857
2.189441
2.194221
2.187970
2.186341
2.185658
2.186829
2.184756
2.189198
2.186325
2.188667
2.185502
2.183429
2.185349
2.186908
2.183309
2.183867
2.187408
2.185914
2.180033
2.187868
2.179914
2.180441
2.191525
2.173710
2.183312
2.190480
2.195935
2.180039
2.189705
2.185858
2.186054
2.187371
2.177435
2.185335
2.182031
2.184206
2.184354
2.182855
2.177722
2.188494
2.180012
2.189497
2.185580
2.189991
2.185259
2.186293
2.184126
2.185894
2.181305
2.187606
2.186249
2.184811
2.185394
2.189099
2.183515
2.180232
2.184948
2.186492
2.182554
2.186713
2.184073
2.179986
2.190806
2.190176
2.178425
2.184922
2.184197
2.193948
2.189779
2.182566
2.181991
2.181917
2.190006
2.180395
2.180263
2.199176
2.204084
2.187317
2.184969
2.184764
2.183228
2.179963
2.178892
2.179722
2.184813
2.178862
2.184137
2.184494
2.180672
2.182861
2.186348
2.175958
2.182134
2.178718
2.191110
2.187871
2.184342
2.184291
2.183148
2.179822
2.188424
2.189337
2.185199
2.181953
2.187901
2.185177
2.185455
2.194353
2.181269
2.181321
2.194940
2.187811
2.181414
2.189960
2.183100
2.182846
2.186767
2.186293
2.184904
2.184307
2.181529
2.188440
2.180936
2.179000
2.176492
2.179734
2.185396
2.186386
2.181189
2.184542
2.182609
2.190297
2.184257
2.180099
2.178244
2.184691
2.182098
2.185027
2.195367
2.182613
2.183481
2.180710
2.187653
2.176037
2.184046
2.182991
2.180422
2.189365
2.183537
2.193635
2.190232
2.184313
2.183988
2.177586
2.187977
2.191574
2.184467
2.181740
2.182877
2.184194
2.186059
2.181604
2.181067
2.184828
2.187884
2.178179
2.185145
2.187991
2.179742
2.183692
2.182288
2.181370
2.185713
2.180134
2.184425
2.202024
2.177950
2.176400
2.182657
2.192469
2.182317
2.192798
