2.305265
2.304920
2.315348
2.314528
2.304319
2.300272
2.321393
2.329770
2.311252
2.157593
2.136431
2.229392
2.121516
1.977430
2.017681
2.053200
1.951507
1.920090
1.895113
1.911191
1.899567
1.854972
1.772416
1.764041
1.750940
1.737959
1.768593
1.742175
1.733947
1.733155
1.688331
1.685474
1.693301
1.659607
1.695873
1.705162
1.690334
1.692356
1.672021
1.684405
1.648456
1.650992
1.672560
1.635317
1.644500
1.634579
1.615545
1.625261
1.636204
1.657725
1.626529
1.630718
1.609894
1.594272
1.585269
1.582499
1.591163
1.608648
1.592949
1.555357
1.578675
1.616869
1.603701
1.604377
1.599519
1.606818
1.598469
1.589188
1.557525
1.578393
1.578493
1.590646
1.552575
1.578868
1.563170
1.529855
1.562149
1.562516
1.541969
1.560442
1.559736
1.575385
1.594195
1.633159
1.580594
1.564403
1.552152
1.542471
1.599647
1.571416
1.571165
1.561085
1.573635
1.564440
1.609557
1.613503
1.586534
1.577079
1.592470
1.599217
1.622993
1.589238
1.592092
1.572855
1.585276
1.564445
1.571092
1.572106
1.610060
1.592698
1.571695
1.579487
1.560919
1.549932
1.580421
1.583905
1.570080
1.576793
1.576188
1.579427
1.599419
1.588222
1.574035
1.566178
1.551068
1.553492
1.563504
1.563003
1.577173
1.572581
1.555988
1.547481
1.549284
1.551938
1.555694
1.536526
1.556676
1.541046
1.527691
1.530171
1.532741
1.551431
1.535574
1.553014
1.531996
1.529900
1.550351
1.575936
1.553509
1.529551
1.530124
1.548473
1.555193
1.542421
1.524785
1.531223
1.551252
1.551298
1.584078
1.572530
1.553635
1.570027
1.571875
1.571033
1.569819
1.546632
1.562467
1.591144
1.572769
1.563215
1.534252
1.537590
1.573504
1.595198
1.588294
1.565839
1.542544
1.552570
1.553616
1.548206
1.551201
1.552660
1.552303
1.530297
1.543747
1.537795
1.560856
1.569860
1.561897
1.562431
1.567313
1.591179
1.568521
1.569478
1.589093
1.557431
1.561254
1.584721
1.566555
1.558662
1.560115
1.584122
1.566576
1.567800
1.555735
1.570211
1.575283
1.583579
1.582466
1.563401
1.537450
1.543276
1.565376
1.572574
1.573894
1.542236
1.540914
1.547552
1.539084
1.538298
1.542246
1.534322
1.540632
1.545026
1.534081
1.526964
1.557281
1.514984
1.535071
1.546950
1.555761
1.529380
1.538232
1.532906
1.562866
1.535252
1.536463
1.523569
1.528419
1.526332
1.548880
1.535891
1.537823
1.545739
1.554125
1.531989
1.524262
1.547436
1.567300
1.550000
1.540905
1.508847
1.553029
1.531389
1.542922
1.551849
1.525966
1.515546
1.507154
1.546280
1.538653
1.539734
1.527143
1.528348
1.513995
1.529169
1.506287
1.505618
1.511814
1.522181
1.530379
1.516620
1.520281
1.512229
1.502544
1.506021
1.501451
1.553647
1.537382
1.534095
1.582818
1.518956
1.541704
1.529819
1.548909
1.542511
1.516371
1.533196
1.525454
1.568333
1.563333
1.547237
1.535873
1.535052
1.540210
1.551448
1.559965
1.541206
1.530000
1.535514
1.543887
1.534068
1.563557
1.516248
1.535986
1.560302
1.565225
1.574686
1.562819
1.548823
1.543399
1.558546
1.548303
1.530740
1.537596
1.539621
1.569637
1.555474
1.550495
1.529166
1.529281
1.561127
1.578720
1.565881
1.539008
1.528265
1.562289
1.568350
1.564711
1.534553
1.518973
1.543817
1.531299
1.511631
1.524851
1.514653
1.550646
1.535558
1.554623
1.539150
1.553927
1.534185
1.532156
1.537538
1.543511
1.540780
1.547828
1.547506
1.549581
1.541439
1.559498
1.547626
1.535135
1.555718
1.578021
1.550044
1.546328
1.520799
1.537116
1.547719
1.559777
1.559102
1.550838
1.535547
1.577717
1.565936
1.558559
1.542273
1.555717
1.556875
1.554407
1.556418
1.566501
1.561274
1.555178
1.563268
1.547788
1.546410
1.530128
1.526617
1.550518
1.545541
1.549072
1.549134
1.552543
1.549654
1.545255
1.562968
1.541553
1.554594
1.553312
1.560586
1.569344
1.563583
1.559273
1.554164
1.574325
1.552625
1.551194
1.552313
1.560910
1.562904
1.574480
1.576698
1.557904
1.566827
1.560338
1.577137
1.562894
1.566114
1.559718
1.562437
1.561682
1.569511
1.556744
1.563581
1.543564
1.542928
1.560230
1.577827
1.570727
1.562137
1.559757
1.558959
1.552202
1.548497
1.541713
1.547462
1.538216
1.566307
1.546538
1.565122
1.547127
1.561822
1.574107
1.549680
1.554072
1.576241
1.560490
1.542615
1.557048
1.557812
1.546838
1.553087
1.548210
1.576090
1.562797
1.551572
1.554097
1.533359
1.564558
1.557426
1.557691
1.555326
1.561381
1.546386
1.565886
1.546623
1.555552
1.556544
1.562281
1.540133
1.571485
1.555077
1.555968
1.566624
1.568470
1.557263
1.577005
1.565448
1.565219
1.556490
1.552988
1.548987
1.567529
1.576981
1.570273
1.558815
1.568989
1.572955
1.575482
1.562769
1.584111
1.562951
1.561534
1.572444
1.575850
1.583658
1.572052
1.560893
1.552550
1.571404
1.571327
1.574953
1.544006
1.557869
1.568440
1.574034
1.579579
1.561200
