2.314390
2.288011
2.288136
2.306990
2.310721
2.312906
2.302681
2.292862
2.268911
2.297725
2.299395
2.303784
2.310029
2.274227
2.219687
2.209285
2.279374
2.321374
2.201657
2.128805
2.067904
2.110787
1.976923
2.063244
2.013339
1.995446
2.027234
2.012476
2.014327
2.068504
2.173957
2.378569
2.526998
2.498499
2.544608
2.532043
2.537242
2.507558
2.478139
2.473668
2.384953
2.373023
2.300630
2.217492
2.350336
2.433900
2.419147
2.393586
2.397425
2.334944
2.329157
2.368080
2.384639
2.331668
2.276581
2.282463
2.318303
2.251369
2.281927
2.297626
2.292722
2.294786
2.277300
2.194025
2.183015
2.083144
1.991037
1.996975
2.007894
1.935550
1.949415
1.898358
1.917550
1.949806
1.885251
1.975412
1.957965
1.944073
1.894606
1.948210
1.924149
1.971345
1.920208
1.830714
1.802746
1.877991
1.870060
1.903131
1.827470
1.935310
1.932625
1.912389
1.919974
1.974681
1.929632
1.986143
2.024828
2.007389
2.006851
2.102293
2.236217
2.354151
2.433638
2.448072
2.362518
2.409933
2.386339
2.389858
2.401260
2.376166
2.385318
2.396055
2.361021
2.327987
2.231046
2.222033
2.294007
2.288346
2.361975
2.408536
2.351539
2.291562
2.183804
2.091751
2.004635
1.899491
1.861554
1.916652
1.895461
1.993820
1.957547
2.000185
1.951240
1.983227
1.976833
1.878667
1.869633
1.896894
1.844927
1.882501
1.790070
1.773070
1.789221
1.800188
1.776977
1.782860
1.773882
1.784443
1.839278
1.806808
1.772885
1.687815
1.778954
1.802920
1.787759
1.937506
1.876735
1.837017
1.807046
1.867499
1.894673
1.842516
1.885208
1.833273
1.917290
1.858416
1.789964
1.747985
1.749105
1.753253
1.720409
1.720933
1.723523
1.747706
1.701291
1.763960
1.744688
1.746663
1.744401
1.771367
1.756891
1.789147
1.760971
1.756298
1.748908
1.791552
1.779153
1.811113
1.804829
1.762798
1.858078
1.735137
1.778641
1.761076
1.786290
1.734079
1.787001
1.764957
1.754246
1.706615
1.703972
1.799132
1.718624
1.746599
1.720097
1.764799
1.787184
1.719754
1.759021
1.692947
1.684850
1.747886
1.742654
1.765318
1.729011
1.746773
1.770460
1.678842
1.737859
1.760543
1.754612
1.695730
1.798688
1.769876
1.720157
1.761667
1.736708
1.758871
1.755912
1.789366
1.765835
1.782417
1.760056
1.758028
1.786349
1.729676
1.729835
1.745484
1.766309
1.749340
1.714704
1.680655
1.763926
1.791205
1.769114
1.810320
1.729395
1.862569
1.751514
1.814066
1.748580
1.735587
1.719824
1.664728
1.665678
1.630069
1.645920
1.632821
1.623508
1.652510
1.592952
1.671875
1.760485
1.742668
1.696358
1.792039
1.712865
1.727424
1.749212
1.645878
1.681276
1.590377
1.625362
1.627315
1.698171
1.663310
1.646204
1.716258
1.682268
1.705596
1.733833
1.742771
1.693783
1.730503
1.761962
1.777743
1.772391
1.781716
1.786548
1.743935
1.760837
1.733546
1.729622
1.810068
1.698693
1.655588
1.707864
1.686206
1.809931
1.738931
1.808254
1.713622
1.725947
1.826228
1.740017
1.695216
1.656028
1.708234
1.744279
1.787551
1.726473
1.737411
1.729549
1.770511
1.687880
1.810746
1.706085
1.755730
1.683974
1.807607
1.805584
1.780134
1.733302
1.795331
1.714401
1.784190
1.765085
1.738265
1.815562
1.703432
1.767970
1.744667
1.739772
1.750404
1.665756
1.740229
1.709031
1.735343
1.735702
1.774170
1.733841
1.751462
1.722525
1.716830
1.758926
1.756468
1.749438
1.782734
1.766371
1.731338
1.681479
1.715827
1.704965
1.723375
1.706893
1.805724
1.716180
1.722880
1.751034
1.689836
1.698087
1.684526
1.735963
1.734056
1.741280
1.696680
1.756913
1.753855
1.688781
1.695600
1.685057
1.713164
1.620831
1.712518
1.720848
1.778541
1.715023
1.755392
1.709237
1.779815
1.702337
1.705700
1.682112
1.657745
1.765709
1.753059
1.702466
1.741603
1.647409
1.690690
1.710502
1.680113
1.745964
1.739323
1.748566
1.714711
1.730000
1.697116
1.681286
1.631464
1.695491
1.681029
1.674695
1.702465
1.691118
1.666434
1.765919
1.767509
1.752101
1.728528
1.729200
1.754983
1.783750
1.715736
1.713370
1.719049
1.678285
1.854637
1.672445
1.694568
1.704923
1.686444
1.709239
1.699958
1.700605
1.640259
1.689873
1.692493
1.683324
1.635296
1.654501
1.599759
1.616875
1.643485
1.604265
1.632435
1.577254
1.599267
1.612512
1.626546
1.571702
1.644151
1.659682
1.607423
1.602678
1.591834
1.612428
1.653702
1.758095
1.670944
1.648018
1.696241
1.604095
1.655866
1.607817
1.647013
1.654873
1.667003
1.684770
1.699836
1.685744
1.611283
1.613398
1.630180
1.613238
1.646869
1.602716
1.606593
1.596079
1.601110
1.607430
1.655756
1.616717
1.658618
1.645138
1.606866
1.631852
1.645552
1.644112
1.654898
1.673991
1.697677
1.722773
1.677601
1.626123
1.656537
1.697981
1.659712
1.656060
1.697160
1.687191
1.654757
1.657011
1.710431
1.770031
1.666602
1.699258
1.700318
1.690399
1.630715
