2.305108
2.295951
2.296448
2.292579
2.278052
2.266565
2.237167
2.292379
2.193475
2.189325
2.147862
2.140456
2.138240
2.036770
1.993613
1.900323
1.938090
1.850785
1.832122
1.842511
1.805116
1.789179
1.809108
1.817971
1.780884
1.797655
1.762985
1.727732
1.739527
1.729192
1.699913
1.734840
1.745687
1.756432
1.773988
1.743368
1.720538
1.671176
1.741952
1.638770
1.762274
1.695131
1.730551
1.680179
1.692560
1.695739
1.690869
1.698750
1.743896
1.685389
1.731023
1.618840
1.717168
1.672917
1.728202
1.652020
1.712958
1.675821
1.699773
1.690028
1.681803
1.664468
1.674549
1.740808
1.675835
1.666108
1.658111
1.631369
1.644472
1.610392
1.628863
1.647627
1.586809
1.651876
1.596724
1.677165
1.631373
1.604605
1.606172
1.579773
1.626456
1.669065
1.580390
1.661120
1.580158
1.571945
1.583631
1.604829
1.615041
1.585078
1.623402
1.614956
1.602094
1.604382
1.643076
1.586712
1.624410
1.604540
1.611812
1.612699
1.575327
1.557221
1.609271
1.610261
1.590737
1.604174
1.579931
1.606418
1.594423
1.602465
1.623699
1.585276
1.594972
1.614226
1.625601
1.578606
1.552918
1.534849
1.606941
1.551049
1.554411
1.575280
1.613812
1.615928
1.588415
1.620224
1.587363
1.607517
1.581480
1.573781
1.592418
1.560102
1.602752
1.595905
1.591448
1.599818
1.553486
1.555088
1.576434
1.557096
1.551520
1.598844
1.623245
1.611773
1.590501
1.568730
1.579251
1.613251
1.595515
1.555973
1.631714
1.639838
1.604659
1.582272
1.580940
1.585357
1.599119
1.591348
1.567598
1.576830
1.624779
1.530855
1.555130
1.587356
1.581021
1.560631
1.540489
1.560841
1.669837
1.548648
1.625138
1.553730
1.522351
1.550788
1.571346
1.568354
1.538648
1.591910
1.582425
1.601783
1.606815
1.568257
1.574607
1.581008
1.562997
1.583612
1.573392
1.581364
1.620219
1.557976
1.603140
1.598893
1.576514
1.570551
1.591497
1.546390
1.561261
1.541875
1.535951
1.601578
1.609558
1.556885
1.566722
1.569910
1.572272
1.595095
1.614036
1.580495
1.558847
1.566177
1.548029
1.556160
1.582937
1.536858
1.524734
1.550141
1.597139
1.586055
1.574975
1.593150
1.585527
1.544783
1.575657
1.606830
1.578036
1.606913
1.585338
1.510474
1.574916
1.586262
1.563081
1.560973
1.585095
1.575330
1.611732
1.592457
1.512410
1.549711
1.560501
1.586705
1.599015
1.586252
1.581660
1.548703
1.576527
1.580839
1.547312
1.553261
1.567166
1.543383
1.623270
1.577691
1.578626
1.550367
1.609697
1.547418
1.539080
1.562384
1.486892
1.533780
1.596830
1.580500
1.576350
1.585603
1.561321
1.558205
1.525534
1.563744
1.559592
1.612458
1.571330
1.556274
1.604800
1.533089
1.552718
1.592402
1.576136
1.570622
1.596801
1.571917
1.560860
1.576687
1.564459
1.589735
1.591817
1.562873
1.551601
1.540759
1.557810
1.549179
1.521576
1.568820
1.570088
1.604635
1.556829
1.575620
1.532995
1.564940
1.588782
1.541799
1.590754
1.614029
1.559491
1.583218
1.616651
1.563245
1.542790
1.595678
1.544159
1.598848
1.565981
1.528771
1.548200
1.575538
1.585193
1.517737
1.584854
1.591354
1.567615
1.608027
1.602814
1.539535
1.544271
1.603230
1.575576
1.551274
1.549466
1.527931
1.609414
1.565611
1.582114
1.564573
1.547166
1.577817
1.551790
1.563339
1.562911
1.504859
1.552372
1.548158
1.531827
1.636193
1.555323
1.568793
1.566972
1.601624
1.554675
1.541072
1.570920
1.518393
1.540612
1.581542
1.552828
1.547180
1.629049
1.549570
1.583733
1.537862
1.578526
1.599078
1.577281
1.541984
1.559368
1.577607
1.558362
1.545051
1.532910
1.544306
1.596376
1.558408
1.551861
1.565302
1.585450
1.550701
1.556063
1.585221
1.554830
1.556567
1.601461
1.556743
1.635829
1.570356
1.584397
1.562390
1.565993
1.600155
1.545990
1.556224
1.538084
1.518362
1.583915
1.529240
1.579954
1.583638
1.586599
1.526448
1.552967
1.538253
1.557536
1.551453
1.522956
1.606721
1.570249
1.530249
1.542372
1.586727
1.565506
1.552807
1.570820
1.581912
1.526481
1.560609
1.561144
1.533755
1.555406
1.602851
1.527453
1.586381
1.512995
1.566202
1.561547
1.553706
1.540380
1.539689
1.549837
1.569600
1.545675
1.575893
1.615059
1.590299
1.550954
1.532509
1.570460
1.560163
1.551628
1.550867
1.531680
1.546185
1.550840
1.535314
1.561295
1.566699
1.554235
1.546406
1.574076
1.558187
1.619495
1.549547
1.551692
1.579094
1.600050
1.573528
1.560808
1.535068
1.573374
1.577683
1.578404
1.556825
1.555693
1.569578
1.585310
1.550988
1.546837
1.565297
1.544464
1.583921
1.590711
1.578595
1.567792
1.560218
1.531690
1.561927
1.527086
1.564220
1.581677
1.553408
1.542660
1.523201
1.551107
1.595510
1.531260
1.607526
1.581983
1.581408
1.532409
1.599221
1.562661
1.498725
1.565300
1.526358
1.520290
1.533398
1.565296
1.573577
1.526802
1.595164
1.524886
1.545227
1.571568
1.541792
