2.303331
2.299993
2.296312
2.290134
2.290272
2.283975
2.269389
2.249827
2.250082
2.234754
2.218150
2.248146
2.207717
2.161251
2.171216
2.127447
2.059959
2.044881
1.928813
1.945701
1.924956
1.873503
1.840707
1.836248
1.793490
1.783945
1.743635
1.735584
1.778316
1.704348
1.706605
1.709577
1.720665
1.713177
1.701495
1.642132
1.685595
1.641321
1.668864
1.648161
1.645403
1.630667
1.670314
1.654061
1.605264
1.624142
1.621062
1.649356
1.613084
1.627924
1.627118
1.616212
1.608802
1.575882
1.590648
1.625020
1.628333
1.607521
1.620147
1.578869
1.590783
1.605319
1.592006
1.595874
1.613675
1.608851
1.604259
1.606390
1.584229
1.619141
1.553212
1.596728
1.589651
1.578795
1.562343
1.567975
1.549754
1.556418
1.565333
1.560193
1.564577
1.578384
1.571225
1.582166
1.562109
1.564137
1.577845
1.571559
1.605833
1.558969
1.561566
1.548716
1.555503
1.574010
1.604153
1.582372
1.585150
1.569990
1.556162
1.603158
1.571695
1.557436
1.559989
1.589022
1.559810
1.558295
1.569599
1.552347
1.540150
1.570501
1.575951
1.562552
1.543181
1.535212
1.567266
1.549613
1.553563
1.561067
1.544299
1.555540
1.546795
1.556120
1.541998
1.543506
1.549212
1.531364
1.552979
1.558338
1.537012
1.569389
1.567719
1.547219
1.548024
1.546341
1.550506
1.543292
1.541855
1.557123
1.586862
1.590078
1.556665
1.561657
1.544710
1.541582
1.544773
1.569033
1.550735
1.541072
1.578601
1.530476
1.541486
1.545910
1.540560
1.547183
1.534626
1.570147
1.541803
1.584540
1.545783
1.564581
1.557759
1.543444
1.537830
1.563151
1.556796
1.517985
1.555033
1.561473
1.522164
1.552599
1.557984
1.539178
1.549578
1.525121
1.530178
1.558237
1.536970
1.547951
1.528905
1.514788
1.530079
1.537868
1.536273
1.551801
1.547745
1.541093
1.525975
1.544242
1.517834
1.526286
1.523839
1.551210
1.535210
1.520734
1.526385
1.566474
1.536543
1.535367
1.550691
1.545112
1.543944
1.562210
1.543155
1.519504
1.529843
1.526840
1.532889
1.514804
1.555128
1.521417
1.520587
1.512833
1.533924
1.533639
1.537788
1.545434
1.532684
1.527550
1.544324
1.538592
1.545440
1.520787
1.533564
1.505028
1.535765
1.525994
1.559941
1.577468
1.509188
1.521816
1.520863
1.548741
1.515831
1.546638
1.548948
1.523629
1.514544
1.512775
1.509303
1.547723
1.528555
1.518918
1.521885
1.518131
1.522825
1.557721
1.535643
1.520134
1.524228
1.517506
1.544145
1.534461
1.538570
1.552107
1.549601
1.522692
1.531952
1.514916
1.548398
1.521058
1.516432
1.540749
1.513583
1.520113
1.523081
1.527255
1.509303
1.529436
1.540414
1.530004
1.520100
1.537548
1.528235
1.530574
1.524798
1.548284
1.538563
1.533945
1.513908
1.520125
1.528044
1.527611
1.518528
1.523915
1.505905
1.536350
1.508171
1.523836
1.505825
1.537181
1.511784
1.511311
1.524703
1.528238
1.524413
1.525806
1.510880
1.513783
1.525383
1.512178
1.544261
1.522656
1.493852
1.536755
1.525336
1.532800
1.493709
1.515704
1.535298
1.518230
1.517753
1.525843
1.506345
1.525131
1.502072
1.520580
1.550656
1.506403
1.523668
1.529061
1.511891
1.499685
1.523114
1.496775
1.515534
1.546556
1.520956
1.503563
1.521752
1.511145
1.506438
1.516345
1.521423
1.507686
1.534975
1.502318
1.524753
1.534693
1.524675
1.514356
1.511043
1.555532
1.494749
1.497258
1.502912
1.510828
1.542069
1.506175
1.502600
1.518015
1.514044
1.501974
1.514276
1.511843
1.516919
1.524543
1.541220
1.503544
1.512642
1.530327
1.519268
1.499449
1.515680
1.516512
1.498214
1.510296
1.509927
1.511895
1.514171
1.500977
1.535217
1.541440
1.517456
1.520684
1.531556
1.533973
1.510005
1.499237
1.506188
1.532134
1.518568
1.514439
1.512697
1.515659
1.517635
1.491594
1.519887
1.503151
1.489309
1.524841
1.513766
1.511580
1.503546
1.506976
1.520976
1.510364
1.515557
1.504139
1.502362
1.520087
1.517528
1.498260
1.498154
1.496921
1.513947
1.513106
1.525245
1.504436
1.510839
1.508386
1.517074
1.507012
1.541598
1.500943
1.491984
1.496767
1.517308
1.505099
1.532236
1.502628
1.501151
1.510057
1.496882
1.506091
1.508212
1.494899
1.512081
1.492767
1.504180
1.509070
1.522054
1.505846
1.501024
1.506562
1.498403
1.516297
1.497746
1.492920
1.538858
1.496976
1.487611
1.517231
1.511816
1.500764
1.538388
1.490649
1.506029
1.500103
1.499501
1.523641
1.487556
1.501877
1.495387
1.512458
1.530827
1.512714
1.531032
1.499339
1.508724
1.490889
1.488493
1.508191
1.494295
1.530249
1.511578
1.499817
1.516589
1.492599
1.498553
1.494508
1.508038
1.512354
1.499602
1.507895
1.511260
1.499649
1.508887
1.508958
1.504261
1.525129
1.515665
1.502589
1.493253
1.490680
1.495805
1.489831
1.499351
1.486526
1.517556
1.479331
1.507370
1.507936
1.490008
1.488321
1.516229
1.502055
1.500481
1.497701
1.494542
1.502714
