2.302734
2.297804
2.291770
2.294416
2.283376
2.269316
2.267041
2.241212
2.226274
2.222629
2.195685
2.169802
2.196697
2.148569
2.114102
2.036024
1.974241
1.983731
1.880067
1.865435
1.839143
1.814738
1.804467
1.743768
1.753046
1.739338
1.727802
1.744731
1.737916
1.688703
1.677401
1.713653
1.636670
1.674318
1.654921
1.704802
1.650074
1.650562
1.632441
1.634283
1.619466
1.617271
1.631815
1.589674
1.582054
1.616407
1.608210
1.598837
1.612029
1.652514
1.584243
1.586479
1.615250
1.575302
1.590245
1.581778
1.548240
1.591315
1.577142
1.559047
1.547797
1.560017
1.615201
1.558154
1.587281
1.557479
1.566012
1.587034
1.597270
1.574749
1.573564
1.593068
1.572895
1.567923
1.582723
1.587918
1.573214
1.570623
1.545830
1.552864
1.559269
1.562983
1.553738
1.533394
1.534368
1.538050
1.553474
1.560051
1.568218
1.539344
1.585994
1.549630
1.546583
1.571061
1.551892
1.552151
1.561354
1.542799
1.567217
1.545984
1.541164
1.519046
1.546730
1.520734
1.549671
1.525820
1.532495
1.552987
1.543617
1.513674
1.538470
1.529564
1.549282
1.548123
1.537217
1.521339
1.530090
1.530082
1.539368
1.563076
1.505251
1.524431
1.544085
1.548707
1.525951
1.508674
1.540933
1.533788
1.525922
1.543137
1.535233
1.531858
1.519576
1.524993
1.538837
1.544289
1.507218
1.541821
1.524267
1.508850
1.539487
1.535886
1.516307
1.502729
1.509852
1.534967
1.567006
1.513035
1.528735
1.517983
1.497463
1.508200
1.505602
1.530442
1.521645
1.508027
1.541024
1.511120
1.519708
1.508583
1.507513
1.520025
1.506820
1.558974
1.521301
1.526345
1.518663
1.509598
1.527164
1.499168
1.529076
1.522273
1.512626
1.511349
1.508972
1.493688
1.513636
1.521793
1.499278
1.530113
1.528654
1.508636
1.503464
1.514698
1.522109
1.528115
1.502579
1.521342
1.520081
1.532380
1.512508
1.519784
1.503326
1.526290
1.540917
1.489500
1.492077
1.503757
1.497398
1.496695
1.489533
1.512154
1.491622
1.516109
1.503301
1.505795
1.505075
1.509200
1.534117
1.505080
1.503641
1.531148
1.531091
1.503684
1.538997
1.506267
1.505003
1.526958
1.505567
1.538120
1.512778
1.509626
1.521113
1.503366
1.511949
1.504660
1.484650
1.517275
1.509107
1.510708
1.495978
1.507016
1.519085
1.509123
1.513430
1.522536
1.509964
1.507401
1.498103
1.506090
1.493663
1.509811
1.486629
1.508056
1.507605
1.531798
1.510014
1.505952
1.489390
1.508558
1.521590
1.504609
1.498699
1.548902
1.504362
1.490142
1.504025
1.495754
1.493889
1.490165
1.513741
1.493547
1.500293
1.488070
1.499544
1.486844
1.494297
1.487386
1.492274
1.514253
1.492143
1.485089
1.493780
1.505303
1.499644
1.512419
1.519336
1.484195
1.503839
1.506060
1.512136
1.499020
1.508180
1.516078
1.495972
1.501512
1.499912
1.490307
1.501700
1.509615
1.497819
1.492032
1.500061
1.501710
1.515668
1.512175
1.518098
1.506008
1.511092
1.486982
1.490410
1.498426
1.502892
1.541474
1.508378
1.488405
1.512126
1.493947
1.513754
1.486160
1.493661
1.498913
1.505449
1.500139
1.489329
1.499656
1.505000
1.505790
1.497992
1.510035
1.502192
1.503071
1.510089
1.493439
1.486162
1.485653
1.486742
1.495935
1.530600
1.491104
1.500169
1.497057
1.487189
1.499153
1.495868
1.492562
1.504556
1.495235
1.486358
1.495640
1.500319
1.506398
1.502638
1.490329
1.509706
1.510757
1.497477
1.516311
1.494804
1.489784
1.477081
1.480133
1.496434
1.499037
1.495688
1.509533
1.497329
1.501664
1.498039
1.510502
1.482507
1.499398
1.489653
1.485763
1.501287
1.505315
1.482176
1.504212
1.487721
1.494045
1.494391
1.478592
1.499353
1.517720
1.481176
1.498286
1.499742
1.490084
1.491400
1.501528
1.493550
1.493643
1.488181
1.489032
1.495974
1.513629
1.491350
1.486512
1.492890
1.508708
1.532991
1.494470
1.491209
1.517257
1.508352
1.500496
1.482249
1.491022
1.490039
1.481709
1.494216
1.501584
1.492376
1.501376
1.493667
1.481920
1.486589
1.492928
1.480167
1.486853
1.478014
1.496612
1.483655
1.475497
1.495547
1.491840
1.492290
1.494733
1.482224
1.473500
1.492389
1.489505
1.476763
1.507227
1.490418
1.490583
1.481597
1.506848
1.476606
1.491626
1.485355
1.495726
1.486934
1.501301
1.492498
1.496539
1.488044
1.491490
1.481216
1.493728
1.471848
1.498222
1.497310
1.498186
1.494284
1.492575
1.500871
1.505639
1.489025
1.498551
1.515165
1.475065
1.500937
1.501724
1.494802
1.495895
1.497265
1.478843
1.491158
1.488907
1.478059
1.483610
1.498834
1.485554
1.477904
1.490978
1.512502
1.489670
1.482036
1.486280
1.501054
1.487575
1.483967
1.503584
1.480958
1.482515
1.497849
1.483605
1.499642
1.495394
1.483233
1.483926
1.493532
1.495561
1.487816
1.478679
1.498033
1.496541
1.504204
1.493732
1.490570
1.509390
1.492092
1.494859
1.479729
1.477959
1.482117
1.488004
1.504561
1.486747
