2.301338
2.303184
2.299711
2.294206
2.283916
2.269990
2.257734
2.248864
2.182570
2.176426
2.213882
2.188624
2.060644
2.052219
2.016024
1.980440
1.958619
1.871053
1.893972
1.849062
1.821355
1.759226
1.735913
1.736168
1.739872
1.755290
1.707609
1.735563
1.732403
1.709941
1.681785
1.700712
1.635627
1.698771
1.640922
1.683774
1.674505
1.661449
1.649096
1.678720
1.668441
1.661307
1.630576
1.619135
1.667793
1.642784
1.628678
1.634950
1.680802
1.671323
1.613338
1.622493
1.643892
1.641479
1.633981
1.662719
1.630058
1.603687
1.604030
1.648057
1.601672
1.618348
1.663655
1.606707
1.578742
1.620034
1.637868
1.595634
1.621995
1.651676
1.567177
1.605514
1.589334
1.545823
1.594394
1.614273
1.606956
1.623154
1.633900
1.620447
1.583890
1.573698
1.630646
1.630304
1.649732
1.604059
1.559389
1.530104
1.592424
1.603970
1.614869
1.589407
1.615520
1.578173
1.567931
1.588449
1.642363
1.570015
1.575286
1.628001
1.571951
1.589778
1.576735
1.603760
1.613455
1.602842
1.565467
1.616527
1.534298
1.608278
1.580786
1.559989
1.594311
1.603173
1.607152
1.557201
1.569864
1.614874
1.629397
1.662190
1.583281
1.593176
1.612858
1.572804
1.577186
1.561018
1.557826
1.605534
1.617520
1.605272
1.555002
1.581071
1.575937
1.635247
1.586050
1.595633
1.543654
1.573458
1.550514
1.582895
1.560830
1.563566
1.576425
1.597259
1.564699
1.586100
1.582738
1.566447
1.560735
1.577521
1.563644
1.537468
1.561445
1.602412
1.589324
1.577049
1.542175
1.557743
1.545670
1.555321
1.574637
1.575831
1.582961
1.601072
1.553709
1.620254
1.571169
1.575297
1.588384
1.551481
1.614516
1.602713
1.556124
1.589142
1.622446
1.563273
1.622740
1.570449
1.576222
1.543825
1.577490
1.570935
1.542293
1.572935
1.547434
1.594127
1.585226
1.574820
1.565124
1.608422
1.582023
1.600757
1.546652
1.577000
1.568901
1.581827
1.567879
1.574335
1.573479
1.605187
1.600765
1.539065
1.554479
1.525837
1.554920
1.581404
1.529331
1.597857
1.591962
1.571354
1.554455
1.525625
1.577205
1.573379
1.585189
1.612487
1.574425
1.575156
1.545535
1.585041
1.575072
1.570748
1.585117
1.567867
1.584826
1.577423
1.575241
1.583693
1.558472
1.580980
1.636935
1.543132
1.579216
1.587355
1.572378
1.575109
1.539134
1.579937
1.580778
1.575567
1.523982
1.562829
1.543831
1.564874
1.533262
1.595819
1.565327
1.619926
1.535982
1.595141
1.558444
1.571388
1.508469
1.549998
1.573673
1.558713
1.585768
1.558774
1.587685
1.580895
1.534566
1.579161
1.592212
1.563107
1.545968
1.580336
1.532332
1.551567
1.602024
1.554563
1.532210
1.566292
1.562215
1.581078
1.537457
1.566708
1.554624
1.521959
1.531254
1.590296
1.546422
1.614357
1.580134
1.549209
1.575810
1.617454
1.541466
1.562287
1.514305
1.568790
1.597750
1.574621
1.555865
1.546377
1.587721
1.563004
1.565537
1.591032
1.570212
1.604305
1.615781
1.535349
1.561466
1.618882
1.580935
1.549367
1.606735
1.589758
1.511411
1.575555
1.587808
1.532937
1.594595
1.576355
1.557573
1.544632
1.530750
1.571743
1.586148
1.533125
1.557861
1.600992
1.583422
1.556151
1.557752
1.552996
1.546831
1.558339
1.589601
1.556210
1.541830
1.617264
1.576787
1.581923
1.582511
1.532468
1.538666
1.539870
1.549983
1.570244
1.527747
1.583472
1.547045
1.529281
1.634162
1.569111
1.561168
1.558377
1.566757
1.558777
1.573660
1.574406
1.568886
1.548410
1.562192
1.590510
1.541720
1.538704
1.540666
1.551063
1.548763
1.604795
1.513845
1.567550
1.515259
1.581146
1.576238
1.578410
1.583668
1.536261
1.574085
1.607126
1.535125
1.522728
1.594020
1.561388
1.555017
1.586917
1.549507
1.535306
1.547222
1.548403
1.542753
1.545738
1.532886
1.527762
1.563881
1.576675
1.556788
1.545657
1.598188
1.576238
1.548020
1.567803
1.570027
1.548619
1.541246
1.561811
1.516365
1.538173
1.582352
1.570742
1.602079
1.542305
1.580003
1.533739
1.587321
1.592744
1.549852
1.584862
1.591011
1.541326
1.533444
1.545159
1.547854
1.612284
1.580812
1.568592
1.565842
1.588985
1.550248
1.591443
1.616366
1.564362
1.553246
1.546540
1.545062
1.537917
1.542318
1.559546
1.550260
1.572524
1.582677
1.530036
1.566487
1.583639
1.516012
1.543024
1.546297
1.587722
1.553120
1.584494
1.590639
1.524663
1.552207
1.518833
1.544324
1.611539
1.535030
1.554629
1.565372
1.566853
1.546753
1.543124
1.575332
1.548144
1.534396
1.547086
1.534956
1.564948
1.563600
1.566123
1.552207
1.569037
1.551787
1.550254
1.542680
1.594995
1.549444
1.578813
1.562887
1.566583
1.554907
1.568593
1.535075
1.571788
1.581364
1.524825
1.568264
1.555441
1.584138
1.586728
1.554283
1.558321
1.540893
1.517041
1.548099
1.583765
1.554594
1.561894
1.565736
1.537287
1.583182
1.534173
1.536401
1.574053
1.553130
1.537491
1.559380
1.604726
