2.306167
2.302096
2.304034
2.303700
2.303328
2.302052
2.301394
2.303204
2.303576
2.303081
2.302585
2.302709
2.302052
2.302833
2.302051
2.300985
2.298689
2.306253
2.285906
2.286984
2.281437
2.295945
2.316014
2.329315
2.329187
2.336745
2.354304
2.367573
2.340296
2.303777
2.330199
2.349505
2.362985
2.290555
2.304289
2.243468
2.196409
2.289631
2.244901
2.285490
2.243892
2.161907
2.166876
2.184565
2.201583
2.227544
2.309849
2.297811
2.338293
2.151614
2.088944
2.009252
1.936266
1.953884
1.932344
1.943146
1.967626
2.034997
2.061751
2.054119
2.135752
2.139959
2.205242
1.983092
1.957778
1.889220
1.909385
1.921619
1.940270
1.876612
1.842005
1.880470
1.893989
1.893975
1.885929
1.811746
1.892428
1.863960
1.885338
1.811951
1.888513
1.946654
1.951345
1.957065
1.794533
1.810785
1.780885
1.805646
1.850958
1.844055
1.854181
1.885946
1.914710
1.923481
1.971372
1.966776
1.925222
1.818414
1.825095
1.736901
1.762997
1.766058
1.746562
1.752236
1.769961
1.768968
1.737908
1.759478
1.733466
1.713216
1.722344
1.761271
1.793497
1.737909
1.765410
1.734517
1.714555
1.683840
1.726719
1.741325
1.688889
1.685432
1.678443
1.697025
1.657760
1.679743
1.647135
1.678471
1.671865
1.655072
1.664491
1.649254
1.683125
1.654997
1.703638
1.668282
1.675563
1.677159
1.672793
1.651119
1.660733
1.648106
1.633751
1.648481
1.667360
1.659197
1.609690
1.641944
1.638922
1.583634
1.649858
1.649867
1.594434
1.678177
1.636603
1.618471
1.630264
1.607756
1.653359
1.649995
1.638338
1.624498
1.631388
1.645131
1.633378
1.603543
1.631473
1.634776
1.650834
1.631290
1.620613
1.612276
1.627387
1.611703
1.612412
1.606321
1.626660
1.586833
1.607307
1.627653
1.593041
1.597724
1.597939
1.590644
1.589773
1.623443
1.577439
1.625688
1.610135
1.573715
1.643309
1.605307
1.583282
1.610405
1.640540
1.577329
1.593026
1.593014
1.595229
1.611770
1.629174
1.591301
1.597733
1.582924
1.582959
1.609320
1.599098
1.587964
1.602881
1.586108
1.577108
1.597619
1.590906
1.551212
1.587003
1.586106
1.577744
1.573249
1.575392
1.574050
1.590434
1.544690
1.596778
1.597642
1.557045
1.594876
1.574905
1.579051
1.599226
1.586269
1.565109
1.588040
1.574332
1.546927
1.553483
1.567317
1.569215
1.589869
1.583928
1.548970
1.555581
1.587678
1.599648
1.576026
1.576782
1.563404
1.571486
1.569486
1.562214
1.567084
1.555213
1.587477
1.546819
1.572016
1.570693
1.596918
1.527376
1.572459
1.557632
1.571700
1.568789
1.563387
1.565687
1.562416
1.562187
1.553234
1.574314
1.573519
1.568175
1.561535
1.575600
1.560734
1.550319
1.557913
1.551155
1.558612
1.560514
1.560437
1.545644
1.580987
1.547050
1.563861
1.554266
1.535392
1.554882
1.555620
1.539936
1.557180
1.564463
1.549621
1.556242
1.576113
1.554597
1.537155
1.565030
1.534799
1.552388
1.544474
1.541442
1.532021
1.547698
1.571361
1.560198
1.540424
1.558871
1.521630
1.540662
1.584592
1.525037
1.542662
1.556388
1.547750
1.540433
1.545866
1.575636
1.556647
1.550633
1.540688
1.549810
1.526439
1.557974
1.567044
1.528082
1.535663
1.544213
1.520698
1.532276
1.556589
1.542024
1.571912
1.524882
1.522148
1.538715
1.561360
1.527919
1.528343
1.537842
1.525183
1.541244
1.556255
1.530065
1.529576
1.533136
1.544952
1.532220
1.547150
1.533819
1.528009
1.523924
1.580996
1.522382
1.533720
1.526812
1.527008
1.523450
1.541563
1.539114
1.542361
1.516018
1.524761
1.526070
1.539721
1.511674
1.528328
1.529494
1.531679
1.539767
1.516402
1.527483
1.528087
1.524136
1.534217
1.516063
1.524215
1.533863
1.528726
1.529253
1.564998
1.532730
1.544112
1.524024
1.545918
1.529951
1.530875
1.534600
1.546335
1.530695
1.530122
1.565247
1.529724
1.519917
1.540818
1.520103
1.528794
1.530767
1.522542
1.565542
1.505742
1.527057
1.540133
1.521301
1.515592
1.517294
1.522908
1.525662
1.518030
1.498207
1.522908
1.531990
1.524280
1.520641
1.513272
1.515887
1.504097
1.523274
1.550694
1.521170
1.529583
1.530666
1.525262
1.516061
1.534230
1.526256
1.538723
1.517734
1.538537
1.519084
1.529667
1.525474
1.514770
1.504355
1.530991
1.532965
1.514756
1.549214
1.513926
1.526940
1.521459
1.504521
1.498299
1.532802
1.498940
1.511270
1.529746
1.508135
1.509470
1.522214
1.514330
1.520093
1.510132
1.517258
1.526877
1.519639
1.527050
1.516953
1.502278
1.512165
1.509948
1.506266
1.524472
1.521371
1.500824
1.503926
1.520229
1.515167
1.523586
1.498623
1.514468
1.526397
1.501362
1.519349
1.517349
1.523353
1.506244
1.522831
1.527938
1.503313
1.514031
1.508179
1.538304
1.505136
1.526232
1.514516
1.499289
1.516701
1.551884
1.542665
1.501866
1.521222
1.501123
1.522387
1.500388
1.502521
1.486103
1.506868
1.512495
1.513380
1.507627
1.533383
1.510132
