2.303011
2.303013
2.288158
2.275838
2.280004
2.267846
2.259860
2.222594
2.223926
2.191147
2.194960
2.121089
2.158138
2.140049
2.093851
2.114462
2.116397
2.083386
2.122022
2.015739
1.926409
1.884740
1.837553
1.795055
1.779374
1.804170
1.771945
1.784216
1.766041
1.758397
1.740836
1.718762
1.716428
1.716924
1.694345
1.699854
1.682302
1.731001
1.672366
1.691621
1.663197
1.693441
1.703968
1.665877
1.668000
1.701699
1.673571
1.640846
1.663164
1.688561
1.667151
1.670802
1.661341
1.654712
1.630304
1.615413
1.652897
1.682877
1.655044
1.632019
1.646683
1.636292
1.618965
1.625684
1.613430
1.613623
1.616707
1.598355
1.611060
1.581057
1.606521
1.642008
1.594280
1.646938
1.597298
1.654651
1.604519
1.629382
1.611154
1.577511
1.613528
1.596181
1.622524
1.599326
1.647740
1.596711
1.585903
1.602147
1.608222
1.608580
1.607568
1.573638
1.596647
1.591375
1.603336
1.605554
1.611424
1.574844
1.569621
1.562772
1.586760
1.560885
1.596595
1.545201
1.572187
1.564549
1.548288
1.574609
1.574269
1.594095
1.571441
1.540956
1.577551
1.578078
1.575869
1.576721
1.593257
1.594680
1.549655
1.583069
1.598367
1.583611
1.576045
1.564554
1.596597
1.585472
1.581761
1.547676
1.566150
1.555463
1.573372
1.574997
1.579424
1.543733
1.561367
1.549824
1.575926
1.580243
1.544229
1.531830
1.584190
1.558696
1.545439
1.547730
1.569941
1.563252
1.531245
1.555593
1.529783
1.552606
1.546828
1.595176
1.549727
1.555762
1.552180
1.556826
1.550507
1.530337
1.563476
1.567627
1.550398
1.537088
1.556785
1.557024
1.547878
1.566320
1.536500
1.538210
1.569503
1.553261
1.546913
1.545684
1.536338
1.527060
1.543074
1.559326
1.527926
1.546165
1.542239
1.536670
1.578933
1.540963
1.561699
1.559478
1.561536
1.552943
1.548502
1.546966
1.555393
1.566993
1.545764
1.537338
1.533786
1.539660
1.511061
1.522022
1.530020
1.559864
1.553205
1.539634
1.559926
1.554792
1.544635
1.550977
1.531203
1.532919
1.527765
1.551537
1.561343
1.539616
1.533374
1.528444
1.554044
1.531732
1.528815
1.582732
1.561314
1.548907
1.530023
1.547387
1.554683
1.525418
1.543593
1.552893
1.544995
1.562046
1.533246
1.528571
1.533284
1.567946
1.525242
1.548800
1.533992
1.543481
1.579226
1.539891
1.541139
1.527674
1.550408
1.519658
1.542842
1.543578
1.524140
1.529797
1.543251
1.528960
1.539232
1.537578
1.528702
1.544945
1.537025
1.538659
1.562154
1.530604
1.529307
1.538206
1.529863
1.550970
1.534316
1.539199
1.536395
1.544694
1.537787
1.515077
1.522895
1.567431
1.528996
1.515172
1.529623
1.522830
1.537333
1.532228
1.527358
1.533789
1.528584
1.519259
1.520834
1.539408
1.519006
1.516950
1.538389
1.544128
1.536006
1.536287
1.533725
1.543123
1.510862
1.510305
1.509491
1.544563
1.537157
1.522137
1.513563
1.528337
1.522033
1.522776
1.525187
1.524895
1.500311
1.508936
1.513823
1.538380
1.503752
1.515793
1.519922
1.502073
1.500936
1.497727
1.513197
1.497107
1.499698
1.529006
1.510542
1.522575
1.512287
1.510898
1.517641
1.498852
1.523954
1.495424
1.555761
1.531377
1.530684
1.521282
1.522011
1.498577
1.511631
1.503989
1.508558
1.529168
1.503196
1.502514
1.518453
1.522576
1.504138
1.505602
1.520297
1.512786
1.505483
1.513519
1.508450
1.506507
1.504230
1.512214
1.509902
1.501998
1.485643
1.524050
1.504099
1.510080
1.500161
1.508311
1.521623
1.517624
1.506605
1.528701
1.508262
1.513595
1.502205
1.498937
1.496683
1.495438
1.492375
1.497936
1.497989
1.512230
1.504857
1.504890
1.513113
1.508898
1.502002
1.521809
1.508453
1.505162
1.500819
1.504918
1.509770
1.494961
1.495991
1.532397
1.504444
1.490043
1.493405
1.494184
1.499224
1.521071
1.498810
1.520701
1.500991
1.503430
1.510453
1.505941
1.503122
1.479075
1.497718
1.501248
1.495638
1.487957
1.499263
1.507783
1.511274
1.492405
1.485076
1.506964
1.506527
1.496577
1.497505
1.522938
1.495933
1.507004
1.488576
1.511844
1.489630
1.488152
1.497467
1.497601
1.488960
1.480384
1.500979
1.486945
1.490088
1.497028
1.484273
1.491660
1.504022
1.506355
1.513747
1.500037
1.505021
1.498175
1.518182
1.487228
1.493157
1.508470
1.504995
1.483561
1.493045
1.486637
1.489896
1.502344
1.521295
1.512046
1.480454
1.507276
1.490467
1.483531
1.496390
1.485458
1.514943
1.489857
1.493032
1.497161
1.485700
1.501405
1.486340
1.507787
1.477334
1.491939
1.499055
1.497238
1.505105
1.498320
1.495488
1.496596
1.483854
1.482938
1.511274
1.485949
1.496417
1.488112
1.493825
1.491996
1.489566
1.513736
1.484052
1.486748
1.488211
1.500923
1.508711
1.510384
1.492156
1.487973
1.504990
1.485601
1.487259
1.486768
1.493415
1.503851
1.488035
1.491697
1.491821
1.494785
1.486962
1.487244
1.504237
1.484774
1.490484
1.495384
1.486141
1.482736
