2.305910
2.300310
2.305574
2.307369
2.311816
2.344633
2.328507
2.364996
2.328588
2.237042
2.253094
2.270379
2.251199
2.219865
2.208242
2.216653
2.188616
2.169828
2.168542
2.155321
2.155203
2.152109
2.121773
2.124651
2.116739
2.111836
2.091825
2.060565
2.067677
2.062835
2.073007
2.048545
2.032706
2.016111
2.007789
2.011414
1.968436
1.968886
1.963856
1.924383
1.937334
1.914337
1.946510
1.937494
1.916092
1.963284
1.980672
2.003265
1.989599
2.025594
2.123362
2.033684
1.983483
1.964408
1.884485
1.836687
1.805374
1.849313
1.930291
2.011341
1.959154
1.910610
1.817345
1.764565
1.739887
1.764659
1.788652
1.804078
1.788477
1.723868
1.729606
1.721503
1.704684
1.675354
1.748862
1.737041
1.709724
1.685633
1.681903
1.711880
1.703360
1.680591
1.722211
1.671989
1.678032
1.689239
1.715323
1.695147
1.675645
1.640554
1.656205
1.666195
1.670349
1.686026
1.634176
1.639406
1.655508
1.651432
1.641361
1.628397
1.644122
1.659465
1.626741
1.664210
1.615260
1.659574
1.635015
1.626199
1.627301
1.639338
1.668947
1.666208
1.629665
1.637414
1.626457
1.648642
1.621182
1.658041
1.612094
1.621773
1.634238
1.651955
1.612204
1.653078
1.640190
1.629565
1.628721
1.612363
1.665568
1.612351
1.601701
1.625590
1.615370
1.622277
1.639610
1.621275
1.619500
1.602447
1.607218
1.621578
1.628375
1.616582
1.602456
1.625283
1.625695
1.598133
1.606379
1.631617
1.627675
1.620688
1.590295
1.600435
1.640643
1.622906
1.584854
1.606416
1.622646
1.610175
1.630823
1.614703
1.611803
1.617243
1.624603
1.627741
1.618851
1.595669
1.618749
1.651690
1.683783
1.611322
1.616078
1.598566
1.582197
1.608942
1.627559
1.634012
1.607409
1.593776
1.600907
1.599916
1.632961
1.595591
1.616768
1.612917
1.622660
1.603772
1.591800
1.594225
1.596499
1.617357
1.627681
1.650187
1.576856
1.575052
1.606915
1.600341
1.607611
1.616433
1.602457
1.602089
1.605734
1.577386
1.621117
1.592469
1.594980
1.575487
1.579574
1.605324
1.590757
1.591679
1.580859
1.572658
1.582366
1.585807
1.594765
1.608566
1.585918
1.575121
1.581604
1.574454
1.605208
1.589849
1.620084
1.583396
1.572047
1.569055
1.601570
1.600451
1.612443
1.577231
1.601152
1.587818
1.552083
1.579647
1.623976
1.628404
1.598456
1.613093
1.604386
1.589045
1.584569
1.561421
1.603097
1.568402
1.548796
1.548154
1.546367
1.544350
1.534073
1.556675
1.578518
1.617811
1.623688
1.603386
1.583351
1.561911
1.564948
1.561563
1.575414
1.568395
1.559987
1.574257
1.567616
1.601062
1.553712
1.568488
1.581558
1.595629
1.559960
1.587033
1.549118
1.544300
1.568757
1.603919
1.593035
1.564789
1.570476
1.571061
1.579103
1.558440
1.534835
1.532139
1.542456
1.547867
1.554727
1.548061
1.590557
1.569022
1.565573
1.540044
1.563474
1.544223
1.541101
1.538092
1.543351
1.550548
1.556810
1.544720
1.546670
1.541028
1.538610
1.548442
1.568894
1.630877
1.570036
1.553479
1.544378
1.590843
1.592588
1.596309
1.575009
1.588216
1.590717
1.591277
1.591457
1.572131
1.582830
1.588701
1.601015
1.573143
1.569167
1.583924
1.577837
1.575834
1.575148
1.593947
1.571762
1.574927
1.569983
1.579380
1.587897
1.575583
1.583684
1.599497
1.570249
1.586297
1.573693
1.578362
1.565855
1.569724
1.564130
1.595278
1.606451
1.613516
1.564957
1.561558
1.601704
1.605444
1.614984
1.586836
1.584015
1.545580
1.600564
1.586249
1.568700
1.585465
1.581573
1.590547
1.574930
1.578511
1.592734
1.577219
1.558883
1.542380
1.551007
1.577967
1.593011
1.605633
1.575974
1.564080
1.553588
1.559878
1.550691
1.574364
1.587033
1.559416
1.563333
1.551900
1.529430
1.532506
1.533047
1.562753
1.550215
1.558141
1.537987
1.547554
1.566814
1.561383
1.561867
1.547376
1.563664
1.538560
1.544084
1.539692
1.576881
1.552450
1.544832
1.580794
1.548973
1.511395
1.533112
1.543117
1.543359
1.549563
1.548032
1.556429
1.553933
1.543024
1.534124
1.528829
1.542839
1.545219
1.561245
1.566640
1.556035
1.536160
1.566059
1.583261
1.565018
1.563446
1.575591
1.563676
1.561619
1.541677
1.554347
1.541398
1.574140
1.582280
1.552537
1.557917
1.542914
1.530990
1.571204
1.573678
1.555014
1.538330
1.527068
1.541026
1.555586
1.553535
1.540875
1.544598
1.558835
1.554615
1.503161
1.509587
1.555108
1.556068
1.575912
1.537461
1.540237
1.532487
1.546699
1.551370
1.552748
1.516918
1.548105
1.534094
1.529819
1.554694
1.560793
1.520846
1.532770
1.525314
1.530146
1.518825
1.533336
1.535703
1.519344
1.530670
1.531113
1.553810
1.548014
1.525490
1.525281
1.514707
1.542174
1.546960
1.568624
1.589278
1.565329
1.565009
1.551248
1.577531
1.570806
1.569468
1.586901
1.564187
1.575798
1.572748
1.553113
1.565183
1.568950
1.554058
1.559857
1.564461
1.571682
1.550004
1.563130
1.548945
