2.298138
2.297800
2.279114
2.243094
2.241298
2.229284
2.187244
2.150177
2.101226
2.063153
2.019006
1.959431
1.902063
1.863871
1.815376
1.822656
1.802923
1.762045
1.746458
1.728149
1.699666
1.676125
1.663441
1.656814
1.650495
1.666752
1.661301
1.638303
1.647657
1.597794
1.644719
1.613134
1.594313
1.636514
1.589117
1.586491
1.586221
1.624673
1.608417
1.585393
1.581827
1.604230
1.588855
1.592977
1.573728
1.578333
1.596638
1.572298
1.582520
1.607978
1.575587
1.589812
1.580698
1.570066
1.594288
1.576748
1.597465
1.582697
1.571060
1.570683
1.558597
1.594833
1.588395
1.599029
1.576153
1.582188
1.591257
1.557679
1.612216
1.589763
1.584745
1.587494
1.569327
1.578759
1.573965
1.590153
1.568853
1.553559
1.565826
1.554967
1.598855
1.605423
1.583825
1.602218
1.568878
1.560914
1.564433
1.558560
1.584389
1.571850
1.571556
1.561638
1.581701
1.561153
1.587702
1.567257
1.571145
1.569976
1.604794
1.572641
1.573837
1.574752
1.564715
1.562265
1.551286
1.564918
1.557289
1.569992
1.595243
1.584435
1.589882
1.576170
1.560855
1.576932
1.557701
1.562391
1.557930
1.562758
1.573613
1.571614
1.581542
1.563236
1.569311
1.568883
1.569844
1.571070
1.584246
1.569406
1.571474
1.560908
1.553463
1.556107
1.579607
1.560422
1.574399
1.571577
1.555831
1.556955
1.560693
1.564896
1.578480
1.557302
1.601605
1.582754
1.545628
1.562987
1.548015
1.561980
1.549867
1.560043
1.585135
1.548921
1.549862
1.557854
1.555020
1.556288
1.549572
1.549464
1.553925
1.566945
1.576119
1.551957
1.548737
1.537232
1.551488
1.560777
1.551222
1.566412
1.546864
1.533974
1.541177
1.527754
1.529159
1.535433
1.539525
1.524183
1.544191
1.533819
1.542958
1.522399
1.514425
1.520452
1.524216
1.531564
1.535625
1.545910
1.543936
1.537891
1.526823
1.542885
1.539225
1.530670
1.523838
1.503633
1.518601
1.505061
1.509042
1.532704
1.540140
1.533532
1.526595
1.509702
1.522337
1.530879
1.501092
1.507666
1.526668
1.522655
1.501494
1.532835
1.509643
1.497583
1.517079
1.506828
1.522791
1.497966
1.504529
1.514154
1.521625
1.512338
1.505050
1.511242
1.508422
1.497115
1.494777
1.493851
1.499910
1.523745
1.504827
1.494839
1.489694
1.487204
1.481512
1.507749
1.501144
1.509538
1.497698
1.509721
1.504033
1.494247
1.500724
1.514558
1.508712
1.516646
1.484365
1.513198
1.508506
1.494690
1.491694
1.487077
1.499770
1.488235
1.512059
1.485559
1.500097
1.510473
1.490356
1.500816
1.484250
1.503723
1.484219
1.505092
1.496452
1.501698
1.496026
1.505081
1.495680
1.512759
1.479408
1.499673
1.488882
1.505443
1.515635
1.485783
1.481345
1.514922
1.484365
1.485146
1.487052
1.503352
1.495890
1.488805
1.487648
1.494352
1.518234
1.492898
1.490843
1.498720
1.479385
1.469101
1.480553
1.483746
1.508184
1.487309
1.512847
1.511193
1.499477
1.471850
1.494344
1.487060
1.471806
1.504146
1.501654
1.497392
1.489599
1.489199
1.488299
1.492024
1.479365
1.484450
1.491353
1.487085
1.479877
1.495422
1.485441
1.493417
1.494227
1.475412
1.480945
1.491814
1.475488
1.496132
1.480801
1.491097
1.495067
1.469484
1.494690
1.500449
1.484005
1.481710
1.476882
1.489377
1.497126
1.491618
1.494269
1.487522
1.473734
1.490368
1.475140
1.488358
1.479472
1.480013
1.480126
1.494997
1.486196
1.484110
1.480140
1.481071
1.500433
1.475829
1.493521
1.495460
1.469406
1.482618
1.483940
1.470810
1.486106
1.477267
1.503730
1.476026
1.475528
1.488949
1.491790
1.480930
1.476495
1.477302
1.474585
1.471621
1.488660
1.479617
1.497201
1.479238
1.484960
1.488199
1.501072
1.478971
1.474504
1.468902
1.497290
1.476684
1.474783
1.481253
1.480030
1.495300
1.468885
1.483317
1.474138
1.473488
1.474083
1.486059
1.495129
1.483089
1.502796
1.470672
1.495909
1.482100
1.465063
1.483660
1.485682
1.475262
1.477663
1.481348
1.474311
1.485318
1.469207
1.490477
1.474557
1.472876
1.482051
1.486662
1.476453
1.473128
1.490288
1.489062
1.506468
1.471948
1.467998
1.474386
1.476956
1.479757
1.491527
1.474972
1.477446
1.466741
1.487797
1.485046
1.477187
1.480273
1.467879
1.465737
1.490391
1.484235
1.492340
1.475047
1.476840
1.471849
1.475508
1.477206
1.474414
1.477859
1.485761
1.483524
1.475850
1.472155
1.474980
1.480675
1.494723
1.488331
1.468976
1.479993
1.485976
1.485322
1.465475
1.492320
1.493064
1.473319
1.466971
1.477769
1.468487
1.464069
1.480153
1.473040
1.474569
1.471714
1.466871
1.480292
1.491775
1.491941
1.473373
1.476253
1.464085
1.477405
1.474253
1.468568
1.496696
1.475074
1.495457
1.472905
1.494254
1.484525
1.480245
1.479374
1.481673
1.473730
1.479849
1.485624
1.480597
1.477864
1.488248
1.476300
1.471302
1.477233
1.475987
1.493986
1.487030
1.476280
1.468776
1.469757
1.475230
1.479497
