2.307166
2.309088
2.313530
2.311499
2.292260
2.258130
2.175943
2.206921
2.301821
2.300655
2.296335
2.292576
2.296233
2.297886
2.299551
2.300076
2.302077
2.302101
2.302013
2.302081
2.302228
2.301771
2.302279
2.302808
2.302330
2.302173
2.302585
2.302330
2.302186
2.302534
2.302534
2.302534
2.302585
2.302585
2.302237
2.302585
2.302585
2.302483
2.302585
2.302534
2.302428
2.302585
2.302534
2.302910
2.302585
2.302585
2.302585
2.302534
2.302534
2.302534
2.302585
2.302585
2.302534
2.302534
2.302534
2.302585
2.302585
2.302585
2.302585
2.302585
2.302534
2.302534
2.302585
2.302585
2.302480
2.302534
2.302585
2.302534
2.302585
2.302534
2.302585
2.302534
2.302585
2.302534
2.302534
2.302585
2.302585
2.302585
2.302585
2.302585
2.302432
2.302585
2.302534
2.302585
2.302585
2.302585
2.302585
2.302585
2.302534
2.302534
2.302585
2.302585
2.302585
2.302534
2.302585
2.302534
2.302534
2.302585
2.302483
2.302534
2.302534
2.302994
2.302534
2.302585
2.302585
2.302428
2.302585
2.302585
2.302585
2.302534
2.302534
2.302585
2.302765
2.302585
2.302585
2.302534
2.302585
2.302585
2.302585
2.302585
2.302585
2.302585
2.302480
2.302585
2.302585
2.302585
2.302994
2.302534
2.302534
2.302585
2.302534
2.302534
2.302534
2.302534
2.302585
2.302534
2.302534
2.302534
2.302585
2.302714
2.302585
2.302534
2.302534
2.302483
2.302994
2.302585
2.302585
2.302585
2.302534
2.302585
2.302585
2.302483
2.302585
2.302534
2.302483
2.302483
2.302892
2.302585
2.302534
2.302534
2.302585
2.302585
2.302585
2.302816
2.302585
2.302585
2.302585
2.302585
2.302534
2.302534
2.302483
2.302480
2.302585
2.302534
2.302585
2.302585
2.302585
2.302585
2.302585
2.302534
2.302585
2.302585
2.302585
2.302534
2.302585
2.302534
2.302994
2.302534
2.302483
2.302585
2.302585
2.302585
2.302534
2.302483
2.302534
2.302585
2.302585
2.302585
2.302994
2.302585
2.302534
2.302534
2.302994
2.302534
2.302585
2.302585
2.302534
2.302534
2.302585
2.302585
2.302709
2.302585
2.302534
2.302483
2.302585
2.302585
2.302483
2.302534
2.302483
2.302585
2.302428
2.302585
2.302585
2.302585
2.302585
2.302534
2.302585
2.302483
2.302534
2.302585
2.302585
2.302483
2.302534
2.302585
2.302534
2.302585
2.302534
2.302534
2.302480
2.302534
2.302658
2.302585
2.302432
2.302534
2.302585
2.302534
2.302534
2.302585
2.302534
2.302585
2.302585
2.302483
2.302585
2.302585
2.302483
2.302910
2.302585
2.302585
2.302585
2.302585
2.302585
2.302859
2.302585
2.302585
2.302585
2.302381
2.302534
2.302483
2.302585
2.302483
2.302585
2.302910
2.302534
2.302859
2.302658
2.302534
2.302534
2.302585
2.302585
2.302432
2.302585
2.302585
2.302428
2.302534
2.302432
2.302585
2.302585
2.302534
2.302534
2.302534
2.302483
2.302534
2.302585
2.302585
2.302534
2.302585
2.302534
2.302534
2.302483
2.302585
2.302534
2.302483
2.302432
2.302585
2.302483
2.302534
2.302808
2.302534
2.302377
2.302377
2.302534
2.302534
2.302432
2.302534
2.302483
2.302534
2.302585
2.302585
2.302432
2.302534
2.302534
2.302534
2.302483
2.302330
2.302432
2.302534
2.302432
2.302330
2.302534
2.302483
2.302483
2.302534
2.302534
2.302534
2.302534
2.302534
2.302483
2.302534
2.302381
2.302483
2.302432
2.303133
2.302432
2.302177
2.302534
2.302381
2.302585
2.302330
2.302381
2.302432
2.302381
2.302432
2.302177
2.302483
2.302279
2.302432
2.302177
2.301816
2.301973
2.302040
2.294102
2.276047
2.260725
2.268537
2.291975
2.252963
2.284161
2.268588
2.268588
2.268536
2.299787
2.276400
2.252912
2.237338
2.299288
2.268536
2.252912
2.245100
2.260725
2.237287
2.276350
2.268537
2.284161
2.276350
2.276350
2.252912
2.260669
2.276028
2.276350
2.276350
2.307545
2.252912
2.268537
2.284162
2.299288
2.252912
2.260725
2.284162
2.245150
2.245100
2.252912
2.276400
2.252963
2.299787
2.315412
2.276400
2.252912
2.260725
2.252963
2.252912
2.260725
2.268536
2.268588
2.268588
2.260662
2.245100
2.260725
2.268639
2.252912
2.252912
2.292025
2.291975
2.276350
2.276350
2.291975
2.268537
2.252912
2.284162
2.260725
2.268536
2.276451
2.260725
2.292025
2.291975
2.260725
2.276232
2.268536
2.268038
2.260725
2.268536
2.291975
2.284161
2.260725
2.284162
2.237287
2.252963
2.252912
2.245100
2.245150
2.276400
2.268537
2.260725
2.260725
2.284162
2.268533
2.237287
2.245150
2.291861
2.268537
2.276350
2.315412
2.284162
2.291975
2.268588
2.245100
2.260721
2.276349
2.284162
2.268536
2.276350
2.276350
2.268537
2.276294
2.268588
2.260725
2.268536
2.276350
2.268038
2.237287
2.268588
2.268537
2.268536
2.252963
2.268537
2.299787
2.268588
2.260725
2.245150
2.260725
2.260725
2.268537
2.260775
2.245100
2.268537
2.237287
2.260725
2.260611
2.252857
2.268537
2.299838
