2.302252
2.300020
2.290212
2.292103
2.290452
2.272942
2.248486
2.251314
2.241156
2.241023
2.216983
2.180506
2.179510
2.116750
2.094341
2.068658
1.999767
1.983051
1.905996
1.843394
1.806826
1.803580
1.810067
1.778455
1.741193
1.739064
1.745220
1.715338
1.704381
1.709775
1.721526
1.696167
1.686341
1.657801
1.651802
1.668420
1.668724
1.657610
1.660505
1.654982
1.632073
1.584711
1.616315
1.618688
1.634460
1.605357
1.626004
1.613899
1.576629
1.594520
1.611604
1.598846
1.602640
1.605459
1.614141
1.608258
1.593653
1.569427
1.589096
1.604235
1.568731
1.571037
1.552421
1.593403
1.610383
1.577232
1.581243
1.556828
1.595188
1.579558
1.588601
1.564419
1.563943
1.551295
1.610235
1.572048
1.563620
1.573906
1.593513
1.560654
1.573651
1.551746
1.570637
1.573001
1.559463
1.553759
1.551386
1.551148
1.532576
1.550460
1.552311
1.540550
1.551303
1.573736
1.576277
1.581538
1.534474
1.563639
1.518239
1.542553
1.561276
1.540004
1.539932
1.529008
1.550322
1.543169
1.571356
1.543746
1.527186
1.536014
1.519299
1.546988
1.584327
1.538469
1.558042
1.544053
1.558143
1.548750
1.548064
1.540659
1.506282
1.564110
1.547964
1.525887
1.554571
1.526866
1.535466
1.537610
1.507838
1.540315
1.537186
1.522939
1.515157
1.530373
1.529510
1.525800
1.558138
1.523015
1.545382
1.517783
1.536596
1.518369
1.553992
1.525220
1.510046
1.502786
1.515417
1.526131
1.513553
1.516284
1.529880
1.516678
1.542801
1.560628
1.517438
1.513635
1.512321
1.537111
1.520530
1.498713
1.517195
1.533141
1.525323
1.502120
1.504632
1.529373
1.529975
1.507917
1.523469
1.503195
1.510452
1.510213
1.522557
1.516602
1.512229
1.541205
1.508530
1.518517
1.503040
1.527989
1.514382
1.512456
1.503513
1.498746
1.509040
1.509031
1.520923
1.510898
1.514799
1.496050
1.513311
1.504638
1.508575
1.486657
1.502253
1.521136
1.511051
1.494504
1.522084
1.498239
1.513418
1.512425
1.538704
1.517163
1.510258
1.500493
1.504268
1.507854
1.505607
1.524164
1.527533
1.503659
1.494521
1.512854
1.523390
1.503653
1.499332
1.505993
1.521658
1.488917
1.519812
1.501546
1.507894
1.491482
1.493440
1.508549
1.521846
1.486984
1.499513
1.500160
1.518192
1.529962
1.489140
1.507739
1.492935
1.497880
1.488923
1.529547
1.496763
1.493390
1.498507
1.502273
1.503201
1.503718
1.487506
1.513958
1.495367
1.490351
1.486937
1.510325
1.524389
1.501996
1.502463
1.495790
1.509788
1.484295
1.518637
1.500100
1.501806
1.510031
1.501072
1.490536
1.506189
1.500037
1.498972
1.484443
1.487373
1.501932
1.496548
1.494371
1.484256
1.493180
1.526625
1.500187
1.491914
1.487578
1.497403
1.494766
1.496208
1.503962
1.484390
1.496240
1.492787
1.504635
1.490996
1.489741
1.484525
1.490799
1.509577
1.489143
1.502903
1.495154
1.516224
1.498636
1.508471
1.499551
1.497481
1.506108
1.503929
1.491079
1.484850
1.487536
1.490319
1.498228
1.488101
1.492411
1.489224
1.483003
1.491866
1.509754
1.493716
1.505880
1.505583
1.480279
1.495220
1.486911
1.514463
1.479016
1.511288
1.489517
1.490477
1.482159
1.498138
1.503861
1.494012
1.495703
1.486670
1.505331
1.488702
1.490046
1.480680
1.494033
1.490530
1.495096
1.495142
1.507210
1.483922
1.487133
1.487905
1.487870
1.496828
1.500768
1.489852
1.507102
1.486349
1.490775
1.474814
1.503856
1.483818
1.483911
1.497686
1.483575
1.495492
1.503856
1.482954
1.492647
1.490200
1.487446
1.496785
1.483595
1.492623
1.492768
1.498515
1.481389
1.479378
1.488329
1.483464
1.489591
1.492476
1.483415
1.487476
1.487854
1.495369
1.511003
1.493240
1.503299
1.480161
1.492117
1.484637
1.508440
1.475686
1.503203
1.509590
1.497773
1.470400
1.499157
1.486497
1.499010
1.487225
1.485090
1.479583
1.484696
1.491514
1.488491
1.490030
1.489904
1.478759
1.483505
1.478909
1.477865
1.486194
1.490681
1.487436
1.493083
1.475308
1.485397
1.493256
1.474888
1.491074
1.484880
1.497457
1.482069
1.506218
1.492869
1.502100
1.488299
1.482727
1.472973
1.501050
1.475597
1.482556
1.496548
1.493210
1.505924
1.486252
1.497508
1.475801
1.492950
1.489550
1.479545
1.491270
1.509299
1.475407
1.488819
1.488295
1.480889
1.491802
1.483875
1.476829
1.470590
1.482273
1.472537
1.473537
1.480275
1.481060
1.483968
1.479623
1.496806
1.489225
1.487787
1.474256
1.491300
1.498898
1.485290
1.492079
1.490985
1.493120
1.482378
1.490182
1.484214
1.495419
1.485104
1.481259
1.474446
1.497681
1.482438
1.482070
1.476405
1.494820
1.478579
1.481035
1.485923
1.492336
1.486495
1.476726
1.493191
1.480574
1.476455
1.483058
1.494396
1.474066
1.482402
1.483428
1.476180
1.474983
1.502041
1.490618
1.489049
1.488950
1.471074
1.479793
1.478698
1.498454
1.482543
1.493896
1.479345
1.484357
1.489303
1.493434
1.487056
