2.293166
2.295216
2.285171
2.285302
2.293146
2.317095
2.346169
2.371578
2.313065
2.216563
2.255067
2.253209
2.274259
2.283267
2.288244
2.295424
2.297064
2.296001
2.295508
2.295071
2.277795
2.278071
2.262312
2.280430
2.248987
2.239048
2.206438
2.207868
2.181201
2.191596
2.218099
2.208308
2.168820
2.177106
2.135880
2.141443
2.125116
2.094062
2.169713
2.213252
2.163770
2.120858
2.125321
2.136142
2.075329
2.103531
2.080558
2.099750
2.059472
2.071333
2.093138
2.100203
2.068751
2.060877
2.065971
2.070142
2.052656
2.058285
2.092078
2.055748
2.070764
2.068182
2.020585
2.059928
2.025656
1.969219
2.010473
2.038388
2.016613
2.031376
2.033443
2.018993
1.981400
1.978315
1.982198
1.968782
2.021077
2.002858
1.995480
1.996996
1.983032
1.977684
1.964541
1.940641
1.943523
1.931088
1.926912
1.923200
1.884930
1.915968
1.948921
1.928238
1.916744
1.876162
1.857602
1.941179
1.984340
1.960920
1.919021
1.934590
1.976379
1.983620
1.960371
2.037223
1.994742
1.875428
1.909895
1.965041
1.964000
1.992924
2.051691
1.957517
1.936042
1.846819
1.874429
1.842367
1.856397
1.848902
1.862730
1.866244
1.850775
1.835394
1.810212
1.771428
1.772178
1.766387
1.748970
1.759813
1.751436
1.765891
1.810907
1.812442
1.761539
1.776943
1.750563
1.716302
1.752665
1.794172
1.793806
1.755985
1.734825
1.746140
1.745281
1.729946
1.748313
1.738693
1.766815
1.739410
1.758672
1.749066
1.743985
1.740332
1.745339
1.719409
1.726229
1.711302
1.724836
1.719337
1.742917
1.715828
1.731653
1.761577
1.728168
1.724169
1.659779
1.689045
1.702038
1.716533
1.711662
1.691189
1.701832
1.758401
1.757085
1.735458
1.754423
1.700223
1.714400
1.704694
1.660168
1.696149
1.689839
1.682264
1.720547
1.731055
1.739679
1.691795
1.725659
1.700287
1.681663
1.735661
1.685890
1.667848
1.702005
1.684928
1.677468
1.651571
1.731245
1.719672
1.685115
1.727540
1.718266
1.732287
1.725077
1.681007
1.681256
1.705895
1.707274
1.672477
1.708450
1.712780
1.736913
1.719542
1.664993
1.699302
1.657962
1.687711
1.659999
1.661001
1.649439
1.672365
1.643356
1.639098
1.659887
1.681045
1.704098
1.744139
1.679504
1.689498
1.653109
1.652735
1.648528
1.633257
1.630235
1.662246
1.668339
1.640486
1.677808
1.656968
1.663526
1.684309
1.633126
1.646967
1.633760
1.629430
1.666870
1.659075
1.652844
1.676763
1.628568
1.662988
1.663851
1.666996
1.637244
1.652577
1.633171
1.655206
1.633836
1.663461
1.687080
1.653965
1.638430
1.668496
1.669723
1.649809
1.631663
1.648316
1.662739
1.630485
1.645868
1.670783
1.640403
1.640321
1.653136
1.646886
1.663794
1.662701
1.661261
1.633029
1.637608
1.618508
1.633634
1.637947
1.633178
1.623274
1.672843
1.658732
1.636623
1.631496
1.653361
1.661664
1.676833
1.629776
1.643510
1.660858
1.620134
1.626332
1.636656
1.632587
1.679864
1.643737
1.665638
1.648644
1.659670
1.657252
1.638381
1.672412
1.631707
1.624108
1.626634
1.642717
1.636575
1.658660
1.620222
1.620790
1.616312
1.639596
1.634646
1.655673
1.635012
1.664692
1.650886
1.611868
1.630408
1.626884
1.596344
1.623136
1.661600
1.644223
1.653966
1.631817
1.637345
1.622292
1.645226
1.630375
1.636189
1.640835
1.601547
1.603357
1.619946
1.661441
1.660049
1.635455
1.656380
1.621704
1.638958
1.620101
1.621360
1.618767
1.627756
1.616565
1.656821
1.642784
1.624778
1.662627
1.638573
1.632284
1.611207
1.637507
1.628743
1.608030
1.643623
1.655604
1.671533
1.675820
1.635604
1.629427
1.634442
1.610335
1.665413
1.619838
1.620956
1.653554
1.651924
1.625327
1.618950
1.647808
1.646294
1.614849
1.655764
1.653576
1.656801
1.616017
1.620850
1.628826
1.668735
1.632917
1.621270
1.636876
1.655816
1.672269
1.618925
1.641519
1.620596
1.622125
1.632392
1.648960
1.643295
1.645797
1.637898
1.605592
1.608826
1.652659
1.650511
1.650267
1.635540
1.642258
1.657188
1.626900
1.629971
1.635446
1.635731
1.626008
1.623987
1.622622
1.646246
1.687453
1.716748
1.680874
1.687233
1.665617
1.633397
1.634714
1.658656
1.683007
1.615048
1.623466
1.663543
1.641551
1.657236
1.645462
1.735626
1.733477
1.671788
1.683196
1.662622
1.651234
1.633924
1.620890
1.629214
1.627701
1.637482
1.638528
1.693727
1.660303
1.655097
1.637004
1.631479
1.626091
1.621409
1.631439
1.612151
1.603650
1.591403
1.615517
1.615363
1.600491
1.607688
1.610382
1.585917
1.611935
1.589535
1.601463
1.603766
1.630366
1.619094
1.627246
1.605431
1.602692
1.643344
1.624719
1.654507
1.661719
1.619027
1.619433
1.607029
1.605550
1.596833
1.558548
1.579546
1.635134
1.615109
1.646222
1.626624
1.620141
1.632186
1.644504
1.625711
1.627936
1.590358
1.594700
1.597268
1.612593
1.591019
1.632461
1.625911
1.607421
1.608517
1.634111
1.638270
1.638365
