2.327178
2.316473
2.310427
2.300966
2.300469
2.297563
2.282380
2.312114
2.292439
2.280742
2.265512
2.286233
2.280415
2.254762
2.232441
2.217516
2.184846
2.149841
2.252531
2.255733
2.145519
2.097362
1.960599
1.898027
1.849716
1.803824
1.836466
1.829461
1.891954
1.992326
1.994230
2.113268
2.122378
2.068259
2.019103
2.044703
2.049235
2.007801
2.046176
2.090910
1.989186
1.997160
1.986522
1.958329
1.936264
1.991846
1.987775
1.975967
1.967712
1.928385
1.879195
1.790707
1.782939
1.701245
1.713731
1.697678
1.753377
1.790222
1.836258
1.840906
1.796648
1.789930
1.841625
1.762530
1.783481
1.738382
1.663433
1.666819
1.650176
1.642548
1.664824
1.622319
1.635541
1.689633
1.711975
1.744965
1.724102
1.750207
1.696131
1.600326
1.610789
1.632177
1.619963
1.675843
1.651206
1.624571
1.664713
1.705810
1.640745
1.700767
1.666806
1.706995
1.635290
1.654367
1.649315
1.635392
1.608577
1.651791
1.628084
1.608963
1.605830
1.635509
1.619774
1.647828
1.694378
1.633665
1.653479
1.667212
1.682685
1.680161
1.650208
1.628208
1.594523
1.578565
1.628207
1.597522
1.612922
1.608165
1.574500
1.610525
1.607884
1.633217
1.643617
1.638018
1.634362
1.613205
1.603548
1.574427
1.581651
1.574352
1.610591
1.606311
1.595838
1.610474
1.577086
1.597679
1.632501
1.616900
1.597960
1.630367
1.609748
1.599551
1.594396
1.604574
1.629662
1.582443
1.621086
1.628497
1.632823
1.641652
1.627703
1.587143
1.576712
1.573972
1.572572
1.603633
1.613876
1.563563
1.584747
1.590192
1.610291
1.593787
1.577012
1.571760
1.608289
1.614241
1.605975
1.592447
1.601982
1.602273
1.635148
1.591636
1.545952
1.574703
1.616159
1.619692
1.569686
1.568419
1.559705
1.593575
1.559634
1.579923
1.568670
1.605415
1.572703
1.589544
1.555668
1.584965
1.586076
1.553891
1.569066
1.566445
1.578261
1.583357
1.579034
1.577071
1.564339
1.565035
1.573072
1.565489
1.577002
1.581310
1.586310
1.571736
1.593029
1.599812
1.575690
1.560917
1.560620
1.616680
1.550086
1.562237
1.527732
1.568163
1.588800
1.554070
1.571937
1.566381
1.563195
1.595099
1.623322
1.583782
1.578153
1.559672
1.548702
1.549539
1.566720
1.572833
1.584169
1.558580
1.596980
1.572179
1.544678
1.569514
1.543595
1.548867
1.583466
1.561670
1.573711
1.574221
1.555976
1.566956
1.546372
1.576142
1.548784
1.560255
1.573374
1.584389
1.556997
1.576028
1.547367
1.540978
1.547922
1.577413
1.569056
1.568408
1.553802
1.557385
1.539917
1.545592
1.541667
1.564854
1.549579
1.567188
1.546445
1.541240
1.548244
1.540168
1.561683
1.557404
1.579451
1.544006
1.588602
1.588362
1.600392
1.561108
1.591428
1.563781
1.540362
1.570612
1.522470
1.538046
1.536671
1.550508
1.535411
1.566706
1.542402
1.539858
1.541185
1.568038
1.545639
1.581296
1.591560
1.565936
1.548818
1.550083
1.535298
1.519448
1.548919
1.549782
1.531402
1.547821
1.537079
1.518563
1.565570
1.564299
1.540763
1.527363
1.565286
1.551218
1.562663
1.576006
1.583787
1.576590
1.547246
1.529730
1.544245
1.553447
1.525948
1.538286
1.539060
1.547425
1.544624
1.587011
1.599187
1.551096
1.555715
1.560178
1.552388
1.541778
1.535392
1.537431
1.520805
1.549123
1.562684
1.551158
1.546103
1.542141
1.530988
1.530924
1.535514
1.501647
1.519858
1.501238
1.535114
1.541057
1.565391
1.556720
1.548540
1.537562
1.525286
1.544279
1.513415
1.543434
1.533737
1.563513
1.574369
1.553545
1.569346
1.563727
1.547399
1.527681
1.523146
1.534364
1.558280
1.525436
1.537286
1.529189
1.535161
1.520928
1.542330
1.556245
1.551461
1.567257
1.536803
1.544983
1.558209
1.527279
1.516396
1.523041
1.533814
1.554214
1.538873
1.536844
1.533944
1.547428
1.529140
1.548668
1.521259
1.521803
1.517526
1.529776
1.500545
1.525256
1.519603
1.530496
1.539295
1.546373
1.535575
1.546688
1.512164
1.554494
1.523489
1.536136
1.533757
1.534524
1.510406
1.553172
1.514989
1.517595
1.540059
1.534728
1.535352
1.527308
1.532133
1.545843
1.585149
1.543466
1.535659
1.544410
1.550446
1.537912
1.514750
1.534783
1.530167
1.542517
1.546916
1.551162
1.541480
1.516235
1.543515
1.521563
1.527771
1.497062
1.510958
1.537395
1.527507
1.532054
1.563227
1.578035
1.513088
1.530761
1.582555
1.529689
1.536002
1.562153
1.545088
1.520377
1.527483
1.517289
1.568920
1.495323
1.528572
1.510360
1.567648
1.526755
1.528536
1.532404
1.559362
1.515025
1.548016
1.509047
1.512564
1.543745
1.546859
1.536881
1.525313
1.537902
1.546449
1.513504
1.500302
1.501650
1.513545
1.510293
1.517796
1.517073
1.524676
1.533611
1.517851
1.569524
1.526540
1.539357
1.536213
1.556575
1.525372
1.543440
1.531240
1.505790
1.551911
1.553232
1.522063
1.522830
1.519435
1.505487
1.526099
1.514452
1.508412
1.495467
1.523451
1.516892
