2.303579
2.305235
2.317277
2.332286
2.310965
2.302891
2.283874
2.347731
2.389455
2.378010
2.348953
2.351340
2.179737
2.127388
2.165606
2.076893
2.108303
2.064194
2.087883
2.016411
2.093382
2.033914
1.958720
1.903019
1.968584
1.985153
1.936354
1.923095
1.874953
1.886675
1.822786
1.771429
1.819708
1.821765
1.754853
1.750563
1.796532
1.783591
1.753352
1.760065
1.726125
1.692974
1.687701
1.723990
1.744149
1.748019
1.669059
1.734899
1.735522
1.689360
1.683354
1.695737
1.656029
1.714279
1.666937
1.665448
1.677261
1.679948
1.656158
1.671593
1.678882
1.689069
1.661184
1.670434
1.626058
1.676229
1.655442
1.642033
1.673433
1.632945
1.695838
1.688214
1.666265
1.659661
1.752563
1.629671
1.690086
1.680902
1.634058
1.663300
1.615965
1.623522
1.620633
1.611497
1.621346
1.649383
1.628223
1.632977
1.696665
1.655316
1.661931
1.651031
1.607895
1.706565
1.687503
1.665777
1.639403
1.619109
1.694950
1.648522
1.655845
1.672585
1.639646
1.653033
1.599963
1.652348
1.639729
1.645206
1.615583
1.637604
1.612835
1.665180
1.710810
1.628506
1.597707
1.603292
1.606394
1.625166
1.625379
1.616360
1.640096
1.626270
1.624428
1.659744
1.632793
1.592508
1.605042
1.617648
1.634754
1.612644
1.572916
1.619517
1.594425
1.593066
1.594850
1.634949
1.586069
1.624498
1.641028
1.622804
1.598686
1.625449
1.636090
1.639917
1.631656
1.624963
1.675754
1.650758
1.669179
1.621655
1.625236
1.625018
1.651464
1.620732
1.601028
1.671009
1.655118
1.641030
1.610725
1.619727
1.623567
1.622348
1.652340
1.622150
1.622711
1.635930
1.614439
1.649552
1.659287
1.633234
1.635945
1.621990
1.626606
1.657604
1.642054
1.669184
1.642708
1.631521
1.659082
1.626669
1.616930
1.635071
1.688366
1.653618
1.628128
1.669212
1.614600
1.617160
1.659087
1.682733
1.726437
1.667029
1.631239
1.615044
1.687222
1.644431
1.640485
1.600765
1.612680
1.627330
1.618915
1.617853
1.582742
1.622503
1.660435
1.681752
1.652155
1.598303
1.587576
1.665850
1.662996
1.651808
1.625556
1.626045
1.657131
1.650867
1.653098
1.661198
1.647072
1.608457
1.605901
1.641334
1.609455
1.609649
1.651043
1.604763
1.581966
1.653631
1.654255
1.601462
1.599282
1.644733
1.623680
1.608369
1.616580
1.668841
1.654690
1.599490
1.641115
1.575649
1.619907
1.627574
1.633308
1.633715
1.575122
1.616836
1.637591
1.601463
1.686992
1.617188
1.639201
1.641928
1.638291
1.611493
1.635032
1.629375
1.620266
1.627370
1.632156
1.607005
1.596519
1.654845
1.653452
1.669094
1.609205
1.625927
1.600415
1.645107
1.651866
1.654938
1.684745
1.673996
1.630254
1.641182
1.682018
1.645725
1.665872
1.681070
1.679520
1.629259
1.658153
1.582498
1.646776
1.692981
1.640993
1.607315
1.644352
1.582627
1.699524
1.610289
1.682108
1.617385
1.637161
1.678196
1.656769
1.656760
1.678583
1.595594
1.621852
1.628976
1.655654
1.636907
1.616842
1.612672
1.648731
1.675628
1.647890
1.671394
1.672857
1.612410
1.632184
1.669124
1.659241
1.655950
1.636785
1.667446
1.664680
1.611365
1.673927
1.627544
1.650399
1.640537
1.641480
1.648165
1.646056
1.665984
1.620314
1.603984
1.599612
1.628742
1.664832
1.634732
1.634779
1.596766
1.641136
1.641538
1.615930
1.680057
1.627587
1.675144
1.636035
1.620964
1.641222
1.694494
1.692134
1.672904
1.606993
1.605424
1.623952
1.597742
1.642333
1.620458
1.609688
1.640864
1.657596
1.672241
1.638045
1.611184
1.607896
1.651563
1.603496
1.632140
1.616897
1.630682
1.636140
1.623641
1.613673
1.630616
1.651469
1.667658
1.630888
1.649963
1.595131
1.695382
1.643371
1.645578
1.682809
1.648401
1.595607
1.701378
1.580996
1.637201
1.618477
1.633251
1.636574
1.640325
1.599725
1.659508
1.661107
1.657555
1.631937
1.644358
1.691261
1.641593
1.620214
1.630355
1.633932
1.591025
1.656194
1.609493
1.620743
1.609704
1.580278
1.666799
1.592952
1.607635
1.586560
1.607986
1.634280
1.635905
1.595421
1.626304
1.644939
1.643770
1.653555
1.673081
1.626306
1.601992
1.655965
1.643609
1.636084
1.616890
1.652458
1.638386
1.648963
1.623101
1.662574
1.617481
1.623583
1.576131
1.633852
1.637960
1.603136
1.619097
1.627338
1.636299
1.655746
1.666913
1.614772
1.626864
1.599736
1.586506
1.582878
1.638441
1.585813
1.616025
1.587286
1.578412
1.623498
1.624887
1.603000
1.597061
1.587751
1.567078
1.585769
1.603734
1.626481
1.590348
1.624926
1.631810
1.661198
1.595703
1.583712
1.581452
1.579586
1.619072
1.624002
1.616576
1.622403
1.582365
1.612026
1.586728
1.616650
1.615816
1.596201
1.586472
1.638546
1.645786
1.575116
1.642284
1.652007
1.614912
1.597600
1.611937
1.623950
1.575621
1.596680
1.645315
1.633795
1.629980
1.645346
1.642795
1.650821
1.622161
1.653449
1.619090
1.621985
1.637893
1.652632
1.614962
