2.295697
2.282602
2.267648
2.214665
2.198425
2.210130
2.170327
2.185835
2.221991
2.219549
2.129096
2.177645
2.171770
2.151062
2.106101
2.106993
2.138707
2.085273
2.114019
2.021628
2.039192
1.960368
1.928882
1.882999
1.837609
1.820126
1.799923
1.792890
1.840450
1.754486
1.772299
1.739508
1.741215
1.761557
1.766598
1.732275
1.763687
1.727991
1.658544
1.703968
1.708704
1.710394
1.684394
1.685632
1.676528
1.712407
1.706368
1.744061
1.663936
1.674187
1.638035
1.659250
1.607254
1.609267
1.672501
1.609410
1.629473
1.626572
1.608155
1.630181
1.641435
1.663128
1.611731
1.630216
1.613184
1.618280
1.616891
1.655620
1.620820
1.610188
1.627616
1.727366
1.675691
1.593110
1.584609
1.627381
1.662509
1.635851
1.644186
1.618424
1.600287
1.596684
1.630824
1.617449
1.633169
1.596411
1.601294
1.641739
1.615454
1.571557
1.678533
1.637067
1.640736
1.629333
1.656875
1.567159
1.640837
1.608129
1.612367
1.614431
1.624398
1.636647
1.609529
1.604683
1.609127
1.604620
1.578106
1.613856
1.591191
1.609269
1.599431
1.627282
1.661776
1.588875
1.621206
1.620689
1.609696
1.597584
1.643414
1.578694
1.553556
1.589634
1.557586
1.585492
1.618880
1.574235
1.566765
1.570457
1.586636
1.576602
1.536256
1.580931
1.558630
1.604804
1.549556
1.548112
1.623306
1.567787
1.613797
1.595032
1.636606
1.634562
1.615754
1.611839
1.629077
1.590550
1.623812
1.581345
1.628208
1.621739
1.603726
1.574643
1.622396
1.610726
1.622180
1.614486
1.597302
1.592767
1.615015
1.645783
1.605069
1.646759
1.617325
1.605730
1.595492
1.625619
1.613199
1.600394
1.604492
1.648517
1.645738
1.623328
1.593699
1.637750
1.614069
1.648387
1.635058
1.628793
1.611771
1.584840
1.634296
1.634629
1.634459
1.634658
1.597998
1.625735
1.616564
1.627169
1.653724
1.635773
1.651851
1.605767
1.677483
1.638571
1.600288
1.593641
1.639578
1.617744
1.626005
1.614918
1.606255
1.686178
1.609281
1.579826
1.624846
1.645894
1.595422
1.639270
1.634610
1.634646
1.636414
1.650934
1.628721
1.666889
1.625846
1.607049
1.628758
1.596365
1.616348
1.608570
1.617489
1.604573
1.646464
1.616901
1.591516
1.604484
1.601451
1.585036
1.561817
1.642987
1.653044
1.609714
1.611947
1.626242
1.671619
1.622950
1.624812
1.577898
1.654396
1.568655
1.608554
1.601530
1.580819
1.608052
1.638704
1.621575
1.645989
1.608205
1.594641
1.608425
1.633549
1.641832
1.591550
1.633857
1.609848
1.649094
1.610973
1.596529
1.602567
1.594084
1.607178
1.605616
1.626541
1.637136
1.613983
1.610429
1.646337
1.675011
1.643093
1.656299
1.612871
1.595029
1.646964
1.601685
1.601124
1.605782
1.620063
1.638486
1.657666
1.610059
1.590178
1.603296
1.648405
1.636614
1.650456
1.630300
1.606396
1.598279
1.633451
1.606627
1.634562
1.564848
1.619239
1.673552
1.702460
1.658637
1.585932
1.628996
1.588093
1.634570
1.686541
1.615383
1.633260
1.583220
1.612740
1.587857
1.641742
1.627140
1.617865
1.625107
1.621436
1.612824
1.659065
1.649081
1.664056
1.596604
1.591336
1.638020
1.622908
1.623800
1.642759
1.611414
1.589034
1.599165
1.625131
1.616814
1.594931
1.607528
1.586965
1.615027
1.584307
1.678861
1.599438
1.622119
1.601465
1.588928
1.626042
1.643060
1.656969
1.631773
1.612866
1.632490
1.608322
1.640950
1.636626
1.620873
1.632571
1.598202
1.601324
1.650518
1.611006
1.623636
1.579166
1.598658
1.607689
1.603896
1.596995
1.596288
1.611089
1.629620
1.612710
1.613115
1.580049
1.616462
1.607101
1.625716
1.659224
1.603816
1.610609
1.623064
1.642612
1.645133
1.601891
1.629940
1.578427
1.629956
1.631603
1.577790
1.580178
1.675305
1.597548
1.569520
1.616992
1.600799
1.575658
1.580899
1.623138
1.602798
1.640833
1.601895
1.608860
1.641777
1.633999
1.624460
1.584964
1.601641
1.625736
1.595172
1.549377
1.593894
1.556020
1.606605
1.612296
1.611740
1.590866
1.585570
1.604353
1.619417
1.592141
1.632881
1.651778
1.619809
1.601420
1.621275
1.646920
1.644284
1.632775
1.584406
1.622024
1.629988
1.618912
1.643161
1.621382
1.589048
1.620681
1.575909
1.598171
1.591678
1.583897
1.645197
1.607147
1.632276
1.577539
1.593742
1.594805
1.633330
1.626075
1.580088
1.599296
1.603835
1.558490
1.601762
1.569938
1.598107
1.627795
1.581641
1.599812
1.588705
1.564400
1.585708
1.608588
1.571462
1.595759
1.610141
1.602577
1.598052
1.593137
1.604773
1.613316
1.641091
1.606004
1.622860
1.608473
1.549198
1.605290
1.619794
1.590615
1.602040
1.595061
1.562299
1.579415
1.561810
1.582342
1.535918
1.564668
1.578249
1.579337
1.619261
1.573666
1.550313
1.609780
1.611428
1.559823
1.577711
1.596237
1.568697
1.596220
1.579337
1.596038
1.648623
1.603537
1.584519
1.609453
1.588565
1.625345
1.642994
1.603189
1.599712
1.606290
1.585124
