1.500000
1.500000
1.499740
1.448177
1.166979
0.667656
0.855260
0.614010
0.681302
0.595677
0.509167
0.561563
0.520729
0.507969
0.523385
0.518229
0.502240
0.495781
0.479115
0.476615
0.471198
0.461823
0.442240
0.414405
0.433229
0.438802
0.412969
0.394427
0.406563
0.420729
0.398021
0.380833
0.414583
0.373750
0.367708
0.353281
0.375417
0.347292
0.337760
0.379115
0.332708
0.329427
0.330260
0.323490
0.337656
0.335313
0.325365
0.322262
0.305208
0.308958
0.314688
0.292865
0.306250
0.320781
0.285417
0.276823
0.292031
0.297500
0.285469
0.289531
0.279427
0.279063
0.252292
0.288802
0.276458
0.244844
0.259427
0.256198
0.273698
0.249375
0.256146
0.236667
0.278542
0.240313
0.235260
0.235938
0.252865
0.231563
0.227813
0.255938
0.223802
0.226458
0.232760
0.239948
0.250781
0.230885
0.227760
0.247604
0.211406
0.221406
0.205000
0.234635
0.224375
0.204688
0.235208
0.193452
0.195625
0.213281
0.220938
0.205313
0.188802
0.191198
0.233490
0.227656
0.219323
0.219948
0.232344
0.214844
0.190833
0.216615
0.199010
0.214688
0.203906
0.211719
0.210781
0.225365
0.227813
0.193021
0.174896
0.151905
0.197813
0.192813
0.198646
0.183698
0.204167
0.183385
0.189010
0.216198
0.186354
0.188854
0.187969
0.198958
0.281615
0.236510
0.203021
0.196667
0.195469
0.188281
0.189948
0.201198
0.180260
0.198125
0.190990
0.183690
0.159479
0.202188
0.156354
0.159271
0.172656
0.172083
0.170260
0.175417
0.187604
0.171927
0.170938
0.173177
0.170885
0.139427
0.176823
0.199115
0.162813
0.155885
0.144479
0.183021
0.151198
0.187656
0.173438
0.139881
0.157188
0.163021
0.171510
0.215052
0.166510
0.183073
0.158490
0.169167
0.157656
0.145833
0.159323
0.153021
0.153958
0.164896
0.152448
0.151823
0.152813
0.174375
0.129063
0.145365
0.140417
0.163333
0.144375
0.135595
0.139896
0.142917
0.134219
0.160365
0.127552
0.157188
0.138125
0.151042
0.139271
0.146250
0.153125
0.150729
0.128385
0.131458
0.099167
0.135990
0.120156
0.154010
0.148333
0.136198
0.166719
0.122083
0.161927
0.112500
0.113802
0.124427
0.130781
0.149792
0.115260
0.154063
0.137396
0.141094
0.126042
0.147344
0.109635
0.119635
0.133177
0.135677
0.118073
0.107240
0.135313
0.105573
0.111979
0.125677
0.100208
0.131458
0.118177
0.138095
0.119896
0.108490
0.119792
0.132969
0.114323
0.100521
0.103229
0.103438
0.110729
0.104948
0.126823
0.090833
0.115104
0.101823
0.116354
0.101458
0.115938
0.097344
0.113490
0.102969
0.105052
0.136823
0.145521
0.094762
0.121563
0.110000
0.110521
0.104219
0.114844
0.112969
0.099115
0.107865
0.121667
0.127448
0.173906
0.130521
0.157344
0.116406
0.130885
0.134167
0.127292
0.120260
0.131875
0.100781
0.139635
0.137708
0.117135
0.106905
0.120000
0.127396
0.089948
0.092865
0.124531
0.112500
0.113281
0.107865
0.107344
0.132448
0.091771
0.126250
0.091354
0.105104
0.127292
0.101615
0.101198
0.101094
0.103646
0.114115
0.124115
0.134219
0.091719
0.125357
0.098333
0.146198
0.112031
0.126250
0.121510
0.126823
0.118021
0.105104
0.114427
0.141354
0.084688
0.108490
0.082292
0.094271
0.111823
0.094115
0.105625
0.102031
0.093490
0.110417
0.104167
0.104583
0.114427
0.109405
0.112448
0.091146
0.118802
0.103021
0.093490
0.083333
0.083542
0.120938
0.102292
0.088073
0.103073
0.086406
0.102031
0.099375
0.086927
0.083698
0.089427
0.086771
0.108750
0.092448
0.078854
0.089583
0.080990
0.103452
0.110052
0.090260
0.086667
0.088438
0.108021
0.086458
0.083333
0.098490
0.088594
0.069271
0.093958
0.116042
0.096302
0.097188
0.096458
0.099844
0.087813
0.092083
0.104427
0.113333
0.103229
0.112865
0.098594
0.095238
0.110781
0.089531
0.092656
0.108802
0.094948
0.092031
0.099375
0.082448
0.090781
0.093750
0.098750
0.100885
0.102500
0.095469
0.110208
0.116615
0.080260
0.086406
0.085208
0.098906
0.110417
0.081927
0.084635
0.087262
0.078698
0.082708
0.082344
0.085521
0.087292
0.109792
0.117031
0.070156
0.103906
0.098854
0.096042
0.114531
0.099844
0.085365
0.088229
0.090781
0.087135
0.082083
0.081771
0.088854
0.085781
0.085104
0.087135
0.083810
0.084219
0.094896
0.103958
0.097292
0.109740
0.101875
0.086406
0.103281
0.083594
0.085417
0.094688
0.096823
0.078385
0.092917
0.074688
0.088073
0.080208
0.073021
0.085260
0.091927
0.086927
0.094531
0.077240
0.073810
0.093229
0.083073
0.079531
0.080677
0.069740
0.081250
0.101406
0.107448
0.090521
0.091979
0.089740
0.093802
0.073906
0.092500
0.085781
0.085573
0.059323
0.060625
0.084375
0.101406
0.080938
0.088021
0.099635
0.094524
0.088802
0.084167
0.086927
0.089323
0.076510
0.074479
0.093333
0.083646
0.090000
0.091042
0.081042
0.106771
0.087135
0.077969
0.082240
0.106510
0.089792
0.090938
0.078333
0.099688
