2.317190
2.291628
2.276434
2.255800
2.299532
2.344845
2.270997
2.233756
2.210724
2.213554
2.220733
2.198847
2.189832
2.181609
2.158717
2.197641
2.211421
2.177920
2.170050
2.206383
2.137149
2.115790
2.124042
2.145256
2.052583
2.091095
2.089573
2.157001
2.207709
2.206065
2.171075
2.159155
2.131601
2.113451
2.127493
2.134614
2.149823
2.141571
2.146226
2.117013
2.102402
2.143696
2.115761
2.102368
2.089367
2.116558
2.120099
2.042536
2.082559
2.069486
2.083442
2.049731
2.076075
2.061235
2.102048
2.172696
2.041991
2.045483
2.014377
2.032299
2.044306
2.070989
2.103889
2.015701
2.015337
2.020449
1.997702
2.011095
2.007617
2.023574
1.991208
2.004251
2.011095
2.018901
2.015008
2.034385
2.022257
2.002778
2.021903
1.983851
1.994740
1.990470
2.006473
1.963266
1.965586
1.992900
1.988696
1.982100
1.972342
1.999977
1.969520
1.983931
1.961637
1.989332
1.933982
1.968959
1.984813
1.959767
1.973448
1.976047
1.957541
1.983305
1.959060
1.950180
1.962943
1.986817
1.978208
1.969796
1.970426
1.969524
1.941933
1.972318
1.965218
1.997519
1.930594
1.938206
1.941047
1.963609
1.972792
1.931473
1.966769
1.985314
1.946021
1.936273
1.970526
1.958769
1.953669
1.964999
1.958215
1.950440
1.964474
1.972264
1.954140
1.961360
1.940205
1.953945
1.961318
1.947080
1.977350
1.946014
1.955378
1.956208
1.948646
1.962963
1.973332
1.973162
1.943944
1.968252
1.955986
1.973345
1.962834
1.949913
1.942989
1.931225
1.966439
1.952251
1.971310
1.941795
1.937041
1.964897
1.978626
1.946029
1.951192
1.936388
1.954423
1.947149
1.983092
1.974365
1.975273
1.952974
1.904048
1.937986
1.911150
1.941592
1.928576
1.889938
1.895619
1.888566
1.898761
1.880274
1.929288
1.918089
1.865672
1.881862
1.857175
1.878086
1.862049
1.908721
1.874746
1.888901
1.850966
1.902940
1.893019
1.881983
1.871283
1.871251
1.872104
1.885597
1.880837
1.875200
1.887229
1.864901
1.898232
1.889377
1.870924
1.872846
1.890889
1.849728
1.863668
1.868108
1.865182
1.847823
1.848779
1.853148
1.869919
1.857042
1.862259
1.855056
1.843402
1.846312
1.881575
1.841690
1.854289
1.870248
1.858685
1.860993
1.869707
1.844756
1.864270
1.854422
1.862393
1.824869
1.863375
1.839220
1.838697
1.843735
1.851532
1.836856
1.859399
1.844580
1.851602
1.851139
1.863168
1.841937
1.843191
1.876470
1.829370
1.839095
1.866895
1.846833
1.831320
1.873524
1.846287
1.841812
1.836428
1.859965
1.858782
1.835468
1.843535
1.852007
1.831239
1.846009
1.843643
1.849978
1.848926
1.865618
1.856647
1.853871
1.862900
1.858695
1.862501
1.844391
1.838765
1.861772
1.845705
1.865049
1.863957
1.887414
1.844553
1.846965
1.844998
1.859755
1.839534
1.848786
1.866128
1.876539
1.854705
1.862366
1.870581
1.854833
1.869885
1.869197
1.847460
1.837703
1.847804
1.862108
1.846619
1.861785
1.844607
1.831454
1.820060
1.824090
1.824259
1.855799
1.826559
1.844867
1.843539
1.861822
1.853343
1.857034
1.839662
1.832460
1.857560
1.843724
1.846004
1.816789
1.840860
1.828837
1.844166
1.855102
1.849098
1.849119
1.822735
1.833747
1.833407
1.823858
1.843934
1.853470
1.847096
1.839969
1.833480
1.835214
1.826567
1.851949
1.823160
1.832157
1.822933
1.834837
1.842036
1.825543
1.852994
1.820048
1.857607
1.840272
1.861197
1.868249
1.826208
1.868134
1.846905
1.831818
1.838777
1.842907
1.824080
1.858589
1.850714
1.835623
1.835709
1.818985
1.844116
1.817367
1.843131
1.827190
1.835464
1.835844
1.850093
1.850852
1.827300
1.825234
1.827968
1.834246
1.836483
1.852770
1.842407
1.843767
1.864721
1.835781
1.852443
1.834233
1.841537
1.814793
1.832479
1.847426
1.844848
1.843364
1.850138
1.860546
1.839890
1.830502
1.838807
1.850030
1.826653
1.831025
1.840049
1.854069
1.832952
1.851093
1.841889
1.822033
1.854873
1.843616
1.832716
1.833056
1.832973
1.839355
1.850427
1.864513
1.872702
1.833903
1.835311
1.839410
1.827809
1.833696
1.860875
1.836894
1.837286
1.832293
1.845689
1.848982
1.843828
1.873076
1.841914
1.831647
1.837261
1.825419
1.836732
1.839325
1.831620
1.839089
1.845299
1.849838
1.829417
1.830546
1.822062
1.839616
1.798132
1.824400
1.799885
1.798821
1.773107
1.786778
1.756302
1.714121
1.722054
1.726027
1.684174
1.700889
1.750551
1.737577
1.727980
1.706890
1.672882
1.654957
1.662433
1.613732
1.612821
1.579478
1.604487
1.607533
1.600490
1.571395
1.620773
1.571542
1.595829
1.598751
1.569687
1.551340
1.565793
1.587852
1.564525
1.576113
1.578041
1.604929
1.558006
1.594347
1.557112
1.556940
1.560093
1.564256
1.569611
1.605151
1.550642
1.571787
1.562267
1.530941
1.531857
1.585660
1.557726
1.569729
1.559359
1.536464
1.558627
1.561855
1.549723
1.600815
1.560413
1.554940
1.525268
1.552971
1.547755
1.541710
