2.318402
2.322075
2.338481
2.351602
2.370487
2.313756
2.331714
2.306939
2.312820
2.359910
2.311655
2.305509
2.304220
2.319013
2.304121
2.302585
2.302585
2.302585
2.302585
2.302585
2.302635
2.302585
2.302585
2.302585
2.302585
2.302585
2.302585
2.302585
2.302585
2.302585
2.302585
2.302585
2.302585
2.302585
2.302585
2.302585
2.302585
2.302585
2.302585
2.302585
2.302585
2.302585
2.302585
2.302585
2.302585
2.302585
2.302585
2.302585
2.302585
2.302685
2.302585
2.302685
2.302585
2.302585
2.302585
2.302585
2.302585
2.302585
2.302585
2.302585
2.302585
2.302585
2.302585
2.302585
2.302585
2.302585
2.302585
2.302585
2.302585
2.302585
2.302585
2.302585
2.302585
2.302585
2.302585
2.302585
2.302585
2.302585
2.302585
2.302585
2.302585
2.302585
2.302585
2.302585
2.302585
2.302585
2.302585
2.302585
2.302585
2.302585
2.302585
2.302585
2.302585
2.302585
2.302585
2.302585
2.302585
2.302585
2.302585
2.302585
2.302585
2.302585
2.302585
2.302585
2.302585
2.302585
2.302585
2.302585
2.302585
2.302585
2.302585
2.302585
2.302585
2.302585
2.302585
2.302585
2.302585
2.302585
2.302585
2.302585
2.302585
2.302585
2.302585
2.302585
2.302585
2.302585
2.302585
2.302585
2.302585
2.302585
2.302585
2.302585
2.302585
2.302585
2.302585
2.302585
2.302585
2.302585
2.302585
2.302585
2.302585
2.302585
2.302585
2.302585
2.302585
2.302585
2.302585
2.302585
2.302585
2.302585
2.302585
2.302585
2.302585
2.302585
2.302585
2.302585
2.302585
2.302585
2.302585
2.302585
2.302585
2.302585
2.302585
2.302585
2.302585
2.302585
2.302585
2.302585
2.302585
2.302585
2.302585
2.302585
2.302585
2.302585
2.302585
2.302585
2.302585
2.302585
2.302585
2.302585
2.302585
2.302585
2.302585
2.302585
2.302585
2.302585
2.302585
2.302585
2.302585
2.302585
2.302585
2.302585
2.302585
2.302585
2.302585
2.302585
2.302585
2.302585
2.302635
2.302585
2.302585
2.302585
2.302585
2.302585
2.302585
2.302585
2.302585
2.302585
2.302585
2.302585
2.302585
2.302585
2.302585
2.302585
2.302585
2.302585
2.302585
2.302585
2.302585
2.302585
2.302585
2.302585
2.302585
2.302585
2.302585
2.302585
2.302585
2.302585
2.302585
2.302585
2.302585
2.302585
2.302585
2.302585
2.302585
2.302585
2.302585
2.302585
2.302585
2.302585
2.302585
2.302585
2.302585
2.302585
2.302585
2.302585
2.302585
2.302585
2.302585
2.302585
2.302585
2.302585
2.302585
2.302585
2.302585
2.302585
2.302585
2.302635
2.302585
2.302585
2.302585
2.302585
2.302585
2.302635
2.302585
2.302585
2.302635
2.302585
2.302585
2.302635
2.302585
2.302685
2.302783
2.302685
2.302585
2.302585
2.302585
2.302635
2.302585
2.302585
2.303279
2.306020
2.308514
2.316559
2.317884
2.335999
2.319655
2.307351
2.308009
2.306671
2.303817
2.302734
2.303124
2.305700
2.317373
2.348365
2.403193
2.430083
2.390640
2.400701
2.343442
2.317692
2.307194
2.303873
2.302734
2.302876
2.310237
2.305432
2.325719
2.378094
2.428714
2.374259
2.329127
2.314241
2.308793
2.304652
2.302734
2.311561
2.317101
2.315047
2.317595
2.315821
2.316250
2.307066
2.293613
2.293832
2.288355
2.286716
2.296078
2.303491
2.292268
2.290212
2.206103
2.001461
1.929924
1.865366
1.845274
1.793571
1.825644
1.822065
1.898163
1.891555
2.006263
2.026263
1.942053
2.014466
1.972093
1.974118
1.954213
1.975411
1.989136
1.974062
1.915449
1.919122
1.867600
1.772713
1.843319
1.843319
1.773008
1.780819
1.812069
1.851132
1.835507
1.804258
1.851132
1.827694
1.835507
1.804257
1.796445
1.843319
1.788632
1.851132
1.796444
1.804257
1.851132
1.851132
1.851132
1.874569
1.773008
1.827694
1.882382
1.835507
1.874569
1.796444
1.882382
1.812069
1.804257
1.851132
1.843319
1.780820
1.788632
1.812069
1.835507
1.835507
1.804257
1.835507
1.835507
1.843319
1.858944
1.843319
1.804257
1.827694
1.819882
1.819882
1.835507
1.812069
1.788633
1.819883
1.819882
1.843319
1.819882
1.804257
1.827694
1.812069
1.843319
1.804257
1.827694
1.796445
1.827694
1.804257
1.858944
1.843319
1.866757
1.796444
1.835507
1.835507
1.827694
1.843319
1.858944
1.788633
1.874569
1.804257
1.804257
1.843319
1.835507
1.819882
1.835507
1.866757
1.812069
1.804257
1.827694
1.812069
1.827694
1.788632
1.827694
1.796445
1.804257
1.827694
1.780820
1.851132
1.835507
1.812069
1.866757
1.788632
1.819882
1.858944
1.804258
1.804257
1.858944
1.866757
1.827694
1.796445
1.851132
1.858944
1.804257
1.819882
1.796444
1.843319
1.827694
1.796444
1.819882
1.812069
1.812069
1.866757
1.819882
1.843319
1.866757
1.882382
1.812069
1.804257
1.851132
1.804258
1.804257
1.804257
1.812069
1.780820
1.905819
1.835507
1.796444
1.812069
1.804257
1.851132
1.796444
1.858944
1.843319
1.796444
1.827694
1.835507
1.858944
1.796444
