2.305693
2.302492
2.301483
2.289290
2.297857
2.284206
2.297290
2.274376
2.256096
2.255347
2.261956
2.234061
2.243859
2.191629
2.199258
2.164710
2.205673
2.152660
2.102515
2.057698
2.016344
1.982212
1.957886
1.899228
1.880299
1.845214
1.828910
1.810605
1.792319
1.792145
1.808005
1.798116
1.731032
1.752426
1.692672
1.680810
1.706308
1.689165
1.679376
1.676203
1.708246
1.693947
1.680357
1.627672
1.702904
1.622455
1.666572
1.676005
1.660357
1.670639
1.642896
1.635364
1.645059
1.634077
1.628748
1.586555
1.634786
1.650139
1.631650
1.622516
1.620576
1.598054
1.635907
1.625292
1.579890
1.579237
1.670100
1.608311
1.595221
1.620873
1.612473
1.585314
1.582113
1.621159
1.628031
1.606764
1.606052
1.573374
1.570298
1.591856
1.633792
1.585505
1.570070
1.596770
1.569846
1.588596
1.585446
1.578608
1.582387
1.578252
1.606290
1.564021
1.588500
1.583078
1.582164
1.576090
1.573687
1.567114
1.543219
1.589765
1.568051
1.565366
1.547395
1.581524
1.570262
1.564083
1.595957
1.610337
1.564950
1.570820
1.550872
1.554017
1.534163
1.597776
1.554468
1.559380
1.567844
1.568064
1.562320
1.563684
1.543643
1.551155
1.543597
1.560512
1.547750
1.528184
1.566817
1.593121
1.528331
1.552487
1.556209
1.548348
1.544209
1.549274
1.560719
1.557438
1.537385
1.557539
1.579110
1.552198
1.527193
1.530274
1.552681
1.563549
1.575635
1.551415
1.549318
1.563363
1.524141
1.536387
1.551729
1.542116
1.534669
1.543396
1.542363
1.530702
1.550559
1.531378
1.536882
1.512424
1.548456
1.559705
1.530642
1.503512
1.534502
1.515170
1.536952
1.521156
1.547562
1.544915
1.546043
1.525886
1.546101
1.528148
1.511304
1.526922
1.537763
1.528279
1.546369
1.552235
1.525856
1.509895
1.547971
1.550384
1.550041
1.534627
1.542223
1.524884
1.531743
1.553446
1.536126
1.524484
1.508076
1.511313
1.516437
1.537556
1.523180
1.550955
1.517611
1.526681
1.529877
1.520268
1.505568
1.489587
1.548307
1.517718
1.517848
1.514269
1.522444
1.509177
1.537088
1.528863
1.530328
1.529156
1.520406
1.535605
1.510382
1.522251
1.505887
1.533135
1.526072
1.517418
1.518493
1.539246
1.528036
1.508276
1.514313
1.548781
1.539976
1.532587
1.530686
1.526208
1.507930
1.510488
1.540583
1.502238
1.523003
1.494793
1.526229
1.522123
1.499671
1.508675
1.497174
1.511896
1.499415
1.516613
1.516160
1.517740
1.510267
1.496889
1.514509
1.510608
1.514461
1.517771
1.555687
1.501335
1.489663
1.497434
1.520780
1.520690
1.490126
1.512896
1.508353
1.534950
1.521112
1.509881
1.529714
1.540157
1.559526
1.493658
1.493504
1.516633
1.519522
1.498081
1.501780
1.522744
1.492203
1.504131
1.519224
1.501343
1.506946
1.503990
1.503586
1.514078
1.498805
1.505487
1.503681
1.501387
1.513407
1.488707
1.518108
1.495534
1.506194
1.527712
1.505489
1.496910
1.506398
1.538321
1.505877
1.508676
1.494195
1.523686
1.504102
1.500025
1.492537
1.523069
1.508495
1.488402
1.484324
1.501238
1.505699
1.517854
1.495486
1.505798
1.514599
1.531820
1.519744
1.508313
1.519427
1.515912
1.492818
1.506265
1.491044
1.517501
1.512539
1.511984
1.507181
1.485080
1.488730
1.508652
1.516989
1.517606
1.504689
1.500680
1.503152
1.494338
1.514123
1.508167
1.495770
1.494583
1.483953
1.520798
1.493511
1.493381
1.518947
1.501472
1.504501
1.498829
1.493397
1.496974
1.499696
1.504764
1.514339
1.497504
1.501966
1.506693
1.516855
1.493233
1.488757
1.511207
1.499768
1.498089
1.510851
1.504195
1.538894
1.508110
1.513004
1.497817
1.514704
1.496056
1.494782
1.500629
1.499142
1.492338
1.492752
1.489435
1.495537
1.502693
1.515059
1.479690
1.506462
1.518636
1.512083
1.500780
1.487440
1.509596
1.530430
1.501048
1.503789
1.524737
1.490232
1.501729
1.506921
1.523911
1.497417
1.491144
1.495527
1.484099
1.501004
1.485674
1.488365
1.485128
1.480561
1.500097
1.493169
1.504040
1.496817
1.485603
1.489642
1.507885
1.498213
1.514205
1.481212
1.480062
1.509447
1.492125
1.492208
1.475551
1.510315
1.505021
1.487138
1.492593
1.489581
1.509895
1.511160
1.486426
1.504731
1.497440
1.485344
1.515072
1.508363
1.511441
1.498281
1.492410
1.498010
1.499017
1.491879
1.499306
1.489587
1.486190
1.486469
1.509073
1.486581
1.515300
1.485624
1.482321
1.479857
1.485331
1.498756
1.516295
1.499283
1.499056
1.496186
1.485078
1.498282
1.499521
1.479054
1.507893
1.497054
1.486717
1.491097
1.502538
1.478645
1.524131
1.491995
1.490501
1.500839
1.498611
1.511488
1.504139
1.499190
1.493291
1.496125
1.494381
1.477310
1.495959
1.503513
1.485861
1.505707
1.487749
1.486425
1.498804
1.493737
1.496059
1.502162
1.479058
1.499231
1.503589
1.504071
1.491787
1.489679
1.479426
1.484997
1.498309
1.508836
1.497405
1.499596
1.476855
1.486377
1.482669
