2.305683
2.301790
2.293396
2.285736
2.288976
2.276916
2.268699
2.257595
2.241041
2.239128
2.238578
2.219773
2.216148
2.199154
2.216981
2.155000
2.155103
2.109914
2.108570
2.093064
2.013707
2.046815
1.908249
1.864107
1.849415
1.727456
1.793918
1.655113
1.599208
1.560713
1.562436
1.473374
1.419846
1.320573
1.123008
0.896949
0.868862
0.871393
1.003637
0.761626
0.591673
0.506713
0.800186
0.909358
0.685098
0.816021
2.634596
2.306622
6.029171
3.278229
2.494684
2.035289
1.877739
1.550369
1.513434
1.744489
1.911203
2.016788
2.070820
2.109034
2.116206
2.108313
2.122598
2.160317
2.111208
2.102819
2.062171
2.067896
2.053635
2.006850
1.976150
1.976736
1.981586
1.927936
1.816902
1.807916
1.831629
1.659920
1.647956
1.661769
1.456274
1.313504
1.366964
1.291181
1.170222
1.050913
0.956352
1.080284
0.829702
0.810213
0.906496
0.828962
0.940133
0.790620
0.671474
0.686257
0.606348
0.654584
0.753799
0.767516
0.623803
0.681688
0.607097
0.403455
0.383080
0.433247
0.712719
0.516718
0.427260
0.843503
0.524940
0.558051
0.436751
0.296811
0.315592
0.364994
0.300817
0.571991
0.375826
0.449104
0.439644
0.277769
0.337222
0.471296
0.234830
0.269034
0.138106
0.456734
0.655870
0.345271
0.248670
0.389985
0.347198
0.440939
0.466794
0.233842
0.380140
0.272850
0.402699
0.363837
0.339169
0.271525
0.500461
0.307905
1.010762
0.362616
0.465095
0.311734
0.204016
0.486673
0.376542
0.673148
0.599494
0.993513
0.640102
0.278298
0.250508
0.159671
0.372552
0.318130
0.508645
0.341369
0.317302
0.388273
0.421967
0.350847
0.185489
0.128258
0.297860
0.229556
0.219952
0.136998
0.321391
0.323642
0.529968
0.389665
0.123318
0.225520
0.253583
0.116018
0.267054
0.472114
0.271093
0.178442
0.269529
0.330874
0.462374
0.253351
0.219469
0.286901
0.463486
0.339401
0.228666
0.243427
0.238792
0.161408
0.280298
0.384930
0.196172
0.119717
0.196804
0.110992
0.221090
0.317093
0.136960
0.202381
0.184582
0.256600
0.229443
0.173418
0.380602
0.229622
0.426900
0.552860
0.571787
0.327648
0.149996
0.204011
0.098575
0.234542
0.225930
0.459171
0.335449
0.198212
0.283693
0.159633
0.141346
0.410021
0.183343
0.212355
0.258957
0.332220
0.151659
0.152724
0.200804
0.231407
0.084827
0.198628
0.081418
0.201822
0.356620
0.165299
0.164322
0.198009
0.246941
0.202976
0.128488
0.148825
0.120361
0.133115
0.214054
0.231916
0.223767
0.162879
0.356861
0.235834
0.086761
0.138053
0.144932
0.221378
0.163721
0.114965
0.291525
0.198159
0.143781
0.293921
0.158626
0.113244
0.294896
0.125074
0.125057
0.289139
0.189852
0.167599
0.098847
0.132115
0.053387
0.085374
0.203057
0.250432
0.095555
0.174302
0.242929
0.123321
0.085476
0.161088
0.079080
0.166795
0.117253
0.170886
0.426409
0.254410
0.235927
0.207322
0.067877
0.111296
0.125650
0.179727
0.112401
0.135299
0.144315
0.077846
0.190157
0.273263
0.119891
0.266814
0.151924
0.193021
0.123232
0.143864
0.074806
0.177762
0.283278
0.097414
0.195556
0.162937
0.149548
0.150448
0.058610
0.165966
0.098058
0.309521
0.318518
0.146995
0.111630
0.289868
0.121179
0.052098
0.108597
0.063807
0.137507
0.190460
0.206885
0.278330
0.265287
0.178051
0.123369
0.080690
0.075026
0.134622
0.093452
0.034308
0.219761
0.141780
0.216421
0.125175
0.071168
0.066951
0.047560
0.151968
0.087107
0.325851
0.101781
0.133449
0.155153
0.191078
0.069046
0.233318
0.054384
0.132565
0.192320
0.135549
0.115452
0.187665
0.080329
0.080503
0.216822
0.096351
0.076021
0.174389
0.113576
0.200681
0.079154
0.157128
0.091284
0.049340
0.088655
0.159680
0.121048
0.198973
0.134327
0.193994
0.148824
0.118062
0.105650
0.095687
0.143339
0.060116
0.086142
0.058539
0.120192
0.079208
0.151632
0.098498
0.133223
0.178050
0.154787
0.112984
0.180146
0.084042
0.119499
0.126488
0.101513
0.124977
0.063028
0.183687
0.130127
0.164627
0.161742
0.070783
0.167421
0.154792
0.057254
0.078027
0.071186
0.122652
0.071803
0.193924
0.061049
0.087678
0.052941
0.122723
0.125848
0.058081
0.104132
0.070449
0.083201
0.090027
0.094669
0.188322
0.108478
0.069265
0.101842
0.111914
0.081438
0.170809
0.174642
0.075907
0.229055
0.033985
0.126587
0.055399
0.055322
0.183176
0.194569
0.134245
0.087938
0.174349
0.139035
0.063289
0.083415
0.159776
0.087922
0.186398
0.108483
0.098272
0.091234
0.048540
0.058268
0.104487
0.079811
0.073077
0.090031
0.094851
0.222640
0.073511
0.117061
0.168108
0.129586
0.089760
0.080112
0.049207
0.082350
0.118452
0.075110
0.150689
0.157226
0.063075
0.097422
0.108095
0.168652
0.097467
0.047029
0.145567
0.065717
0.068509
0.132362
0.126535
0.159466
0.060222
0.071741
0.121259
0.097526
0.073818
0.025719
0.075510
0.049096
0.093129
0.097813
0.155541
