2.235173
2.237619
2.224831
2.211220
2.205948
2.189268
2.181484
2.167555
2.146694
2.115197
2.112327
2.084978
2.047503
2.034585
2.053976
1.992998
2.016175
1.934798
1.870886
1.850293
1.856694
1.720102
1.671390
1.671027
1.544917
1.493098
1.418633
1.312130
1.257823
1.216985
1.081095
1.067478
0.997922
0.917067
0.778720
0.618905
0.660706
0.827172
0.520138
0.747956
0.524363
0.428993
0.873837
0.528686
0.693708
0.656507
1.567184
3.002230
7.669427
3.277960
3.682425
2.812396
1.163041
1.128878
1.594724
1.953576
2.102784
2.136278
2.200928
2.213129
2.220802
2.233441
2.202246
2.239930
2.213866
2.236409
2.230112
2.196082
2.198722
2.175554
2.146380
2.127500
2.091564
2.076118
2.083294
1.969052
1.923240
1.927992
1.894847
1.699058
1.629911
1.378525
1.344279
1.340540
1.096386
0.851395
0.954127
0.517494
0.634446
0.798471
0.569827
0.829609
0.558230
0.679912
0.662684
0.615380
0.569344
0.497358
0.578150
0.512244
0.756591
0.429334
0.863771
0.463611
0.561602
0.672627
0.623219
0.395265
0.393285
0.564458
0.371378
0.476121
0.272593
0.284735
0.431771
0.420397
0.470161
0.384279
0.241395
0.254684
0.360688
0.290826
0.407183
0.444315
0.324145
0.275401
0.306704
0.281485
0.258605
0.189226
0.337899
0.330982
0.252815
0.360982
0.212832
0.395118
0.270387
0.288621
0.250693
0.284881
0.259233
0.188394
0.312199
0.226967
0.739653
0.527801
0.201041
0.237252
0.195455
0.385245
0.261292
0.764300
0.486802
0.837962
0.728430
0.683886
0.321413
0.294217
0.242389
0.337572
0.143018
0.214740
0.195114
0.192414
0.185203
0.129162
0.244122
0.425044
0.328487
0.351218
0.310338
0.162537
0.285359
0.153521
0.259016
0.183234
0.298071
0.205637
0.140970
0.059168
0.160123
0.332821
0.306847
0.297985
0.507643
0.284227
0.196217
0.110899
0.144474
0.209739
0.176750
0.174664
0.197109
0.579711
0.197649
0.198688
0.148852
0.125789
0.180170
0.186260
0.153930
0.147016
0.309697
0.267580
0.301479
0.289649
0.304774
0.183996
0.071897
0.292410
0.187534
0.266868
0.179190
0.197498
0.183095
0.137396
0.250035
0.514211
0.251014
0.340283
0.249192
0.268522
0.188746
0.229153
0.205316
0.242694
0.108010
0.049993
0.156776
0.072324
0.121507
0.132406
0.092829
0.161542
0.083974
0.186953
0.087878
0.193451
0.220948
0.156470
0.181324
0.146391
0.110881
0.189597
0.112206
0.082313
0.284186
0.101926
0.185815
0.127405
0.106084
0.103919
0.093458
0.178636
0.164680
0.062477
0.113358
0.062988
0.163591
0.126926
0.077007
0.232004
0.062193
0.082512
0.112991
0.122370
0.206245
0.084033
0.141918
0.102183
0.106233
0.118699
0.101712
0.076502
0.099121
0.067572
0.206943
0.040264
0.090107
0.133123
0.088332
0.059253
0.070790
0.107449
0.092204
0.111968
0.080866
0.090782
0.074971
0.260823
0.137288
0.082249
0.158181
0.042159
0.094663
0.188857
0.111418
0.113977
0.113186
0.071394
0.170808
0.070650
0.089449
0.100383
0.167068
0.129768
0.105202
0.178582
0.228257
0.136604
0.130623
0.108985
0.066059
0.065263
0.141280
0.125135
0.086523
0.061176
0.179190
0.059031
0.046846
0.147112
0.283622
0.069621
0.058292
0.158526
0.128238
0.132795
0.099080
0.052710
0.047911
0.133968
0.131153
0.165390
0.118392
0.100644
0.152934
0.062206
0.093641
0.135864
0.025492
0.087780
0.054571
0.053212
0.108129
0.148972
0.056219
0.171915
0.120054
0.071110
0.153998
0.057605
0.098557
0.113328
0.116430
0.129060
0.093159
0.055668
0.089263
0.047019
0.072793
0.110291
0.030221
0.125791
0.074652
0.086953
0.082142
0.072580
0.057947
0.096027
0.062846
0.024313
0.071397
0.097289
0.193191
0.088849
0.170993
0.051433
0.073864
0.165676
0.036480
0.097529
0.157100
0.044118
0.060763
0.088062
0.075687
0.059511
0.142402
0.121640
0.069097
0.047692
0.100683
0.083224
0.059653
0.121422
0.063014
0.088750
0.030245
0.077381
0.044769
0.073778
0.098794
0.128583
0.168583
0.079010
0.035535
0.034991
0.033135
0.088235
0.111049
0.031337
0.082967
0.053897
0.083442
0.065373
0.162245
0.015652
0.098037
0.050463
0.094901
0.035627
0.050459
0.064301
0.029494
0.081125
0.078769
0.131744
0.072464
0.139728
0.161255
0.050351
0.059726
0.075234
0.043423
0.083052
0.044195
0.066114
0.052360
0.089331
0.067179
0.039421
0.109296
0.147923
0.112703
0.093653
0.077221
0.040919
0.059152
0.081075
0.048736
0.088967
0.020417
0.123384
0.043849
0.066968
0.055212
0.126638
0.047310
0.061376
0.094656
0.057505
0.036990
0.043651
0.070496
0.094609
0.066714
0.103486
0.031900
0.119818
0.123829
0.139131
0.079387
0.021500
0.094055
0.070884
0.110028
0.044489
0.057294
0.033571
0.073396
0.091709
0.043674
0.086928
0.041658
0.089268
0.077999
0.061116
0.073858
0.079283
0.031493
0.038711
0.045189
0.064522
0.115031
0.040983
0.038291
0.080780
0.055524
0.035075
