2.312700
2.300088
2.286422
2.263632
2.238051
2.244549
2.203606
2.134054
2.054909
1.997915
1.920185
1.903815
1.770070
1.750237
1.743671
1.727561
1.681826
1.682073
1.641232
1.642975
1.653195
1.632026
1.632661
1.613912
1.641781
1.589213
1.605569
1.561719
1.557739
1.600778
1.565826
1.588199
1.553906
1.626872
1.571068
1.558882
1.585649
1.569050
1.563730
1.562916
1.574502
1.573453
1.548682
1.594899
1.547640
1.573981
1.541473
1.543510
1.553799
1.545137
1.566448
1.538979
1.527425
1.528141
1.549323
1.549360
1.536747
1.560396
1.561471
1.532214
1.548394
1.546347
1.519061
1.558526
1.539213
1.516848
1.539195
1.520338
1.557793
1.537158
1.530442
1.521080
1.527739
1.539331
1.531954
1.536230
1.523580
1.494359
1.519072
1.527809
1.515984
1.553775
1.527412
1.525865
1.538957
1.527754
1.545565
1.541975
1.514990
1.533336
1.544725
1.511275
1.530760
1.553921
1.519409
1.554837
1.508187
1.540471
1.524373
1.498567
1.528924
1.512548
1.519962
1.525473
1.530686
1.544552
1.529176
1.513997
1.513657
1.534995
1.522850
1.527925
1.525666
1.532536
1.527445
1.522391
1.508673
1.514267
1.508108
1.516225
1.519829
1.527073
1.520401
1.514822
1.528686
1.514891
1.494123
1.526884
1.527374
1.515905
1.535609
1.501192
1.507648
1.515541
1.525889
1.503022
1.522493
1.539474
1.513380
1.499968
1.549117
1.530718
1.554434
1.522161
1.498302
1.502216
1.506428
1.496139
1.506699
1.509271
1.523617
1.490041
1.494002
1.524772
1.510916
1.502616
1.493717
1.513243
1.500812
1.510538
1.515919
1.521712
1.521488
1.523736
1.499343
1.519140
1.518711
1.519910
1.520381
1.508113
1.527058
1.518194
1.508074
1.513873
1.506402
1.495005
1.507631
1.497400
1.518342
1.505890
1.501035
1.486152
1.535142
1.491491
1.497455
1.506908
1.507283
1.516037
1.515828
1.523045
1.508475
1.510057
1.497914
1.490166
1.504067
1.508745
1.500938
1.495490
1.509735
1.509075
1.513877
1.506639
1.536450
1.514264
1.520257
1.503761
1.504647
1.499721
1.507704
1.483182
1.508257
1.505942
1.511248
1.510750
1.512315
1.509359
1.484015
1.486862
1.498199
1.536150
1.490858
1.495404
1.496423
1.520152
1.514075
1.508406
1.510172
1.478541
1.495683
1.490544
1.508683
1.501715
1.494797
1.490965
1.495683
1.493141
1.501074
1.522979
1.495340
1.500210
1.493442
1.491555
1.505721
1.503056
1.495773
1.497312
1.502410
1.496395
1.503235
1.506257
1.491238
1.500386
1.495128
1.503032
1.495650
1.489220
1.494135
1.517971
1.503275
1.508980
1.510270
1.499786
1.501848
1.500168
1.506216
1.477269
1.490980
1.516156
1.502143
1.483735
1.486709
1.480418
1.504741
1.499567
1.500687
1.510846
1.494300
1.486640
1.489622
1.499617
1.499951
1.495847
1.493765
1.506522
1.500927
1.512839
1.502484
1.501644
1.474181
1.496699
1.484535
1.508140
1.505391
1.494070
1.480712
1.489407
1.508140
1.515620
1.508120
1.486382
1.488251
1.493069
1.501736
1.494410
1.491581
1.500496
1.506698
1.483819
1.508345
1.498000
1.495899
1.500631
1.484742
1.502387
1.502793
1.488053
1.491743
1.498934
1.486116
1.491710
1.486477
1.498154
1.486161
1.487390
1.492533
1.512006
1.510439
1.504005
1.499960
1.489591
1.499888
1.506609
1.493461
1.485456
1.490993
1.490024
1.488068
1.476573
1.499266
1.494377
1.491054
1.479981
1.493603
1.490705
1.485783
1.493754
1.490772
1.510412
1.493578
1.504558
1.485047
1.500151
1.499505
1.490512
1.476287
1.505665
1.499433
1.499510
1.484699
1.487103
1.481838
1.478512
1.495808
1.475979
1.484353
1.500146
1.488631
1.486649
1.487429
1.489893
1.478843
1.495739
1.498350
1.508783
1.497557
1.488612
1.481275
1.495130
1.491607
1.508590
1.488576
1.500097
1.495072
1.481802
1.485276
1.486274
1.493216
1.486395
1.476326
1.480352
1.501569
1.502135
1.508207
1.503379
1.483819
1.498162
1.487996
1.489189
1.513974
1.497627
1.476794
1.481335
1.492195
1.476303
1.487335
1.483478
1.486088
1.478864
1.476869
1.485348
1.501560
1.486916
1.495977
1.502077
1.475665
1.481600
1.479399
1.516198
1.510930
1.484285
1.496432
1.480603
1.482053
1.480707
1.478890
1.495314
1.495024
1.488360
1.489851
1.474641
1.493556
1.494921
1.494512
1.505711
1.488336
1.509484
1.493756
1.485771
1.481541
1.492770
1.485466
1.490864
1.487932
1.487986
1.504523
1.483626
1.512742
1.491404
1.491491
1.477595
1.483817
1.494444
1.489248
1.484303
1.481929
1.486915
1.487573
1.503056
1.483147
1.478544
1.482600
1.478989
1.499511
1.488418
1.493930
1.488946
1.493585
1.480657
1.496579
1.482569
1.495353
1.487553
1.486852
1.488099
1.481871
1.476378
1.486048
1.477356
1.491275
1.490122
1.478775
1.512145
1.486457
1.500977
1.490218
1.482015
1.483876
1.515797
1.488314
1.491095
1.484940
1.500841
1.470109
1.502593
1.499493
1.489690
1.484692
1.477303
1.485487
1.483401
