2.392287
2.377972
2.384024
2.366441
2.358795
2.344125
2.325865
2.297224
2.287895
2.261796
2.236129
2.229268
2.215656
2.166986
2.153499
2.155862
2.132500
2.097893
2.093805
2.053153
2.037922
1.999774
1.984443
2.053524
2.003364
1.935143
1.987261
1.918529
1.936140
1.933262
1.835865
1.818588
1.828539
1.816717
1.762212
1.827941
1.673505
1.632355
1.539418
1.526221
1.562785
1.401255
1.434997
1.322191
1.352173
1.259885
1.223688
1.177464
1.285090
1.289314
1.370539
1.347318
1.302331
1.214530
1.084039
1.009609
1.001365
0.701811
0.653132
0.555178
0.549333
0.654622
0.725970
0.973578
0.916497
1.142786
0.986116
0.864905
0.942328
0.880133
1.226629
1.138780
1.046855
1.008655
0.959552
0.949081
0.965473
0.921257
0.728304
0.926926
0.487924
0.779663
0.840363
1.041475
0.849125
0.484012
1.149298
0.766266
0.898820
0.573871
0.925527
0.599177
0.696412
0.876499
1.251204
0.290318
0.555748
0.671047
1.089577
0.945376
1.149316
0.619263
0.824546
0.373608
0.936936
1.359009
1.068551
0.655062
0.575533
0.772830
0.581234
0.793076
0.964910
0.622179
0.660015
1.233029
0.605841
0.624357
0.577564
0.826251
0.776055
0.413198
0.887151
0.640152
0.705155
0.578291
0.495019
0.463219
0.481729
0.467672
0.425723
0.550748
0.665678
0.501298
0.513305
0.597269
0.620978
0.513273
0.516732
0.494613
0.412036
0.575625
0.595781
0.418736
0.485873
0.661729
0.378050
0.626410
0.429881
0.577457
0.264352
0.407972
0.574734
0.544238
0.286212
0.691723
0.611968
0.934196
0.610851
0.329340
0.699845
0.429518
0.605470
0.578566
0.431080
0.617448
0.467984
0.266941
0.430274
0.216643
0.439107
0.344135
0.400328
0.209507
0.420500
0.361801
0.291205
0.363444
0.331503
0.664060
0.549095
0.393856
0.400766
0.463482
0.331366
0.411403
0.357535
0.429691
0.546892
0.482700
0.369803
0.377705
0.345890
0.376295
0.261924
0.314706
0.441811
0.300781
0.374724
0.290659
0.401596
0.249911
0.268632
0.205481
0.312048
0.388251
0.330993
0.327307
0.306908
0.271809
0.312027
0.176482
0.320323
0.328289
0.237754
0.423980
0.352154
0.189305
0.232156
0.344996
0.338798
0.226571
0.283934
0.177549
0.406545
0.350276
0.384164
0.214653
0.211505
0.244688
0.453043
0.222514
0.272008
0.243326
0.236618
0.223798
0.293740
0.294289
0.239720
0.279790
0.294447
0.191085
0.252915
0.249872
0.163690
0.276400
0.255450
0.281673
0.261585
0.271026
0.194867
0.219311
0.227261
0.269999
0.270894
0.440487
0.216105
0.219750
0.288189
0.230102
0.253188
0.307833
0.253767
0.201138
0.193581
0.202317
0.271757
0.339802
0.173811
0.374667
0.187647
0.206623
0.231954
0.184697
0.139105
0.222359
0.194579
0.317619
0.295145
0.342037
0.114238
0.318404
0.323583
0.220025
0.132582
0.125115
0.117664
0.272730
0.195176
0.252288
0.317558
0.225919
0.286364
0.193023
0.218828
0.180647
0.190870
0.161288
0.254138
0.240678
0.229899
0.172205
0.173333
0.306859
0.185266
0.235371
0.164098
0.224297
0.166743
0.217893
0.161043
0.179862
0.201494
0.228161
0.443202
0.195510
0.150788
0.179121
0.198498
0.241284
0.183415
0.275134
0.106703
0.112172
0.257551
0.156834
0.137400
0.215963
0.358370
0.105933
0.244242
0.160285
0.145514
0.267386
0.178501
0.158409
0.202125
0.186374
0.121227
0.175607
0.163854
0.254117
0.244641
0.160469
0.181108
0.165889
0.090619
0.275184
0.192319
0.147748
0.218869
0.219632
0.212185
0.156984
0.182617
0.227634
0.183705
0.146006
0.231559
0.079022
0.151113
0.388486
0.229071
0.138999
0.105790
0.167541
0.202120
0.211988
0.292537
0.125544
0.172496
0.086916
0.172053
0.196566
0.171219
0.210637
0.233691
0.087772
0.198968
0.119145
0.117711
0.101518
0.100290
0.226634
0.211939
0.213397
0.158999
0.187437
0.216125
0.158735
0.156070
0.192408
0.189051
0.100312
0.186987
0.267379
0.130304
0.097452
0.133416
0.237187
0.125199
0.104911
0.098645
0.173802
0.178084
0.181410
0.197140
0.249126
0.192574
0.088865
0.241141
0.206938
0.113087
0.222982
0.275959
0.175177
0.213026
0.242096
0.134756
0.189968
0.096970
0.081918
0.248090
0.117516
0.125891
0.152578
0.152188
0.148084
0.146405
0.194470
0.076175
0.144129
0.219763
0.092221
0.157715
0.092723
0.181117
0.208411
0.126339
0.123108
0.185054
0.188220
0.307362
0.095177
0.164071
0.184693
0.210480
0.206223
0.191360
0.134795
0.102367
0.174970
0.094226
0.152751
0.136416
0.080732
0.201994
0.080366
0.120102
0.140724
0.108048
0.217521
0.090518
0.149675
0.181881
0.250686
0.168745
0.117365
0.129111
0.182234
0.161642
0.150598
0.203543
0.120422
0.232688
0.185450
0.179898
0.127824
0.077428
0.086996
0.452913
0.063171
0.160805
0.148859
0.113999
0.201617
0.105719
0.174667
0.073995
0.146511
0.143814
0.072965
0.108270
0.123224
0.130358
0.158014
0.101677
0.120488
0.163331
0.217834
