2.303882
2.303259
2.304166
2.302520
2.313114
2.307539
2.314269
2.309023
2.305039
2.307039
2.302530
2.295465
2.284915
2.315512
2.301385
2.340988
2.326326
2.249924
2.152218
2.075971
2.009873
2.003531
2.018029
2.095320
2.211457
2.198728
2.172590
2.036813
1.835541
1.816771
1.838366
1.885549
2.067880
2.034153
2.086860
1.974593
1.845130
1.864743
1.785478
1.788591
1.804425
1.866562
1.914360
1.889142
1.902977
1.843170
1.758891
1.742816
1.740080
1.742271
1.812310
1.792390
1.807686
1.758695
1.768022
1.729744
1.726137
1.763522
1.748200
1.741914
1.716654
1.722860
1.739452
1.761427
1.740662
1.727490
1.721532
1.707275
1.705254
1.730541
1.754801
1.744212
1.712291
1.684864
1.720879
1.650062
1.761988
1.722011
1.739876
1.720625
1.666447
1.676229
1.691329
1.736895
1.744087
1.785971
1.690316
1.691049
1.696270
1.712764
1.733831
1.708410
1.750556
1.691633
1.673181
1.662524
1.672426
1.672756
1.727966
1.776226
1.728204
1.692573
1.666561
1.688636
1.642917
1.662463
1.645222
1.669052
1.691805
1.662089
1.658051
1.693898
1.668454
1.669398
1.670417
1.634676
1.684755
1.676229
1.667205
1.643275
1.666116
1.633450
1.660657
1.648095
1.650346
1.641868
1.630317
1.654197
1.646660
1.636058
1.652278
1.640687
1.637938
1.642192
1.703977
1.669580
1.659777
1.672074
1.655766
1.640476
1.623991
1.642035
1.639444
1.648171
1.652909
1.639784
1.665689
1.621019
1.630727
1.649855
1.661972
1.653362
1.646572
1.626226
1.617140
1.665062
1.626072
1.618738
1.639558
1.637381
1.626060
1.595971
1.642433
1.622076
1.620221
1.601405
1.696935
1.616578
1.646851
1.606198
1.637293
1.590045
1.610434
1.637653
1.624383
1.645345
1.635900
1.610169
1.599869
1.683167
1.635694
1.614910
1.609425
1.610096
1.616084
1.615525
1.623067
1.683817
1.620244
1.601198
1.610657
1.629994
1.645337
1.631667
1.626984
1.611779
1.609902
1.630701
1.607712
1.597295
1.594923
1.632757
1.610054
1.610970
1.622444
1.598585
1.594302
1.631346
1.607625
1.588882
1.613156
1.622828
1.644627
1.645456
1.641998
1.595474
1.612934
1.615248
1.621687
1.601115
1.625373
1.626493
1.602048
1.621643
1.625787
1.614717
1.598580
1.627656
1.602502
1.580284
1.615574
1.568524
1.650852
1.631413
1.603917
1.601282
1.573553
1.591363
1.608869
1.636889
1.671760
1.657694
1.633202
1.595345
1.590031
1.613818
1.590525
1.625451
1.657145
1.627628
1.619472
1.603143
1.580750
1.596045
1.615333
1.617038
1.659071
1.619246
1.603440
1.602268
1.599212
1.602556
1.606502
1.588637
1.655771
1.636378
1.623411
1.586960
1.591531
1.594735
1.584007
1.598537
1.610340
1.610063
1.596801
1.619827
1.593705
1.606819
1.582953
1.575004
1.592334
1.634191
1.617370
1.611642
1.597399
1.590962
1.623049
1.584407
1.606175
1.617292
1.595992
1.618768
1.581229
1.601253
1.595394
1.568443
1.593440
1.604294
1.607802
1.611589
1.585271
1.597708
1.607793
1.616432
1.588429
1.594288
1.587211
1.588986
1.606099
1.596040
1.600306
1.616690
1.590203
1.608238
1.601183
1.606176
1.605284
1.616897
1.605003
1.610548
1.581730
1.592624
1.598112
1.605197
1.599172
1.634337
1.623440
1.591435
1.583590
1.579104
1.616452
1.628648
1.610838
1.578500
1.626035
1.612718
1.583436
1.597842
1.601984
1.614257
1.582611
1.599382
1.609837
1.615018
1.650711
1.606585
1.613526
1.599134
1.596756
1.602089
1.616724
1.608282
1.596245
1.624350
1.608672
1.588506
1.609136
1.605964
1.576963
1.623549
1.614629
1.577942
1.603566
1.591260
1.636639
1.585627
1.587195
1.599644
1.581295
1.598414
1.595694
1.626891
1.611340
1.592274
1.590142
1.614037
1.593035
1.585341
1.588599
1.606426
1.594090
1.611663
1.586418
1.609980
1.589221
1.581627
1.579409
1.611541
1.606319
1.639688
1.600596
1.589913
1.595617
1.574344
1.589387
1.606270
1.587147
1.598239
1.624167
1.616278
1.596773
1.596899
1.583649
1.582375
1.610520
1.593431
1.578138
1.619971
1.577075
1.605049
1.611754
1.580489
1.625502
1.590289
1.622012
1.623423
1.612653
1.625240
1.570068
1.586834
1.594073
1.576577
1.610258
1.592169
1.597255
1.615311
1.596614
1.590445
1.621467
1.603515
1.591569
1.583192
1.573466
1.592885
1.617012
1.605977
1.609608
1.597218
1.591392
1.609070
1.601807
1.587564
1.617227
1.613649
1.607625
1.592330
1.621359
1.584326
1.606603
1.600653
1.596552
1.594888
1.610703
1.587870
1.577556
1.583215
1.593204
1.569697
1.601351
1.625124
1.609355
1.583445
1.582903
1.593559
1.593015
1.591709
1.566950
1.594853
1.590197
1.609694
1.597385
1.611100
1.598381
1.581389
1.572113
1.593772
1.614757
1.596236
1.593600
1.601031
1.592138
1.586755
1.594319
1.611859
1.588833
1.596786
1.587170
1.590120
1.605690
1.618436
1.620338
1.591693
1.587957
1.586037
1.590754
1.602280
1.600441
1.601476
1.610897
1.589379
