1.500000
1.500000
1.500000
1.497656
1.409844
1.159531
0.761719
0.539896
0.650938
0.597865
0.630677
0.554896
0.495313
0.485885
0.505313
0.486823
0.501823
0.505938
0.500990
0.473333
0.448281
0.435729
0.425625
0.459881
0.425938
0.435417
0.446198
0.445000
0.406719
0.382396
0.355938
0.385781
0.424531
0.395833
0.383646
0.348646
0.382396
0.375104
0.367760
0.359948
0.357917
0.374896
0.358802
0.346354
0.321667
0.324583
0.310781
0.419286
0.327135
0.332865
0.315677
0.308750
0.294063
0.341302
0.311198
0.343281
0.315469
0.363802
0.276250
0.332604
0.304167
0.307865
0.295573
0.305469
0.270156
0.273958
0.281094
0.275833
0.283646
0.266979
0.261302
0.291905
0.305104
0.259167
0.302240
0.243750
0.250313
0.305677
0.244219
0.267292
0.211771
0.261510
0.247083
0.231510
0.263125
0.273021
0.256875
0.274479
0.228177
0.258906
0.241510
0.219427
0.251042
0.282344
0.242135
0.214167
0.268438
0.215885
0.199010
0.218438
0.248229
0.228177
0.207760
0.243958
0.211094
0.214219
0.188802
0.181927
0.217813
0.220417
0.216250
0.227552
0.192344
0.199688
0.232448
0.236979
0.219167
0.201458
0.254271
0.206429
0.197083
0.211250
0.216615
0.187552
0.193646
0.208698
0.190000
0.176510
0.184010
0.203281
0.175729
0.205781
0.163177
0.167500
0.172396
0.156563
0.180729
0.179063
0.172031
0.152813
0.169896
0.184063
0.152865
0.206310
0.139948
0.178906
0.157344
0.178594
0.164063
0.159323
0.135938
0.128750
0.166979
0.150729
0.143125
0.127813
0.159635
0.145260
0.152448
0.160417
0.169115
0.145833
0.149219
0.143073
0.165573
0.155833
0.151979
0.133929
0.133333
0.135260
0.142969
0.130990
0.140417
0.153021
0.142240
0.138906
0.136615
0.133281
0.147656
0.158177
0.129948
0.130052
0.128021
0.143281
0.129219
0.136354
0.111719
0.141354
0.156094
0.156615
0.101354
0.129881
0.125313
0.129844
0.133802
0.138073
0.112760
0.131979
0.137344
0.124427
0.107865
0.120156
0.146458
0.127135
0.135833
0.125938
0.117344
0.142604
0.129219
0.119531
0.121563
0.121771
0.123281
0.118125
0.103021
0.126667
0.122240
0.099740
0.145365
0.126042
0.096198
0.110990
0.107969
0.135104
0.111042
0.133698
0.121563
0.115885
0.123281
0.128125
0.118229
0.116094
0.101094
0.128958
0.111250
0.108333
0.106510
0.098385
0.128281
0.108929
0.110573
0.095833
0.107396
0.133646
0.101563
0.146927
0.107969
0.145104
0.095625
0.096250
0.095417
0.111823
0.121042
0.103854
0.131771
0.096250
0.124479
0.101927
0.100729
0.099167
0.110417
0.110260
0.108906
0.077857
0.118125
0.114115
0.114948
0.109063
0.104167
0.120833
0.117240
0.114479
0.101406
0.100833
0.109167
0.112969
0.110365
0.082969
0.102760
0.094740
0.073750
0.115938
0.101042
0.098438
0.094115
0.093854
0.110208
0.108095
0.102344
0.094479
0.096354
0.117552
0.116510
0.094063
0.095208
0.124896
0.108333
0.083854
0.098854
0.125781
0.101250
0.100677
0.079167
0.101406
0.089688
0.084219
0.091146
0.095156
0.087500
0.104688
0.097813
0.128452
0.115208
0.093906
0.092135
0.100313
0.104427
0.108854
0.090104
0.104635
0.095938
0.099896
0.115781
0.083646
0.090781
0.088802
0.087865
0.080313
0.091615
0.097292
0.097760
0.096771
0.101406
0.085208
0.096198
0.072976
0.088021
0.083073
0.087188
0.093438
0.073906
0.099219
0.083229
0.086823
0.096146
0.110938
0.091406
0.087135
0.090573
0.091146
0.105208
0.106771
0.075573
0.083438
0.086250
0.098333
0.099531
0.083021
0.106198
0.095714
0.075156
0.097760
0.079531
0.105365
0.100990
0.072188
0.074167
0.092760
0.078646
0.088958
0.093750
0.091875
0.092552
0.106823
0.076458
0.081302
0.081615
0.075313
0.086250
0.093021
0.084323
0.085156
0.085521
0.112976
0.080052
0.073854
0.095625
0.084271
0.081042
0.087552
0.082240
0.078958
0.105625
0.068646
0.086875
0.079688
0.094167
0.079479
0.083438
0.085729
0.072083
0.073333
0.106250
0.093073
0.082552
0.076563
0.093802
0.055238
0.088542
0.083958
0.079479
0.083750
0.063229
0.068958
0.089583
0.086719
0.079063
0.070156
0.088906
0.099479
0.073229
0.081198
0.090833
0.078906
0.106667
0.097083
0.076927
0.085677
0.076302
0.058750
0.072917
0.059524
0.095625
0.072760
0.081510
0.081719
0.079271
0.074010
0.080677
0.061042
0.052083
0.068333
0.059844
0.087135
0.089167
0.080052
0.073177
0.073750
0.084688
0.064948
0.081302
0.081771
0.091719
0.073125
0.079688
0.129286
0.066719
0.085521
0.084740
0.072396
0.073854
0.073438
0.067865
0.076719
0.077760
0.095000
0.069635
0.085469
0.063385
0.078542
0.077135
0.075469
0.080625
0.080208
0.074063
0.063594
0.074740
0.070208
0.079271
0.087857
0.068698
0.094844
0.079583
0.069844
0.080885
0.066198
0.077396
0.076146
0.085156
0.054740
0.076615
0.061250
0.081823
0.068490
0.083646
0.077031
0.080260
0.057188
0.088542
0.073177
