2.299958
2.292852
2.298291
2.288013
2.265019
2.259470
2.271492
2.223903
2.194531
2.175393
2.146955
2.125762
2.037080
1.991253
1.929892
1.892440
1.810463
1.816300
1.798157
1.743085
1.737445
1.828230
1.760572
1.745502
1.715684
1.704669
1.714085
1.663495
1.694270
1.669860
1.719412
1.593826
1.671949
1.646796
1.634219
1.662087
1.671353
1.643241
1.658099
1.629805
1.634621
1.628738
1.603278
1.675924
1.653737
1.614238
1.616017
1.653104
1.618202
1.604956
1.626487
1.694636
1.610031
1.660910
1.686436
1.581427
1.610480
1.616484
1.619410
1.654109
1.652309
1.612483
1.582381
1.567381
1.618920
1.662680
1.604305
1.626771
1.604251
1.635483
1.624855
1.581681
1.561421
1.578301
1.564392
1.571521
1.644748
1.622857
1.589806
1.562981
1.619088
1.571045
1.570438
1.578168
1.642544
1.572884
1.591217
1.585999
1.573245
1.619538
1.602897
1.585364
1.567421
1.607269
1.585206
1.580250
1.596095
1.573502
1.597199
1.588986
1.591873
1.592064
1.606719
1.603469
1.574623
1.585342
1.579006
1.605392
1.575397
1.608954
1.558338
1.580416
1.553693
1.600280
1.615479
1.596633
1.595769
1.594793
1.556387
1.564809
1.570163
1.514885
1.562813
1.592968
1.613859
1.574078
1.600707
1.603131
1.579712
1.582744
1.623050
1.624984
1.608521
1.581994
1.582010
1.552970
1.531741
1.575200
1.581948
1.573307
1.571119
1.612578
1.550892
1.561215
1.590585
1.566117
1.565003
1.610197
1.551750
1.557821
1.592635
1.583184
1.604030
1.575563
1.614760
1.550398
1.547353
1.600054
1.542689
1.585389
1.573845
1.598519
1.596584
1.549669
1.576797
1.543950
1.562100
1.579813
1.583748
1.630087
1.584906
1.579371
1.565358
1.560342
1.554950
1.587027
1.530465
1.578788
1.591713
1.545680
1.572433
1.544659
1.589809
1.545230
1.558850
1.583004
1.561905
1.609385
1.565515
1.605360
1.547790
1.567080
1.600032
1.580513
1.587274
1.592080
1.591417
1.579450
1.530518
1.563441
1.614468
1.570854
1.579738
1.633138
1.562341
1.588238
1.566042
1.574490
1.542815
1.550848
1.569763
1.574610
1.589462
1.560800
1.567173
1.551803
1.569521
1.566087
1.587713
1.546045
1.584442
1.563898
1.585765
1.602057
1.567027
1.553830
1.555677
1.559316
1.587778
1.543118
1.597128
1.555665
1.572289
1.548396
1.557989
1.577287
1.575903
1.551131
1.562714
1.545097
1.600813
1.570472
1.612798
1.586274
1.603451
1.557013
1.567283
1.581521
1.585907
1.544257
1.530746
1.564079
1.533965
1.544005
1.567373
1.576989
1.552675
1.538913
1.579115
1.573855
1.541009
1.561481
1.553954
1.582738
1.572953
1.637620
1.565834
1.567924
1.535734
1.563833
1.548973
1.572214
1.558514
1.543087
1.546010
1.533362
1.576661
1.569403
1.539831
1.562093
1.548235
1.601699
1.559263
1.547980
1.545637
1.568242
1.562390
1.558127
1.617281
1.525956
1.589187
1.571029
1.607000
1.528538
1.597117
1.573011
1.590273
1.565236
1.554368
1.594128
1.595066
1.583736
1.573632
1.576831
1.582945
1.548849
1.569898
1.586226
1.567482
1.623444
1.571287
1.567488
1.556122
1.550743
1.575801
1.569895
1.574755
1.543383
1.577217
1.554414
1.560405
1.566268
1.536091
1.576651
1.568767
1.569819
1.561867
1.569359
1.549450
1.594616
1.567053
1.535610
1.581154
1.566471
1.557477
1.577710
1.567544
1.549659
1.506467
1.541124
1.552018
1.650967
1.582396
1.577472
1.529834
1.573165
1.544836
1.563336
1.582025
1.543730
1.529572
1.592561
1.554964
1.541953
1.542532
1.586657
1.558284
1.540852
1.589012
1.582371
1.591153
1.583636
1.585499
1.538849
1.580191
1.589528
1.563635
1.558820
1.554535
1.572779
1.527111
1.574797
1.575134
1.604259
1.565754
1.576269
1.570152
1.576880
1.534411
1.574827
1.542105
1.549603
1.605824
1.536826
1.569825
1.539944
1.579689
1.562178
1.540215
1.558036
1.577250
1.536118
1.565724
1.569536
1.550293
1.573933
1.575191
1.579279
1.553615
1.557588
1.534187
1.583623
1.572692
1.561578
1.559514
1.585628
1.552916
1.543506
1.553420
1.587627
1.556199
1.558545
1.563203
1.568261
1.582596
1.580989
1.555395
1.619459
1.562724
1.590020
1.542035
1.567095
1.553885
1.586625
1.570769
1.549554
1.560448
1.588318
1.551076
1.569838
1.548381
1.585649
1.611222
1.620321
1.570508
1.575634
1.554607
1.548718
1.571301
1.564529
1.604296
1.584424
1.551405
1.549229
1.523140
1.531855
1.559734
1.555914
1.548754
1.528141
1.560128
1.566927
1.557410
1.578676
1.559128
1.588127
1.528832
1.562120
1.569752
1.569513
1.560853
1.550300
1.563271
1.590961
1.575337
1.547555
1.610434
1.577654
1.590174
1.568719
1.616144
1.571935
1.549726
1.573001
1.542082
1.558592
1.528715
1.603818
1.562713
1.567372
1.548112
1.541401
1.547736
1.556133
1.539113
1.575228
1.579086
1.605566
1.555172
1.596182
1.611420
1.611524
1.554912
1.595860
1.565027
1.546613
1.574735
1.559471
1.550165
1.533979
