2.310707
2.312285
2.324936
2.319369
2.356516
2.382940
2.361380
2.297148
2.252061
2.167968
2.138549
2.174799
2.197934
2.192027
2.182161
2.157063
2.138014
2.139257
2.160206
2.185428
2.206392
2.193678
2.199313
2.224263
2.270573
2.946148
2.951266
2.909807
2.937829
3.037884
2.998096
2.987179
3.001120
3.034564
3.013064
3.026738
3.007634
2.946141
2.992572
3.004835
3.010947
2.992751
3.041234
3.008334
3.036128
3.024560
2.996891
2.986438
3.040820
3.005600
3.011804
3.022964
2.992546
2.984603
3.001657
3.039129
2.991361
3.002747
3.030071
3.020404
2.995724
2.995817
3.020900
3.031500
2.978109
3.011819
3.020203
3.032458
2.956555
2.970865
2.962870
2.960886
3.000213
2.997572
2.990238
3.036882
3.009453
3.053027
3.044720
2.948403
3.050415
3.042328
3.007842
3.024207
2.999570
3.047500
3.025787
3.034981
2.981890
2.994684
3.019919
2.983817
2.962224
2.987276
3.033640
2.958980
2.993279
3.015640
2.967915
3.003299
3.022709
3.012156
3.028500
3.035178
2.982719
3.001509
2.972491
3.031562
2.964360
2.936874
2.993076
3.007201
2.961944
2.967271
3.008497
3.001357
3.017153
2.992208
3.023476
2.999556
2.996697
3.024047
3.020312
3.003673
3.004670
2.977043
3.020285
2.999527
2.953651
3.028143
2.976205
2.953830
2.980374
2.976407
2.929549
3.009578
2.961688
3.007794
2.968259
3.020835
3.028869
3.029074
3.034604
3.032401
3.024859
3.019423
3.015627
3.017321
3.018723
3.019517
3.023774
3.023525
3.023461
3.023221
3.021258
3.022539
3.021402
3.024082
3.019859
3.022429
3.022403
3.020316
3.025485
3.021846
3.023084
3.023788
3.022129
3.023109
3.023904
3.027691
3.023634
3.029611
3.023601
3.029097
3.028284
3.030244
3.026587
3.029730
3.031987
3.033751
3.032760
3.033051
3.033581
3.037718
3.032391
3.032020
3.030817
3.035769
3.045028
3.056367
3.058432
3.058297
3.060323
3.062932
3.064285
3.060619
2.990913
2.982784
2.976491
2.973460
2.963037
2.962121
2.953273
2.952912
2.950640
2.948987
2.947085
2.945236
2.944344
2.946320
2.947621
2.948710
2.949794
2.954876
2.966300
2.968475
2.981425
2.983711
2.993392
2.991966
2.992646
2.992520
2.985645
2.990541
2.985400
2.986549
2.991796
2.981322
2.987551
2.985564
2.980047
2.981463
2.981012
2.978216
2.972455
2.975365
2.971933
2.971728
2.970556
2.968044
2.971037
2.969289
2.964116
2.967975
2.965023
2.963668
2.963244
2.963876
2.962971
2.960272
2.962708
2.959181
2.960070
2.959140
2.957308
2.958865
2.957534
2.955652
2.955501
2.954301
2.953778
2.957840
2.956014
2.956498
2.956678
2.958051
2.955146
2.954805
2.953387
2.953852
2.953855
2.955030
2.953433
2.954665
2.954145
2.956113
2.953357
2.955040
2.955331
2.954720
2.955398
2.954886
2.954475
2.952681
2.954857
2.952437
2.953664
2.951254
2.957093
2.953008
2.954226
2.954503
2.956939
2.957032
2.955231
2.955613
2.951449
2.959090
2.955518
2.956725
2.955630
2.955865
2.954259
2.952748
2.955601
2.953966
2.954545
2.953959
2.956644
2.956507
2.953878
2.957990
2.955475
2.956015
2.954009
2.954187
2.953992
2.954330
2.951140
2.955312
2.953333
2.957358
2.953022
2.954211
2.953667
2.956909
2.953343
2.954683
2.952680
2.952411
2.952211
2.953538
2.952675
2.956024
2.951685
2.953953
2.955418
2.952590
2.953599
2.950922
2.950948
2.953067
2.952438
2.953630
2.955331
2.952010
2.955868
2.953930
2.950817
2.952445
2.956031
2.950213
2.948933
2.956027
2.952127
2.950809
2.955986
2.952353
2.952489
2.951418
2.950016
2.954264
2.953281
2.953810
2.951504
2.951791
2.952236
2.947674
2.950068
2.953030
2.951477
2.944244
2.950362
2.950361
2.950685
2.952552
2.949679
2.950811
2.947672
2.952501
2.952384
2.951909
2.946008
2.949597
2.950354
2.951507
2.951607
2.947777
2.955878
2.949550
2.947639
2.947548
2.951637
2.948287
2.948376
2.945474
2.947620
2.944892
2.946032
2.941186
2.942789
2.937629
2.940468
2.936441
2.932884
2.932786
2.930264
2.931853
2.925590
2.919467
2.919091
2.915685
2.917216
2.918308
2.915215
2.909820
2.903646
2.908266
2.910704
2.904719
2.899574
2.897954
2.899774
2.868644
2.859768
2.864279
2.848050
2.840431
2.820549
2.793121
2.783147
2.787673
2.795818
2.799411
2.805705
2.794667
2.763962
2.731185
2.709151
2.684075
2.659675
2.651395
2.632378
2.579232
2.496230
2.423754
2.480993
2.511725
2.451253
2.356466
2.324243
2.243222
2.130357
2.147706
2.121500
2.222513
2.248849
2.354111
2.368630
2.480538
2.475157
2.411300
2.478749
2.346390
2.280249
1.954298
1.980352
1.979256
1.963661
1.959061
1.954059
1.940672
1.956136
1.950869
1.900739
1.909248
1.960237
2.094191
2.037859
2.064380
2.024210
2.055237
2.007722
2.044686
1.991761
2.010234
2.016873
2.019247
1.967772
1.977085
1.971039
1.974154
1.954563
1.970889
1.957599
1.969530
1.954265
1.960613
1.962892
1.975131
