2.303011
2.304357
2.299446
2.284481
2.278669
2.262320
2.248226
2.214093
2.204623
2.181670
2.187309
2.115713
2.176434
2.158348
2.101351
2.118646
2.087510
2.057057
2.082490
2.004707
1.952086
1.978037
1.870180
1.814587
1.807182
1.790422
1.762615
1.808324
1.775274
1.768082
1.774467
1.759722
1.715905
1.702410
1.677436
1.709224
1.690678
1.731900
1.692092
1.692229
1.679161
1.723247
1.727115
1.702384
1.660475
1.683487
1.656192
1.639342
1.648149
1.677680
1.642605
1.651600
1.655154
1.660757
1.618733
1.614384
1.651468
1.669120
1.635816
1.643244
1.622809
1.614656
1.600729
1.604936
1.614056
1.616529
1.617142
1.592857
1.630792
1.589750
1.607927
1.639911
1.595688
1.640703
1.595241
1.644341
1.606539
1.621252
1.607701
1.602074
1.621286
1.583038
1.618487
1.591544
1.652365
1.600714
1.586692
1.596167
1.602084
1.616282
1.612285
1.579010
1.605681
1.590604
1.619237
1.606424
1.607875
1.580845
1.577411
1.573506
1.595191
1.578725
1.607805
1.567189
1.582850
1.575547
1.561557
1.590642
1.584356
1.622928
1.595049
1.556321
1.582865
1.583509
1.593070
1.571106
1.591465
1.590550
1.549847
1.575613
1.602806
1.587621
1.586071
1.579709
1.591510
1.592794
1.582652
1.553593
1.569366
1.567192
1.580222
1.579639
1.583153
1.560349
1.579110
1.560881
1.586630
1.590101
1.551000
1.547252
1.588552
1.576877
1.560914
1.551633
1.576621
1.572933
1.534220
1.560110
1.551314
1.571761
1.554980
1.602882
1.556708
1.568211
1.560545
1.560862
1.569088
1.547815
1.577513
1.584078
1.554224
1.551171
1.570799
1.577339
1.554240
1.566336
1.552751
1.545474
1.583477
1.562006
1.554968
1.560158
1.549706
1.539574
1.556671
1.574877
1.539460
1.552746
1.550706
1.531880
1.584791
1.552041
1.573176
1.568893
1.562623
1.552601
1.548033
1.555458
1.560002
1.578538
1.557501
1.553502
1.555084
1.561676
1.545028
1.553681
1.537351
1.559313
1.566170
1.552781
1.567158
1.563361
1.549595
1.560198
1.542537
1.540887
1.534174
1.554401
1.563156
1.556834
1.533777
1.541407
1.556140
1.528830
1.536309
1.585773
1.562418
1.554738
1.530691
1.552894
1.563317
1.527333
1.557596
1.563616
1.551041
1.564994
1.536199
1.528856
1.534344
1.564951
1.528313
1.559027
1.536053
1.551572
1.585921
1.536449
1.552297
1.536130
1.553117
1.528725
1.550365
1.557078
1.533233
1.530676
1.539508
1.526195
1.544852
1.539519
1.533987
1.545222
1.533245
1.535320
1.566368
1.532407
1.534669
1.542659
1.532582
1.549327
1.531159
1.541525
1.548442
1.550182
1.545464
1.518007
1.525455
1.565637
1.530878
1.516559
1.531676
1.533702
1.539763
1.531396
1.526412
1.536482
1.524606
1.525916
1.532437
1.549622
1.523288
1.528757
1.541424
1.534871
1.541453
1.547980
1.533884
1.548591
1.510662
1.513294
1.521252
1.554522
1.546227
1.532699
1.520211
1.529566
1.530833
1.541881
1.532229
1.537862
1.507940
1.520404
1.521053
1.546160
1.505864
1.512392
1.532071
1.511808
1.504032
1.497203
1.524671
1.515264
1.504533
1.523178
1.521264
1.525236
1.520728
1.520303
1.526052
1.500281
1.524503
1.511966
1.553233
1.529404
1.535001
1.524532
1.522986
1.500173
1.520424
1.509884
1.508111
1.532494
1.507191
1.508356
1.512732
1.525668
1.504682
1.513959
1.523068
1.519323
1.507932
1.517576
1.504455
1.507339
1.513950
1.513147
1.502779
1.507712
1.486093
1.523135
1.494096
1.516184
1.497207
1.500045
1.514998
1.522111
1.505243
1.522213
1.504893
1.514971
1.515113
1.501653
1.495154
1.503664
1.495038
1.507449
1.500229
1.516657
1.506500
1.504697
1.510878
1.514939
1.504874
1.523706
1.524253
1.505351
1.509868
1.503146
1.507800
1.501274
1.498452
1.526826
1.506520
1.495528
1.495730
1.491180
1.503355
1.518432
1.498504
1.521842
1.507286
1.515926
1.513121
1.509824
1.497482
1.481761
1.505185
1.502196
1.507908
1.494077
1.498705
1.506229
1.517117
1.498691
1.487630
1.508260
1.510198
1.494966
1.501359
1.530797
1.495583
1.502362
1.493487
1.511454
1.490871
1.486146
1.494079
1.494820
1.495375
1.482289
1.498745
1.490489
1.489222
1.498536
1.482106
1.487959
1.499848
1.505727
1.504454
1.492730
1.501625
1.497566
1.511058
1.481009
1.498215
1.512687
1.499278
1.489038
1.493676
1.496347
1.495824
1.502732
1.522722
1.512646
1.482383
1.513245
1.492369
1.491347
1.496364
1.485053
1.521312
1.493173
1.493158
1.503814
1.480586
1.501292
1.495280
1.492513
1.472420
1.492097
1.495477
1.494095
1.500297
1.495189
1.500134
1.499711
1.487737
1.480286
1.508506
1.482264
1.498665
1.481669
1.493377
1.484986
1.488767
1.511858
1.487450
1.485169
1.487020
1.497789
1.507927
1.509004
1.496208
1.489451
1.508929
1.490149
1.499211
1.492940
1.494475
1.508462
1.492617
1.498775
1.497295
1.498618
1.494292
1.491194
1.509124
1.488246
1.494931
1.496439
1.482789
1.483310
