2.306408
2.302695
2.300888
2.302806
2.305388
2.295169
2.298852
2.296315
2.304159
2.281042
2.264300
2.302996
2.258016
2.281280
2.214183
2.271388
2.226606
2.207224
2.184806
2.158350
2.104084
2.122067
2.050137
2.024246
2.019695
1.992695
2.050474
2.092612
2.192199
2.142403
2.071616
2.118447
2.104835
2.032076
1.967249
1.785415
1.825641
1.824100
1.854365
2.016871
2.094650
2.060419
2.067637
2.064725
1.962693
1.964004
1.946933
1.849668
1.757531
1.825955
1.742487
1.780042
1.763944
1.798630
1.800212
1.817032
1.807290
1.802280
1.810768
1.794072
1.808971
1.823559
1.781546
1.732402
1.751658
1.737139
1.786166
1.768019
1.768031
1.770505
1.758826
1.786102
1.728908
1.782578
1.773909
1.766933
1.728158
1.710452
1.747406
1.760693
1.727985
1.766090
1.739130
1.782917
1.736164
1.753762
1.753881
1.758950
1.772767
1.747841
1.750537
1.712330
1.737876
1.754852
1.765139
1.688194
1.776244
1.752259
1.720204
1.744634
1.728270
1.728508
1.733133
1.742743
1.785757
1.760420
1.776006
1.680527
1.708227
1.677277
1.719405
1.745205
1.787186
1.729300
1.750223
1.774349
1.737808
1.702779
1.727041
1.734234
1.700921
1.719220
1.650679
1.671809
1.757270
1.710728
1.708580
1.745662
1.735189
1.731478
1.743829
1.745769
1.784231
1.740847
1.762470
1.666687
1.782789
1.693865
1.735484
1.765051
1.765421
1.673056
1.681068
1.708918
1.715954
1.706789
1.707845
1.682799
1.714171
1.777451
1.722879
1.772339
1.722119
1.731399
1.756432
1.768355
1.708829
1.707130
1.784392
1.677595
1.780336
1.677118
1.749031
1.714276
1.680551
1.688237
1.723293
1.724254
1.738723
1.701473
1.742342
1.722280
1.685843
1.676444
1.705493
1.724116
1.741358
1.712339
1.658210
1.706258
1.683482
1.718933
1.680779
1.729449
1.733019
1.697475
1.748547
1.725231
1.727084
1.686207
1.689613
1.697354
1.693754
1.696718
1.678963
1.738444
1.636608
1.711494
1.716025
1.737410
1.726842
1.655255
1.766703
1.673707
1.685477
1.647992
1.772602
1.738712
1.688728
1.688590
1.721414
1.706807
1.716188
1.723160
1.697122
1.723493
1.700163
1.685537
1.714059
1.711591
1.703062
1.754848
1.687884
1.698168
1.696919
1.715270
1.722720
1.674960
1.683546
1.703387
1.710282
1.746522
1.659963
1.711355
1.681142
1.736534
1.741426
1.699087
1.717718
1.728489
1.670327
1.718559
1.746281
1.722311
1.739221
1.673181
1.719114
1.646680
1.696622
1.673957
1.695889
1.702588
1.731079
1.692960
1.730399
1.729357
1.699738
1.660131
1.710436
1.674562
1.710214
1.669082
1.658492
1.729421
1.656977
1.645702
1.695491
1.688723
1.685560
1.664501
1.710689
1.685754
1.705742
1.722592
1.711963
1.702320
1.686153
1.717823
1.738459
1.731085
1.687936
1.679099
1.688895
1.718075
1.681511
1.717053
1.647176
1.693269
1.710047
1.639145
1.640776
1.715086
1.767669
1.674459
1.747912
1.715704
1.630302
1.661834
1.763389
1.698239
1.698389
1.703301
1.708088
1.672299
1.639270
1.715230
1.677118
1.727733
1.772253
1.719560
1.734261
1.712470
1.668170
1.657516
1.712268
1.734713
1.642571
1.700883
1.696009
1.741803
1.708272
1.681008
1.718303
1.677203
1.704657
1.678997
1.683439
1.698684
1.679107
1.715219
1.680759
1.675560
1.718730
1.644982
1.686747
1.667440
1.680856
1.713116
1.708056
1.646020
1.673956
1.651269
1.689559
1.670637
1.706630
1.678393
1.727414
1.648722
1.641258
1.681968
1.701223
1.695941
1.649241
1.619974
1.715182
1.694930
1.716437
1.720564
1.653769
1.656386
1.691995
1.666154
1.733801
1.706840
1.720423
1.674940
1.637746
1.712356
1.725129
1.638414
1.676432
1.669291
1.728711
1.690416
1.714338
1.716223
1.741422
1.670033
1.629936
1.664672
1.681890
1.714829
1.719755
1.674729
1.687261
1.667100
1.716797
1.673695
1.673937
1.692165
1.667796
1.697606
1.718429
1.655984
1.727331
1.672271
1.677106
1.664865
1.728486
1.672865
1.743864
1.684633
1.741465
1.690668
1.665033
1.652105
1.662262
1.667995
1.663782
1.674082
1.669977
1.752891
1.704447
1.675915
1.717310
1.627766
1.635202
1.614026
1.689951
1.708538
1.657187
1.674101
1.672716
1.689341
1.686921
1.619806
1.621614
1.650619
1.677393
1.733952
1.666695
1.694679
1.705354
1.673358
1.692422
1.654215
1.656639
1.682921
1.686912
1.678954
1.715487
1.736905
1.654506
1.696300
1.691390
1.629169
1.669123
1.689387
1.661469
1.682265
1.668096
1.729998
1.666948
1.735819
1.692834
1.662794
1.662991
1.656829
1.720378
1.676833
1.691835
1.694520
1.727219
1.707211
1.673833
1.629879
1.631134
1.735498
1.683123
1.632795
1.733069
1.660442
1.681168
1.656462
1.699133
1.655588
1.731343
1.691001
1.711783
1.646080
1.632285
1.675487
1.680742
1.687243
1.715084
1.641332
1.668308
1.693352
1.706868
1.682310
1.691011
1.630579
1.666913
1.640310
1.650701
1.689136
1.625774
1.671544
1.683857
1.727465
