2.303472
2.306938
2.307224
2.295046
2.315302
2.315389
2.304623
2.359365
2.313479
2.276281
2.193591
2.149468
2.126259
2.084282
2.090080
2.079973
2.023422
1.946757
1.987135
1.998617
1.953014
1.888981
1.857080
1.858647
1.953537
1.828602
1.815920
1.900416
1.880767
1.770244
1.766310
1.754511
1.793500
1.752469
1.756430
1.736637
1.702593
1.786884
1.781546
1.778645
1.694059
1.681313
1.712468
1.710136
1.706516
1.743367
1.721400
1.707569
1.688719
1.709313
1.700311
1.688709
1.728806
1.668236
1.702234
1.716608
1.697529
1.711316
1.695229
1.703527
1.650290
1.669767
1.696443
1.643404
1.722260
1.698034
1.693432
1.693602
1.672861
1.658280
1.672501
1.647612
1.645430
1.673410
1.719031
1.641087
1.654488
1.687665
1.695524
1.677222
1.723356
1.690316
1.655859
1.720001
1.726413
1.688240
1.676650
1.653822
1.682405
1.671330
1.676627
1.685743
1.653414
1.671215
1.640836
1.648029
1.671459
1.724849
1.689375
1.627198
1.682456
1.672207
1.689797
1.675792
1.675119
1.665138
1.657098
1.643993
1.653250
1.698005
1.675838
1.664208
1.626708
1.662060
1.638996
1.666188
1.704560
1.669571
1.639107
1.621343
1.663874
1.685755
1.686802
1.647041
1.659488
1.673645
1.643085
1.652695
1.660053
1.631451
1.688806
1.647030
1.637622
1.629609
1.631298
1.627657
1.608509
1.617987
1.623137
1.678336
1.656066
1.628282
1.641271
1.649461
1.633101
1.622990
1.642625
1.639719
1.618106
1.670057
1.693545
1.641001
1.604813
1.606969
1.643841
1.643051
1.654182
1.583570
1.626115
1.618070
1.661903
1.648710
1.611238
1.626793
1.618866
1.657533
1.638311
1.617778
1.611211
1.620356
1.646471
1.609807
1.608875
1.612845
1.635204
1.628093
1.617476
1.600140
1.644863
1.605083
1.627298
1.647993
1.624236
1.647340
1.626027
1.636111
1.670314
1.632048
1.614690
1.682514
1.662934
1.648631
1.628339
1.645949
1.626931
1.625738
1.606049
1.625801
1.589103
1.614269
1.663390
1.653016
1.634603
1.602200
1.644345
1.618221
1.611341
1.607228
1.608219
1.624755
1.612126
1.636425
1.616801
1.649399
1.656969
1.620329
1.612229
1.618464
1.624363
1.654260
1.711370
1.625013
1.599939
1.585402
1.626672
1.656981
1.682617
1.660239
1.647053
1.638951
1.628158
1.595819
1.614935
1.635953
1.579924
1.592186
1.607515
1.630368
1.603575
1.626514
1.611214
1.658039
1.611272
1.590316
1.589647
1.571171
1.604727
1.617581
1.595331
1.622131
1.605805
1.593891
1.614145
1.638082
1.647910
1.647663
1.617134
1.621739
1.601091
1.593260
1.623594
1.616116
1.597009
1.625372
1.599233
1.581736
1.606117
1.599301
1.626271
1.640058
1.617374
1.618698
1.621513
1.602605
1.630312
1.624071
1.617833
1.663435
1.631693
1.619778
1.602083
1.604360
1.577333
1.594739
1.632322
1.616699
1.612475
1.600683
1.582822
1.599190
1.591100
1.640161
1.616216
1.665154
1.622279
1.597203
1.627009
1.662282
1.621079
1.643954
1.613539
1.580835
1.602507
1.647484
1.637921
1.594012
1.618393
1.626713
1.650577
1.609631
1.642274
1.583625
1.594816
1.602645
1.596059
1.611252
1.615295
1.596960
1.593939
1.654222
1.587497
1.652660
1.605807
1.629730
1.605074
1.642933
1.625213
1.614707
1.613315
1.622736
1.663440
1.652266
1.566784
1.581954
1.610785
1.628929
1.620228
1.625670
1.597321
1.586614
1.594767
1.613601
1.606190
1.648805
1.614793
1.612316
1.639776
1.623451
1.592329
1.625788
1.635728
1.639241
1.603572
1.626778
1.622701
1.614160
1.621667
1.615784
1.619651
1.621584
1.615721
1.608924
1.613298
1.623352
1.624164
1.627048
1.671588
1.619009
1.621831
1.593729
1.603618
1.641666
1.622661
1.591194
1.623554
1.629915
1.623520
1.617102
1.608591
1.603488
1.605613
1.605609
1.591425
1.631755
1.655372
1.624627
1.625205
1.610494
1.599156
1.630224
1.664010
1.594888
1.602214
1.630060
1.594612
1.627156
1.614437
1.606762
1.600262
1.612159
1.607986
1.618278
1.603630
1.633948
1.607642
1.614977
1.588434
1.640430
1.626660
1.630409
1.604548
1.605406
1.627742
1.639588
1.641481
1.647312
1.644897
1.615763
1.620979
1.604755
1.639258
1.644679
1.571467
1.586226
1.634272
1.654037
1.619307
1.654891
1.602699
1.631738
1.605116
1.623421
1.653232
1.620161
1.591226
1.620973
1.618015
1.627487
1.628736
1.619182
1.608229
1.599925
1.628255
1.619862
1.606733
1.624474
1.606156
1.651315
1.634809
1.605016
1.610564
1.621706
1.589378
1.609653
1.613196
1.628219
1.595349
1.616313
1.641981
1.582802
1.592263
1.595705
1.620934
1.576669
1.628843
1.612753
1.616668
1.639771
1.629737
1.572252
1.607917
1.627607
1.563542
1.627754
1.629034
1.600129
1.585028
1.639270
1.609172
1.640525
1.610347
1.595601
1.631559
1.633485
1.639769
1.655398
1.623407
1.619915
1.622731
1.591964
1.615352
1.588930
1.622592
1.591159
1.612611
1.625726
1.564693
1.573202
1.636658
1.613418
