1.500000
1.500000
1.500000
1.483125
1.275781
0.793125
0.763385
0.564115
0.575260
0.623958
0.564792
0.508750
0.498281
0.524115
0.528490
0.505052
0.474688
0.461667
0.466354
0.473854
0.499427
0.530104
0.508281
0.504524
0.486250
0.482240
0.436615
0.462917
0.500104
0.490417
0.466615
0.432240
0.413854
0.445677
0.539427
0.519792
0.443021
0.574427
0.648125
0.673281
0.575781
0.494948
0.429948
0.446823
0.411563
0.423438
0.418542
0.417500
0.448125
0.363229
0.414063
0.413490
0.435625
0.428125
0.447240
0.418906
0.408438
0.407760
0.407656
0.386406
0.329010
0.359844
0.335417
0.359688
0.341719
0.366354
0.424896
0.362760
0.390885
0.379323
0.393438
0.368810
0.344271
0.335990
0.322083
0.345260
0.376875
0.387604
0.358177
0.294896
0.333177
0.385313
0.371198
0.336198
0.327760
0.288021
0.322760
0.333021
0.348594
0.343073
0.341406
0.333125
0.354948
0.337031
0.313802
0.364524
0.339583
0.329479
0.370417
0.338854
0.290677
0.328021
0.319531
0.308438
0.284063
0.303229
0.284375
0.318021
0.403906
0.371146
0.315938
0.395625
0.408438
0.381875
0.353698
0.298542
0.347448
0.347031
0.299323
0.292381
0.300729
0.298750
0.295573
0.319479
0.286042
0.336458
0.316250
0.295313
0.325938
0.314896
0.319844
0.308333
0.379115
0.337969
0.316615
0.248073
0.260729
0.254063
0.265885
0.284635
0.284063
0.325313
0.314896
0.264524
0.308854
0.292917
0.287188
0.291146
0.288021
0.270104
0.283073
0.263229
0.279063
0.289740
0.249583
0.270677
0.270156
0.318854
0.292604
0.346094
0.275365
0.272813
0.243646
0.241094
0.260625
0.232031
0.253281
0.301786
0.380521
0.306250
0.254323
0.315260
0.299115
0.277552
0.295469
0.262917
0.315885
0.240521
0.248385
0.288281
0.244375
0.256667
0.353958
0.301510
0.268385
0.266979
0.200469
0.271510
0.241250
0.268646
0.269896
0.245952
0.247865
0.259167
0.230208
0.220521
0.203802
0.217656
0.223646
0.261458
0.269167
0.238490
0.235469
0.241406
0.241510
0.232292
0.241302
0.247135
0.196094
0.231146
0.228177
0.207083
0.238333
0.229063
0.255833
0.258929
0.244583
0.244063
0.221250
0.207240
0.249896
0.228229
0.216927
0.218958
0.248229
0.204792
0.203281
0.218125
0.210156
0.223438
0.214531
0.205208
0.203021
0.186354
0.193906
0.181510
0.189115
0.203646
0.220104
0.182976
0.215000
0.214010
0.218073
0.200365
0.202396
0.202969
0.198438
0.223594
0.170417
0.219115
0.179323
0.202031
0.208646
0.215938
0.201979
0.190208
0.171615
0.193646
0.142292
0.186927
0.187240
0.182708
0.195677
0.199643
0.168490
0.186563
0.193125
0.184896
0.190208
0.186458
0.188021
0.192917
0.188802
0.198542
0.172708
0.170313
0.187240
0.149583
0.191302
0.163333
0.172031
0.205885
0.189323
0.158021
0.150156
0.203229
0.184688
0.158929
0.184740
0.184896
0.167083
0.169063
0.172604
0.165573
0.166354
0.162396
0.155521
0.168177
0.192240
0.177396
0.171771
0.165677
0.182031
0.152813
0.182865
0.151250
0.164688
0.166771
0.177865
0.175052
0.164271
0.153095
0.146146
0.145573
0.180833
0.188385
0.169792
0.151563
0.177813
0.157760
0.163750
0.152135
0.156458
0.134896
0.154063
0.175469
0.148802
0.187969
0.149896
0.179740
0.141354
0.162917
0.155104
0.175990
0.165833
0.187619
0.160729
0.160625
0.152135
0.162083
0.149219
0.177865
0.135365
0.170573
0.146198
0.151146
0.155781
0.142188
0.154427
0.152292
0.131979
0.142083
0.180937
0.162448
0.128281
0.134635
0.159115
0.149323
0.145469
0.167262
0.123177
0.155313
0.149010
0.145417
0.152240
0.134740
0.167865
0.142292
0.141771
0.161667
0.121563
0.150469
0.175469
0.136406
0.158698
0.138542
0.153281
0.175573
0.175625
0.166406
0.160156
0.125990
0.150313
0.167381
0.167708
0.136875
0.130885
0.140729
0.186094
0.133333
0.120521
0.148281
0.118438
0.145000
0.129792
0.142656
0.115365
0.131927
0.163750
0.144271
0.127865
0.140781
0.129792
0.139323
0.107188
0.138438
0.117813
0.170000
0.133698
0.128646
0.127760
0.133229
0.138438
0.117813
0.142500
0.136510
0.153698
0.127813
0.127240
0.125573
0.131406
0.148854
0.134167
0.135781
0.147188
0.155052
0.173385
0.124063
0.140573
0.110625
0.161979
0.102143
0.123229
0.114948
0.138958
0.147448
0.125156
0.120208
0.120000
0.131250
0.134479
0.125052
0.107135
0.130260
0.144323
0.126927
0.123073
0.145417
0.131563
0.124427
0.131302
0.125677
0.111302
0.109896
0.107135
0.125238
0.108073
0.134062
0.134844
0.140313
0.123958
0.129010
0.149010
0.132760
0.118698
0.117604
0.114740
0.148698
0.106823
0.116510
0.088906
0.127969
0.123229
0.108073
0.111406
0.109167
0.138490
0.115573
0.143698
0.085476
0.131510
0.102865
0.111719
0.115052
0.113490
0.114063
0.123958
0.093594
0.130833
0.106823
0.123385
0.114583
0.109896
0.110260
0.123854
0.137708
0.120156
0.115990
0.114010
0.122865
