2.304963
2.295196
2.288032
2.280250
2.270393
2.276413
2.277585
2.252961
2.216636
2.160941
2.101435
2.118803
2.109393
2.054406
2.087168
2.028567
1.945943
1.835761
1.793141
1.792041
1.799021
1.800344
1.769078
1.731147
1.780715
1.739109
1.757595
1.688285
1.727823
1.698072
1.702587
1.696475
1.626774
1.667560
1.678833
1.708058
1.676047
1.777013
1.697353
1.656385
1.685141
1.676465
1.620170
1.664760
1.634889
1.672088
1.666527
1.649542
1.655996
1.667432
1.636412
1.625878
1.636293
1.635700
1.608455
1.636145
1.587022
1.639296
1.627617
1.637130
1.601726
1.627535
1.623880
1.613759
1.566834
1.607270
1.650934
1.601316
1.607082
1.601543
1.645288
1.643865
1.645726
1.619609
1.570286
1.605555
1.567549
1.578058
1.594332
1.636071
1.613250
1.607171
1.570786
1.607435
1.592187
1.641042
1.602406
1.575382
1.571484
1.575240
1.636881
1.640949
1.559304
1.616126
1.653191
1.573693
1.654971
1.601734
1.610842
1.607978
1.582048
1.584449
1.572245
1.624684
1.575521
1.607834
1.607350
1.619217
1.570248
1.612270
1.630534
1.569296
1.547921
1.604727
1.595577
1.531512
1.631488
1.580212
1.582096
1.595716
1.625800
1.617998
1.566517
1.528520
1.591299
1.636389
1.568450
1.614767
1.555360
1.589281
1.589100
1.609694
1.583815
1.560081
1.588186
1.595385
1.610610
1.580743
1.572438
1.577674
1.612985
1.552849
1.580702
1.553516
1.620176
1.542523
1.600604
1.579116
1.611302
1.605411
1.650647
1.541044
1.575023
1.572853
1.552145
1.542587
1.554799
1.552873
1.625607
1.583579
1.569448
1.577545
1.596139
1.589912
1.556548
1.543444
1.592836
1.545117
1.593164
1.567257
1.607003
1.598602
1.595567
1.604200
1.598417
1.581088
1.539922
1.643323
1.595564
1.563743
1.608809
1.546833
1.575804
1.609886
1.601595
1.614617
1.521374
1.642174
1.579601
1.562014
1.560462
1.587046
1.580204
1.625403
1.624561
1.559421
1.564920
1.583530
1.551556
1.550968
1.610840
1.561148
1.589707
1.559944
1.571327
1.565149
1.558124
1.618176
1.563515
1.564109
1.574927
1.612694
1.609599
1.582966
1.585260
1.563723
1.636254
1.563927
1.568095
1.568170
1.566959
1.504256
1.537378
1.575176
1.562386
1.572129
1.538887
1.619425
1.518498
1.544859
1.600910
1.590660
1.556192
1.581603
1.605051
1.597347
1.568387
1.531692
1.577573
1.589552
1.547537
1.611054
1.563763
1.605964
1.569500
1.562866
1.542421
1.586770
1.558823
1.558252
1.539234
1.571023
1.575555
1.567560
1.621629
1.550818
1.576985
1.587592
1.545027
1.559466
1.594532
1.622010
1.545582
1.570701
1.557719
1.589478
1.602275
1.575674
1.564829
1.586925
1.564882
1.576479
1.564556
1.572118
1.576279
1.578935
1.579231
1.570928
1.555243
1.567599
1.553694
1.555417
1.616471
1.582496
1.548330
1.545563
1.618981
1.575620
1.590940
1.571175
1.566313
1.565121
1.513607
1.555440
1.564936
1.564950
1.571395
1.559953
1.561054
1.557340
1.553121
1.545155
1.565541
1.617301
1.602966
1.609025
1.576936
1.557360
1.569246
1.554466
1.569777
1.537930
1.560661
1.582325
1.588463
1.615315
1.566572
1.559665
1.553657
1.596446
1.582942
1.551265
1.536374
1.557662
1.572369
1.528209
1.584391
1.547538
1.580372
1.579041
1.552810
1.542194
1.529117
1.559678
1.581328
1.556441
1.564734
1.588781
1.564442
1.590900
1.515639
1.559525
1.572956
1.548311
1.599685
1.574278
1.546000
1.597501
1.602388
1.568583
1.575418
1.594779
1.560753
1.522639
1.566057
1.537405
1.586189
1.548879
1.569495
1.559753
1.578878
1.536340
1.525683
1.576393
1.567744
1.555410
1.569937
1.620793
1.545655
1.516858
1.563848
1.570265
1.567768
1.604464
1.511984
1.556318
1.564680
1.560757
1.577510
1.599846
1.533066
1.613420
1.563163
1.555453
1.556089
1.533869
1.569006
1.560244
1.602893
1.529472
1.573553
1.582641
1.553463
1.571372
1.554728
1.530409
1.542327
1.565276
1.515124
1.574469
1.623015
1.582734
1.575543
1.552447
1.588345
1.581285
1.564140
1.563361
1.573949
1.549179
1.601362
1.561834
1.558548
1.530205
1.573972
1.574934
1.513449
1.575887
1.558499
1.561807
1.579107
1.572874
1.579225
1.603773
1.574044
1.612008
1.556958
1.557633
1.586166
1.535447
1.518967
1.545141
1.572982
1.543186
1.567691
1.590360
1.544844
1.574714
1.519025
1.572526
1.556972
1.557985
1.563768
1.566592
1.574653
1.575938
1.567705
1.568350
1.523357
1.498550
1.584612
1.569684
1.561850
1.568960
1.564108
1.520324
1.541174
1.561348
1.537629
1.534554
1.558217
1.592135
1.555385
1.528393
1.570150
1.563617
1.566847
1.527991
1.579355
1.534900
1.550352
1.591177
1.584629
1.571873
1.609537
1.538764
1.594321
1.506251
1.585968
1.562593
1.533549
1.541390
1.562011
1.537416
1.574909
1.539510
1.588885
1.590564
1.535384
1.559488
1.578461
1.546751
1.563066
1.642471
1.580306
1.567918
1.571669
1.548280
1.524821
1.589858
