2.303383
2.301056
2.296098
2.299959
2.294659
2.289188
2.273273
2.250845
2.271007
2.259732
2.240788
2.180661
2.169863
2.187542
2.152808
2.118198
2.087336
2.065617
2.023727
1.930859
1.905450
1.919606
1.958559
1.896974
1.849299
1.836029
1.786029
1.834956
1.809957
1.810181
1.811698
1.803096
1.789988
1.793118
1.755592
1.733960
1.763548
1.761734
1.684548
1.732291
1.701723
1.734100
1.760303
1.725362
1.784922
1.725949
1.707348
1.682582
1.716101
1.673127
1.650069
1.683487
1.682225
1.672784
1.723147
1.697779
1.656238
1.692677
1.667544
1.626621
1.682402
1.647679
1.657243
1.679629
1.619205
1.658127
1.634691
1.644245
1.668503
1.700352
1.620754
1.642879
1.648033
1.589335
1.596450
1.572101
1.595859
1.630982
1.592814
1.594592
1.612600
1.615359
1.628366
1.656929
1.646604
1.628980
1.611815
1.614979
1.630203
1.618507
1.609125
1.597073
1.586425
1.617405
1.618116
1.585870
1.559246
1.582734
1.606581
1.617146
1.612351
1.578579
1.610200
1.622890
1.588850
1.622671
1.666604
1.600965
1.612275
1.639763
1.596486
1.566435
1.562360
1.570828
1.568743
1.574127
1.570624
1.624266
1.593874
1.584036
1.611337
1.579667
1.610263
1.599054
1.591590
1.571768
1.616574
1.587754
1.531199
1.575484
1.603472
1.586458
1.571916
1.590608
1.579422
1.604461
1.590340
1.601300
1.568823
1.591050
1.621332
1.559960
1.568741
1.580369
1.600669
1.560910
1.578765
1.568236
1.558890
1.586674
1.587636
1.592683
1.584596
1.554322
1.567427
1.593283
1.600844
1.560014
1.591177
1.590815
1.580449
1.551680
1.603867
1.581525
1.566007
1.557026
1.573051
1.562697
1.542650
1.597593
1.561201
1.545723
1.589651
1.592616
1.560225
1.556526
1.566371
1.588275
1.557364
1.609926
1.565743
1.557434
1.564812
1.566493
1.533022
1.543188
1.573343
1.577357
1.599731
1.536776
1.620177
1.566385
1.564613
1.545553
1.558108
1.560269
1.535537
1.556792
1.557229
1.526759
1.603582
1.592573
1.578411
1.586892
1.562942
1.560555
1.569245
1.544378
1.551151
1.571836
1.567229
1.570786
1.568417
1.546229
1.558214
1.584166
1.564117
1.559826
1.594465
1.548547
1.572618
1.545327
1.549182
1.555808
1.558357
1.597325
1.574522
1.537747
1.589173
1.550884
1.581898
1.548959
1.532578
1.547884
1.553083
1.548022
1.538888
1.568118
1.585604
1.562976
1.575044
1.541599
1.549672
1.570527
1.596782
1.565178
1.562557
1.538743
1.550116
1.528014
1.574641
1.557458
1.593379
1.558584
1.544552
1.535449
1.585320
1.535177
1.573314
1.533883
1.540989
1.556206
1.516953
1.569772
1.566480
1.622609
1.555752
1.526362
1.558112
1.583487
1.530993
1.563042
1.541354
1.547832
1.546366
1.591236
1.590532
1.541193
1.550295
1.546968
1.567139
1.539217
1.536207
1.551471
1.541959
1.533582
1.534377
1.548249
1.576668
1.555965
1.557524
1.563410
1.566631
1.560381
1.546366
1.562067
1.580399
1.538262
1.579106
1.555261
1.520520
1.537459
1.521814
1.551832
1.521369
1.529365
1.540072
1.526035
1.545075
1.569744
1.525138
1.573727
1.530077
1.541609
1.529767
1.563674
1.561048
1.532846
1.548637
1.584050
1.571424
1.523506
1.520649
1.548234
1.538565
1.529881
1.512314
1.578381
1.535751
1.536855
1.531546
1.546667
1.512657
1.569524
1.514403
1.554048
1.594919
1.535458
1.520417
1.526776
1.545308
1.577485
1.526198
1.535773
1.582416
1.533580
1.550836
1.554407
1.565338
1.535632
1.575405
1.533502
1.528287
1.560992
1.569226
1.537022
1.522767
1.524883
1.544727
1.539475
1.548915
1.513729
1.523471
1.513293
1.541074
1.512873
1.531544
1.550673
1.506143
1.538828
1.538946
1.525765
1.556469
1.530879
1.549652
1.551335
1.545019
1.557740
1.548441
1.509237
1.532598
1.536827
1.542828
1.550821
1.548772
1.561674
1.526831
1.541133
1.533607
1.552785
1.549812
1.559360
1.549172
1.540140
1.510697
1.520858
1.544467
1.556469
1.576031
1.531065
1.543984
1.546370
1.524478
1.569872
1.526419
1.523614
1.524813
1.539705
1.536331
1.541946
1.511286
1.536651
1.506679
1.500973
1.545033
1.523437
1.530294
1.528830
1.514365
1.547065
1.550652
1.527259
1.538680
1.524032
1.524901
1.504532
1.536778
1.517238
1.522725
1.559941
1.549997
1.522601
1.559086
1.519851
1.539373
1.510028
1.552605
1.527256
1.526648
1.521821
1.522867
1.529493
1.515948
1.539959
1.522957
1.519065
1.548114
1.561226
1.520476
1.570737
1.559821
1.546172
1.558894
1.565610
1.560527
1.507532
1.529881
1.595442
1.514608
1.532166
1.535981
1.553042
1.586403
1.536751
1.508936
1.541954
1.545066
1.537333
1.514993
1.501379
1.533095
1.535903
1.515669
1.531120
1.501179
1.543452
1.524415
1.531681
1.556952
1.520987
1.507932
1.519528
1.512132
1.557334
1.509674
1.518932
1.571586
1.532723
1.532212
1.548629
1.538669
1.535885
1.543735
1.522310
1.529057
1.536629
1.513801
1.509656
1.533794
1.548495
