2.289643
2.307438
2.322965
2.278879
2.308696
2.321824
2.307100
2.288534
2.268063
2.316694
2.320243
2.306428
2.299266
2.286460
2.301390
2.303387
2.291469
2.313457
2.292748
2.242912
2.292291
2.306815
2.311682
2.211470
2.140278
2.110392
2.356416
2.290926
2.250702
2.464926
2.229640
2.004320
1.947562
2.395107
2.536777
2.517939
2.318153
1.960636
2.454668
2.605409
2.573979
2.578933
2.544136
2.276075
2.462467
2.456989
2.373885
2.453673
2.440698
2.327430
2.509221
2.459897
2.450353
2.456077
2.405810
2.384580
2.453844
2.454808
2.451841
2.455278
2.454808
2.454808
2.449100
2.450663
2.444828
2.455792
2.456390
2.424597
2.449726
2.444219
2.453903
2.453729
2.420820
2.447256
2.454808
2.460452
2.441406
2.346102
2.440413
2.458844
2.461282
2.431104
2.211082
2.186600
2.294047
2.479977
2.452102
2.095354
1.838792
1.763840
1.731441
1.751303
1.721212
1.713956
1.711732
1.696646
1.688283
1.678667
1.677136
1.668840
1.667924
1.707669
1.724352
1.710328
1.677691
1.614242
1.647551
1.602925
1.661746
1.786370
2.008582
2.194422
2.300268
2.302585
2.302585
2.302585
2.302585
2.302585
2.302585
2.302585
2.302585
2.302585
2.302585
2.302734
2.302883
2.302635
2.302585
2.302585
2.302585
2.302585
2.302585
2.302585
2.302585
2.302585
2.302585
2.302585
2.302585
2.302585
2.302585
2.302635
2.302585
2.302585
2.302585
2.302585
2.302585
2.302585
2.302585
2.302585
2.302585
2.302585
2.302585
2.302585
2.302585
2.302585
2.302585
2.302585
2.302585
2.302585
2.302585
2.302585
2.302585
2.302585
2.302585
2.302585
2.302585
2.302585
2.302585
2.302585
2.302585
2.302585
2.302585
2.302585
2.302585
2.302585
2.302585
2.302585
2.302585
2.302585
2.302585
2.302585
2.302585
2.302585
2.302585
2.302585
2.302585
2.302585
2.302585
2.302585
2.302585
2.302585
2.302585
2.302585
2.302585
2.302585
2.302585
2.302585
2.302585
2.302585
2.302585
2.302585
2.302585
2.302585
2.302585
2.302585
2.302585
2.302585
2.302585
2.302585
2.302585
2.302585
2.302585
2.302585
2.302585
2.302585
2.302585
2.302585
2.302585
2.302585
2.302585
2.302585
2.302585
2.302585
2.302585
2.302585
2.302585
2.302585
2.302585
2.302585
2.302585
2.302585
2.302585
2.302585
2.302585
2.302585
2.302585
2.302585
2.302585
2.302585
2.302585
2.302585
2.302585
2.302585
2.302585
2.302585
2.302585
2.302585
2.302585
2.302585
2.302585
2.302585
2.302585
2.302585
2.302585
2.302585
2.302635
2.302635
2.302585
2.302585
2.302585
2.302585
2.302585
2.302585
2.302585
2.302585
2.302585
2.302585
2.302585
2.302585
2.302322
2.302456
2.302208
2.302421
2.302585
2.302585
2.302585
2.302585
2.302585
2.302585
2.302585
2.302585
2.302585
2.302585
2.302585
2.302109
2.302734
2.302734
2.302422
2.303180
2.304121
2.302734
2.302406
2.301987
2.291288
2.278701
2.280282
2.305112
2.303229
2.303431
2.303895
2.304800
2.305534
2.310374
2.317291
2.318760
2.316840
2.304462
2.302884
2.307067
2.316714
2.304494
2.280145
2.232678
2.198788
2.191382
2.240100
2.310092
2.309731
2.313579
2.308779
2.313159
2.326042
2.349362
2.352627
2.366612
2.338257
2.326044
2.333843
2.327455
2.325711
2.240452
2.204254
2.159082
2.185413
2.217358
2.249521
2.304396
2.323600
2.338131
2.347044
2.365469
2.387840
2.349162
2.314507
2.269943
2.228871
2.150270
2.127302
2.065919
2.071123
2.208313
2.339261
2.396101
2.389333
2.337584
2.265712
2.190770
2.248485
2.332372
2.391800
2.328184
2.262853
2.188294
2.095875
1.994737
1.994864
2.116553
2.389886
2.526709
2.557909
2.547522
2.526537
2.513872
2.428035
2.303594
2.301576
2.411516
2.525239
2.507226
2.569260
2.517791
2.602034
2.586014
2.547861
2.629812
2.617521
2.631644
2.600867
2.583226
2.669854
2.548381
2.553682
2.577530
2.632210
2.624384
2.617061
2.617267
2.633521
2.578947
2.617667
2.556278
2.595153
2.571418
2.603075
2.611297
2.618884
2.619151
2.611451
2.595373
2.549561
2.603295
2.611319
2.595348
2.611244
2.572501
2.604063
2.572638
2.634393
2.641744
2.618932
2.588675
2.595536
2.549146
2.579232
2.587414
2.564379
2.611218
2.642081
2.664472
2.594507
2.595090
2.640812
2.595064
2.572149
2.610533
2.587181
2.609665
2.609571
2.617551
2.601420
2.578301
2.616221
2.600769
2.622259
2.591488
2.559537
2.613171
2.625925
2.617518
2.599956
2.638364
2.573609
2.558910
2.491626
2.486768
2.487247
2.510737
2.470780
2.474151
2.520600
2.475352
2.437080
2.428668
2.335757
2.334439
2.303620
2.288124
2.268861
2.259615
2.250299
2.263295
2.281891
2.297188
2.313321
2.326656
2.328959
2.334513
2.331184
2.325367
2.318566
2.309519
2.293490
2.298189
2.301610
2.301338
2.303115
2.303972
2.305360
2.306946
2.305806
2.303874
2.302982
2.302685
2.302585
2.302585
2.302585
2.302585
2.302585
2.302585
2.302585
2.302585
