2.307194
2.308257
2.311837
2.317803
2.328335
2.345505
2.368524
2.404035
2.432463
2.378945
2.307178
2.244814
2.257902
2.259928
2.246047
2.262712
2.247250
2.233713
2.227675
2.233502
2.209834
2.182104
2.239875
2.237963
2.220247
2.155625
2.218793
2.188301
2.216736
2.121313
2.160683
2.169350
2.117393
2.093549
2.092759
2.105278
2.053478
2.077869
2.102131
2.142288
2.143288
2.181544
2.155887
2.178326
2.155204
2.198696
2.223108
2.265357
2.309129
2.341634
2.262458
2.155488
2.095354
2.068133
2.039861
2.024445
2.004706
2.004323
1.981596
1.959315
1.930272
1.961472
1.949339
1.941437
1.971992
1.956776
1.945687
1.921337
1.893103
1.821892
1.779895
1.805297
1.799704
1.794572
1.806852
1.915133
1.860966
1.812757
1.820919
1.802249
1.803573
1.781260
1.775000
1.778283
1.784770
1.777745
1.803576
1.768253
1.762781
1.733651
1.747763
1.753523
1.744940
1.741586
1.786927
1.735152
1.754867
1.782231
1.743186
1.721895
1.726194
1.763351
1.777630
1.775308
1.744102
1.725121
1.736094
1.712437
1.727097
1.729662
1.747870
1.729902
1.714429
1.704901
1.736899
1.690270
1.704624
1.694116
1.695105
1.689446
1.699704
1.719207
1.716018
1.692576
1.676267
1.692779
1.699213
1.712036
1.685984
1.745623
1.695720
1.676428
1.709162
1.698253
1.707733
1.731813
1.700754
1.696880
1.696848
1.730869
1.688991
1.677660
1.683402
1.705851
1.701153
1.698656
1.696870
1.697627
1.677875
1.697325
1.684970
1.683712
1.674409
1.679867
1.683338
1.710888
1.687403
1.708104
1.684784
1.683462
1.725604
1.690659
1.673248
1.680697
1.703784
1.698034
1.691092
1.689938
1.671484
1.690431
1.686012
1.691437
1.676923
1.676752
1.686121
1.702270
1.697365
1.720642
1.720874
1.678940
1.748010
1.695919
1.722879
1.743849
1.759427
1.780808
1.790661
1.826135
1.818207
1.816836
1.739591
1.703116
1.676285
1.674011
1.684805
1.688510
1.689471
1.694118
1.706779
1.752847
1.701513
1.673708
1.669972
1.673265
1.658829
1.659856
1.673401
1.692913
1.696300
1.686270
1.693557
1.739645
1.681031
1.699944
1.714348
1.681322
1.732271
1.708474
1.710738
1.660791
1.672762
1.676552
1.694612
1.672277
1.666321
1.699228
1.694969
1.676799
1.691777
1.715216
1.679283
1.671325
1.664875
1.669998
1.689682
1.648606
1.682999
1.672523
1.669791
1.679135
1.653542
1.693305
1.681491
1.679124
1.658674
1.660023
1.646341
1.659464
1.670805
1.661013
1.681332
1.677569
1.710707
1.646256
1.655547
1.654942
1.659634
1.662684
1.663798
1.663448
1.667786
1.676976
1.677077
1.651731
1.663870
1.626459
1.654094
1.653263
1.648462
1.648844
1.645631
1.619832
1.640557
1.659267
1.649467
1.637450
1.649411
1.663953
1.644307
1.636303
1.648548
1.616076
1.639287
1.660303
1.658990
1.645867
1.639842
1.622225
1.639823
1.640187
1.637753
1.642151
1.629729
1.637769
1.636761
1.641467
1.636551
1.621700
1.651561
1.642950
1.635925
1.624261
1.622460
1.618780
1.637775
1.629846
1.639069
1.637296
1.633514
1.658120
1.647999
1.636169
1.624636
1.611206
1.606022
1.627896
1.623809
1.631269
1.629964
1.628179
1.631496
1.635598
1.630777
1.603045
1.626564
1.602431
1.629732
1.633025
1.628578
1.619338
1.609859
1.632904
1.612065
1.636016
1.643371
1.638781
1.622745
1.632062
1.653927
1.659573
1.658451
1.669135
1.632055
1.630472
1.623865
1.669685
1.616277
1.628386
1.617969
1.638149
1.633054
1.617380
1.625965
1.610228
1.620316
1.639152
1.631501
1.626578
1.624191
1.593355
1.617105
1.630431
1.638012
1.622908
1.642007
1.619728
1.640323
1.631687
1.659152
1.651364
1.666554
1.662232
1.630871
1.649077
1.629708
1.642355
1.653382
1.644115
1.629437
1.621503
1.628729
1.636594
1.641636
1.616266
1.624990
1.637548
1.654258
1.615448
1.640343
1.625576
1.615325
1.681322
1.644595
1.676390
1.669165
1.693044
1.763565
1.735200
1.727289
1.682066
1.713103
1.677145
1.668869
1.661391
1.682612
1.681090
1.725534
1.731961
1.656716
1.672640
1.667751
1.638720
1.645970
1.629956
1.658691
1.669656
1.640321
1.628811
1.610221
1.629450
1.619874
1.646308
1.636652
1.646123
1.642070
1.648244
1.658707
1.654532
1.659113
1.656854
1.624561
1.609153
1.632962
1.613983
1.620354
1.611758
1.620608
1.606821
1.618505
1.610541
1.601719
1.610027
1.617619
1.603647
1.597386
1.618618
1.625826
1.609267
1.595558
1.606845
1.591990
1.625956
1.614295
1.591379
1.585685
1.589400
1.612782
1.618279
1.637008
1.617245
1.623561
1.612321
1.577939
1.617779
1.588725
1.578659
1.585035
1.583135
1.575362
1.603737
1.589442
1.632965
1.631509
1.617625
1.620577
1.616043
1.662950
1.583873
1.586186
1.604204
1.584081
1.587787
1.597286
1.614192
1.643190
1.614170
1.600953
1.620032
1.606424
1.598914
1.620608
1.612725
1.606250
1.636426
1.618787
1.632288
1.648067
1.627458
1.605750
1.638064
