2.297990
2.298682
2.293988
2.279283
2.268263
2.260784
2.208239
2.221522
2.235539
2.248895
2.209082
2.201030
2.173110
2.144360
2.127642
2.039813
2.035561
2.030314
2.015751
1.962661
1.938325
1.899415
1.907929
1.796379
1.897297
1.874312
1.818346
1.801564
1.794638
1.768983
1.827740
1.709233
1.751842
1.791356
1.749745
1.790677
1.750077
1.791956
1.708659
1.678507
1.810651
1.796782
1.811134
1.772580
1.774901
1.743700
1.711820
1.787946
1.695332
1.698953
1.748546
1.717104
1.686622
1.704608
1.759233
1.714623
1.710123
1.667646
1.772209
1.727340
1.724851
1.641201
1.650389
1.668117
1.697938
1.670244
1.630457
1.648859
1.640759
1.736986
1.707789
1.649851
1.689508
1.694075
1.692851
1.712415
1.675673
1.657244
1.637361
1.678542
1.678980
1.692223
1.661130
1.670672
1.681906
1.650638
1.650994
1.637833
1.644392
1.643974
1.689372
1.685093
1.666460
1.659159
1.658872
1.598612
1.679515
1.608434
1.681183
1.625598
1.573516
1.612311
1.668256
1.714258
1.632325
1.657267
1.650897
1.639639
1.661981
1.645889
1.630738
1.634706
1.638398
1.626750
1.645887
1.622677
1.609110
1.624103
1.693420
1.706321
1.658426
1.630806
1.635395
1.633254
1.588909
1.612511
1.655278
1.657475
1.618394
1.613246
1.613617
1.644668
1.645760
1.612008
1.629375
1.626966
1.640479
1.616997
1.586962
1.704803
1.652410
1.654324
1.630726
1.676706
1.653631
1.613461
1.629280
1.645411
1.653676
1.590909
1.646741
1.618157
1.592171
1.637637
1.640191
1.634161
1.617529
1.657701
1.614001
1.623934
1.612300
1.680042
1.627218
1.622937
1.604936
1.586936
1.643403
1.609305
1.654873
1.612973
1.629097
1.615865
1.619705
1.608559
1.649442
1.702244
1.644557
1.620272
1.635284
1.604178
1.640579
1.591355
1.641199
1.615166
1.636885
1.604847
1.657362
1.651791
1.588345
1.631734
1.642561
1.657273
1.598315
1.603785
1.656687
1.617507
1.650344
1.673069
1.632473
1.634525
1.606571
1.600543
1.633240
1.669560
1.655142
1.590840
1.627809
1.613325
1.668950
1.636636
1.598612
1.605048
1.619207
1.609781
1.654662
1.566796
1.633837
1.624323
1.670303
1.577596
1.632936
1.615644
1.621191
1.580503
1.577904
1.612344
1.584584
1.642514
1.649356
1.621714
1.629149
1.625576
1.611935
1.575724
1.614558
1.608903
1.628329
1.615898
1.627029
1.620999
1.587698
1.634689
1.568882
1.617378
1.653819
1.635673
1.662315
1.648891
1.616393
1.600526
1.595171
1.592460
1.594334
1.595766
1.539260
1.588175
1.635075
1.606928
1.621853
1.613555
1.647785
1.676422
1.629636
1.633213
1.617424
1.557454
1.622614
1.592205
1.619104
1.610529
1.596682
1.663574
1.573302
1.623304
1.604282
1.602858
1.625802
1.651315
1.633126
1.611213
1.607782
1.611728
1.636024
1.623260
1.597610
1.598905
1.651108
1.645336
1.625321
1.664604
1.592108
1.586487
1.608354
1.606392
1.613870
1.631343
1.565487
1.573489
1.620566
1.588746
1.619896
1.603409
1.569677
1.615966
1.586449
1.592904
1.601405
1.584525
1.616089
1.621010
1.572541
1.597562
1.614096
1.609613
1.602608
1.683393
1.595583
1.589318
1.599302
1.617656
1.674885
1.587517
1.606232
1.596145
1.616694
1.587134
1.575871
1.591572
1.610805
1.626535
1.570413
1.660459
1.618318
1.647553
1.632953
1.643473
1.591934
1.662885
1.592678
1.601282
1.571116
1.608003
1.658733
1.620281
1.596599
1.579788
1.632093
1.611473
1.549192
1.608692
1.604412
1.570246
1.616324
1.583237
1.605955
1.623279
1.617403
1.602724
1.628240
1.604140
1.568999
1.668562
1.617977
1.602726
1.589408
1.627316
1.577578
1.533039
1.604534
1.604199
1.612415
1.625806
1.634621
1.585794
1.640513
1.680374
1.583166
1.577580
1.574009
1.583582
1.584068
1.589593
1.619880
1.652099
1.618981
1.580028
1.570512
1.571035
1.644577
1.595192
1.604215
1.596504
1.619105
1.605582
1.610147
1.621543
1.608463
1.622333
1.586329
1.548324
1.609726
1.615652
1.620792
1.614063
1.613713
1.583923
1.620131
1.634804
1.618160
1.583900
1.616334
1.611752
1.571578
1.593328
1.579263
1.619373
1.576866
1.575308
1.590769
1.559373
1.601248
1.589787
1.613407
1.598186
1.580899
1.556237
1.581121
1.610092
1.607943
1.613321
1.633628
1.622800
1.609914
1.612831
1.615124
1.610735
1.639535
1.606585
1.616632
1.626740
1.597311
1.598269
1.633168
1.583153
1.574597
1.573607
1.615071
1.613874
1.613011
1.593514
1.585825
1.605298
1.583005
1.578758
1.573092
1.625116
1.636539
1.613479
1.615886
1.565512
1.573829
1.572552
1.569190
1.597637
1.549260
1.623337
1.593874
1.626117
1.599869
1.599413
1.599589
1.596732
1.617389
1.581478
1.627252
1.618003
1.576465
1.589693
1.596501
1.610430
1.593975
1.597828
1.611542
1.596453
1.622600
1.629487
1.574271
1.601543
1.625581
1.559282
1.581561
1.609586
1.604133
1.601764
1.545845
1.599341
1.564548
1.586962
1.601138
1.622126
