2.377707
2.387209
2.402675
2.414894
2.465251
2.479078
2.532881
2.571494
2.620257
2.702805
2.768622
2.768571
2.910735
2.879189
3.057412
3.171806
3.279238
3.200008
3.331767
3.478935
3.466209
3.565131
3.609790
3.708527
3.692498
3.638005
3.663484
3.700937
3.723072
3.764876
3.684902
3.744821
3.628965
3.676088
4.084575
4.345909
4.503753
4.658054
5.167202
5.116649
4.941394
4.856143
5.184762
4.982278
4.655481
4.669446
4.603461
4.604579
4.462739
4.265972
4.372763
4.326965
4.223536
4.427042
4.109206
4.098306
4.079957
4.314519
4.116745
4.272447
4.357949
4.197260
4.380553
4.587385
4.376817
4.465459
4.319178
4.761800
4.575068
5.006579
4.943142
5.303834
5.284411
5.560365
5.969436
6.630862
6.899714
7.411398
7.799117
8.241961
8.491516
8.878177
9.067007
8.974257
9.374098
9.191880
8.907194
9.939724
10.072469
10.410725
10.276499
11.238417
12.034128
10.681584
12.069897
13.048060
15.554386
17.727049
18.616501
19.443604
24.940336
26.959412
30.397652
32.251919
32.653984
39.301125
47.486008
50.983345
56.164856
61.097797
62.772724
62.310459
59.395485
73.123322
76.475334
87.313309
82.707062
95.848213
81.538879
122.124458
111.865807
112.579735
124.976097
95.276978
198.605743
316.108368
472.980804
436.278900
368.873444
199.901505
88.960678
18.179422
17.899597
3.133781
2.516162
2.417055
2.375888
2.355867
2.346422
2.369487
2.338785
2.350563
2.332981
2.346404
2.322911
2.303064
2.294304
2.300558
2.299702
2.300414
2.304607
2.321494
2.277505
2.288680
2.288567
2.312379
2.293875
2.294109
2.289099
2.299085
2.299490
2.300499
2.280193
2.292032
2.293423
2.290359
2.294798
2.290915
2.295012
2.294601
2.296462
2.304381
2.302221
2.307758
2.303309
2.310757
2.311417
2.310870
2.317966
2.313722
2.316430
2.319360
2.311218
2.320824
2.321746
2.317201
2.309823
2.317768
2.314227
2.292937
2.307928
2.315941
2.312145
2.309767
2.308112
2.303848
2.302698
2.297344
2.297282
2.291715
2.283522
2.276660
2.288593
2.288161
2.288459
2.275873
2.268871
2.274699
2.271790
2.273099
2.270758
2.266596
2.244111
2.255422
2.239825
2.245030
2.264097
2.250130
2.249979
2.236781
2.233872
2.230032
2.220847
2.213314
2.212668
2.217951
2.227737
2.206591
2.199413
2.195771
2.190651
2.221617
2.190716
2.214990
2.172037
2.170487
2.176258
2.172898
2.168615
2.131077
2.117549
2.142742
2.124422
2.129227
2.103952
2.130518
2.089226
2.142587
2.092472
2.076905
2.072918
2.084388
2.067791
2.071117
2.080705
2.032869
2.071179
2.020586
2.017453
2.052718
2.075752
2.097649
2.062802
2.038945
2.043937
2.059083
2.002625
2.060991
2.055280
2.037231
2.054215
2.038787
1.991209
2.055590
1.983905
1.964905
2.028767
2.049471
2.069156
2.015952
1.989222
2.080426
1.923320
1.976122
1.828725
1.843106
1.812253
1.880254
1.969857
1.991848
1.891806
1.907935
1.795510
1.971336
1.860719
1.875177
1.893827
2.186868
1.976311
2.002591
2.404110
2.048823
1.928428
1.795862
1.729712
1.624351
1.941698
1.756018
2.061052
2.040457
2.045954
1.851547
1.940487
1.732848
1.560823
1.927051
1.805837
2.010803
2.070554
1.998902
2.039737
2.040232
1.503490
1.919608
1.646944
1.890073
2.072819
2.219262
1.839858
1.957773
1.736436
1.825389
1.807042
1.859185
1.974395
1.967124
1.635175
1.855963
1.638558
1.762198
1.580054
1.486511
1.721960
1.465349
1.573152
1.653170
1.504675
1.489428
1.599911
1.848422
2.035110
1.966989
1.674782
1.637869
1.365869
1.389258
1.584588
1.558372
1.486217
1.398733
1.450167
1.583239
1.534196
1.569688
1.479086
1.637206
1.325272
1.365200
1.354754
1.182778
1.226154
1.203383
1.113202
1.159862
1.133524
1.156717
1.167372
1.179898
1.337237
1.297295
1.255408
1.301848
1.295961
1.264203
1.235457
1.271231
1.171434
1.192090
1.218020
1.185733
1.211166
1.179907
1.104422
1.173042
1.058151
1.215146
1.081496
1.066992
1.078376
1.107685
1.079673
1.136916
0.999371
0.979986
1.049704
1.011108
1.038164
1.001489
0.929515
1.047946
1.100936
0.921904
1.090737
1.027920
0.925420
0.974179
0.905363
0.904978
0.988380
0.979446
0.977044
1.004428
0.788769
0.878199
1.015508
0.834326
0.987975
0.923858
0.959836
0.939287
0.996215
0.951719
0.861029
0.927761
0.919169
0.836818
0.832959
0.949942
0.921898
0.849934
0.779249
0.824081
0.798546
0.707018
0.969536
0.976909
0.973805
0.891410
1.003141
0.872151
0.756656
0.720103
0.720737
0.760759
0.830692
0.776868
0.793613
0.852923
1.073192
0.803368
0.817051
0.730158
0.739332
0.841982
0.725791
0.857548
1.059031
0.909257
0.884377
0.777025
0.857841
0.921213
1.166093
1.117234
1.301466
1.106470
1.045092
1.164296
1.121413
1.024883
0.786552
0.959221
1.005814
0.801066
1.124502
1.046920
0.908036
0.822879
0.740309
0.868111
0.758648
0.732911
0.902343
0.985720
0.941344
0.789064
0.830409
0.958403
1.006497
0.915347
