2.314237
2.302979
2.303513
2.305565
2.295375
2.286522
2.272042
2.270622
2.261243
2.269242
2.245411
2.216791
2.254058
2.233131
2.242430
2.227556
2.237328
2.206297
2.196068
2.170961
2.165985
2.181923
2.163460
2.153666
2.167044
2.148192
2.113740
2.105487
2.114438
2.129249
2.083807
2.116727
2.114588
2.129374
2.101174
1.996953
2.037248
2.012263
2.001017
1.979867
1.986354
1.936152
1.993448
1.988495
1.934049
1.922631
1.905009
1.910125
1.884531
1.848863
1.855941
1.794322
1.834655
1.771596
1.826822
1.738500
1.714843
1.677974
1.629811
1.663321
1.654547
1.678945
1.641757
1.556921
1.550327
1.606593
1.510315
1.380049
1.452483
1.422821
1.467338
1.371336
1.430748
1.328846
1.251107
1.208666
1.256041
1.121816
1.067554
1.034186
1.201374
1.158092
1.124532
1.087225
1.059604
0.930463
0.898506
0.838104
0.719050
0.804197
0.763248
0.727825
0.816314
0.836859
0.864749
0.731644
0.628396
0.704582
0.686463
0.779718
0.847013
0.652086
0.617342
0.612868
0.677832
0.505745
0.532769
0.449240
0.552973
0.545813
0.653859
0.766614
0.597835
0.596068
0.582919
0.616773
0.536449
0.608129
0.466342
0.633813
0.366418
0.403311
0.438829
0.403228
0.486901
0.398724
0.569288
0.657467
0.525639
0.525609
0.479612
0.419811
0.694313
0.461449
0.538425
0.704027
0.453092
0.396365
0.473819
0.474809
0.562594
0.305795
0.564688
0.364359
0.533829
0.412066
0.469008
0.421028
0.537407
0.341603
0.359667
0.306240
0.292459
0.409846
0.332851
0.491247
0.389738
0.367293
0.531401
0.522446
0.502872
0.474307
0.312356
0.490622
0.441254
0.441006
0.290666
0.284979
0.622152
0.322847
0.444697
0.418047
0.303278
0.410045
0.293631
0.331712
0.345706
0.574726
0.334687
0.243366
0.369596
0.447144
0.247952
0.326750
0.264216
0.336976
0.361935
0.410452
0.537555
0.226894
0.499107
0.421045
0.356692
0.278619
0.345980
0.278109
0.413768
0.283436
0.310379
0.317850
0.455084
0.367302
0.229996
0.508565
0.353171
0.374799
0.224928
0.327717
0.350819
0.264522
0.257137
0.493918
0.422831
0.271922
0.296968
0.162562
0.319926
0.364432
0.330027
0.216171
0.367953
0.295727
0.271046
0.316400
0.230299
0.385121
0.253702
0.402248
0.434987
0.289510
0.269996
0.270170
0.228377
0.349602
0.326721
0.352071
0.208592
0.222057
0.442837
0.164752
0.388839
0.335724
0.241384
0.234036
0.269228
0.323351
0.344717
0.256218
0.272336
0.175732
0.314308
0.245835
0.331349
0.269403
0.380771
0.266662
0.444280
0.393835
0.218339
0.218587
0.235276
0.270604
0.251378
0.321420
0.235547
0.211896
0.215310
0.258204
0.293035
0.243391
0.214052
0.290551
0.404497
0.345213
0.310476
0.259316
0.200805
0.215066
0.298778
0.351931
0.239949
0.251211
0.350004
0.306835
0.203438
0.255973
0.239296
0.223637
0.237823
0.247846
0.335083
0.255147
0.226716
0.161391
0.386599
0.243717
0.204851
0.193880
0.287512
0.246201
0.164351
0.356116
0.229653
0.227879
0.453291
0.307300
0.215966
0.326973
0.226584
0.292740
0.214112
0.347347
0.217954
0.244627
0.227815
0.254233
0.404701
0.210252
0.209845
0.459967
0.350154
0.282743
0.200745
0.169511
0.215840
0.201639
0.250773
0.322170
0.216813
0.285446
0.211893
0.342555
0.233824
0.248889
0.119419
0.332328
0.176357
0.220414
0.314135
0.241475
0.304340
0.347736
0.193962
0.286580
0.168254
0.175805
0.289640
0.251087
0.270525
0.129913
0.304801
0.239791
0.162874
0.305185
0.222223
0.268101
0.281168
0.273283
0.241052
0.339965
0.217246
0.221414
0.163667
0.277379
0.200785
0.166436
0.203989
0.245187
0.308386
0.215843
0.245216
0.319586
0.385811
0.361320
0.181565
0.187062
0.193410
0.257574
0.249276
0.114546
0.183166
0.318986
0.186204
0.183910
0.310225
0.206183
0.282448
0.167743
0.113438
0.191953
0.168388
0.180309
0.182225
0.230392
0.222776
0.186395
0.261881
0.200159
0.149810
0.249812
0.238617
0.166702
0.334482
0.217880
0.165590
0.366723
0.305658
0.156622
0.204183
0.188729
0.118109
0.189731
0.281205
0.147265
0.184869
0.163049
0.134838
0.221633
0.164439
0.315354
0.205877
0.161875
0.213139
0.332067
0.125495
0.231374
0.204129
0.183089
0.260434
0.300713
0.428946
0.269025
0.320677
0.194140
0.114116
0.230380
0.126169
0.241256
0.256929
0.150207
0.227364
0.270902
0.300718
0.204385
0.196006
0.196414
0.224444
0.231758
0.280703
0.321416
0.245166
0.239795
0.127890
0.207406
0.110411
0.204528
0.130112
0.123538
0.204593
0.190123
0.211255
0.149104
0.268073
0.261941
0.260513
0.161773
0.238630
0.142080
0.140943
0.133514
0.179125
0.241407
0.133903
0.252943
0.202344
0.173361
0.273855
0.138297
0.189513
0.138285
0.192783
0.187937
0.172776
0.158591
0.175494
0.122495
0.148923
0.233500
0.127588
0.252487
0.248943
0.306909
0.251862
0.118575
0.147361
0.167159
0.138308
0.233067
0.198416
0.140661
