2.301590
2.295546
2.296635
2.284809
2.285954
2.267739
2.278673
2.247090
2.242656
2.235585
2.231526
2.217854
2.206424
2.182675
2.126861
2.105942
2.111326
2.095381
2.039490
2.002124
1.972141
1.959476
1.925368
1.872134
1.899804
1.814913
1.825503
1.847613
1.815163
1.760712
1.782700
1.753352
1.718534
1.719409
1.753875
1.782505
1.725180
1.682908
1.697280
1.701897
1.741800
1.737620
1.729241
1.738882
1.743707
1.633255
1.738916
1.700617
1.668133
1.654985
1.675008
1.651605
1.691702
1.670509
1.644333
1.673256
1.628189
1.665979
1.677926
1.654369
1.670843
1.666330
1.699144
1.676586
1.679014
1.655828
1.666146
1.629311
1.655562
1.661636
1.638435
1.624416
1.659464
1.712774
1.627500
1.647511
1.654077
1.620346
1.647152
1.622675
1.643952
1.606724
1.681757
1.623055
1.666687
1.633286
1.666677
1.662172
1.669720
1.648884
1.681159
1.649247
1.613460
1.620149
1.597885
1.645019
1.648802
1.633137
1.638702
1.633556
1.622628
1.676093
1.636195
1.604953
1.622606
1.657801
1.602239
1.630442
1.607671
1.635461
1.649267
1.665489
1.658375
1.620350
1.617050
1.635486
1.632191
1.608736
1.635992
1.612097
1.638157
1.618119
1.617479
1.638397
1.614631
1.631824
1.680840
1.627768
1.614959
1.592550
1.696522
1.618178
1.614515
1.650919
1.646741
1.632002
1.601547
1.611644
1.632500
1.622601
1.629409
1.625016
1.627072
1.586988
1.642679
1.646491
1.646767
1.610278
1.598308
1.652609
1.665739
1.656113
1.607972
1.658090
1.601501
1.666891
1.628463
1.613353
1.591693
1.619399
1.593563
1.593567
1.606178
1.600911
1.592910
1.598065
1.628981
1.605248
1.606510
1.661171
1.635465
1.638007
1.633952
1.602963
1.650044
1.626107
1.604219
1.580087
1.610033
1.585876
1.613258
1.640486
1.619769
1.603010
1.616169
1.637682
1.679328
1.641546
1.644132
1.604686
1.618492
1.593811
1.594886
1.612182
1.625951
1.598571
1.611198
1.603666
1.653536
1.605386
1.643832
1.612157
1.661630
1.662273
1.638110
1.606084
1.582627
1.669110
1.588591
1.649881
1.588674
1.609837
1.592162
1.623110
1.642448
1.621091
1.570734
1.566393
1.611999
1.638637
1.588462
1.583079
1.628681
1.580374
1.618618
1.595295
1.602133
1.579106
1.629106
1.593251
1.670460
1.585094
1.591996
1.611941
1.625880
1.559744
1.645281
1.586632
1.582015
1.616435
1.615901
1.620743
1.580979
1.573665
1.568622
1.607811
1.656850
1.619634
1.583514
1.556760
1.634411
1.603526
1.644419
1.610094
1.593452
1.609563
1.609567
1.648042
1.627458
1.595404
1.617530
1.613070
1.612910
1.623961
1.586197
1.609151
1.646678
1.595958
1.623203
1.614862
1.581613
1.627912
1.601228
1.562156
1.561359
1.616143
1.591680
1.646360
1.652647
1.618952
1.613035
1.581277
1.592105
1.577897
1.605120
1.589866
1.610773
1.602913
1.572776
1.594094
1.568945
1.583637
1.629204
1.667569
1.599486
1.561120
1.594516
1.579000
1.655339
1.591527
1.614151
1.599272
1.605044
1.565151
1.597837
1.626320
1.611448
1.595188
1.577777
1.612367
1.606300
1.627880
1.582419
1.612909
1.582129
1.609351
1.606110
1.569000
1.566988
1.598408
1.592731
1.609907
1.585685
1.622873
1.631274
1.594682
1.606218
1.598428
1.581149
1.615384
1.608247
1.633715
1.572291
1.609343
1.609233
1.568396
1.590981
1.638874
1.581313
1.589537
1.603152
1.511625
1.616777
1.573886
1.601964
1.622271
1.595922
1.614173
1.617048
1.577851
1.566519
1.601600
1.586675
1.550728
1.581820
1.589780
1.605935
1.607955
1.560484
1.586221
1.608651
1.574263
1.574442
1.571536
1.571355
1.606512
1.596579
1.577678
1.630692
1.608398
1.579193
1.600612
1.646940
1.567855
1.665728
1.584233
1.600801
1.651719
1.618487
1.566392
1.573736
1.650151
1.594632
1.623564
1.608226
1.577794
1.605797
1.565260
1.592282
1.609447
1.641559
1.561960
1.616823
1.607195
1.571438
1.569802
1.588624
1.577163
1.578821
1.566110
1.610360
1.579037
1.552872
1.607398
1.619051
1.602352
1.583861
1.621912
1.606283
1.562681
1.605430
1.584337
1.585577
1.606867
1.573961
1.609658
1.605201
1.550537
1.581940
1.606891
1.572292
1.592110
1.594964
1.609813
1.617092
1.609452
1.585110
1.588605
1.594703
1.562389
1.581055
1.570018
1.562728
1.599882
1.643329
1.609946
1.640602
1.619932
1.577396
1.573426
1.577499
1.561278
1.587198
1.586864
1.579057
1.588101
1.608013
1.574292
1.607535
1.596691
1.602590
1.565777
1.616384
1.583379
1.582230
1.593773
1.552068
1.612458
1.582623
1.562940
1.580755
1.591183
1.580044
1.632033
1.606609
1.597014
1.586201
1.577627
1.591505
1.580162
1.604696
1.587223
1.595347
1.615918
1.601782
1.573328
1.593094
1.628694
1.568256
1.564254
1.620564
1.618657
1.589286
1.557350
1.592782
1.583137
1.611387
1.562866
1.604789
1.561611
1.545043
1.577375
1.579230
1.574130
1.568238
1.580357
1.583310
1.578541
1.595305
1.628257
