0.0703
0.0312
0.0000
0.0000
0.0000
0.0000
0.0000
0.0000
0.0078
0.0312
0.0000
0.0000
0.0000
0.2812
0.5547
0.0547
0.0625
0.4609
0.9219
0.9844
0.9766
0.9922
0.9922
1.0000
1.0000
1.0000
1.0000
1.0000
1.0000
0.9844
0.9844
0.8984
0.4141
0.3047
0.4766
0.6328
0.7344
0.9531
0.9531
0.9844
0.9922
0.9453
0.9922
0.9609
0.9141
0.9219
0.9531
0.9453
0.9219
0.9375
0.9766
0.9766
0.9844
0.9844
0.9766
0.9922
0.9688
0.9922
0.9922
0.9922
0.9844
0.9922
0.9844
0.9766
0.9375
0.9062
0.8984
0.9062
0.8594
0.9219
0.9219
0.9297
0.9609
0.9688
0.9922
0.9688
0.9766
0.9766
0.9766
0.9922
0.9922
0.9609
0.9688
0.9922
0.9688
0.9766
0.9609
1.0000
0.9688
0.9609
0.9844
0.9688
0.9453
0.9688
0.9531
0.9609
0.9766
0.9922
0.9844
0.9766
0.9922
0.9766
0.9766
0.9766
0.9844
0.9844
0.9922
0.9922
0.9844
0.9766
1.0000
0.9844
0.9688
0.9688
0.9844
0.9531
0.9531
0.9844
0.9844
1.0000
0.9688
0.9688
0.9531
0.9609
0.9688
0.9766
0.9844
0.9922
0.9844
0.9922
0.9922
0.9922
0.9844
0.9922
0.9688
1.0000
0.9844
0.9766
0.9844
0.9844
0.9766
0.9844
0.9844
0.9688
0.9688
0.9531
0.9453
0.9688
0.9297
0.9844
0.9609
1.0000
0.9766
0.9766
1.0000
0.9922
0.9531
0.9766
0.9922
1.0000
0.9766
0.9844
1.0000
0.9844
0.9766
0.9922
0.9609
0.9688
0.9766
0.9844
0.9844
0.9922
0.9922
1.0000
1.0000
1.0000
0.9922
0.9922
0.9922
1.0000
1.0000
0.9766
1.0000
0.9688
0.9844
0.9922
0.9766
0.9688
0.9766
0.9531
0.9609
0.9609
0.8906
0.9609
0.9531
0.9766
0.9844
0.9688
1.0000
0.9922
0.9844
0.9844
0.9922
0.9922
0.9922
1.0000
0.9688
0.9922
0.9766
0.9844
1.0000
0.9609
0.9844
0.9922
0.9922
0.9766
0.9922
1.0000
0.9844
0.9844
0.9766
0.9844
0.9609
0.9766
0.9844
0.9531
0.9766
0.9844
0.9609
0.9609
0.9844
0.9844
0.9688
0.9922
0.9922
1.0000
0.9766
0.9922
1.0000
1.0000
0.9922
0.9688
0.9844
0.9766
0.9922
0.9766
0.9766
0.9922
0.9844
0.9922
0.9766
0.9766
0.9844
0.9688
0.9766
0.9922
0.9688
0.9922
0.9766
1.0000
1.0000
1.0000
0.9922
1.0000
0.9844
1.0000
0.9922
1.0000
0.9688
1.0000
0.9922
0.9922
0.9844
1.0000
0.9766
0.9922
0.9922
0.9844
1.0000
0.9844
0.9922
0.9922
0.9766
1.0000
0.9609
0.9844
0.9922
1.0000
0.9766
1.0000
0.9922
0.9922
1.0000
1.0000
1.0000
0.9922
0.9922
0.9844
0.9844
0.9922
0.9922
1.0000
0.9922
0.9688
0.9766
0.9922
0.9922
1.0000
0.9688
1.0000
0.9922
0.9609
0.9531
0.9375
0.9844
0.9844
0.9844
0.9844
0.9844
0.9766
0.9609
1.0000
0.9844
0.9922
0.9844
0.9922
0.9844
0.9922
0.9922
1.0000
0.9922
0.9766
0.9844
0.9531
0.9844
0.9922
0.9766
1.0000
1.0000
0.9922
0.9844
0.9844
0.9922
0.9922
0.9766
0.9922
0.9922
0.9844
0.9766
0.9922
1.0000
0.9766
0.9922
0.9766
0.9922
0.9922
1.0000
1.0000
0.9766
1.0000
0.9922
0.9609
0.9688
0.9766
0.9922
0.9844
0.9766
0.9844
0.9766
1.0000
0.9922
1.0000
0.9922
0.9922
1.0000
0.9844
0.9766
0.9922
0.9844
0.9844
0.9922
1.0000
0.9844
0.9766
0.9609
1.0000
0.9844
1.0000
0.9766
0.9844
1.0000
0.9766
0.9766
0.9844
0.9844
0.9922
0.9922
0.9922
0.9766
0.9922
0.9844
1.0000
0.9844
1.0000
0.9844
0.9922
0.9922
1.0000
1.0000
0.9844
1.0000
0.9766
0.9922
0.9844
0.9766
0.9844
0.9766
0.9688
1.0000
0.9922
0.9844
0.9844
0.9766
1.0000
0.9922
0.9922
1.0000
0.9688
0.9922
0.9844
0.9844
0.9922
1.0000
0.9922
0.9844
0.9922
0.9844
0.9766
0.9922
0.9922
1.0000
1.0000
0.9844
1.0000
0.9688
0.9844
0.9922
0.9766
0.9766
0.9766
0.9844
0.9844
0.9922
0.9688
0.9922
1.0000
0.9766
0.9844
0.9844
1.0000
0.9766
0.9766
0.9844
0.9844
0.9922
0.9922
0.9766
0.9844
0.9766
1.0000
0.9922
0.9922
1.0000
0.9922
0.9766
0.9766
0.9922
0.9844
1.0000
0.9922
0.9766
1.0000
0.9922
0.9922
1.0000
0.9766
1.0000
1.0000
0.9922
0.9922
1.0000
0.9922
0.9844
0.9844
0.9844
1.0000
0.9766
0.9922
0.9844
0.9922
