2.303562
2.302691
2.297550
2.296194
2.294616
2.291357
2.277986
2.272760
2.263452
2.250341
2.243255
2.268759
2.229545
2.189260
2.229161
2.201364
2.140934
2.155921
2.077946
2.082129
2.065224
1.998415
1.959787
1.932066
1.879610
1.848385
1.796496
1.808948
1.819232
1.751683
1.749012
1.761968
1.757587
1.754328
1.745256
1.683047
1.715453
1.670350
1.701235
1.685352
1.678574
1.665207
1.700566
1.677935
1.625398
1.657681
1.643459
1.674620
1.634349
1.655710
1.642342
1.637485
1.636006
1.595382
1.619605
1.644746
1.646617
1.633740
1.643766
1.596953
1.611836
1.619596
1.613886
1.606358
1.631010
1.617212
1.620752
1.622721
1.599772
1.638728
1.569117
1.595252
1.604572
1.591547
1.578669
1.583823
1.562540
1.572927
1.574436
1.576535
1.575122
1.586556
1.583817
1.597474
1.569020
1.570203
1.585147
1.574020
1.615734
1.556341
1.569830
1.559510
1.565713
1.574651
1.609897
1.587159
1.586254
1.576512
1.561140
1.601967
1.577226
1.562198
1.561093
1.591122
1.564665
1.561513
1.568969
1.550652
1.538922
1.566379
1.574014
1.558943
1.541948
1.532223
1.559827
1.547992
1.547217
1.559407
1.546272
1.551677
1.546394
1.553742
1.535744
1.541141
1.539884
1.533727
1.546036
1.550736
1.535051
1.565634
1.560024
1.540599
1.544612
1.542542
1.548857
1.528166
1.534144
1.549992
1.582405
1.580272
1.548456
1.554515
1.542973
1.534690
1.539837
1.559104
1.547353
1.537322
1.564958
1.526138
1.535762
1.539176
1.532611
1.540190
1.529233
1.558274
1.535307
1.571888
1.534454
1.547751
1.542368
1.531553
1.531130
1.557350
1.547239
1.508949
1.541687
1.549503
1.518879
1.545283
1.548283
1.527573
1.533387
1.518759
1.515394
1.546536
1.531466
1.534098
1.508176
1.499883
1.514967
1.523732
1.526453
1.535344
1.536718
1.530560
1.515687
1.532692
1.507728
1.510448
1.506115
1.528708
1.519397
1.512015
1.514124
1.552527
1.521179
1.519374
1.537674
1.531316
1.533115
1.542330
1.523591
1.499423
1.512424
1.516563
1.525062
1.500604
1.543524
1.505801
1.507239
1.498626
1.522125
1.513157
1.523340
1.527073
1.513608
1.510072
1.529925
1.519576
1.525739
1.502622
1.516703
1.500784
1.523741
1.512084
1.546084
1.565579
1.495758
1.506993
1.507380
1.532313
1.500191
1.528309
1.525590
1.508821
1.493491
1.499789
1.494325
1.536797
1.506078
1.501960
1.510150
1.501767
1.509080
1.540971
1.514332
1.504912
1.514042
1.499338
1.523718
1.515646
1.517774
1.541076
1.529342
1.506429
1.512979
1.504877
1.530334
1.509816
1.501249
1.523838
1.499467
1.505116
1.505286
1.517223
1.503865
1.518445
1.524104
1.515442
1.501897
1.514227
1.508343
1.514225
1.502116
1.527904
1.525391
1.520336
1.492885
1.511936
1.504781
1.506991
1.498607
1.501463
1.491318
1.527230
1.498119
1.506506
1.488996
1.518559
1.491514
1.498965
1.508639
1.508502
1.507988
1.513214
1.494123
1.504351
1.503049
1.502909
1.529140
1.497161
1.480465
1.517669
1.511036
1.513046
1.482285
1.505178
1.520156
1.502827
1.496792
1.504283
1.492624
1.505323
1.484047
1.504014
1.536359
1.494708
1.507859
1.505253
1.500473
1.490244
1.509940
1.488703
1.502002
1.535602
1.501365
1.490679
1.506022
1.497195
1.493567
1.502352
1.500678
1.496620
1.512716
1.483363
1.503403
1.515664
1.510221
1.498925
1.495148
1.528090
1.481548
1.488208
1.492799
1.499961
1.520994
1.491679
1.484652
1.500086
1.497079
1.488669
1.492513
1.498575
1.496446
1.503169
1.517770
1.493283
1.496485
1.517987
1.504541
1.484472
1.497151
1.498819
1.485790
1.500145
1.498613
1.496178
1.501749
1.489388
1.516634
1.519855
1.504009
1.507131
1.522633
1.516282
1.490058
1.481553
1.487399
1.522153
1.500355
1.501711
1.499205
1.501399
1.500032
1.477676
1.513301
1.485233
1.477850
1.510538
1.503771
1.493051
1.491939
1.489894
1.509323
1.504177
1.497430
1.495256
1.488773
1.507306
1.501128
1.489111
1.491610
1.487059
1.501430
1.495180
1.506332
1.496836
1.498651
1.492466
1.499302
1.493673
1.523126
1.490437
1.480607
1.487389
1.509167
1.488768
1.518361
1.485512
1.488175
1.503488
1.479311
1.492873
1.493225
1.481141
1.498962
1.482714
1.485441
1.498198
1.514195
1.491893
1.490170
1.492371
1.491956
1.507375
1.484191
1.482767
1.525790
1.486634
1.483320
1.504628
1.496999
1.490236
1.521206
1.481873
1.497679
1.485378
1.489515
1.508682
1.479897
1.486457
1.484350
1.503323
1.518550
1.497675
1.517677
1.491542
1.496167
1.482764
1.480129
1.496989
1.481405
1.517439
1.498031
1.489882
1.505340
1.481894
1.481370
1.480731
1.495512
1.502643
1.492675
1.494801
1.493852
1.493254
1.493488
1.499375
1.486242
1.510836
1.499875
1.491658
1.484943
1.478552
1.485132
1.482838
1.493984
1.483168
1.510091
1.469372
1.495026
1.492561
1.488931
1.479230
1.500360
1.493138
1.492387
1.488972
1.481759
1.490391
