2.304003
2.302550
2.301252
2.300387
2.295334
2.292632
2.281006
2.276436
2.277552
2.256476
2.246963
2.237225
2.213059
2.205515
2.174063
2.150571
2.122055
2.119227
2.103178
2.060340
2.044795
2.027459
2.046969
2.004704
1.996121
1.952273
1.906943
1.891414
1.853482
1.840244
1.853918
1.836986
1.783587
1.801762
1.798691
1.788213
1.778124
1.754158
1.776720
1.753944
1.749866
1.744972
1.732205
1.705293
1.677789
1.717243
1.702271
1.728678
1.669870
1.691717
1.683598
1.687037
1.673464
1.655517
1.672929
1.710651
1.668603
1.675438
1.666210
1.669773
1.699609
1.677827
1.660975
1.625872
1.666649
1.658144
1.647881
1.641430
1.645031
1.680342
1.613734
1.613935
1.661743
1.633673
1.586207
1.665884
1.629410
1.643081
1.663921
1.607978
1.612924
1.609298
1.611930
1.617614
1.667083
1.620515
1.593989
1.626115
1.644863
1.606481
1.608274
1.615988
1.609144
1.593887
1.578299
1.601996
1.632498
1.626395
1.607918
1.610566
1.633660
1.583802
1.592994
1.638035
1.629957
1.611537
1.588225
1.601031
1.590921
1.586997
1.588220
1.610621
1.600873
1.526116
1.598680
1.595266
1.572759
1.580436
1.591980
1.582840
1.590937
1.574193
1.586652
1.599912
1.568443
1.596341
1.537745
1.574703
1.558126
1.573783
1.590448
1.563920
1.560082
1.595357
1.598082
1.596676
1.590812
1.595215
1.564516
1.585263
1.593398
1.598508
1.565349
1.550698
1.567668
1.583974
1.571257
1.569301
1.576416
1.623107
1.563359
1.585944
1.548045
1.557359
1.557812
1.580853
1.581211
1.573443
1.570690
1.570153
1.565015
1.568383
1.548353
1.585981
1.546258
1.561493
1.586620
1.575436
1.565591
1.557195
1.564091
1.552111
1.535274
1.547760
1.545668
1.572075
1.530720
1.587349
1.543793
1.598692
1.576504
1.564783
1.556208
1.581169
1.560701
1.540632
1.534549
1.556264
1.579450
1.574776
1.542547
1.545094
1.537945
1.562562
1.561127
1.578663
1.556921
1.558654
1.557802
1.566625
1.525329
1.558440
1.541981
1.560122
1.555317
1.538767
1.526107
1.550028
1.543660
1.576246
1.563289
1.539327
1.570240
1.534754
1.530412
1.514385
1.550579
1.556142
1.587925
1.548632
1.565866
1.552174
1.549196
1.532552
1.531030
1.568987
1.548952
1.525759
1.556636
1.542897
1.524720
1.545734
1.554495
1.529414
1.552734
1.535555
1.568176
1.565913
1.556168
1.549158
1.555833
1.565497
1.530281
1.532133
1.520697
1.543390
1.532935
1.515566
1.547352
1.530732
1.546711
1.531230
1.535322
1.548054
1.522738
1.524107
1.527364
1.532778
1.531655
1.550313
1.547006
1.533714
1.509992
1.511568
1.543810
1.544874
1.521527
1.569105
1.541363
1.516865
1.526186
1.528407
1.531151
1.536777
1.538722
1.545646
1.533254
1.531406
1.519697
1.533810
1.532454
1.523980
1.519785
1.525552
1.536153
1.557301
1.520943
1.515559
1.541186
1.513084
1.564165
1.539482
1.535292
1.533106
1.534101
1.539603
1.503660
1.542312
1.511126
1.549326
1.501749
1.506005
1.547956
1.503377
1.555241
1.537168
1.525438
1.526462
1.519899
1.539684
1.532953
1.540077
1.523583
1.531374
1.511385
1.523795
1.539515
1.507131
1.515424
1.517611
1.530259
1.537335
1.502025
1.521049
1.520133
1.532149
1.504417
1.548898
1.510397
1.539607
1.509414
1.550114
1.536157
1.508906
1.518237
1.502314
1.532109
1.524641
1.512446
1.527581
1.520015
1.515528
1.539520
1.497030
1.510392
1.542935
1.513654
1.512021
1.500271
1.547936
1.513700
1.501243
1.524763
1.522734
1.518127
1.497844
1.525415
1.519033
1.512981
1.524379
1.517744
1.522682
1.553312
1.493055
1.514210
1.531583
1.522647
1.508469
1.540217
1.525913
1.511363
1.510390
1.538931
1.509906
1.523836
1.529804
1.505314
1.521849
1.506522
1.531634
1.517902
1.504353
1.511385
1.528492
1.499526
1.505128
1.506735
1.513052
1.534853
1.523542
1.523879
1.524754
1.502714
1.496415
1.535429
1.518585
1.538012
1.521623
1.522117
1.529397
1.515748
1.515411
1.528448
1.498808
1.510902
1.498006
1.522691
1.532023
1.498645
1.516053
1.485202
1.507969
1.513271
1.521181
1.510623
1.519641
1.504044
1.509517
1.513507
1.500084
1.501963
1.510913
1.514240
1.501714
1.513256
1.515118
1.517033
1.503932
1.492443
1.504181
1.526207
1.547507
1.510057
1.534958
1.493966
1.503676
1.502440
1.511541
1.509781
1.527265
1.498138
1.518625
1.522354
1.496012
1.500849
1.497874
1.516466
1.519254
1.518790
1.504387
1.519337
1.521044
1.512520
1.518827
1.521143
1.489738
1.519950
1.484229
1.501201
1.532937
1.513095
1.554153
1.516429
1.531853
1.500528
1.527756
1.516100
1.514506
1.530566
1.486221
1.477853
1.517582
1.507158
1.498999
1.496231
1.509446
1.505930
1.501336
1.508152
1.519968
1.511591
1.515756
1.509097
1.506614
1.503241
1.505720
1.516616
1.496301
1.500962
1.491343
1.512299
1.502144
1.493556
1.489673
1.515765
1.500865
1.511178
1.488342
1.502830
1.514169
