2.312942
2.297928
2.275978
2.276412
2.262239
2.215704
2.193449
2.138636
2.040894
1.995761
1.897364
1.814089
1.797034
1.760584
1.738668
1.676355
1.712523
1.680659
1.667109
1.647517
1.608360
1.637118
1.604352
1.629854
1.627739
1.582630
1.631854
1.585227
1.606632
1.586558
1.632244
1.574146
1.561748
1.560133
1.608253
1.591761
1.573143
1.571237
1.569905
1.563473
1.548534
1.556308
1.547313
1.550403
1.547859
1.551189
1.548307
1.559547
1.542283
1.570177
1.559267
1.534426
1.535265
1.539054
1.539213
1.528255
1.556388
1.550949
1.532470
1.533289
1.519294
1.528479
1.577409
1.555355
1.532816
1.512445
1.534799
1.515427
1.530439
1.522709
1.528609
1.554561
1.532236
1.537133
1.520831
1.504618
1.567163
1.508604
1.499773
1.525472
1.505451
1.536978
1.550005
1.507417
1.501848
1.523711
1.527361
1.520473
1.507808
1.496128
1.527883
1.516804
1.521732
1.513258
1.518403
1.509604
1.510789
1.507775
1.498050
1.517535
1.509927
1.535168
1.538116
1.505601
1.494107
1.506116
1.496970
1.506547
1.498969
1.531091
1.510948
1.528710
1.494279
1.494551
1.523553
1.507429
1.529765
1.512665
1.521852
1.511932
1.504561
1.511940
1.503368
1.503906
1.493639
1.500075
1.499724
1.505680
1.504313
1.505184
1.515506
1.496486
1.507692
1.506961
1.508385
1.513107
1.507713
1.518729
1.499901
1.502307
1.523657
1.492194
1.505168
1.513566
1.505636
1.491881
1.493761
1.484861
1.502447
1.497345
1.495488
1.519496
1.504176
1.510413
1.494293
1.524622
1.517885
1.492333
1.504391
1.497924
1.491561
1.498485
1.499069
1.503875
1.492591
1.501254
1.489773
1.500422
1.512056
1.495235
1.491951
1.487877
1.499480
1.494263
1.486954
1.505520
1.496405
1.504161
1.501152
1.486324
1.502107
1.512546
1.499349
1.514797
1.493643
1.482914
1.491763
1.475917
1.490411
1.485334
1.525324
1.512815
1.495937
1.506514
1.492058
1.481555
1.480616
1.488968
1.487911
1.481478
1.486744
1.508017
1.488277
1.497008
1.493725
1.492550
1.496812
1.481419
1.496757
1.477110
1.487153
1.510482
1.495074
1.512782
1.494305
1.502966
1.499835
1.504215
1.507517
1.483955
1.510916
1.486169
1.490248
1.501994
1.490389
1.493843
1.497936
1.477372
1.478148
1.481486
1.500659
1.493644
1.501086
1.488569
1.482984
1.496013
1.489886
1.486103
1.493046
1.497311
1.493283
1.488864
1.490513
1.492063
1.506723
1.492066
1.489469
1.493739
1.492343
1.492067
1.497212
1.481330
1.496330
1.490607
1.493383
1.492321
1.486351
1.497695
1.506075
1.488761
1.514487
1.494289
1.485142
1.507897
1.475503
1.533724
1.495396
1.482610
1.492083
1.491337
1.484371
1.475480
1.489870
1.475106
1.496136
1.475941
1.481343
1.495987
1.483513
1.510391
1.487634
1.528155
1.485067
1.493312
1.476508
1.506509
1.471234
1.495651
1.484482
1.489888
1.483251
1.487381
1.481279
1.490493
1.486144
1.491721
1.488021
1.484684
1.484099
1.484785
1.484135
1.497789
1.512822
1.508907
1.483497
1.478966
1.484256
1.491720
1.503213
1.493171
1.482946
1.489649
1.488928
1.508623
1.496839
1.484644
1.502162
1.496010
1.499326
1.490738
1.491367
1.498231
1.473414
1.489252
1.491762
1.506194
1.490825
1.488050
1.507765
1.500470
1.495650
1.484154
1.483285
1.479300
1.482411
1.503133
1.500411
1.494437
1.481565
1.476789
1.486159
1.488285
1.485702
1.492021
1.481844
1.497654
1.485446
1.497191
1.494544
1.482903
1.483601
1.475610
1.500730
1.482069
1.499300
1.493123
1.496267
1.497166
1.500800
1.484618
1.500521
1.490520
1.487487
1.482741
1.499074
1.496585
1.485955
1.499507
1.494400
1.492038
1.481619
1.489590
1.486252
1.497727
1.492459
1.493266
1.505895
1.485752
1.487267
1.488000
1.481958
1.484457
1.495921
1.498068
1.488858
1.480747
1.482610
1.508911
1.487032
1.499744
1.478177
1.480696
1.482327
1.496909
1.508755
1.500742
1.492459
1.482405
1.489161
1.488566
1.490291
1.498594
1.480423
1.494706
1.491150
1.502709
1.485028
1.485760
1.480224
1.487758
1.490615
1.486342
1.485078
1.485410
1.486001
1.479833
1.495771
1.488441
1.494721
1.501595
1.481774
1.490257
1.500488
1.488936
1.489777
1.487443
1.482229
1.485643
1.484322
1.484446
1.485638
1.486958
1.478962
1.486059
1.492994
1.481733
1.477715
1.481825
1.490070
1.493080
1.493836
1.491915
1.493471
1.489718
1.480478
1.488388
1.493810
1.506886
1.488196
1.484570
1.483885
1.496123
1.500946
1.479270
1.492698
1.478786
1.500287
1.493255
1.477860
1.483300
1.490231
1.491454
1.481341
1.483289
1.494550
1.484309
1.485378
1.480223
1.485455
1.481490
1.487497
1.484104
1.489964
1.501414
1.474802
1.500983
1.478401
1.499191
1.501097
1.495451
1.492998
1.487255
1.481703
1.495629
1.497887
1.480077
1.485870
1.486410
1.485116
1.504256
1.484539
1.481239
1.508164
1.491453
1.501166
1.479984
1.483338
1.477088
1.482626
1.496863
