2.465489
2.465156
2.462834
2.471303
2.473922
2.476486
2.482969
2.498066
2.507673
2.522063
2.535749
2.560060
2.608555
2.648430
2.697149
2.738452
2.789429
2.809710
2.878639
2.915054
2.947339
2.976505
2.997272
3.097112
3.191146
3.273628
3.338957
3.448374
3.519256
3.542724
3.508512
3.511915
3.479284
3.377799
3.277196
3.105629
2.984410
2.758799
2.563383
2.379991
2.179718
1.949947
1.770796
1.626866
1.530145
1.433093
1.387165
1.180714
1.144655
1.128829
1.032996
0.946794
0.999455
0.971427
1.050229
1.197523
1.120530
1.272237
1.418215
1.326698
1.301417
1.070957
0.971777
0.783553
0.467078
0.445825
0.596751
0.623757
0.765802
0.731720
0.777022
0.859491
0.987950
0.908630
0.942715
0.512149
0.659365
0.519026
0.537332
0.465800
0.512147
0.570404
0.498957
0.532174
0.524792
0.620527
0.565420
0.637730
0.597227
0.577413
0.811264
0.654765
0.620979
0.797379
0.533231
0.668345
0.323119
0.490042
0.409862
0.428353
0.372238
0.368563
0.366674
0.379558
0.283053
0.056042
0.007770
0.043812
0.147524
0.751465
1.089439
1.331922
0.518577
0.260447
0.106333
0.060783
0.107418
0.086593
0.118510
0.345735
0.327883
0.325198
0.441289
0.321692
0.225903
0.196079
0.157017
0.133309
0.128092
0.123361
0.184404
0.205948
0.153940
0.131377
0.138162
0.285238
0.203391
0.192610
0.219438
0.150567
0.144806
0.146550
0.131891
0.198187
0.192577
0.077852
0.102032
0.142121
0.124202
0.140461
0.147054
0.213842
0.168373
0.229242
0.111282
0.098536
0.105791
0.113363
0.139594
0.097476
0.086102
0.131369
0.113459
0.228225
0.144871
0.153581
0.150263
0.336278
0.141831
0.105837
0.083430
0.121456
0.115107
0.108247
0.088070
0.134043
0.117963
0.114414
0.166216
0.133605
0.194420
0.131922
0.169170
0.114434
0.053460
0.129482
0.058909
0.104449
0.084024
0.130809
0.114499
0.269858
0.117797
0.140678
0.180843
0.268623
0.103235
0.050060
0.105233
0.088287
0.103479
0.083178
0.096192
0.057589
0.080823
0.107251
0.112619
0.075420
0.157919
0.135783
0.136050
0.107623
0.114952
0.141092
0.102427
0.095382
0.175009
0.112186
0.082810
0.034776
0.070438
0.053606
0.110459
0.052834
0.073783
0.098624
0.126417
0.171891
0.035903
0.115967
0.088903
0.127683
0.177888
0.059964
0.113614
0.136551
0.082021
0.056138
0.070206
0.213842
0.080930
0.123499
0.099873
0.069020
0.129121
0.080121
0.085731
0.065003
0.077616
0.086339
0.054435
0.074621
0.103626
0.102639
0.133245
0.131960
0.106326
0.087336
0.107942
0.174064
0.085236
0.050450
0.072921
0.026686
0.101867
0.060013
0.140448
0.055165
0.121527
0.071139
0.045770
0.152353
0.056286
0.083430
0.089932
0.052187
0.058501
0.117847
0.044473
0.040742
0.065392
0.064816
0.159435
0.114780
0.093288
0.142230
0.102617
0.099120
0.087697
0.053935
0.127934
0.090950
0.073018
0.098577
0.084191
0.059179
0.031276
0.085440
0.043417
0.063074
0.053233
0.046258
0.067272
0.104822
0.106627
0.140158
0.117998
0.064737
0.113114
0.125970
0.037144
0.080851
0.104399
0.071898
0.123691
0.087916
0.085784
0.045349
0.041044
0.046261
0.117224
0.074860
0.063812
0.116279
0.096112
0.076753
0.093648
0.082876
0.067320
0.075052
0.089135
0.049814
0.038472
0.051899
0.056342
0.058705
0.057913
0.119237
0.063324
0.103108
0.048068
0.072077
0.052837
0.029426
0.062009
0.095212
0.047867
0.051828
0.069282
0.119880
0.087654
0.086084
0.107265
0.051042
0.088934
0.025562
0.040980
0.069370
0.074197
0.175827
0.065442
0.104522
0.109432
0.126049
0.039796
0.115811
0.038689
0.078406
0.040563
0.050573
0.061985
0.070463
0.082400
0.063356
0.061538
0.095752
0.099429
0.102690
0.040845
0.022154
0.045557
0.021696
0.052310
0.068020
0.087639
0.096630
0.042098
0.083362
0.149557
0.070443
0.046339
0.064226
0.118504
0.064270
0.040061
0.034276
0.040266
0.076378
0.052156
0.066278
0.049831
0.113973
0.046905
0.052451
0.065846
0.032745
0.050004
0.086166
0.041541
0.050281
0.043091
0.109945
0.046482
0.041780
0.082623
0.040976
0.059729
0.097955
0.050845
0.030456
0.073729
0.073597
0.060590
0.036135
0.030739
0.083606
0.067290
0.085791
0.078106
0.064512
0.075383
0.123656
0.070836
0.058714
0.122343
0.050816
0.052598
0.030157
0.037811
0.021029
0.077736
0.054076
0.073768
0.099552
0.040897
0.034185
0.016353
0.042519
0.046752
0.035711
0.063717
0.040544
0.088378
0.129001
0.069825
0.023761
0.052119
0.087021
0.064833
0.065429
0.058095
0.055198
0.032426
0.049822
0.027672
0.036462
0.034166
0.101455
0.051329
0.034658
0.115950
0.026711
0.033023
0.110179
0.042333
0.091899
0.085010
0.047610
0.093025
0.051222
0.054116
0.048862
0.031518
0.062110
0.062160
0.070445
0.053309
0.036093
0.083279
0.027896
0.031488
0.026133
0.061851
0.038433
0.021987
0.088148
0.076669
0.029084
0.134645
0.110789
