2.308050
2.307127
2.317178
2.324503
2.318552
2.351982
2.338386
2.314996
2.237868
2.114639
2.030124
2.208740
2.059266
2.499838
2.375765
2.005744
1.974301
1.915379
2.189897
2.156261
2.483933
2.460698
2.405181
2.344031
1.973296
1.937004
1.871368
1.900898
1.895385
1.914283
1.894142
1.878066
1.904097
1.913429
1.940904
1.989750
1.984922
1.937464
1.965947
1.926465
1.928644
1.911422
1.936193
1.890508
1.920301
1.892858
1.865619
1.957703
1.925865
1.906194
1.904845
1.866158
1.834133
1.822170
1.798004
1.830155
1.868450
1.849724
1.797850
1.795325
1.747721
1.754982
1.797284
1.773420
1.726989
1.723446
1.781499
1.740282
1.792214
1.790276
1.796613
1.790327
1.797494
1.730904
1.752392
1.716489
1.689892
1.724681
1.678543
1.718943
1.715066
1.755205
1.730907
1.771242
1.734174
1.699116
1.726240
1.726059
1.732209
1.707709
1.773992
1.742426
1.684888
1.680258
1.711155
1.728210
1.697575
1.678067
1.670910
1.672548
1.683070
1.693226
1.693454
1.712684
1.679060
1.679797
1.669507
1.687670
1.666269
1.689298
1.709057
1.682426
1.686877
1.666761
1.686625
1.667137
1.675674
1.701413
1.660956
1.656486
1.684700
1.660037
1.698887
1.689527
1.682833
1.648784
1.678825
1.669739
1.688506
1.697901
1.688393
1.676973
1.699074
1.664658
1.663033
1.668305
1.679499
1.699301
1.696938
1.681845
1.658527
1.671548
1.655018
1.662390
1.671376
1.670823
1.661775
1.715505
1.680727
1.662997
1.682839
1.672593
1.698752
1.671934
1.701699
1.708066
1.707937
1.677183
1.669297
1.667644
1.687540
1.697476
1.681935
1.678533
1.682497
1.694872
1.679852
1.687064
1.682070
1.666563
1.717361
1.669869
1.658446
1.672585
1.708072
1.677143
1.671707
1.643178
1.666984
1.672758
1.672282
1.680928
1.673352
1.666431
1.721427
1.726640
1.749029
1.797124
1.940462
1.855002
1.878089
1.884171
1.849724
1.791057
1.787785
1.796812
1.752184
1.727821
1.753984
1.733205
1.741388
1.763310
1.794633
1.756171
1.759174
1.772886
1.787021
1.792581
1.810202
1.787273
1.729654
1.712347
1.721411
1.715887
1.705153
1.713567
1.723068
1.755422
1.704902
1.751243
1.707445
1.717618
1.694470
1.702284
1.711540
1.716680
1.708731
1.711671
1.707880
1.706962
1.696025
1.736404
1.671250
1.670295
1.683429
1.718383
1.722889
1.708658
1.732863
1.699432
1.722210
1.676524
1.709082
1.714882
1.738287
1.719937
1.693789
1.704692
1.677489
1.711627
1.699927
1.703850
1.699861
1.696898
1.700470
1.687983
1.686784
1.699224
1.683406
1.722216
1.720868
1.688192
1.697915
1.711543
1.692923
1.707002
1.673016
1.679377
1.702659
1.707126
1.701238
1.695017
1.690591
1.719765
1.712720
1.709393
1.708471
1.690627
1.707187
1.722247
1.718752
1.720123
1.711963
1.738631
1.751937
1.745210
1.731929
1.730861
1.725563
1.716830
1.712068
1.718560
1.696711
1.729536
1.689690
1.727832
1.714390
1.713754
1.706148
1.721208
1.684537
1.686232
1.696895
1.715737
1.732519
1.736031
1.728096
1.731373
1.761874
1.716252
1.732354
1.709040
1.707225
1.736041
1.711524
1.712088
1.698278
1.708315
1.735094
1.730218
1.726915
1.758209
1.756508
1.711932
1.709066
1.715855
1.703070
1.728499
1.720115
1.716039
1.701745
1.700864
1.707219
1.711714
1.691880
1.702690
1.734756
1.720872
1.686909
1.706605
1.732581
1.691910
1.719579
1.695044
1.733855
1.708077
1.717251
1.716137
1.684413
1.697303
1.703827
1.698006
1.708627
1.689667
1.700762
1.691719
1.683445
1.710275
1.712582
1.683958
1.668726
1.688628
1.739011
1.725148
1.732002
1.740414
1.730397
1.712546
1.736916
1.759521
1.723078
1.747914
1.766529
1.816756
1.887024
1.727318
1.685289
1.691121
1.725614
1.811262
1.742259
1.746636
1.716743
1.703890
1.688769
1.713634
1.685053
1.715386
1.702563
1.714541
1.711453
1.726773
1.725685
1.863235
1.707948
1.719937
1.688045
1.740531
1.693996
1.704046
1.716787
1.743084
1.721846
1.737931
1.728735
1.717594
1.723654
1.714600
1.744918
1.709474
1.675566
1.683281
1.685995
1.686709
1.671889
1.660242
1.700970
1.661672
1.681739
1.692368
1.707082
1.691702
1.703155
1.681489
1.707305
1.685030
1.705923
1.684063
1.685992
1.712992
1.713329
1.684223
1.694859
1.692021
1.703174
1.696311
1.697722
1.706570
1.731446
1.691351
1.694027
1.696721
1.675174
1.692639
1.668610
1.696679
1.693958
1.690849
1.664208
1.681103
1.676085
1.675231
1.676288
1.696503
1.692674
1.673346
1.710334
1.717978
1.692719
1.665800
1.681692
1.682503
1.672763
1.680191
1.672946
1.702377
1.682879
1.675985
1.679499
1.713897
1.678145
1.679012
1.661441
1.707511
1.681939
1.652857
1.669337
1.684517
1.679328
1.677868
1.670542
1.708254
1.687873
1.663310
1.667838
1.666427
1.708540
1.662639
1.679454
1.681427
1.684162
1.663695
1.673053
1.675252
1.677471
1.691746
1.687916
1.672221
1.661868
1.691345
