2.301659
2.301253
2.300325
2.293702
2.289406
2.289611
2.289798
2.284191
2.263711
2.266545
2.251123
2.247814
2.250443
2.207375
2.238540
2.208048
2.170004
2.212005
2.167608
2.137724
2.114102
2.077158
2.059430
2.012603
1.991472
1.943193
1.962441
1.924087
1.856774
1.848569
1.822573
1.809702
1.817591
1.759349
1.767811
1.762434
1.789332
1.747098
1.737029
1.732268
1.752021
1.720293
1.719729
1.711444
1.707650
1.705804
1.695380
1.668636
1.700458
1.693635
1.677280
1.715091
1.685430
1.687563
1.626372
1.638596
1.664122
1.670408
1.663008
1.667508
1.649376
1.646449
1.658378
1.627136
1.625586
1.620291
1.623050
1.625635
1.615625
1.663208
1.647292
1.638270
1.594241
1.660087
1.602896
1.634663
1.642514
1.596642
1.590891
1.601961
1.613596
1.590960
1.630363
1.591102
1.622869
1.589442
1.615493
1.616230
1.611142
1.642644
1.616494
1.601865
1.591795
1.643508
1.631287
1.572295
1.579108
1.603041
1.586355
1.639348
1.580506
1.617754
1.586340
1.593708
1.610951
1.589039
1.578016
1.594977
1.588596
1.564289
1.555856
1.553809
1.596267
1.561139
1.555249
1.575169
1.575513
1.606695
1.578888
1.596721
1.592369
1.556969
1.557721
1.564887
1.581427
1.565332
1.546511
1.576941
1.582116
1.559548
1.590772
1.584738
1.555791
1.547787
1.557950
1.571149
1.573326
1.550496
1.565928
1.557383
1.575923
1.574756
1.603793
1.552346
1.593093
1.583645
1.564151
1.547212
1.580489
1.586746
1.556877
1.543180
1.530551
1.565544
1.572515
1.579102
1.548316
1.545455
1.559348
1.537763
1.544691
1.567580
1.574339
1.563488
1.558452
1.539404
1.568196
1.566984
1.549054
1.551851
1.573527
1.551662
1.573200
1.544034
1.554182
1.595009
1.529306
1.522138
1.568746
1.554924
1.560290
1.541942
1.540493
1.554363
1.556300
1.549177
1.541970
1.544825
1.523190
1.526091
1.554420
1.555604
1.544689
1.540691
1.546231
1.534487
1.535407
1.570284
1.547270
1.557883
1.541233
1.574153
1.535462
1.518666
1.530939
1.527882
1.532341
1.543768
1.553114
1.534095
1.546464
1.547042
1.555165
1.538567
1.531414
1.536772
1.551066
1.556140
1.569115
1.550079
1.534554
1.533895
1.531457
1.517396
1.521193
1.518898
1.527302
1.552146
1.522096
1.566865
1.548242
1.521752
1.539551
1.510232
1.553031
1.565971
1.521221
1.533607
1.545389
1.517064
1.512677
1.522220
1.525692
1.517896
1.545295
1.532189
1.538034
1.533837
1.546283
1.508385
1.510905
1.538955
1.513965
1.534815
1.524639
1.520386
1.527072
1.554933
1.513870
1.534514
1.534968
1.527344
1.533552
1.516460
1.544125
1.522041
1.532304
1.538397
1.548809
1.519003
1.503490
1.522256
1.529368
1.523894
1.503788
1.517393
1.502540
1.530358
1.543261
1.506039
1.521258
1.509616
1.517588
1.512984
1.529971
1.514462
1.518942
1.541642
1.516927
1.536275
1.513245
1.536546
1.523425
1.548002
1.513040
1.516445
1.532196
1.515333
1.537138
1.562932
1.508833
1.512672
1.501607
1.529253
1.526082
1.514793
1.529186
1.523126
1.510387
1.527075
1.541481
1.518005
1.524657
1.541208
1.503785
1.543163
1.529047
1.528446
1.514892
1.509430
1.516610
1.487594
1.512375
1.506332
1.505810
1.489912
1.507907
1.499965
1.545057
1.535793
1.502998
1.519752
1.539718
1.505973
1.527359
1.498352
1.498967
1.512911
1.514231
1.501773
1.527995
1.554066
1.524379
1.505112
1.549701
1.500353
1.525688
1.524945
1.507692
1.515774
1.494849
1.495444
1.494426
1.496900
1.512277
1.501377
1.518539
1.518591
1.504497
1.539114
1.510705
1.509875
1.515514
1.532850
1.508203
1.500009
1.523512
1.512285
1.530979
1.520362
1.495767
1.517116
1.521545
1.495659
1.505041
1.530214
1.498733
1.504880
1.514253
1.534160
1.477821
1.526927
1.498052
1.487651
1.530857
1.524071
1.498976
1.501780
1.538904
1.494511
1.507318
1.521449
1.526426
1.500978
1.504392
1.493851
1.493767
1.510690
1.503511
1.518338
1.512051
1.502252
1.514681
1.503628
1.489180
1.495347
1.526340
1.482308
1.525209
1.520435
1.515300
1.526920
1.526444
1.509688
1.549170
1.495368
1.498063
1.490507
1.513577
1.523630
1.510749
1.496410
1.501895
1.507135
1.501188
1.498735
1.508026
1.511190
1.536347
1.505355
1.499272
1.521942
1.502058
1.532172
1.486549
1.505594
1.495924
1.502689
1.507848
1.512422
1.501856
1.506133
1.488020
1.496016
1.501277
1.488497
1.517443
1.509133
1.526464
1.518929
1.504238
1.506763
1.493892
1.520989
1.490353
1.501215
1.509551
1.500538
1.512002
1.499009
1.506867
1.500738
1.502483
1.498684
1.518142
1.512859
1.482754
1.532710
1.515767
1.496819
1.498151
1.493687
1.505248
1.491831
1.500012
1.500689
1.493117
1.515258
1.509554
1.508532
1.512379
1.500837
1.513618
1.504465
1.489488
1.482163
1.510363
1.509859
1.494183
1.481921
1.499361
1.528532
1.516975
1.501597
1.487122
1.496310
1.505781
1.523574
1.488014
1.505588
