2.306670
2.304292
2.298713
2.296398
2.299438
2.302430
2.297718
2.293251
2.260692
2.238291
2.209320
2.218344
2.187824
2.181537
2.115995
2.083755
2.016909
2.082863
2.069478
1.922609
1.864830
1.804696
1.765922
1.793465
1.771721
1.752236
1.768417
1.751414
1.782200
1.745024
1.715494
1.708660
1.713655
1.674134
1.721700
1.792359
1.739167
1.753858
1.740798
1.769543
1.725193
1.714149
1.702700
1.666776
1.693810
1.695324
1.602007
1.663037
1.639047
1.675018
1.647144
1.665798
1.653216
1.636865
1.633530
1.620548
1.640809
1.677358
1.679644
1.606328
1.657989
1.624800
1.638981
1.635632
1.605677
1.614643
1.604887
1.592934
1.571814
1.588637
1.585028
1.607976
1.566588
1.595131
1.575102
1.550102
1.578237
1.607348
1.568987
1.596506
1.592445
1.564593
1.573273
1.575557
1.592073
1.578091
1.568949
1.539532
1.605920
1.538785
1.552440
1.586715
1.581238
1.541093
1.580446
1.582566
1.547360
1.544232
1.561979
1.548245
1.559177
1.569952
1.570219
1.534044
1.537087
1.560425
1.532556
1.525283
1.565627
1.537928
1.519941
1.531424
1.537415
1.527854
1.519855
1.557655
1.525633
1.545050
1.534233
1.543743
1.557015
1.559674
1.555185
1.526269
1.540363
1.554183
1.540580
1.539129
1.526434
1.538468
1.537716
1.532310
1.546673
1.532822
1.532578
1.524855
1.548072
1.540590
1.526686
1.543887
1.515817
1.533280
1.528735
1.555623
1.540533
1.513014
1.519531
1.538268
1.531437
1.526240
1.529345
1.514044
1.549217
1.532415
1.519276
1.540378
1.546340
1.513277
1.534119
1.504315
1.515871
1.519754
1.523647
1.535919
1.524507
1.509479
1.507697
1.536976
1.547896
1.525114
1.512386
1.505240
1.515089
1.548888
1.539802
1.535064
1.524347
1.511848
1.508341
1.506552
1.514944
1.509067
1.520110
1.504027
1.532124
1.510751
1.514606
1.509782
1.514567
1.522189
1.502150
1.525182
1.515676
1.493172
1.540756
1.492045
1.492112
1.520903
1.509817
1.505180
1.514037
1.503009
1.503588
1.530192
1.500296
1.519894
1.518020
1.522274
1.527290
1.522434
1.496757
1.536680
1.522567
1.514915
1.517634
1.500523
1.501390
1.525804
1.505418
1.525850
1.503700
1.499655
1.511924
1.514501
1.498353
1.493529
1.523653
1.479622
1.494136
1.522000
1.523249
1.503075
1.517597
1.498551
1.530174
1.513382
1.510807
1.489735
1.512676
1.500000
1.512473
1.501609
1.489547
1.514706
1.515611
1.501493
1.511874
1.506981
1.517186
1.484676
1.508262
1.489284
1.516314
1.501160
1.499475
1.506853
1.499934
1.500789
1.498315
1.504120
1.493603
1.499205
1.500307
1.499443
1.487628
1.521216
1.491792
1.496887
1.500082
1.517453
1.503695
1.504594
1.497084
1.504383
1.490148
1.499093
1.481043
1.521570
1.489013
1.484527
1.516564
1.480325
1.504708
1.484270
1.489607
1.502329
1.484945
1.507669
1.485359
1.511028
1.504085
1.497817
1.510007
1.507944
1.484005
1.502738
1.508371
1.496095
1.495231
1.517531
1.509241
1.496518
1.514651
1.488957
1.501453
1.494849
1.488208
1.507923
1.481955
1.481687
1.485509
1.483084
1.497743
1.484311
1.502718
1.498213
1.486578
1.485791
1.504227
1.496926
1.506883
1.507388
1.508975
1.508987
1.490761
1.480185
1.492116
1.502568
1.504780
1.480389
1.476603
1.493650
1.497375
1.485575
1.496225
1.483386
1.531538
1.502623
1.499205
1.487380
1.503670
1.498241
1.483131
1.490172
1.498345
1.489069
1.492076
1.486674
1.500117
1.481257
1.500355
1.498839
1.484461
1.491716
1.512828
1.485661
1.509588
1.494073
1.491056
1.495043
1.485424
1.489439
1.495134
1.479560
1.508543
1.493510
1.496707
1.488299
1.489095
1.496368
1.473924
1.478339
1.501920
1.513565
1.485228
1.493569
1.487844
1.496488
1.480875
1.483717
1.490931
1.481842
1.477402
1.499157
1.494412
1.490017
1.487220
1.502409
1.487084
1.495213
1.491438
1.497630
1.484008
1.488850
1.491362
1.490472
1.496114
1.482631
1.482523
1.479867
1.494763
1.490055
1.498661
1.501595
1.476229
1.496993
1.482646
1.509350
1.496473
1.485133
1.497017
1.487038
1.485025
1.489997
1.483032
1.482328
1.477912
1.477363
1.483858
1.492633
1.490833
1.486578
1.500577
1.483826
1.482760
1.477417
1.471710
1.480573
1.474342
1.490720
1.480710
1.496774
1.487543
1.498484
1.499511
1.483134
1.490020
1.493369
1.485685
1.492227
1.501368
1.500502
1.488394
1.490714
1.483885
1.499007
1.488549
1.479715
1.478213
1.474161
1.489272
1.500205
1.489776
1.485155
1.488275
1.479987
1.484434
1.487671
1.487266
1.478720
1.479960
1.492951
1.505653
1.483640
1.480938
1.494021
1.492841
1.475762
1.484531
1.490972
1.482849
1.476365
1.478715
1.478680
1.492547
1.508181
1.484371
1.479653
1.484513
1.486209
1.477860
1.482101
1.490168
1.484091
1.490410
1.493070
1.476298
1.491521
1.484490
1.486856
1.483470
1.485601
1.493509
1.492580
1.475435
1.482965
1.498035
1.477027
1.498748
1.484569
