2.305896
2.306160
2.304691
2.305806
2.307788
2.306763
2.307451
2.308438
2.304120
2.325411
2.332948
2.342438
2.329232
2.318119
2.271471
2.209553
2.225904
2.560983
2.476887
2.238806
2.362356
2.640088
2.456823
2.247576
2.454989
2.431172
2.308704
2.099261
2.267582
2.425153
2.248780
2.547411
2.591691
2.515884
2.618049
2.618401
2.575040
2.309956
2.266854
2.344866
2.378195
2.176105
1.985226
2.274956
2.419256
2.340317
2.154590
2.408270
2.430772
2.448140
2.477039
2.423729
2.366099
2.451337
2.444081
2.438721
2.422309
2.395972
2.379351
2.343307
2.326062
2.250773
2.096331
2.014623
2.105630
2.192750
2.293722
2.318267
2.374981
2.400306
2.240564
1.968903
2.075004
2.259224
2.396294
2.413300
2.468316
2.425903
2.439121
2.387820
2.407406
2.325623
2.166628
2.283372
2.293089
2.371478
2.399987
2.395924
2.233072
2.106473
2.159024
2.300077
2.375474
2.388579
2.420720
2.431747
2.334399
2.369617
2.315373
2.388155
2.413165
2.376829
2.377140
2.390768
2.365216
2.442546
2.444092
2.439048
2.426963
2.413508
2.319595
2.260798
2.282044
2.319183
2.345086
2.355211
2.377090
2.374081
2.337187
2.126544
2.191921
2.247443
2.300220
2.332382
2.381099
2.404378
2.441843
2.445001
2.454358
2.470356
2.428695
2.434594
2.427257
2.422871
2.382650
2.350594
2.326279
2.283270
2.349405
2.207261
2.005043
2.089271
2.153622
2.212129
2.283817
2.322285
2.346978
2.435477
2.429118
2.398000
2.422953
2.457597
2.449779
2.430350
2.441654
2.433490
2.436074
2.432595
2.428582
2.362957
2.378592
2.369115
2.334975
2.343164
2.337632
2.374448
2.360862
2.352633
2.284991
2.242538
2.267280
2.170996
2.063046
2.209408
2.255122
2.247803
2.343863
2.352567
2.354461
2.415350
2.430850
2.437495
2.456516
2.435368
2.465979
2.437433
2.453677
2.449258
2.455431
2.446906
2.421059
2.442013
2.410888
2.408510
2.403009
2.389019
2.373434
2.377316
2.336183
2.340955
2.357729
2.344791
2.328177
2.338634
2.340766
2.332045
2.322057
2.284320
2.318932
2.306914
2.331151
2.291633
2.319576
2.326502
2.329584
2.304675
2.303342
2.345863
2.323922
2.336628
2.311943
2.335202
2.332935
2.321208
2.346787
2.326016
2.343246
2.346114
2.309942
2.344868
2.314703
2.233118
2.090337
1.889259
1.904828
2.050546
2.162480
2.247570
2.301266
2.336377
2.368943
2.393220
2.408684
2.400753
2.398383
2.409814
2.413920
2.432976
2.370923
2.251462
2.021560
1.825282
1.691196
1.681043
1.660055
1.710069
1.941618
2.093286
2.345522
2.388633
2.397381
2.373575
2.394550
2.359464
2.358166
2.347713
2.338434
2.288559
2.263894
2.096143
2.196348
2.274588
2.315799
2.350565
2.366117
2.388692
2.357488
2.272379
2.168615
2.167199
2.242863
2.225500
2.113830
1.926250
1.897485
1.748911
1.658067
1.602627
1.578809
1.560153
1.551376
1.547877
1.546874
1.586028
1.621714
1.701081
1.898743
2.122506
2.251509
2.352676
2.361024
2.401315
2.380001
2.386034
2.369753
2.351992
2.310280
2.281360
2.259292
2.272695
2.149129
2.188860
2.219776
2.229391
2.270058
2.200315
2.050784
1.927342
1.831873
1.895926
1.750664
1.661430
1.658192
1.613709
1.577689
1.562574
1.555317
1.564313
1.561844
1.573761
1.567244
1.640633
1.655693
1.665838
1.763476
1.805398
1.853494
1.916430
1.912515
2.002050
2.053042
2.034751
2.060071
2.043726
2.103975
2.114786
2.222525
2.295760
2.352431
2.373254
2.411933
2.429393
2.422606
2.390829
2.391016
2.379326
2.380805
2.355981
2.358028
2.400110
2.383440
2.409239
2.394521
2.396212
2.405041
2.394539
2.416998
2.381878
2.374362
2.412225
2.374225
2.407105
2.391456
2.374378
2.388427
2.348599
2.341417
2.335742
2.335232
2.270147
2.270656
2.261217
2.297861
2.310340
2.293784
2.201217
2.125525
2.112982
2.043813
2.010795
1.968473
2.024499
2.050734
1.957939
1.829715
1.802138
1.695058
1.646588
1.608836
1.562737
1.551554
1.543383
1.533166
1.517939
1.530685
1.538707
1.532586
1.531982
1.534182
1.533642
1.570490
1.581268
1.570127
1.595066
1.635159
1.673398
1.710601
1.751187
1.814863
1.924001
1.910853
1.939530
1.990552
2.088860
2.098459
2.097827
2.226305
2.163949
2.216697
2.251301
2.216110
2.276555
2.282820
2.320597
2.343859
2.404534
2.356531
2.366673
2.425708
2.418849
2.403092
2.371030
2.413235
2.391929
2.393011
2.400326
2.418058
2.380479
2.391035
2.394411
2.393682
2.396540
2.407485
2.411873
2.389276
2.379853
2.397695
2.396108
2.438872
2.397933
2.437430
2.426427
2.426234
2.410854
2.455400
2.432001
2.400156
2.443954
2.423939
2.419317
2.452547
2.429336
2.433323
2.421255
2.460654
2.445482
2.470970
2.465770
2.438561
2.487405
2.451687
2.419234
2.462363
2.416781
2.445040
2.450507
2.443477
2.464787
2.461299
2.437278
2.483449
2.442501
2.464780
2.492874
2.480873
2.422441
2.470156
2.434805
2.487732
2.461367
