2.303345
2.301961
2.301852
2.271054
2.258263
2.253831
2.226527
2.231145
2.219613
2.190999
2.157801
2.155559
2.158614
2.072786
2.019189
2.000662
1.930421
1.970901
1.949984
1.958079
1.979691
1.977425
1.857400
1.807046
1.862168
1.827540
1.888317
1.822575
1.821954
1.779386
1.745411
1.759559
1.740440
1.778517
1.766113
1.721763
1.722225
1.691552
1.698306
1.713736
1.688597
1.698374
1.651839
1.652162
1.672851
1.709582
1.679542
1.689004
1.632134
1.683265
1.688270
1.678859
1.629307
1.644174
1.634240
1.705843
1.622595
1.613433
1.651690
1.646099
1.652704
1.641934
1.665828
1.669633
1.621816
1.685341
1.631220
1.621498
1.654966
1.634600
1.635043
1.616967
1.652430
1.633980
1.663054
1.604346
1.632782
1.633898
1.667058
1.657634
1.593906
1.618872
1.622675
1.654586
1.639293
1.604219
1.619164
1.607345
1.627567
1.644682
1.633079
1.606764
1.640041
1.631982
1.603817
1.613006
1.600098
1.627469
1.610121
1.642393
1.617284
1.595165
1.608659
1.617474
1.603883
1.627966
1.618145
1.617410
1.612051
1.634506
1.595744
1.614413
1.613602
1.590631
1.586001
1.621325
1.563472
1.598523
1.624610
1.612259
1.629501
1.643873
1.589190
1.593040
1.629395
1.633247
1.597381
1.590553
1.653280
1.562381
1.592070
1.607765
1.568362
1.631534
1.582573
1.628900
1.636797
1.637610
1.610198
1.541663
1.635223
1.604971
1.612083
1.589936
1.585058
1.597806
1.590114
1.582521
1.630030
1.576442
1.609652
1.617105
1.630074
1.570640
1.590894
1.613341
1.669048
1.597587
1.589570
1.589877
1.598885
1.586390
1.571396
1.597654
1.590889
1.594421
1.572299
1.582090
1.631055
1.579993
1.599388
1.563360
1.614944
1.614863
1.575078
1.580164
1.573890
1.571379
1.578371
1.610910
1.625402
1.584049
1.580672
1.572622
1.583706
1.596992
1.610547
1.602382
1.604369
1.589840
1.568838
1.581192
1.603752
1.576811
1.571606
1.569001
1.560965
1.626704
1.582641
1.574027
1.594648
1.599741
1.586256
1.588978
1.600074
1.590581
1.571444
1.580452
1.640493
1.591542
1.574317
1.609613
1.607429
1.589437
1.553071
1.583193
1.542570
1.607055
1.539621
1.577025
1.618562
1.611095
1.616197
1.612454
1.587026
1.566153
1.582619
1.576513
1.592590
1.608545
1.576890
1.598463
1.583429
1.570534
1.598935
1.597582
1.580127
1.580096
1.584646
1.589018
1.570663
1.573428
1.579543
1.586446
1.576298
1.587527
1.581073
1.566174
1.547284
1.591044
1.573070
1.611487
1.598525
1.581025
1.575601
1.569950
1.563545
1.579851
1.603705
1.570197
1.578785
1.541362
1.577006
1.596016
1.575117
1.568245
1.605256
1.544992
1.543578
1.578296
1.620499
1.610707
1.586211
1.561677
1.630362
1.584106
1.557916
1.557005
1.537403
1.544854
1.555862
1.553068
1.540037
1.524419
1.569922
1.537739
1.584026
1.545150
1.530643
1.537050
1.519415
1.563120
1.528943
1.603231
1.537434
1.535968
1.555647
1.559386
1.543024
1.569148
1.570737
1.552873
1.515338
1.517920
1.561306
1.519408
1.579397
1.551614
1.550098
1.571531
1.564866
1.564922
1.506287
1.540538
1.503822
1.549330
1.555960
1.509590
1.526423
1.521620
1.538056
1.562430
1.537949
1.561106
1.548559
1.537350
1.585361
1.522533
1.555450
1.557633
1.545656
1.515135
1.544843
1.536354
1.554825
1.542194
1.512176
1.520294
1.571289
1.510984
1.533680
1.567317
1.548550
1.534200
1.521039
1.561568
1.491341
1.521757
1.539138
1.563535
1.539027
1.557245
1.523890
1.537743
1.542240
1.560636
1.531585
1.510354
1.568299
1.564413
1.522121
1.541252
1.565935
1.552040
1.518841
1.511141
1.533995
1.554150
1.510187
1.517511
1.563295
1.529008
1.568684
1.524895
1.560963
1.537824
1.559077
1.563313
1.520201
1.552044
1.518411
1.508353
1.547365
1.547533
1.538188
1.608906
1.593089
1.545145
1.518130
1.533969
1.545228
1.525171
1.530524
1.552377
1.542697
1.518692
1.538612
1.540749
1.526736
1.521530
1.532335
1.519657
1.525026
1.543134
1.511086
1.546005
1.513482
1.554903
1.542436
1.516156
1.543101
1.560954
1.547265
1.512314
1.558305
1.545659
1.521880
1.509708
1.534307
1.550812
1.520611
1.527189
1.508411
1.547086
1.558946
1.578590
1.512008
1.575769
1.519753
1.552253
1.529363
1.546325
1.538033
1.537240
1.542151
1.519203
1.513741
1.529367
1.516876
1.564147
1.560338
1.575660
1.536812
1.572500
1.555743
1.532284
1.534709
1.523077
1.498851
1.531318
1.538444
1.539483
1.507909
1.523332
1.493132
1.508633
1.524701
1.495860
1.544856
1.520688
1.558275
1.563552
1.541518
1.568923
1.532892
1.540567
1.531204
1.521157
1.533167
1.514024
1.532095
1.545218
1.503253
1.552327
1.571842
1.524333
1.527911
1.545891
1.514240
1.541261
1.511317
1.515094
1.536353
1.558870
1.541099
1.527109
1.527651
1.546077
1.550902
1.519582
1.523999
1.527911
1.523884
1.556725
1.546020
1.501969
1.532740
1.526806
1.527786
1.518691
