2.288047
2.284402
2.276149
2.268369
2.251515
2.229940
2.237603
2.389204
2.374066
2.308479
2.196740
2.107106
2.159319
2.168769
2.185668
2.199581
2.219072
2.128976
2.175764
2.214942
2.214773
2.191397
2.129694
2.160375
2.136745
2.135558
2.206853
2.227654
2.235485
2.233317
2.230442
2.209680
2.173011
2.160318
2.172529
2.240459
2.205300
2.185865
2.184496
2.232920
2.247110
2.219169
2.199283
2.227623
2.207005
2.186594
2.191893
2.212841
2.198282
2.233772
2.234556
2.617547
2.889201
2.856670
2.850317
2.845910
2.838389
2.816548
2.778334
2.748908
2.744968
2.745495
2.747026
2.749381
2.752908
2.753515
2.758618
2.762640
2.752555
2.706922
2.607996
2.363923
2.079662
2.055063
2.110025
2.392002
2.715975
2.763422
2.809173
2.829620
2.836632
2.841940
2.840814
2.839643
2.824420
2.726063
2.700622
2.692387
2.647252
2.563995
2.424983
2.241914
2.155528
2.130387
2.112347
2.061777
2.088041
2.063236
2.080650
2.088408
2.088670
2.090932
2.086804
2.054341
2.056170
2.012031
2.005582
1.978542
1.991000
2.007642
1.910465
1.890730
1.896156
1.883479
1.869203
1.881845
1.847190
1.789942
1.798245
1.889811
1.850780
1.879040
1.809097
1.799816
1.774519
1.783276
1.810886
1.885145
1.876013
1.921171
1.951497
2.003937
2.035429
2.000738
1.966435
1.969054
1.944784
1.904239
1.908611
1.874623
1.888160
1.865075
1.860536
1.869390
1.873002
1.899401
1.906644
1.915504
1.886042
1.869989
1.836287
1.839533
1.792179
1.832609
1.800493
1.808100
1.813597
1.809253
1.833237
1.769875
1.780472
1.830007
1.851255
1.860507
1.845405
1.840914
1.857533
1.807637
1.828991
1.803473
1.767525
1.847718
1.831593
1.758699
1.756884
1.734545
1.723243
1.724684
1.732026
1.720826
1.753329
1.819173
1.803451
1.854837
1.813359
1.831370
1.815453
1.845886
1.853120
1.857192
1.836710
1.823640
1.863661
1.876322
1.835054
1.829161
1.876954
1.820622
1.823077
1.818569
1.821414
1.846264
1.839522
1.853251
1.901452
1.865679
1.860561
1.841599
1.813639
1.832968
1.793586
1.826993
1.831262
1.826372
1.825850
1.849042
1.866403
1.834396
1.850165
1.848892
1.896561
1.918952
1.877317
1.920161
1.939631
1.891799
1.864016
1.828670
1.822464
1.837564
1.837385
1.859228
1.828725
1.800117
1.826864
1.819696
1.820451
1.829337
1.888652
1.875768
1.869530
1.916426
1.880914
1.871796
1.840295
1.805557
1.828449
1.803706
1.799282
1.793369
1.792431
1.793459
1.810053
1.789822
1.813499
1.859055
1.812876
1.819897
1.811215
1.849613
1.815841
1.804349
1.793001
1.781183
1.806400
1.834612
1.798469
1.787821
1.759392
1.775578
1.821540
1.813115
1.770809
1.815281
1.812454
1.816987
1.849619
1.777620
1.792562
1.740264
1.736037
1.717381
1.697202
1.708676
1.696018
1.725784
1.711472
1.756791
1.747274
1.723844
1.710798
1.739712
1.736851
1.721503
1.704118
1.723570
1.700520
1.719571
1.690302
1.712120
1.692798
1.668590
1.672177
1.646574
1.694822
1.698037
1.671973
1.691302
1.668448
1.718214
1.683635
1.697518
1.704632
1.678170
1.673600
1.677785
1.678668
1.684118
1.679182
1.676729
1.662685
1.673850
1.680842
1.663866
1.657739
1.673002
1.663067
1.677794
1.669024
1.671629
1.665745
1.677827
1.665286
1.695652
1.667083
1.674495
1.644664
1.677499
1.675124
1.665793
1.655811
1.663793
1.668393
1.694194
1.667629
1.686016
1.646777
1.639516
1.652143
1.672473
1.667268
1.688963
1.644725
1.673544
1.646363
1.663123
1.651284
1.688986
1.752393
1.713187
1.677756
1.667594
1.703138
1.696541
1.704689
1.661310
1.652881
1.663363
1.695990
1.688000
1.702499
1.688657
1.680277
1.721454
1.714992
1.728143
1.704096
1.668824
1.661399
1.662780
1.667967
1.683240
1.690006
1.661744
1.668835
1.665548
1.682589
1.709217
1.728543
1.695885
1.681583
1.686077
1.644276
1.668998
1.676371
1.646405
1.644685
1.677336
1.647913
1.668308
1.650651
1.629450
1.646313
1.658659
1.670506
1.650102
1.650326
1.641694
1.655866
1.662389
1.649632
1.669465
1.663780
1.663931
1.650274
1.663362
1.646071
1.683378
1.671767
1.676456
1.658207
1.656351
1.695756
1.662899
1.666645
1.647146
1.672366
1.687949
1.636663
1.633554
1.681728
1.650096
1.665260
1.634107
1.666701
1.648238
1.663565
1.677113
1.690475
1.688318
1.652086
1.643983
1.657803
1.655705
1.655289
1.654497
1.641755
1.661925
1.655116
1.647854
1.658579
1.653590
1.654349
1.669364
1.663527
1.664667
1.683542
1.674569
1.663636
1.642712
1.684008
1.662408
1.662392
1.659784
1.637936
1.639650
1.680537
1.648302
1.651316
1.644235
1.632114
1.639865
1.648884
1.645053
1.677300
1.639742
1.635691
1.644149
1.643241
1.637198
1.661755
1.642903
1.628039
1.656048
1.644967
1.648500
1.665770
1.646412
1.649804
1.618700
1.683126
1.658176
1.634804
1.632715
1.644452
1.651293
1.654735
1.660479
1.635263
1.652547
