2.305940
2.307131
2.305193
2.304250
2.300080
2.298961
2.279235
2.270345
2.239068
2.240659
2.206255
2.169415
2.164074
2.144078
2.167180
2.127084
2.092067
2.035772
1.960539
1.903275
1.863112
1.869333
1.878548
1.834459
1.799129
1.767472
1.756139
1.757576
1.765035
1.721076
1.704596
1.727406
1.693918
1.687148
1.695473
1.689894
1.712115
1.691323
1.665302
1.648451
1.618620
1.594457
1.602868
1.582008
1.615573
1.644567
1.634171
1.650517
1.591171
1.584710
1.576278
1.604601
1.594455
1.591758
1.556430
1.574772
1.566618
1.622479
1.586696
1.563107
1.606593
1.599207
1.567501
1.561355
1.599659
1.598695
1.558453
1.579260
1.602809
1.553178
1.560466
1.582141
1.564073
1.545180
1.568812
1.563298
1.570695
1.564361
1.580218
1.575376
1.578723
1.549312
1.581227
1.558946
1.547991
1.538591
1.556230
1.568793
1.557939
1.572056
1.536291
1.544129
1.586029
1.562477
1.548054
1.567383
1.529432
1.531616
1.521205
1.552461
1.531764
1.531247
1.526337
1.544507
1.555770
1.537999
1.535471
1.547674
1.546313
1.572776
1.537516
1.547368
1.545384
1.543393
1.551652
1.541932
1.538209
1.514864
1.535204
1.552854
1.521492
1.518942
1.543434
1.543870
1.528966
1.519329
1.520659
1.536601
1.542362
1.541078
1.530237
1.524750
1.553264
1.509584
1.532868
1.536449
1.541579
1.510132
1.540907
1.540177
1.534626
1.514632
1.552457
1.517270
1.523368
1.525521
1.521026
1.542003
1.519753
1.524033
1.518627
1.547625
1.492288
1.515652
1.517520
1.531046
1.505803
1.537281
1.513458
1.562563
1.510380
1.516024
1.525864
1.501152
1.531448
1.539876
1.522735
1.530901
1.506852
1.510530
1.540588
1.518982
1.541591
1.503155
1.522673
1.526184
1.533015
1.509076
1.522565
1.536315
1.498284
1.521248
1.513140
1.515459
1.522313
1.521061
1.491832
1.533564
1.512884
1.545535
1.527309
1.517731
1.517483
1.508470
1.529851
1.514957
1.512437
1.521027
1.520199
1.508893
1.537998
1.489890
1.509905
1.515504
1.516220
1.496927
1.505077
1.505997
1.549858
1.502277
1.527420
1.508580
1.520623
1.516169
1.506603
1.500388
1.503105
1.492929
1.504170
1.515252
1.498674
1.514670
1.505598
1.494758
1.507085
1.522897
1.508859
1.513651
1.503201
1.511377
1.504625
1.510019
1.515130
1.519948
1.513147
1.530527
1.501989
1.503250
1.522835
1.501914
1.506466
1.528425
1.526789
1.510353
1.511387
1.521134
1.499807
1.492537
1.503775
1.517414
1.495458
1.503039
1.500791
1.494538
1.533264
1.504898
1.484668
1.498081
1.510005
1.498359
1.509061
1.503268
1.493731
1.496267
1.511764
1.503991
1.518933
1.500075
1.501401
1.514047
1.493520
1.491969
1.486571
1.492661
1.510947
1.509869
1.485947
1.511818
1.511021
1.521644
1.496145
1.501850
1.496742
1.517850
1.503440
1.510958
1.496994
1.494361
1.491201
1.501707
1.489937
1.508547
1.482704
1.501525
1.503526
1.513265
1.504975
1.495432
1.518743
1.520668
1.505303
1.492216
1.494290
1.502767
1.491873
1.493788
1.493046
1.516045
1.516306
1.482705
1.508020
1.497067
1.481861
1.514080
1.506123
1.503319
1.509261
1.492850
1.499895
1.497732
1.514379
1.523813
1.486894
1.516453
1.499341
1.487729
1.491526
1.480554
1.486360
1.494814
1.507940
1.496252
1.493005
1.506803
1.486025
1.503194
1.502041
1.496160
1.493342
1.502256
1.488523
1.485550
1.505301
1.501516
1.501873
1.500632
1.495933
1.474973
1.486992
1.486562
1.485542
1.483603
1.486608
1.514191
1.485406
1.511320
1.476048
1.493966
1.489986
1.490181
1.514700
1.481680
1.508795
1.488400
1.507518
1.507216
1.490035
1.507649
1.492624
1.489688
1.494819
1.486910
1.488888
1.503840
1.499162
1.498934
1.499711
1.496307
1.484734
1.491894
1.512566
1.521056
1.488836
1.491603
1.484168
1.484507
1.505900
1.495664
1.492488
1.483266
1.489357
1.493137
1.483774
1.487583
1.496363
1.500420
1.482246
1.489363
1.494388
1.504614
1.484457
1.502035
1.484943
1.485738
1.493858
1.483781
1.489418
1.479914
1.498276
1.485211
1.485362
1.486935
1.485712
1.486936
1.489646
1.513531
1.514064
1.472095
1.509790
1.495851
1.483012
1.500499
1.498832
1.505020
1.498575
1.487605
1.481421
1.497834
1.495900
1.480408
1.476175
1.496005
1.489926
1.482547
1.485418
1.486148
1.488001
1.496645
1.480897
1.493450
1.494890
1.484780
1.486686
1.483068
1.488989
1.492451
1.478406
1.496956
1.485691
1.489384
1.489577
1.479402
1.487787
1.495602
1.485332
1.495000
1.492160
1.480910
1.486656
1.497284
1.488680
1.492907
1.495628
1.496504
1.473561
1.497383
1.491313
1.488410
1.496998
1.478020
1.481862
1.490601
1.492869
1.481149
1.481459
1.497666
1.483817
1.487237
1.483916
1.484585
1.498227
1.482266
1.510538
1.484389
1.490255
1.477753
1.485748
1.479444
1.480221
1.493646
1.481930
1.472149
1.492198
1.493817
1.473496
1.482581
1.492848
1.480056
1.482912
1.486809
