0.1016
0.1875
0.1797
0.1797
0.2812
0.3359
0.3594
0.2969
0.3750
0.3750
0.4375
0.3906
0.3516
0.3281
0.4375
0.5781
0.4531
0.4297
0.5156
0.5156
0.5781
0.5938
0.5781
0.6429
0.5859
0.6484
0.5781
0.7578
0.7188
0.6250
0.6250
0.6328
0.7031
0.7500
0.6719
0.7500
0.7891
0.8047
0.7500
0.7188
0.7969
0.7109
0.7891
0.7500
0.8594
0.7656
0.7500
0.7679
0.8516
0.8281
0.8516
0.7812
0.8438
0.7344
0.7812
0.8438
0.8281
0.8125
0.7891
0.8672
0.7422
0.8047
0.8281
0.8516
0.8438
0.8438
0.8203
0.8047
0.7734
0.8047
0.8203
0.7321
0.8281
0.8594
0.8203
0.8203
0.8906
0.8438
0.8125
0.8281
0.8125
0.8594
0.8203
0.8203
0.8359
0.8750
0.7891
0.8516
0.8203
0.8125
0.8672
0.7969
0.7969
0.8359
0.8828
0.7500
0.8438
0.8359
0.8984
0.7734
0.8203
0.8359
0.8594
0.8359
0.7891
0.8359
0.7891
0.9062
0.8359
0.8672
0.8906
0.7969
0.8281
0.8047
0.8750
0.8672
0.8828
0.8125
0.8438
0.8393
0.8672
0.8125
0.8594
0.8594
0.8438
0.7969
0.8125
0.8750
0.8516
0.8438
0.9062
0.8750
0.8203
0.8594
0.8281
0.8594
0.8750
0.8438
0.8594
0.8281
0.8203
0.8203
0.8672
0.8036
0.8281
0.8984
0.9219
0.8438
0.9375
0.8906
0.9219
0.9062
0.9141
0.9453
0.9062
0.9531
0.8906
0.8984
0.9062
0.9297
0.9141
0.9531
0.9297
0.9531
0.9609
0.9062
0.9766
0.9107
0.9375
0.9609
0.9219
0.8984
0.9531
0.9219
0.9219
0.9219
0.9375
0.9375
0.9141
0.9297
0.9297
0.9688
0.9297
0.9219
0.9609
0.9453
0.9453
0.9531
0.9453
0.9609
0.9453
0.9286
0.9297
0.9453
0.9453
0.9922
0.9688
0.9297
0.9219
0.9609
0.9297
0.9609
0.9141
0.9297
0.9297
0.9375
0.9297
0.9219
0.9609
0.9297
0.9375
0.9453
0.9453
0.9531
0.9531
0.9643
0.9609
0.9531
0.9297
0.8906
0.9688
0.9141
0.9766
0.9688
0.9609
0.9531
0.9375
0.9062
0.9844
0.9453
0.9297
0.9766
0.9453
0.9531
0.9609
0.9609
0.9531
0.9375
0.9453
0.8750
0.9609
0.9375
0.9453
0.9219
0.9609
0.9453
0.9609
0.8906
0.9609
0.9766
0.9375
0.9453
0.9141
0.9531
0.9375
0.9453
0.9453
0.9453
0.9609
0.9609
0.9688
0.9609
0.9688
0.8929
0.9609
0.9531
0.9609
0.9453
0.9766
1.0000
0.9531
0.9609
0.9141
0.9453
0.9766
0.9531
0.9688
0.9453
0.9609
0.9609
0.9453
0.9453
0.9453
0.9844
0.9375
0.9375
0.9453
0.9464
0.9922
0.9219
0.9375
0.9375
0.9609
0.9531
0.9531
0.9531
0.9609
0.9297
0.9297
0.9922
0.9688
0.9531
0.9609
0.9453
0.9609
0.9531
0.9688
0.9844
0.9688
0.9375
0.9766
0.9464
0.9609
0.9688
0.9609
0.9375
0.9688
0.9375
0.9531
0.9766
0.9453
0.9453
0.9297
0.9844
0.9688
0.9766
0.9844
0.9766
0.9531
0.9688
0.9453
0.9141
0.9531
0.9453
0.9844
0.9821
0.9375
0.9922
0.9766
0.9609
0.9609
0.9609
0.9453
0.9688
1.0000
0.9766
0.9531
0.9453
0.9219
0.9609
0.9766
0.9688
0.9375
0.9609
0.9609
0.9844
0.9375
0.9688
0.9453
0.9643
0.9922
0.9688
0.9609
0.9531
0.9453
0.9688
0.9297
0.9922
0.9609
0.9453
0.9844
0.9453
0.9609
0.9375
0.9531
0.9688
0.9609
0.9766
0.9609
0.9688
0.9609
0.9766
0.9844
0.9821
0.9922
0.9766
0.9531
0.9609
0.9453
0.9609
0.9688
0.9688
0.9844
0.9609
0.9609
0.9453
0.9609
0.9531
0.9531
0.9453
0.9297
0.9609
0.9375
0.9531
0.9766
0.9766
0.9766
1.0000
0.9688
0.9688
0.9922
0.9531
0.9453
0.9297
0.9688
0.9531
0.9844
0.9688
0.9609
0.9609
0.9453
0.9688
0.9766
0.9688
0.9844
0.9453
0.9531
0.9766
1.0000
0.9141
0.9766
0.9643
0.9141
0.9609
0.9844
0.9297
0.9844
0.9609
0.9844
0.9688
0.9688
0.9688
0.9922
0.9219
0.9766
0.9609
0.9609
0.9922
0.9297
0.9844
0.9375
0.9688
0.9453
0.9531
0.9531
1.0000
0.9531
0.9375
0.9297
0.9609
0.9453
0.9531
0.9609
0.9766
0.9766
0.9297
0.9609
0.9844
0.9453
0.9766
0.9766
0.9609
1.0000
0.9922
0.9844
0.9844
0.9844
0.9844
0.9609
0.9821
0.9609
0.9609
0.9531
0.9922
0.9688
0.9766
0.9375
0.9688
0.9766
0.9844
0.9844
0.9766
0.9453
0.9453
0.9531
0.9766
0.9375
0.9688
0.9844
0.9844
