1.500000
1.500000
1.500000
1.465990
1.164583
0.597708
0.650677
0.672500
0.790573
0.680313
0.489688
0.430781
0.452135
0.477500
0.540260
0.629896
0.648333
0.517813
0.451354
0.446823
0.511302
0.483750
0.515729
0.465357
1.363594
1.082500
0.741250
0.642604
0.565104
0.539479
0.602656
1.086406
0.948802
0.716198
0.608958
0.629375
0.624531
0.553385
0.540938
0.614792
0.641667
0.750156
0.763333
0.737865
0.622604
0.616719
0.509427
0.485238
0.478594
0.505833
0.514115
0.516771
0.500990
0.470000
0.456250
0.464688
0.477188
0.468385
0.464271
0.461719
0.460729
0.476198
0.479583
0.485625
0.471771
0.439896
0.445208
0.452917
0.455729
0.463125
0.443958
0.427857
0.467865
0.485573
0.489375
0.468229
0.442344
0.412240
0.399219
0.414167
0.402760
0.400469
0.399115
0.411094
0.447865
0.491719
0.470417
0.462500
0.465208
0.453177
0.456615
0.422344
0.402500
0.396563
0.435521
0.424524
0.445625
0.441406
0.451823
0.434896
0.406198
0.407552
0.403073
0.402031
0.439167
0.421719
0.408333
0.422344
0.435625
0.441667
0.427135
0.420052
0.388594
0.384479
0.361198
0.400990
0.404792
0.419271
0.429583
0.423333
0.372188
0.385990
0.398021
0.439635
0.451979
0.483073
0.460313
0.422344
0.385573
0.384219
0.401771
0.426094
0.401042
0.432552
0.426198
0.440781
0.427656
0.408698
0.399427
0.400208
0.382344
0.413385
0.387708
0.397143
0.403073
0.384323
0.385677
0.403906
0.401510
0.372865
0.396198
0.412865
0.403594
0.390677
0.384115
0.373750
0.401302
0.410573
0.387448
0.416510
0.394583
0.408542
0.392604
0.415365
0.402240
0.371563
0.407031
0.357619
0.372917
0.395260
0.418125
0.384740
0.384010
0.417344
0.419479
0.419688
0.420729
0.410208
0.391510
0.374271
0.360104
0.378281
0.390625
0.399427
0.460729
0.435260
0.426094
0.425052
0.388594
0.374635
0.373125
0.400238
0.453333
0.428698
0.477188
0.411927
0.385625
0.389740
0.391563
0.386510
0.410260
0.423490
0.388646
0.402760
0.411198
0.430521
0.404531
0.415729
0.397240
0.404010
0.405938
0.431094
0.399219
0.437135
0.420417
0.420119
0.417656
0.400260
0.404427
0.443438
0.467135
0.430052
0.415781
0.419010
0.410365
0.422708
0.398906
0.466198
0.431563
0.448698
0.428854
0.434531
0.400677
0.397240
0.387813
0.445260
0.438229
0.475417
0.437031
0.445595
0.416979
0.418802
0.433073
0.420469
0.460313
0.442083
0.397552
0.413438
0.404271
0.396094
0.387292
0.421042
0.385260
0.431406
0.420469
0.389688
0.398646
0.416198
0.418125
0.397188
0.414844
0.469375
0.473438
0.436429
0.414740
0.436302
0.384479
0.395052
0.416667
0.478125
0.432031
0.433958
0.438750
0.438594
0.411875
0.413646
0.422813
0.414271
0.440208
0.440208
0.435677
0.455104
0.409792
0.420000
0.498594
0.506354
0.443958
0.471548
0.441615
0.403177
0.405781
0.487188
0.498802
0.459740
0.437240
0.486875
0.443438
0.432813
0.399375
0.422865
0.495104
0.481042
0.484167
0.445104
0.429427
0.413125
0.392552
0.422448
0.451146
0.464583
0.496302
0.461429
0.442917
0.442552
0.417188
0.433073
0.447969
0.421927
0.417604
0.420781
0.436667
0.471823
0.492240
0.459635
0.474115
0.425417
0.423802
0.423125
0.482760
0.474896
0.450573
0.449688
0.479792
0.451042
0.426302
0.385119
0.403802
0.424323
0.479167
0.464479
0.446510
0.461510
0.467188
0.398281
0.397708
0.408438
0.386875
0.434375
0.452917
0.425000
0.468958
0.451563
0.437240
0.437865
0.454271
0.435990
0.434271
0.444167
0.449948
0.426905
0.454792
0.436042
0.447656
0.411927
0.420573
0.409010
0.393802
0.409635
0.512135
0.486042
0.458385
0.491927
0.443177
0.431250
0.389167
0.413177
0.427813
0.411042
0.409948
0.431667
0.443021
0.431823
0.509167
0.505833
0.444375
0.493750
0.471875
0.488177
0.445208
0.491615
0.429115
0.411510
0.419063
0.465729
0.455885
0.483594
0.489948
0.480781
0.480156
0.476302
0.425938
0.419375
0.419063
0.437813
0.435313
0.472708
0.460938
0.460952
0.484115
0.522865
0.489063
0.450000
0.394323
0.422396
0.459531
0.488177
0.538802
0.576719
0.577760
0.494219
0.430521
0.402865
0.407656
0.469740
0.479375
0.498698
0.472448
0.460104
0.438854
0.428021
0.411927
0.404405
0.494583
0.481094
0.477292
0.514063
0.497031
0.423750
0.415469
0.410938
0.453229
0.481927
0.546875
0.470260
0.481042
0.407865
0.407604
0.456354
0.498594
0.483177
0.491094
0.484167
0.460208
0.458594
0.476198
0.416905
0.445885
0.426875
0.481302
0.484271
0.445208
0.478854
0.496615
0.486354
0.459531
0.467760
0.467448
0.494115
0.467240
0.423958
0.432135
0.438021
0.485156
0.460781
0.486510
0.467240
0.483542
0.481719
0.456354
0.507381
0.482240
0.490260
0.436563
0.463125
0.474427
0.451510
0.492240
0.475833
0.506927
0.437813
0.444219
0.509010
0.515313
0.493021
0.447240
0.390156
0.410313
0.477604
0.500625
0.527604
