2.305799
2.302974
2.299020
2.295029
2.298384
2.299233
2.269894
2.274776
2.243232
2.260128
2.237497
2.225281
2.201471
2.198826
2.163283
2.103054
2.057220
2.012300
1.990911
1.931990
1.905450
1.881895
1.843941
1.802218
1.790776
1.789506
1.782145
1.721313
1.744485
1.705545
1.709330
1.697766
1.709800
1.676043
1.666981
1.677175
1.658510
1.747892
1.643628
1.643574
1.672818
1.655537
1.684374
1.642292
1.617962
1.633363
1.641379
1.571270
1.592379
1.631460
1.601693
1.637738
1.596514
1.630367
1.586553
1.603872
1.617054
1.617776
1.598896
1.581535
1.617786
1.594286
1.618761
1.599083
1.600059
1.609048
1.597521
1.573956
1.570642
1.590400
1.580472
1.599398
1.578867
1.570438
1.611687
1.573376
1.618113
1.588000
1.579102
1.583145
1.552666
1.554826
1.565330
1.584255
1.614098
1.549597
1.556364
1.589291
1.566008
1.558621
1.567073
1.583180
1.586410
1.578524
1.564827
1.563158
1.571630
1.592350
1.554858
1.548954
1.584881
1.563430
1.570278
1.577406
1.566975
1.575378
1.565822
1.567121
1.574742
1.588270
1.611802
1.578591
1.552920
1.543243
1.563902
1.546029
1.554166
1.562336
1.551702
1.583181
1.563995
1.573295
1.553980
1.561522
1.573100
1.562284
1.548312
1.572146
1.566211
1.578366
1.580130
1.545806
1.553604
1.549740
1.546863
1.553317
1.540873
1.557696
1.540341
1.556596
1.554440
1.560724
1.560162
1.527198
1.566456
1.563992
1.563283
1.559865
1.545792
1.536385
1.564784
1.553011
1.545152
1.558324
1.545481
1.551294
1.567198
1.544587
1.557528
1.551906
1.536411
1.561429
1.550252
1.538591
1.535979
1.527371
1.549208
1.563031
1.542445
1.528575
1.552829
1.578243
1.555334
1.531779
1.560986
1.536479
1.545660
1.540218
1.539941
1.534948
1.549079
1.524381
1.561295
1.537124
1.543594
1.580679
1.532944
1.549083
1.564896
1.532477
1.541869
1.546623
1.539768
1.528633
1.521685
1.524213
1.551542
1.543653
1.550064
1.577557
1.559513
1.542150
1.550444
1.543884
1.572075
1.518022
1.528518
1.544753
1.536052
1.528789
1.541537
1.540742
1.567358
1.535418
1.531222
1.543445
1.526188
1.544594
1.523937
1.535617
1.511685
1.533618
1.519533
1.557886
1.516862
1.539093
1.547187
1.502234
1.541700
1.535837
1.543115
1.553554
1.557206
1.539028
1.549039
1.532298
1.527467
1.515210
1.537530
1.525280
1.518318
1.526604
1.563965
1.542511
1.530727
1.537462
1.565827
1.512538
1.526569
1.534389
1.518248
1.532796
1.533340
1.531974
1.514875
1.502524
1.525946
1.527340
1.522148
1.515399
1.528091
1.536402
1.538165
1.541094
1.541386
1.501944
1.518614
1.526836
1.522042
1.520154
1.525777
1.514881
1.531619
1.542986
1.530260
1.515118
1.524161
1.525773
1.540563
1.529759
1.535141
1.516085
1.538843
1.547488
1.536272
1.539082
1.520317
1.545797
1.528966
1.531043
1.523931
1.519361
1.521124
1.513515
1.510021
1.507009
1.515881
1.529983
1.503284
1.509539
1.526096
1.525479
1.522673
1.523600
1.489064
1.497115
1.517455
1.514077
1.522447
1.532247
1.527357
1.534399
1.529299
1.541112
1.523385
1.491571
1.551920
1.526774
1.509629
1.495961
1.530124
1.504474
1.532440
1.521385
1.530758
1.518926
1.530067
1.505314
1.518785
1.519668
1.530603
1.531717
1.510317
1.532577
1.518400
1.523095
1.491932
1.515994
1.502459
1.537120
1.504788
1.512211
1.531122
1.511099
1.532538
1.510799
1.525221
1.494921
1.496732
1.513003
1.493232
1.506181
1.521732
1.519001
1.512203
1.504943
1.513593
1.521873
1.499196
1.517781
1.516613
1.539043
1.525210
1.507132
1.529785
1.524261
1.506728
1.510889
1.523140
1.507501
1.504917
1.507751
1.517521
1.522246
1.511409
1.517277
1.516429
1.503804
1.524509
1.535376
1.506217
1.507059
1.502792
1.532121
1.508360
1.514597
1.509483
1.504672
1.502533
1.530376
1.541385
1.509997
1.507014
1.517825
1.516581
1.496787
1.492173
1.501020
1.521663
1.526237
1.496062
1.527676
1.497257
1.508167
1.504725
1.536356
1.528277
1.504043
1.503803
1.508082
1.511522
1.495871
1.504135
1.523477
1.517304
1.501739
1.504944
1.476137
1.492644
1.513105
1.502928
1.499005
1.502359
1.514581
1.512660
1.521890
1.530097
1.498474
1.502218
1.498930
1.507777
1.520855
1.493712
1.521241
1.502703
1.514227
1.516515
1.488777
1.510785
1.529261
1.515556
1.534816
1.500074
1.526249
1.504985
1.503267
1.484751
1.504283
1.502355
1.505122
1.514551
1.497043
1.503015
1.479262
1.507336
1.530135
1.509503
1.502340
1.510209
1.521438
1.501112
1.504480
1.508640
1.494133
1.497907
1.494470
1.504898
1.499003
1.514405
1.500918
1.520250
1.504135
1.494636
1.520233
1.500711
1.511765
1.508425
1.508777
1.510545
1.499513
1.496506
1.507738
1.517735
1.506423
1.503175
1.489767
1.500709
1.514754
1.497104
1.506178
1.508517
1.514468
1.524615
1.489193
1.515989
1.532946
1.530678
1.503453
1.487585
1.502291
