2.313976
2.292701
2.275929
2.251884
2.235770
2.244314
2.206413
2.173246
2.098184
2.004543
1.919483
1.890257
1.823832
1.767171
1.849937
1.831684
1.786286
1.678876
1.665289
1.683039
1.696321
1.696655
1.668929
1.641331
1.643358
1.617700
1.627893
1.591307
1.600855
1.589097
1.589957
1.583210
1.580132
1.571984
1.577734
1.599426
1.583457
1.611367
1.592887
1.571771
1.580671
1.570613
1.526026
1.566423
1.541246
1.586715
1.530898
1.568186
1.560890
1.537954
1.569888
1.574609
1.531302
1.527258
1.523158
1.558725
1.532623
1.526669
1.542061
1.549677
1.538704
1.527942
1.510220
1.541050
1.517050
1.509357
1.528432
1.529275
1.502596
1.519665
1.553957
1.563955
1.545160
1.534417
1.513730
1.548407
1.508559
1.536273
1.531075
1.537339
1.522644
1.516521
1.507087
1.549991
1.514697
1.531505
1.526951
1.508859
1.519808
1.493213
1.520321
1.517311
1.518768
1.519534
1.513206
1.501212
1.545442
1.498502
1.511235
1.514028
1.499916
1.503960
1.514182
1.504159
1.503246
1.509337
1.511429
1.516734
1.498772
1.528996
1.532054
1.508245
1.511129
1.501586
1.497940
1.516759
1.531672
1.507800
1.506561
1.490137
1.506194
1.525336
1.497796
1.493398
1.509126
1.532841
1.490333
1.533630
1.498451
1.487178
1.497701
1.509209
1.495380
1.477447
1.510110
1.509680
1.499833
1.495845
1.507824
1.503211
1.497297
1.499571
1.492180
1.483955
1.503896
1.505368
1.521479
1.512375
1.504573
1.495713
1.500781
1.479948
1.512833
1.506451
1.488239
1.505659
1.494407
1.477186
1.498310
1.480891
1.486868
1.505933
1.500445
1.490224
1.502638
1.476962
1.495201
1.488979
1.501568
1.497480
1.503167
1.504673
1.489107
1.522105
1.498418
1.483925
1.491056
1.491704
1.516539
1.486771
1.501667
1.493585
1.479052
1.507010
1.511999
1.498782
1.479365
1.498846
1.513593
1.493114
1.483294
1.494193
1.489392
1.496407
1.495582
1.483214
1.480684
1.498287
1.490576
1.496814
1.493553
1.482314
1.478568
1.502018
1.488769
1.497219
1.488158
1.496929
1.491446
1.484259
1.486681
1.506134
1.489646
1.519906
1.483462
1.492826
1.495776
1.489610
1.486998
1.485033
1.497538
1.479214
1.488028
1.486132
1.510145
1.487207
1.492465
1.497795
1.485047
1.484414
1.485823
1.483073
1.471148
1.495732
1.480417
1.492873
1.482755
1.486333
1.482629
1.480270
1.479582
1.508743
1.482565
1.502554
1.476466
1.510428
1.482073
1.483658
1.483458
1.484945
1.490225
1.506836
1.487034
1.483045
1.484391
1.488183
1.499549
1.493605
1.487576
1.491479
1.496017
1.470939
1.484807
1.495237
1.492576
1.496132
1.503527
1.506454
1.475664
1.481270
1.483498
1.493820
1.481991
1.494563
1.483870
1.495075
1.469959
1.486149
1.473644
1.485630
1.490222
1.474175
1.485480
1.477699
1.473958
1.479347
1.484804
1.487892
1.476963
1.492576
1.483086
1.487151
1.478936
1.488842
1.480784
1.493414
1.501259
1.477908
1.480482
1.488648
1.488627
1.483142
1.483200
1.487692
1.504237
1.490885
1.493005
1.479434
1.484881
1.468650
1.470144
1.476196
1.490362
1.482864
1.487836
1.481923
1.485714
1.479055
1.484233
1.477299
1.512703
1.481517
1.471035
1.473710
1.485535
1.476858
1.493766
1.470220
1.491799
1.486397
1.487443
1.477286
1.481579
1.484249
1.470887
1.493805
1.480406
1.472607
1.474256
1.472879
1.478109
1.481216
1.477373
1.483141
1.507480
1.484152
1.479006
1.481480
1.501465
1.488775
1.470030
1.470351
1.473155
1.492090
1.474107
1.477241
1.486217
1.484668
1.489365
1.474656
1.482716
1.472827
1.474471
1.474527
1.480674
1.476483
1.486091
1.493759
1.484157
1.482391
1.477631
1.489161
1.480903
1.481804
1.477489
1.476263
1.482512
1.479467
1.486599
1.498278
1.474116
1.486659
1.487238
1.486418
1.466682
1.480780
1.481685
1.484425
1.484232
1.474704
1.473100
1.470573
1.485060
1.472289
1.480799
1.472016
1.476671
1.496613
1.473501
1.477712
1.493274
1.480657
1.478194
1.472852
1.486608
1.478236
1.485112
1.478786
1.485167
1.482248
1.474908
1.476539
1.473318
1.468747
1.480704
1.483790
1.472190
1.490547
1.464720
1.488165
1.471286
1.482786
1.486105
1.475354
1.478411
1.486399
1.469119
1.476478
1.475290
1.476333
1.483789
1.477132
1.487198
1.470706
1.477805
1.489398
1.474306
1.484499
1.480701
1.484630
1.469726
1.474183
1.482877
1.469882
1.478456
1.481779
1.480919
1.488350
1.471395
1.475202
1.495445
1.471117
1.471689
1.467988
1.482401
1.469464
1.480734
1.475022
1.474679
1.467184
1.474882
1.474521
1.477169
1.474157
1.474492
1.487351
1.480024
1.473115
1.488013
1.468657
1.477280
1.471577
1.478264
1.472941
1.505897
1.475992
1.472458
1.466548
1.487862
1.467476
1.479297
1.474776
1.474747
1.469155
1.468417
1.466485
1.480177
1.481389
1.473473
1.486528
1.484501
1.469656
1.475751
1.497086
1.478671
1.478699
1.478804
1.469696
1.470426
1.470884
