0.5234
0.4922
0.3281
0.1016
0.0156
0.0000
0.0000
0.0000
0.0078
0.0000
0.0078
0.0156
0.0156
0.0469
0.0234
0.0234
0.0391
0.0234
0.0703
0.0625
0.0469
0.0234
0.0391
0.0469
0.0391
0.0391
0.0312
0.0391
0.0391
0.0469
0.0391
0.0391
0.0625
0.0078
0.0391
0.0781
0.0156
0.0625
0.0391
0.0234
0.0312
0.0469
0.0391
0.0312
0.0391
0.0156
0.0625
0.0469
0.0391
0.0547
0.0391
0.0156
0.0625
0.0625
0.0234
0.0312
0.0703
0.0234
0.0078
0.0312
0.0156
0.0234
0.0312
0.0625
0.0312
0.0312
0.0312
0.0156
0.0234
0.0078
0.0312
0.0234
0.0312
0.0312
0.0156
0.0156
0.0312
0.0469
0.0391
0.0234
0.0469
0.0312
0.0234
0.0391
0.0312
0.0391
0.0234
0.0312
0.0000
0.0312
0.0312
0.0547
0.0312
0.0312
0.0547
0.0234
0.0234
0.0312
0.0312
0.0156
0.0469
0.0156
0.0312
0.0391
0.0234
0.0156
0.0469
0.0312
0.0312
0.0625
0.0391
0.0234
0.0938
0.0625
0.0312
0.0469
0.0234
0.0391
0.0312
0.0625
0.0312
0.0312
0.0391
0.0625
0.0234
0.0469
0.0391
0.0469
0.0312
0.0469
0.0859
0.0391
0.0547
0.0391
0.0156
0.0547
0.0625
0.0625
0.0547
0.0625
0.0547
0.0312
0.0703
0.0234
0.0391
0.0312
0.0234
0.0703
0.0547
0.0547
0.0781
0.0469
0.0156
0.0625
0.0391
0.1016
0.0391
0.0469
0.0547
0.0391
0.0781
0.0469
0.0312
0.0703
0.0391
0.1016
0.0703
0.0391
0.0547
0.0703
0.0625
0.0547
0.0469
0.0625
0.0469
0.0469
0.0625
0.0703
0.0547
0.0391
0.0312
0.0469
0.0703
0.0469
0.0312
0.0625
0.0625
0.0625
0.0703
0.0625
0.0547
0.0625
0.0391
0.0781
0.0703
0.0547
0.0703
0.0156
0.0312
0.0547
0.0469
0.0547
0.0547
0.0547
0.0938
0.1016
0.0625
0.0469
0.0312
0.0156
0.0156
0.0469
0.0547
0.0625
0.0781
0.1250
0.0781
0.0703
0.0312
0.0312
0.0781
0.0781
0.0781
0.0781
0.0547
0.0391
0.0625
0.0625
0.0781
0.1016
0.1172
0.0391
0.0469
0.0625
0.0859
0.0625
0.0703
0.0938
0.1016
0.1172
0.1250
0.1719
0.2891
0.4141
0.5703
0.6562
0.6562
0.6875
0.6406
0.6953
0.6641
0.6875
0.6016
0.5859
0.6484
0.6641
0.6250
0.6094
0.6562
0.7031
0.6328
0.6719
0.5469
0.5938
0.5234
0.4844
0.6172
0.6172
0.6719
0.6094
0.6250
0.4531
0.5312
0.6562
0.6641
0.4531
0.3203
0.4609
0.7109
0.5859
0.2969
0.5781
0.2812
0.4375
0.6641
0.0781
0.0469
0.1094
0.0391
0.0234
0.6484
0.0312
0.0391
0.0156
0.0469
0.0156
0.0469
0.0234
0.0156
0.0469
0.0391
0.0625
0.0547
0.0156
0.0312
0.0312
0.0469
0.0234
0.0391
0.0391
0.0156
0.0547
0.0234
0.0469
0.0234
0.0391
0.0156
0.0547
0.0156
0.0234
0.0156
0.0234
0.0781
0.0234
0.0547
0.0312
0.0391
0.0391
0.0469
0.0078
0.0625
0.0312
0.0469
0.0078
0.0156
0.0156
0.0078
0.0078
0.0078
0.0078
0.0234
0.0312
0.0625
0.0703
0.0469
0.0547
0.0547
0.0156
0.0234
0.0391
0.0312
0.0469
0.0312
0.0547
0.0156
0.0391
0.0156
0.0156
0.0234
0.0391
0.0469
0.0234
0.0469
0.0625
0.0312
0.0391
0.0391
0.0312
0.0234
0.0078
0.0078
0.0234
0.0234
0.0547
0.0312
0.0078
0.0312
0.0234
0.0312
0.0156
0.0234
0.0547
0.0078
0.0547
0.0391
0.0234
0.0156
0.0156
0.0391
0.0391
0.0547
0.0469
0.0625
0.0234
0.0156
0.0469
0.0156
0.0234
0.0391
0.0156
0.0156
0.0625
0.0156
0.0547
0.0156
0.0469
0.0312
0.0078
0.0156
0.0312
0.0312
0.0234
0.0234
0.0391
0.0156
0.0391
0.0391
0.0156
0.0312
0.0156
0.0391
0.0078
0.0156
0.0469
0.0391
0.0234
0.0234
0.0469
0.0312
0.0469
0.0391
0.0312
0.0391
0.0000
0.0391
0.0000
0.0469
0.0312
0.0156
0.0234
0.0469
0.0234
0.0234
0.0625
0.0078
0.0234
0.0391
0.0547
0.0391
0.0234
0.0312
0.0078
0.0469
0.0156
0.0391
0.0312
0.0078
0.0469
0.0391
0.0469
0.0781
0.0312
0.0312
0.0312
0.0312
0.0312
0.0547
0.0312
0.0234
0.0312
0.0781
0.0391
0.0234
0.0078
0.0312
0.0234
0.0469
0.0312
0.0234
0.0469
0.0391
0.0312
0.0312
0.0312
0.0234
0.0312
0.0156
0.0234
0.0391
0.0156
0.0391
0.0156
0.0234
0.0156
0.0234
0.0234
0.0312
0.0312
0.0312
0.0469
