2.305483
2.300672
2.304578
2.305248
2.302502
2.307831
2.314482
2.317281
2.319697
2.330230
2.348794
2.352470
2.365940
2.375614
2.415664
2.349231
2.313955
2.222467
2.193789
2.176600
2.236004
2.257440
2.190002
2.109139
2.073829
2.109691
2.293581
2.377992
1.948498
2.176134
2.218706
2.160951
1.968556
2.036389
2.110379
2.053862
2.053672
2.233615
2.218230
2.211420
2.162366
2.081594
1.792034
1.871839
1.871445
1.939494
2.053687
2.059177
2.072010
2.028193
2.069574
2.012664
2.041050
2.030082
1.982295
2.000355
1.980244
1.875498
1.843896
1.849775
1.799164
1.821520
1.841286
1.787123
1.869071
1.806323
1.871511
1.882015
1.921678
1.917460
1.955854
1.979293
1.914290
1.875703
1.865404
1.830458
1.879286
1.791823
1.838164
1.821099
1.795292
1.772408
1.812412
1.763276
1.797071
1.822246
1.838584
1.838138
1.829839
1.830873
1.793343
1.794701
1.803103
1.843913
1.783365
1.759574
1.782430
1.772400
1.741775
1.750000
1.817194
1.802087
1.769158
1.732517
1.812738
1.776628
1.711619
1.817944
1.778190
1.734720
1.790669
1.720116
1.754977
1.743858
1.779858
1.767673
1.780738
1.793468
1.741876
1.704749
1.778321
1.747221
1.724046
1.726628
1.749821
1.765681
1.725677
1.675750
1.723499
1.709379
1.728094
1.706205
1.732954
1.701333
1.703924
1.654494
1.720172
1.684808
1.724078
1.700850
1.719253
1.700081
1.651636
1.651968
1.685990
1.707590
1.670554
1.702820
1.681573
1.649616
1.657637
1.711771
1.684373
1.657849
1.679459
1.660860
1.691339
1.673273
1.675563
1.668594
1.665129
1.636985
1.681967
1.671963
1.679813
1.701536
1.673657
1.708426
1.679675
1.630389
1.651975
1.647050
1.684633
1.649096
1.627074
1.619454
1.644702
1.633798
1.691312
1.643557
1.627515
1.655937
1.641299
1.689518
1.640262
1.645049
1.664128
1.661967
1.652220
1.667769
1.678269
1.639210
1.634272
1.622292
1.619291
1.638373
1.668851
1.663226
1.675926
1.613722
1.651677
1.618019
1.609370
1.644889
1.625695
1.605705
1.646269
1.613595
1.655967
1.612392
1.634127
1.630437
1.608374
1.647197
1.621448
1.606777
1.600068
1.602941
1.615600
1.635270
1.612877
1.611778
1.585655
1.639672
1.596870
1.615651
1.567640
1.625359
1.624918
1.614677
1.586539
1.624439
1.609742
1.633184
1.636448
1.638133
1.634145
1.640708
1.627083
1.639542
1.605009
1.603817
1.607700
1.580433
1.586694
1.610608
1.583883
1.630404
1.613345
1.561927
1.591571
1.574671
1.560449
1.629689
1.616218
1.614805
1.632013
1.599739
1.577911
1.577978
1.620823
1.582181
1.569395
1.567880
1.600792
1.569126
1.592938
1.579069
1.577394
1.592131
1.588151
1.620103
1.584942
1.593596
1.607919
1.580583
1.602371
1.604507
1.589753
1.580127
1.575676
1.566783
1.585851
1.572477
1.594730
1.560970
1.581515
1.575009
1.624271
1.571387
1.593700
1.586291
1.571050
1.590673
1.610117
1.596234
1.599819
1.599937
1.558428
1.596389
1.601784
1.554590
1.559364
1.562857
1.569393
1.564031
1.571748
1.549805
1.551488
1.534117
1.577048
1.571743
1.598253
1.548593
1.595176
1.565584
1.588130
1.586758
1.587098
1.589415
1.565142
1.567809
1.575894
1.581664
1.559751
1.535697
1.563870
1.572267
1.582392
1.587800
1.562501
1.546911
1.592784
1.585226
1.567280
1.571433
1.594592
1.598477
1.569317
1.564178
1.579177
1.561905
1.581166
1.554911
1.559130
1.557397
1.566785
1.578374
1.573527
1.550503
1.551491
1.533642
1.539878
1.569636
1.551392
1.554553
1.556168
1.582597
1.577755
1.591553
1.600704
1.549375
1.603258
1.555624
1.549675
1.553626
1.586051
1.568106
1.541537
1.540043
1.587960
1.545780
1.521461
1.540179
1.572955
1.564388
1.555190
1.553325
1.605778
1.585372
1.617164
1.573808
1.550114
1.561503
1.593170
1.546126
1.582463
1.559731
1.539533
1.532345
1.545847
1.545021
1.590650
1.544568
1.547816
1.557432
1.569893
1.546016
1.524601
1.551277
1.552996
1.560640
1.544176
1.565380
1.582444
1.556004
1.564025
1.571971
1.542247
1.544960
1.568650
1.553437
1.547725
1.550741
1.565773
1.552961
1.552313
1.544979
1.567839
1.545757
1.549761
1.581578
1.538247
1.551149
1.567565
1.554227
1.546585
1.554243
1.581771
1.554479
1.534554
1.543256
1.537776
1.544414
1.567819
1.545364
1.553963
1.534594
1.559566
1.557634
1.543219
1.523662
1.537714
1.544941
1.521059
1.557529
1.546014
1.549682
1.544842
1.552863
1.562900
1.561728
1.548917
1.558831
1.543750
1.531132
1.566053
1.545226
1.572099
1.564918
1.572448
1.530287
1.544704
1.562777
1.523802
1.520119
1.552544
1.556961
1.546444
1.543176
1.567461
1.545956
1.556676
1.563887
1.576316
1.531113
1.596262
1.564419
1.552185
1.558027
1.540719
1.543918
1.546717
1.557531
1.547620
1.539883
1.523525
1.523329
1.512025
1.511132
1.551954
1.520894
1.519857
1.544066
1.551658
1.518233
1.544438
1.537020
1.561554
1.561470
