2.306042
2.311867
2.309748
2.306428
2.305608
2.305310
2.302322
2.302307
2.302471
2.302734
2.302585
2.302734
2.302635
2.302768
2.303328
2.302982
2.302585
2.302685
2.302883
2.302685
2.309046
2.304765
2.302635
2.302699
2.302585
2.302585
2.302585
2.302585
2.302585
2.302585
2.302585
2.302585
2.302585
2.302585
2.302585
2.302585
2.302585
2.302585
2.302585
2.302585
2.302585
2.302585
2.302585
2.302585
2.302585
2.302635
2.302585
2.302585
2.302585
2.302585
2.302585
2.302585
2.302585
2.302585
2.302585
2.302585
2.302585
2.302585
2.302585
2.302585
2.302585
2.302585
2.302585
2.302585
2.302585
2.302585
2.302585
2.302585
2.302585
2.302585
2.302585
2.302585
2.302585
2.302585
2.302585
2.302585
2.302585
2.302585
2.302585
2.302585
2.302585
2.302585
2.302585
2.302585
2.302585
2.302585
2.302585
2.302585
2.302585
2.302585
2.302585
2.302585
2.302585
2.302585
2.302585
2.302585
2.302585
2.302585
2.302585
2.302585
2.302585
2.302585
2.302585
2.302585
2.302585
2.302585
2.302585
2.302585
2.302585
2.302585
2.302585
2.302585
2.302585
2.302585
2.302585
2.302585
2.302585
2.302585
2.302585
2.302585
2.302585
2.302585
2.302585
2.302585
2.302585
2.302585
2.302585
2.302585
2.302585
2.302585
2.302585
2.302585
2.302585
2.302585
2.302585
2.302585
2.302585
2.302585
2.302585
2.302585
2.302585
2.302585
2.302585
2.302585
2.302585
2.302585
2.302585
2.302585
2.302585
2.302585
2.302585
2.302585
2.302585
2.302585
2.302585
2.302585
2.302585
2.302585
2.302585
2.302585
2.302585
2.302585
2.302585
2.302585
2.302585
2.302585
2.302585
2.302585
2.302585
2.302585
2.302585
2.302585
2.302585
2.302585
2.302585
2.302585
2.302585
2.302585
2.302585
2.302585
2.302585
2.302585
2.302585
2.302585
2.302585
2.302585
2.302585
2.302585
2.302585
2.302585
2.302585
2.302585
2.302585
2.302585
2.302585
2.302585
2.302585
2.302585
2.302585
2.302585
2.302585
2.302585
2.302585
2.302585
2.302585
2.302585
2.302585
2.302585
2.302585
2.302585
2.302585
2.302585
2.302585
2.302585
2.302585
2.302585
2.302585
2.302585
2.302585
2.302585
2.302585
2.302585
2.302585
2.302585
2.302585
2.302585
2.302585
2.302585
2.302585
2.302585
2.302585
2.302585
2.302585
2.302585
2.302585
2.302585
2.302585
2.302585
2.302585
2.302585
2.302585
2.302585
2.302585
2.302585
2.302585
2.302585
2.302585
2.302585
2.302585
2.302585
2.302585
2.302585
2.302585
2.302585
2.302585
2.302585
2.302585
2.302585
2.302585
2.302585
2.302585
2.302585
2.302585
2.302585
2.302585
2.302585
2.302585
2.302585
2.302585
2.302585
2.302585
2.302585
2.302585
2.302585
2.302585
2.302585
2.302585
2.302585
2.302585
2.302585
2.302585
2.302585
2.302585
2.302585
2.302585
2.302585
2.302585
2.302585
2.302585
2.302585
2.302585
2.302585
2.302585
2.302585
2.302585
2.302585
2.302585
2.302585
2.302585
2.302585
2.302585
2.302585
2.302585
2.302585
2.302585
2.302585
2.302585
2.302585
2.302585
2.302585
2.302585
2.302585
2.302585
2.302585
2.302585
2.302585
2.302585
2.302585
2.302585
2.302585
2.302585
2.302585
2.302585
2.302585
2.302585
2.302585
2.302585
2.302635
2.302585
2.302635
2.302585
2.302585
2.302585
2.302585
2.302585
2.302585
2.302585
2.302585
2.302585
2.302585
2.302585
2.302585
2.302585
2.302833
2.302585
2.302685
2.302585
2.302585
2.302585
2.302585
2.302635
2.302883
2.302833
2.303527
2.302833
2.302982
2.302833
2.302932
2.303428
2.303378
2.303626
2.304616
2.304716
2.303081
2.302833
2.302684
2.302932
2.302833
2.302669
2.302883
2.302685
2.303032
2.302833
2.302883
2.302982
2.302734
2.302784
2.302932
2.303229
2.302932
2.303031
2.304022
2.304171
2.303944
2.303470
2.306025
2.304263
2.303860
2.306225
2.304518
2.305482
2.309202
2.313683
2.303978
2.303644
2.303527
2.302932
2.303081
2.302833
2.303972
2.302685
2.303530
2.304554
2.308221
2.313705
2.306284
2.304999
2.308088
2.326727
2.319392
2.318336
2.311796
2.308151
2.307639
2.304652
2.304384
2.310126
2.306339
2.318719
2.335779
2.359592
2.359684
2.318338
2.307496
2.315784
2.328902
2.319520
2.319407
2.318361
2.332457
2.326374
2.326630
2.363538
2.454093
2.526719
2.672814
2.680253
2.671727
2.770264
2.779576
2.739349
2.806182
2.840221
2.783389
2.773676
2.793809
2.822433
2.854184
2.866554
2.797244
2.895298
2.831108
2.900209
2.908418
2.914702
2.925750
2.896480
2.898871
2.834905
2.769433
2.731966
2.936624
2.980605
2.949384
2.991718
2.947344
2.871875
2.721231
2.718135
2.853923
2.879200
2.900528
2.886113
2.900713
2.925503
2.923336
2.936657
2.926145
2.944341
2.910535
2.944981
2.930757
2.965627
2.942648
2.873861
2.869461
2.916264
2.879604
2.908655
2.873501
2.900950
2.917707
2.911813
2.835409
2.804183
2.707718
2.672762
2.496971
2.342167
2.317548
