2.302492
2.305819
2.299848
2.302986
2.342532
2.307229
2.323469
2.422523
2.375149
2.422322
2.437226
2.355761
2.274935
2.263567
2.199765
2.243396
2.196588
2.182326
2.148275
2.138820
2.179911
2.163049
2.101321
2.120134
2.098888
2.142069
2.071812
2.105700
2.099487
2.039700
2.042019
2.051988
1.982864
2.063080
2.074323
2.080836
2.011764
1.931516
1.976516
1.992044
1.992399
2.038319
1.940437
2.004896
2.025862
1.992710
1.996922
2.017344
1.985326
1.972233
1.987323
2.011458
1.966869
1.999640
2.091374
2.051939
2.001979
2.029693
1.963090
1.997989
1.920195
1.986492
1.986495
1.969254
1.959233
1.979657
1.998318
1.953656
1.910025
1.976396
1.924421
1.937579
1.925398
1.953878
1.951034
1.935500
1.933852
1.936545
1.961977
1.950733
1.989232
1.985629
1.966097
1.944750
1.916677
1.959307
1.893322
2.039422
1.987473
1.903462
1.990902
1.938137
2.015115
2.043448
1.979733
1.941712
1.912169
1.949532
1.996733
1.869104
1.920862
1.927464
1.977785
1.977957
2.058621
1.972765
1.943640
1.892104
1.925501
1.942861
1.920509
1.890291
1.913490
1.907533
1.885866
1.936757
1.922149
1.971244
1.907940
1.901342
1.862863
1.861171
1.904286
1.911220
1.924227
1.952283
1.905089
1.952353
1.906236
1.922730
1.921274
1.911667
1.935290
1.919179
1.848189
1.895394
1.910619
1.930198
1.874188
1.898703
1.937713
1.905274
1.926848
1.916981
1.872023
1.916665
1.942824
1.893281
1.923257
1.826289
1.920231
1.924329
1.898357
1.875658
1.903094
1.921293
1.960731
1.903686
1.955926
1.905524
1.905406
1.925911
1.947992
1.956731
1.952356
1.946965
1.858387
1.912204
1.959869
1.991048
1.939200
1.971733
1.948341
1.937016
1.916876
1.978047
1.924084
1.933536
1.978735
1.958960
1.943256
1.981136
1.940128
1.901032
1.949125
1.943311
1.931377
1.984956
1.957245
1.886506
2.005593
2.034756
2.002243
2.018586
1.988562
1.969075
2.013390
1.993068
2.015035
1.966679
2.011368
1.963682
1.957958
2.004782
2.000614
2.016720
1.998330
1.990649
1.999234
2.066032
2.057666
2.069881
2.039901
2.060793
2.055223
2.071137
2.069712
2.070384
2.076114
2.061496
2.041685
2.043797
2.059652
2.039967
2.046428
2.043574
2.053652
2.114019
2.050397
2.050142
2.071296
2.080963
2.049185
2.062654
2.052927
2.057337
2.073349
2.068662
2.049038
2.079406
2.083818
2.043503
2.089263
2.030905
2.033370
2.063488
2.038539
2.050117
2.053592
2.071562
2.063769
2.055405
2.047827
2.044361
2.067374
2.039372
2.047870
2.076832
2.077358
2.053753
2.062204
2.060646
2.064131
2.060494
2.065631
2.079409
2.044902
2.101295
2.059099
2.077338
2.076337
2.055104
2.055323
2.068435
2.053377
2.069367
2.056618
2.074056
2.055055
2.060169
2.041469
2.057783
2.045184
2.081692
2.084688
2.067613
2.039072
2.065273
2.055058
2.064775
2.061915
2.060039
2.063305
2.036162
2.051927
2.044903
2.054466
2.093054
2.075708
2.083920
2.056288
2.066908
2.060929
2.040209
2.051682
2.048861
2.054714
2.072035
2.058109
2.057953
2.090914
2.082448
2.061813
2.043859
2.036605
2.066956
2.039350
2.058344
2.055413
2.045498
2.076591
2.090226
2.066906
2.051224
2.062234
2.055451
2.052518
2.079082
2.037776
2.088405
2.069003
2.060074
2.046051
2.068742
2.041383
2.060834
2.054821
2.063061
2.042340
2.071536
2.056155
2.057575
2.079014
2.070465
2.059199
2.062635
2.086017
2.075223
2.044253
2.051902
2.082903
2.087095
2.058417
2.079615
2.049839
2.069718
2.051218
2.079081
2.038008
2.080940
2.066326
2.071631
2.045129
2.096967
2.046029
2.076940
2.077250
2.053097
2.059916
2.053513
2.065417
2.073139
2.073032
2.079053
2.072946
2.083043
2.077020
2.068542
2.053251
2.078632
2.048233
2.091502
2.064507
2.044794
2.056612
2.078218
2.036821
2.047411
2.043751
2.073651
2.063698
2.057986
2.056395
2.056975
2.066456
2.050714
2.061989
2.062403
2.069807
2.056944
2.083501
2.063369
2.084690
2.061610
2.025615
2.084340
2.066846
2.054308
2.073724
2.030592
2.046638
2.077942
2.053885
2.054804
2.062487
2.049602
2.131757
2.027758
2.065251
2.067198
2.033905
2.068565
2.082256
2.034999
2.057927
2.042970
2.070785
2.062695
2.075808
2.069347
2.052369
2.071318
2.066084
2.045389
2.033175
2.077804
2.067128
2.080265
2.070990
2.073957
2.070177
2.060957
2.082218
2.043010
2.067557
2.053057
2.075387
2.067144
2.048369
2.044233
2.059044
2.052391
2.063910
2.045409
2.059822
2.048164
2.044655
2.036714
2.061860
2.043069
2.081994
2.065297
2.022733
2.064888
2.057724
2.060296
2.053870
2.090496
2.059807
2.068568
2.049648
2.039120
2.057987
2.053655
2.060259
2.080401
2.043486
2.076262
2.059411
2.074447
2.066006
2.072383
2.056778
2.046902
2.061548
2.037040
2.053149
2.079943
2.060114
2.065377
2.046458
2.085051
2.063677
2.050132
2.058435
2.061447
2.075379
2.053843
2.067122
2.048872
