2.339812
2.353463
2.366212
2.387007
2.416128
2.435946
2.456654
2.501984
2.587958
2.686574
2.815969
3.003865
3.231315
3.531782
3.834199
4.279891
4.760492
5.067734
5.161913
5.629081
5.847178
5.757593
4.114146
1.668372
2.279686
2.840946
1.605925
2.197825
9.469048
9.435102
0.019022
37.493492
36.404270
15.351681
4.586917
2.778468
2.540196
2.461312
2.440831
2.435770
2.437445
2.438776
2.453316
2.465773
2.481286
2.501139
2.513464
2.523199
2.529027
2.534948
2.530402
2.530878
2.523342
2.523734
2.544690
2.621799
2.685857
2.741898
2.784347
2.790256
2.761202
2.751959
2.738638
2.711674
2.704286
2.676178
2.640990
2.640890
2.653229
2.670047
2.689760
2.675438
2.676932
2.686263
2.652143
2.625361
2.635057
2.594925
2.521455
2.402792
2.336792
2.188658
2.076563
2.011042
1.857314
1.735874
1.558252
1.517411
1.319072
1.323517
1.447343
1.462235
1.591932
1.531761
1.314909
1.132885
1.141668
1.190757
1.128235
1.047464
1.184700
1.280844
1.122580
0.584206
1.888530
4.093429
0.988765
0.070715
10.514483
17.721916
22.834959
13.737117
6.856604
1.714098
0.710980
1.786220
1.809628
1.748591
1.694102
1.663844
1.678049
1.669851
1.713917
1.777395
1.823589
1.815860
1.830363
1.833213
1.790449
1.799431
1.756630
1.680618
1.672752
1.596681
1.551241
1.493804
1.408383
1.255212
1.160363
1.127538
1.172055
1.134991
1.129308
1.092095
1.124847
1.159632
0.536019
0.363696
1.183997
2.021785
2.514617
1.729876
0.792335
3.563182
39.924187
3.377541
0.555193
1.543504
1.953698
2.011628
2.050699
2.094186
2.131711
2.167160
2.196389
2.233869
2.254853
2.272754
2.286165
2.312885
2.308662
2.293554
2.297626
2.296183
2.284317
2.272780
2.259985
2.264971
2.235332
2.255727
2.294949
2.329431
2.413943
2.414868
2.363769
2.312708
2.289391
2.164677
2.093367
2.019020
1.931234
1.847092
1.776329
1.703655
1.654356
1.524693
1.495427
1.428753
1.372988
1.343393
1.285384
1.226331
1.160131
1.117306
1.075242
1.208609
0.866904
1.373892
1.493814
1.608412
1.376888
0.939305
0.957971
2.014970
1.217626
13.011371
0.653259
1.576034
3.330848
3.532912
3.238140
2.783971
2.395658
2.403310
2.435125
2.473315
2.503086
2.506088
2.523966
2.532149
2.532327
2.552631
2.546417
2.546940
2.585800
2.660082
2.690712
2.760177
3.004322
2.886971
3.057353
2.659147
2.629370
2.556502
2.363366
2.637095
3.456372
4.281703
3.874438
5.595481
3.159996
7.479610
168.918854
106.202263
12.282315
1.408036
1.412629
1.517796
1.473577
1.506783
1.540328
1.568909
1.710748
1.607304
1.617371
1.877564
1.622561
1.620717
1.613731
1.601094
1.597362
1.709470
1.577707
1.681346
1.563849
1.559750
1.564171
1.567245
1.578312
1.590984
1.691727
1.709711
1.655502
1.817730
1.705726
1.734426
1.873599
1.778327
1.798862
1.825482
1.889342
1.854417
1.913311
1.877151
1.888506
1.908280
1.947039
1.954446
1.953266
1.951014
1.904223
1.904643
1.936947
1.892839
1.942987
1.888450
1.930766
1.872864
1.862918
1.913475
1.854422
1.851238
1.842195
1.841027
1.954077
1.831500
1.887684
1.822803
1.883463
1.814988
1.811394
1.803019
1.800386
1.802667
1.799303
1.797281
1.869604
1.793342
1.794036
1.947627
1.790011
1.791214
1.871469
1.789445
1.785994
1.785442
1.868402
1.869493
1.869630
1.778937
1.870564
1.779065
1.872093
1.779305
1.779724
1.877027
1.977443
1.781940
1.787663
1.792598
1.899413
1.803900
1.912264
1.815258
1.822332
1.828874
1.835398
1.842457
1.953943
1.855176
1.860170
1.865697
1.980989
2.205381
1.994864
1.890516
1.896986
1.898374
1.899314
1.899476
1.900669
1.901186
1.902206
2.022775
2.024845
1.905507
2.028120
1.907451
1.908855
1.909067
2.037340
2.039389
1.912916
1.913702
2.050127
1.922970
2.193449
2.065546
1.936481
1.940293
1.944802
1.949215
1.952701
1.956649
1.960660
2.104857
1.965388
1.967422
1.968544
2.114302
1.970914
1.972691
1.973295
2.123792
2.126744
1.977631
1.978269
1.979200
1.980274
2.137076
2.138948
2.140806
1.983559
1.984053
1.984997
1.986146
2.150246
2.316294
2.154181
1.990174
1.990916
1.992084
1.992841
2.163388
1.994148
2.338153
1.995368
1.996411
2.171520
1.992176
1.987617
2.165244
1.983558
2.164226
1.982597
1.977059
1.971928
2.157287
1.963894
2.154285
1.958469
2.153242
1.954998
1.954133
2.155955
2.163523
1.968197
1.975509
2.188628
1.991863
2.205454
2.007268
2.015600
2.229848
2.030817
2.037447
2.045556
2.052669
2.058914
2.063089
2.067001
2.070553
2.072670
2.072721
2.068906
2.499629
2.279857
2.275860
2.051887
2.047215
2.044357
2.040298
2.261067
2.032528
2.258498
2.031345
2.490039
2.261490
2.033219
2.028543
2.023812
2.254563
2.015003
2.250572
2.248857
2.005110
2.002679
2.245803
1.999797
1.998871
2.499210
2.002141
2.004585
2.006832
2.009087
2.266222
2.269412
2.016425
2.018569
2.024029
