2.281145
2.290158
2.287359
2.278404
2.270299
2.256659
2.237216
2.237867
2.221051
2.197328
2.191492
2.171934
2.136373
2.118001
2.094761
2.105121
2.045022
2.022374
2.015404
2.015897
1.973047
1.946099
1.927104
1.926149
1.883182
1.839364
1.754051
1.656625
1.629148
1.561812
1.678330
1.639224
1.369356
1.197768
1.034975
2.575995
1.726343
6.097923
8.626692
10.701332
6.612234
5.050803
2.504405
2.397552
2.248876
2.302347
2.244184
2.300877
2.296715
2.290626
2.276073
2.264173
2.315341
2.340898
2.357848
2.336470
2.314752
2.354555
2.351451
2.422355
2.392399
2.387939
2.423992
2.451740
2.464003
2.480880
2.475441
2.404978
2.465720
2.441581
2.492834
2.390312
2.423210
2.356362
2.480167
2.182403
2.336963
2.306571
2.166502
2.273172
2.205196
1.964490
1.840008
1.881823
1.907050
1.704762
1.592004
1.320996
1.262696
1.012040
0.858639
0.767915
0.658984
0.655965
0.685688
0.825924
0.937138
0.777233
0.765021
0.601535
0.606992
0.407474
0.478979
0.374192
0.625885
0.831061
0.584968
0.670987
0.502827
0.770629
0.393711
0.440806
0.451619
0.538669
0.421739
0.623462
0.369912
0.572005
0.491856
0.508026
0.573367
0.791112
0.648099
0.367758
0.496515
0.908723
0.490918
0.378307
1.733218
2.540082
2.652898
3.044156
2.067789
6.811795
4.476906
2.941279
3.119065
3.017526
1.885664
2.633773
1.803920
1.937432
1.828642
1.952685
2.008517
1.938771
1.982745
1.883107
1.825734
1.975421
1.934264
2.051586
1.959200
1.984446
1.591541
1.402906
1.715451
1.483591
1.472554
1.233158
1.673707
1.519892
1.312432
1.017350
1.115392
1.054965
1.198667
1.058864
1.160937
1.044332
1.239615
1.186763
0.957810
0.952268
1.181993
1.122161
0.898482
0.908558
0.986033
0.710593
0.850557
0.665530
0.952673
0.809839
0.746792
0.563451
0.824603
0.518751
0.657537
0.689112
0.455413
0.421028
0.465954
0.319792
0.571296
0.448884
0.408522
0.366355
0.386065
0.286752
0.255772
0.406273
0.541801
0.439282
0.529021
0.564636
0.387855
0.466885
0.419943
0.191016
0.340337
0.316817
0.251053
0.386870
0.250646
0.501325
0.384633
0.162678
0.305583
0.238459
0.395240
0.400119
0.571704
0.391094
0.384655
0.271552
0.456633
0.278994
0.212938
0.212762
0.117986
0.395615
0.397599
0.178026
0.149358
0.350207
0.569855
0.386508
0.318617
0.765032
0.290589
0.172031
0.408653
0.606664
0.661071
0.440298
0.324014
0.244487
0.473059
0.367668
0.952058
0.297910
0.325101
0.368602
0.624551
0.526254
0.777084
1.459149
1.017407
18.456045
29.893557
13.707566
8.423582
4.624605
2.271003
1.947994
2.012930
2.014720
2.117028
2.157015
2.080497
2.141925
2.194317
2.069721
2.076864
2.085824
2.069240
2.121797
2.199554
2.118650
1.871529
2.004707
2.103900
2.077018
2.066214
1.911077
2.080002
1.998557
1.947801
1.935254
1.852116
1.883980
1.911964
1.695938
1.780383
1.802320
1.734844
1.448221
1.850623
1.618183
1.871313
1.817070
1.725253
1.731201
1.620594
1.709363
1.664855
1.588065
1.805477
1.482195
1.399030
1.538665
1.480788
1.384227
1.380333
1.400058
1.261259
1.414282
1.498127
1.207408
1.202484
1.243311
1.235831
1.130831
1.106149
1.107449
1.040334
1.101955
0.891667
0.867853
0.935351
0.633219
0.969541
0.773274
0.610245
0.667291
0.786139
0.795900
0.823466
0.546191
0.650569
0.263695
0.604579
0.484405
0.423878
0.580859
0.510114
0.445421
0.548374
0.490152
0.593758
0.525125
0.452783
0.594872
0.565154
0.486460
0.436160
0.674127
0.434289
0.540282
0.504802
0.569157
0.420854
0.419794
0.406746
0.606715
0.400524
0.316928
0.266915
0.327455
0.548160
0.350273
0.454083
0.599527
0.422617
0.541318
1.043056
0.811223
2.165864
8.855622
14.499555
8.290887
3.644344
1.458374
1.975651
1.846829
1.890763
1.843899
1.845608
1.797471
1.804097
1.902269
1.834064
1.531313
1.754379
1.526300
1.688654
1.597416
1.494055
1.623600
1.642468
1.616276
1.601060
1.419293
1.443860
1.562054
1.478324
1.643129
1.455279
1.457064
1.419176
1.549110
1.462153
1.464414
1.239383
1.375834
1.126042
1.217721
1.254954
1.345778
1.544815
1.257738
1.321689
1.341238
1.116136
1.526892
1.169789
0.970663
1.121665
1.134692
1.125239
1.104627
1.389405
1.200211
1.271390
1.452559
1.394151
1.457270
1.266898
1.097873
1.024445
1.405119
0.862716
0.950129
1.014741
1.072141
1.108689
0.938049
1.196606
0.685272
1.203818
1.010057
0.940779
0.815153
0.932515
1.176291
0.954878
1.104898
0.807981
0.860150
0.926300
0.808411
0.809017
0.688635
0.714563
0.652368
0.650856
0.812829
0.654899
0.801614
0.648430
0.627837
0.707407
0.763187
0.735963
0.860626
0.451804
0.524889
0.556578
0.590172
0.484907
0.809005
0.838182
0.383924
0.402029
0.789913
0.488265
0.480433
0.341951
0.608424
0.656858
0.501476
0.514742
0.695519
0.590307
0.281890
0.628754
0.479166
0.301532
0.427253
