2.304915
2.301342
2.298922
2.293260
2.293091
2.295441
2.288697
2.286684
2.288329
2.282108
2.274681
2.253020
2.242946
2.252275
2.235142
2.220054
2.216411
2.215040
2.203910
2.200093
2.181633
2.137243
2.155025
2.095696
2.110802
2.115004
2.074898
2.058712
2.021513
2.007251
1.951816
1.934330
1.944188
1.885615
1.821565
1.869024
1.861960
1.826644
1.823909
1.797238
1.796994
1.777104
1.817899
1.794939
1.781341
1.752881
1.740796
1.755613
1.735013
1.741045
1.722257
1.711157
1.705649
1.718996
1.717276
1.717451
1.687168
1.683160
1.707839
1.724900
1.698761
1.670391
1.680437
1.685179
1.680026
1.685051
1.671616
1.661361
1.660535
1.674619
1.706155
1.658126
1.691083
1.671379
1.649509
1.644243
1.638540
1.628024
1.639324
1.642284
1.665302
1.632445
1.640049
1.664277
1.625160
1.644069
1.597922
1.605363
1.664130
1.656550
1.653465
1.652841
1.621621
1.622675
1.624037
1.661742
1.632239
1.618170
1.666058
1.629608
1.615684
1.648071
1.624412
1.594740
1.638469
1.637471
1.624619
1.624104
1.591003
1.617610
1.613476
1.625975
1.580667
1.584271
1.600711
1.636742
1.577598
1.582032
1.631430
1.592206
1.607611
1.605539
1.630731
1.649572
1.607198
1.576483
1.605319
1.599958
1.575962
1.619174
1.585484
1.614305
1.606302
1.585062
1.593974
1.593742
1.576014
1.584808
1.592081
1.581109
1.564332
1.591415
1.574603
1.570701
1.597096
1.604500
1.592291
1.584983
1.566297
1.604739
1.579666
1.545550
1.578014
1.636107
1.589481
1.577884
1.574207
1.629222
1.581399
1.600901
1.586818
1.580373
1.588851
1.563247
1.566502
1.591874
1.577969
1.548964
1.565011
1.601364
1.571743
1.563131
1.557756
1.567125
1.570494
1.601719
1.555044
1.573389
1.551619
1.566584
1.535383
1.543407
1.561259
1.578809
1.570000
1.537657
1.577189
1.568785
1.563492
1.543662
1.563177
1.571960
1.543079
1.576727
1.582013
1.554358
1.566093
1.573348
1.573618
1.556284
1.575673
1.555562
1.566157
1.562287
1.554342
1.555897
1.588927
1.582484
1.576906
1.534679
1.556913
1.534946
1.538943
1.559903
1.551115
1.568881
1.544923
1.571188
1.560379
1.552686
1.531298
1.539650
1.531271
1.553224
1.546001
1.538238
1.560778
1.562838
1.559511
1.549921
1.556360
1.531004
1.534779
1.547459
1.553755
1.584240
1.541817
1.527948
1.534413
1.550789
1.533605
1.548241
1.578249
1.540262
1.511935
1.535805
1.531413
1.558794
1.565303
1.567346
1.551793
1.524275
1.553765
1.565195
1.565988
1.534026
1.548198
1.528787
1.516835
1.556565
1.546992
1.554793
1.558330
1.560491
1.562419
1.526862
1.535881
1.538527
1.559348
1.514589
1.518880
1.531750
1.541831
1.536688
1.568325
1.514484
1.552501
1.521792
1.551790
1.565465
1.557342
1.554833
1.559521
1.539796
1.520284
1.563305
1.539534
1.579280
1.534391
1.559933
1.549094
1.533754
1.525330
1.519070
1.521805
1.519019
1.531878
1.534080
1.521310
1.534471
1.550736
1.524872
1.543880
1.556083
1.550450
1.530421
1.530256
1.539089
1.547356
1.538306
1.533785
1.539150
1.529990
1.526535
1.516493
1.515009
1.517358
1.542277
1.510757
1.534932
1.538185
1.533969
1.533835
1.533875
1.522926
1.571913
1.516746
1.538225
1.512971
1.510880
1.534560
1.535803
1.519594
1.534641
1.511273
1.537540
1.532096
1.537586
1.539507
1.548081
1.528403
1.557149
1.544560
1.520463
1.550444
1.507783
1.505127
1.514449
1.521283
1.517237
1.531694
1.514450
1.519364
1.524085
1.521571
1.536208
1.539368
1.544616
1.554642
1.519769
1.493714
1.508716
1.520605
1.529519
1.550617
1.527443
1.512472
1.536233
1.498390
1.540826
1.516125
1.534040
1.552002
1.525978
1.519647
1.513267
1.503945
1.522294
1.568559
1.522827
1.533130
1.521215
1.516204
1.530365
1.513584
1.544729
1.513914
1.527783
1.519066
1.508142
1.524272
1.520597
1.525851
1.507590
1.503596
1.520045
1.525798
1.533406
1.523245
1.559698
1.523607
1.523799
1.530683
1.502120
1.507682
1.541888
1.529482
1.505478
1.523344
1.515511
1.493676
1.514163
1.514576
1.535250
1.494568
1.552773
1.504044
1.515274
1.518821
1.543406
1.528949
1.537296
1.516750
1.514041
1.530433
1.509496
1.528576
1.518934
1.513810
1.504842
1.516671
1.511404
1.509537
1.520457
1.512006
1.503200
1.512280
1.528904
1.518088
1.501350
1.532954
1.546221
1.511224
1.495275
1.525415
1.498647
1.503920
1.514040
1.513625
1.508977
1.509686
1.531464
1.505344
1.517543
1.525129
1.528401
1.510524
1.495049
1.518495
1.512005
1.512190
1.515701
1.511924
1.519486
1.517904
1.545308
1.537197
1.517618
1.506475
1.517401
1.493676
1.510336
1.504807
1.511600
1.543655
1.533686
1.490755
1.513124
1.511183
1.508998
1.503447
1.512796
1.526239
1.499160
1.527230
1.515660
1.525760
1.514059
1.499330
1.513778
1.528548
1.512814
1.501634
1.527070
1.525122
1.497731
1.556033
1.508357
1.494439
1.522491
