2.257192
2.235384
2.243918
2.208697
2.193647
2.181224
2.188013
2.198920
2.224325
2.207622
2.215270
2.221301
2.220434
2.221070
2.219904
2.217502
2.222003
2.223196
2.219177
2.218740
2.216501
2.215708
2.216122
2.217054
2.210909
2.211494
2.210485
2.211791
2.205155
2.204735
2.201767
2.201043
2.202404
2.195588
2.196006
2.202415
2.200405
2.193845
2.197661
2.189286
2.187882
2.193663
2.190479
2.188704
2.180096
2.185365
2.187428
2.177081
2.182668
2.185988
2.181253
2.163363
2.172089
2.174134
2.175615
2.176795
2.171853
2.170528
2.168046
2.167423
2.167644
2.167634
2.161247
2.169617
2.166360
2.161618
2.160509
2.169456
2.156627
2.159558
2.144825
2.155111
2.162034
2.161225
2.144791
2.155495
2.148862
2.155513
2.124977
2.158528
2.147067
2.163311
2.152746
2.160588
2.149129
2.130924
2.140987
2.151324
2.157794
2.146996
2.136384
2.131071
2.125528
2.124637
2.118579
2.124089
2.115694
2.125170
2.138961
2.150720
2.155684
2.161510
2.166234
2.170818
2.170348
2.166857
2.150924
2.129455
2.135957
2.139948
2.153643
2.160503
2.184166
2.201874
2.211315
2.224401
2.208867
2.201790
2.190123
2.192790
2.213060
2.198242
2.216034
2.222497
2.202086
2.188110
2.175601
2.190272
2.186990
2.194432
2.204999
2.208785
2.186856
2.169766
2.166141
2.159118
2.170502
2.191690
2.195587
2.174810
2.195083
2.166627
2.107811
2.097858
2.019895
2.051574
2.084529
2.106440
2.144902
2.180387
2.196719
2.189080
2.180025
2.179941
2.164211
2.161022
2.154080
2.129757
2.095722
2.121510
2.125332
2.171074
2.172086
2.208254
2.195430
2.192168
2.202833
2.175836
2.183527
2.170351
2.163065
2.172145
2.159889
2.164394
2.157258
2.180342
2.189905
2.210793
2.177433
2.165586
2.161667
2.167137
2.185355
2.209020
2.218601
2.223490
2.234372
2.206736
2.211461
2.221674
2.218036
2.224000
2.226723
2.240690
2.236907
2.250056
2.257845
2.254684
2.259033
2.244232
2.251708
2.241971
2.259124
2.258592
2.255294
2.259677
2.249631
2.252226
2.240858
2.257321
2.268644
2.265019
2.270837
2.259299
2.263852
2.256551
2.245992
2.250595
2.260234
2.255234
2.254530
2.255202
2.264477
2.253496
2.251179
2.255365
2.248435
2.239685
2.239922
2.232398
2.228188
2.228037
2.217181
2.225340
2.225470
2.230558
2.242016
2.249125
2.251860
2.251266
2.272758
2.268154
2.257700
2.256288
2.250335
2.247143
2.243895
2.238092
2.231223
2.227856
2.237364
2.240201
2.243518
2.248121
2.244905
2.248788
2.246476
2.244525
2.236743
2.234804
2.217417
2.223884
2.212917
2.216191
2.222522
2.221464
2.210503
2.197491
2.188318
2.189195
2.179961
2.191155
2.200709
2.198003
2.208405
2.201731
2.207427
2.216490
2.195021
2.205087
2.189965
2.188016
2.172977
2.151841
2.166867
2.195099
2.186397
2.183422
2.205019
2.208826
2.196351
2.207289
2.207309
2.215628
2.217295
2.223604
2.206929
2.192436
2.178042
2.194490
2.190927
2.172901
2.156098
2.149776
2.134958
2.188691
2.171003
2.184271
2.180598
2.200035
2.216959
2.198090
2.205185
2.220420
2.211284
2.206609
2.193235
2.188345
2.199761
2.157602
2.162759
2.164993
2.154185
2.164798
2.156671
2.155267
2.151337
2.184974
2.185796
2.176805
2.147958
2.170200
2.203453
2.173654
2.159662
2.145711
2.079844
2.100768
2.026870
2.094546
2.110343
2.148612
2.140428
2.193189
2.193709
2.239596
2.234728
2.291451
2.274362
2.291101
2.300733
2.297704
2.286339
2.269576
2.271483
2.275831
2.282832
2.270141
2.291901
2.308434
2.325340
2.335274
2.366587
2.363967
2.376320
2.370380
2.388211
2.362967
2.360336
2.336297
2.349685
2.338914
2.342815
2.331229
2.328294
2.323569
2.308740
2.293715
2.287023
2.284914
2.281122
2.266520
2.264055
2.258106
2.241797
2.235595
2.237420
2.227376
2.221858
2.210297
2.206243
2.190311
2.187926
2.179436
2.175216
2.151817
2.145067
2.176986
2.140082
2.181829
2.194401
2.181826
2.213358
2.220387
2.216708
2.214994
2.225473
2.238138
2.247930
2.255349
2.247155
2.254300
2.245895
2.242284
2.239776
2.230453
2.239952
2.226247
2.226034
2.226464
2.209130
2.207131
2.196700
2.191528
2.170892
2.184642
2.177117
2.186685
2.203632
2.202137
2.195519
2.200221
2.219374
2.190848
2.171073
2.209250
2.221403
2.233001
2.228110
2.223878
2.235300
2.237028
2.223558
2.252137
2.251403
2.250769
2.254571
2.262362
2.260850
2.258435
2.254174
2.238375
2.243160
2.243426
2.229479
2.259062
2.231138
2.223569
2.227050
2.218038
2.239295
2.257910
2.246072
2.253374
2.233390
2.255740
2.234570
2.223618
2.212566
2.243248
2.215962
2.211771
2.236144
2.227941
2.257954
2.271179
2.278482
2.282332
2.266637
2.270047
2.272379
2.301987
2.276663
2.302246
2.288119
2.262430
2.279339
2.312303
2.293468
2.269331
2.266932
2.293420
2.297705
2.288565
2.297535
2.317764
2.293265
2.307949
2.330167
2.310760
2.297828
2.325679
2.302728
2.337829
2.308359
2.306563
2.279901
2.260453
2.271008
2.257834
2.240512
2.190187
2.227986
2.250730
2.232350
2.213236
2.234002
2.252847
2.258589
2.247807
2.287745
2.333261
2.295700
2.304427
2.343534
2.285401
2.381873
2.376617
2.357368
2.390857
2.408661
2.347419
2.357322
2.357808
2.364490
2.323040
2.365222
2.351791
2.272306
2.257874
2.262258
2.239689
2.227712
2.169999
2.181321
2.160117
2.115695
2.163127
2.206883
2.216182
2.251932
2.254623
2.279109
2.289950
2.255937
2.254851
2.231391
2.232153
2.226068
2.137634
2.157855
2.127713
2.167302
1.921461
1.903063
1.812633
1.744254
1.620684
1.462238
1.674881
1.611879
1.477848
1.692585
1.920485
2.149771
2.236370
2.288457
2.269288
2.246743
2.191868
2.209984
2.187221
2.143985
1.781781
1.688482
1.563652
1.362111
1.346408
1.332535
1.313251
0.886283
1.499269
1.568608
1.720393
2.716394
2.597315
2.711524
2.593480
2.443178
2.470202
2.388063
2.402179
2.406190
2.417405
2.408315
2.381329
2.369884
2.408614
2.386048
2.377891
2.361616
2.359076
2.326371
2.350264
2.329802
2.320529
2.338758
2.332986
2.335371
2.330050
2.336272
2.331784
2.319720
2.299518
2.334657
2.343447
2.302202
2.326366
2.262979
2.300186
2.221136
2.230882
2.140334
2.079841
2.121222
2.139667
1.973894
1.778387
1.923786
1.689709
1.784389
1.766856
1.850664
1.569167
1.724339
1.476958
1.321784
1.533996
1.337184
1.420948
1.435897
1.576077
1.862764
1.999788
2.148895
2.015491
1.818407
2.350193
1.817155
1.843181
1.732161
1.676611
1.468596
1.840718
1.395024
1.128417
0.795367
1.135747
0.665060
0.924323
1.034319
1.115216
1.825314
2.192215
2.383842
2.349729
2.282167
2.275371
2.248832
2.269948
2.250973
2.266373
2.264812
2.263350
2.259601
2.259735
2.260000
2.238896
2.203699
2.257638
2.221604
2.241708
2.233775
2.221812
2.255435
2.209036
2.212992
2.224471
2.208847
2.176197
2.186097
2.186139
2.210587
2.183369
2.214869
2.220575
2.232807
2.225640
2.229552
2.235820
2.235906
2.236217
2.234294
2.239144
2.229929
2.227461
2.223171
2.216968
2.209123
2.206721
2.205797
2.202076
2.196569
2.188097
2.178632
2.190979
2.195356
2.204483
2.190857
2.204284
2.205930
2.206259
2.216378
2.215847
2.216635
2.219207
2.224727
2.222956
2.217555
2.214949
2.214769
2.207699
2.213559
2.209409
2.222313
2.219492
2.214922
2.223899
2.231819
2.225032
2.235486
2.236961
2.243442
2.243622
2.243799
2.244051
2.245579
2.237299
2.236227
2.235253
2.241252
2.246338
2.246406
2.244823
2.246860
2.250354
2.242593
2.251024
2.245642
2.252772
2.263674
2.267915
2.262823
2.262430
2.276136
2.277299
2.280841
2.285178
2.283446
2.282336
2.292722
2.277074
2.300821
2.297927
2.299353
2.294268
2.304190
2.301139
2.318983
2.312659
2.320372
2.317339
2.322392
2.331764
2.339921
2.319786
2.321349
2.327089
2.338940
2.331015
