2.272043
2.243638
2.255913
2.260662
2.249880
2.246618
2.241936
2.237782
2.240703
2.230738
2.232583
2.225629
2.245592
2.227865
2.237762
2.221290
2.186131
2.191227
2.190229
2.160940
2.127801
2.063110
2.038713
1.965197
1.875408
1.809972
1.683767
1.659880
1.486633
1.344154
1.310356
1.127694
1.214687
1.179794
1.145029
1.383695
1.304523
1.091234
1.105495
1.214387
1.954844
1.692763
1.951958
2.054039
2.703799
3.210660
3.085651
3.008740
2.539384
1.487441
1.183002
1.137653
1.419840
1.577857
1.560427
1.592070
1.472398
1.421961
1.248669
1.208032
1.221771
1.070621
1.170329
0.811384
0.879988
0.840881
0.766604
0.501187
0.594832
0.544294
0.609623
0.489179
0.652597
0.471781
0.607139
0.627328
0.519683
0.458354
0.573801
0.489777
0.517776
0.365783
0.420934
0.290069
0.449261
0.319160
0.395837
0.344095
0.595166
0.294123
0.314908
0.416196
0.535930
0.415297
0.323395
0.255643
0.316731
0.326730
0.283240
0.365995
0.279083
0.257128
0.342637
0.426234
0.398113
0.382367
0.288807
0.202482
0.185573
0.186053
0.244778
0.350522
0.173544
0.509032
0.341562
0.256652
0.450359
0.261104
0.220650
0.229951
0.276944
0.301566
0.179121
0.247420
0.195438
0.344588
0.221353
0.290559
0.256454
0.689083
0.184679
0.210723
0.435007
0.232454
0.231215
0.269046
0.205255
0.207238
0.291300
0.245287
0.295506
0.352299
0.269737
0.338641
0.101116
0.190792
0.187249
0.200291
0.279681
0.198396
0.134971
0.171868
0.255786
0.122523
0.202760
0.274087
0.200043
0.226932
0.147887
0.333753
0.344949
0.466317
0.321029
0.332793
0.396045
0.278806
0.161611
0.413845
0.167192
0.192432
0.305407
0.243967
0.303236
0.114497
0.108456
0.198289
0.416616
0.310960
0.480535
0.327707
0.276804
0.105133
0.276824
0.310596
0.271891
0.168216
0.329881
0.255636
0.238310
0.183953
0.263413
0.435831
0.192683
0.482178
0.317913
0.335313
0.301037
0.246789
0.294245
0.555439
0.765821
0.130007
0.423971
0.160038
0.224422
0.229818
0.212918
0.236617
0.226733
0.356040
0.266022
0.192011
0.174958
0.174932
0.125884
0.172293
0.295745
0.149998
0.274471
0.217041
0.203638
0.350119
0.130851
0.277600
0.271936
0.098692
0.153885
0.225105
0.223360
0.179188
0.173672
0.210621
0.183910
0.189832
0.125032
0.191972
0.357910
0.144080
0.082157
0.162156
0.207492
0.143544
0.226909
0.265912
0.195262
0.215366
0.107545
0.229380
0.162727
0.172095
0.263364
0.229131
0.174798
0.140134
0.215201
0.113447
0.140442
0.130347
0.174951
0.203827
0.182115
0.220841
0.208337
0.128666
0.232695
0.173077
0.167325
0.118806
0.157206
0.075088
0.247860
0.130966
0.087477
0.259701
0.102711
0.053733
0.178342
0.141181
0.131334
0.085798
0.175497
0.100301
0.142870
0.089852
0.119134
0.220473
0.140813
0.312284
0.151606
0.131538
0.100472
0.146124
0.213790
0.195858
0.204121
0.107891
0.088720
0.123164
0.177988
0.227111
0.259537
0.202871
0.034002
0.137480
0.106732
0.206850
0.156257
0.093644
0.149740
0.127980
0.168623
0.238079
0.041089
0.184647
0.142887
0.116937
0.200238
0.366109
0.139049
0.242611
0.263745
0.471751
0.101946
0.511579
0.383153
0.188596
0.142231
0.233921
0.595124
0.315623
0.562525
0.588006
0.712464
0.508436
0.563104
0.436772
0.315523
0.408249
0.429097
0.204690
0.093933
0.202054
0.305733
0.307795
0.364750
0.192393
0.135151
0.190905
0.106660
0.228832
0.227708
0.203012
0.162807
0.200607
0.061257
0.104247
0.174630
0.165061
0.190493
0.181208
0.118233
0.290995
0.195988
0.099832
0.312880
0.168206
0.086545
0.111461
0.151183
0.202320
0.053016
0.085909
0.306600
0.086145
0.084353
0.135846
0.264346
0.123618
0.103192
0.081771
0.109374
0.150204
0.137124
0.078451
0.175284
0.102002
0.123043
0.234587
0.140182
0.112294
0.060717
0.099474
0.265412
0.096728
0.049169
0.033414
0.116336
0.139410
0.024740
0.195203
0.131271
0.130135
0.114090
0.140147
0.110946
0.169807
0.065970
0.111316
0.113083
0.070258
0.149687
0.164115
0.079898
0.130438
0.137487
0.103744
0.053857
0.109381
0.220151
0.167225
0.236459
0.037940
0.150242
0.085885
0.072785
0.064762
0.047951
0.056618
0.083502
0.060988
0.124375
0.150199
0.107205
0.107062
0.093099
0.191291
0.234027
0.095445
0.168156
0.093754
0.059960
0.093767
0.114457
0.145045
0.369819
0.161975
0.128849
0.079466
0.101138
0.048136
0.134005
0.123933
0.095972
0.069341
0.181005
0.016580
0.023569
0.045952
0.074840
0.071232
0.091639
0.127576
0.148000
0.154558
0.058722
0.091825
0.057121
0.150245
0.129733
0.181445
0.206894
0.130337
0.163699
0.103570
0.091858
0.106132
0.086642
0.220480
0.309783
0.298743
0.232598
0.158749
0.443613
0.097096
0.082011
0.261550
0.189713
0.204198
0.326065
0.174147
0.204880
0.062676
0.143933
0.024622
0.063750
0.177810
0.127769
0.321364
0.151995
0.160553
