2.304024
2.299859
2.290551
2.286550
2.276781
2.282290
2.246998
2.259246
2.246870
2.222606
2.242615
2.190477
2.168304
2.089600
2.052643
2.008614
1.980982
1.925298
1.886144
1.859154
1.894770
1.856098
1.809769
1.768432
1.780530
1.734466
1.770822
1.706052
1.701301
1.673338
1.670942
1.645938
1.646437
1.678639
1.641480
1.633193
1.629604
1.643555
1.615062
1.589495
1.644217
1.602065
1.618563
1.595060
1.607747
1.635300
1.580209
1.625034
1.586877
1.606559
1.603514
1.570173
1.579693
1.583585
1.595061
1.597896
1.572886
1.556595
1.578908
1.571760
1.567667
1.573695
1.583518
1.536835
1.528487
1.565599
1.574428
1.548022
1.574293
1.530357
1.569967
1.544621
1.556669
1.556120
1.531432
1.559693
1.535346
1.540104
1.541564
1.556074
1.553371
1.527436
1.538590
1.552129
1.537540
1.521135
1.543478
1.541902
1.551157
1.541825
1.515821
1.523975
1.548917
1.532688
1.547243
1.532389
1.527488
1.522338
1.522750
1.518789
1.523907
1.521693
1.519454
1.539287
1.515950
1.553208
1.529790
1.523147
1.534644
1.541801
1.529889
1.527397
1.512406
1.547944
1.498569
1.512823
1.514977
1.518959
1.531769
1.537262
1.548262
1.525304
1.518474
1.506184
1.512897
1.529175
1.522586
1.497853
1.512963
1.508650
1.499850
1.507277
1.515014
1.514232
1.548461
1.527515
1.519805
1.509366
1.514064
1.529639
1.522605
1.514849
1.507501
1.532695
1.506596
1.509545
1.503018
1.542836
1.507403
1.502722
1.519208
1.521897
1.527578
1.499406
1.507609
1.494736
1.525393
1.519848
1.509059
1.549016
1.537037
1.493698
1.510572
1.524924
1.502885
1.522753
1.495343
1.502660
1.511477
1.506684
1.508816
1.524950
1.507951
1.514212
1.492885
1.499487
1.503944
1.523043
1.505283
1.498278
1.502233
1.497047
1.497924
1.491539
1.497020
1.524356
1.500177
1.491674
1.485530
1.495184
1.512389
1.504726
1.487123
1.498117
1.496178
1.503093
1.484779
1.509887
1.502264
1.491663
1.503802
1.503316
1.509377
1.502279
1.514925
1.511614
1.500710
1.508123
1.501549
1.504691
1.485750
1.527168
1.494267
1.495299
1.500231
1.510032
1.520921
1.499775
1.490497
1.503013
1.513280
1.485798
1.489976
1.498057
1.499061
1.491989
1.489353
1.541700
1.510968
1.498883
1.481435
1.490860
1.480691
1.497387
1.510124
1.497987
1.507635
1.502044
1.507393
1.494028
1.506845
1.482274
1.484130
1.495058
1.487787
1.510440
1.504009
1.487714
1.493777
1.510828
1.489628
1.491606
1.506752
1.497453
1.482965
1.499768
1.497937
1.492422
1.515226
1.486811
1.485968
1.491775
1.489305
1.516517
1.488440
1.503265
1.498278
1.493427
1.485013
1.504473
1.485015
1.507271
1.483451
1.488768
1.497871
1.499218
1.498271
1.487748
1.500638
1.483350
1.490534
1.507681
1.497153
1.489752
1.519488
1.497774
1.485514
1.491601
1.486091
1.492269
1.498809
1.484125
1.489426
1.477249
1.502503
1.492584
1.488490
1.477024
1.496236
1.501921
1.484788
1.494965
1.490988
1.476005
1.489513
1.488132
1.493558
1.497652
1.485106
1.512914
1.495365
1.491823
1.479781
1.498416
1.476433
1.495373
1.490023
1.489575
1.485467
1.487130
1.487455
1.477092
1.488161
1.480335
1.483868
1.494736
1.506045
1.477667
1.501652
1.497025
1.490993
1.494850
1.490684
1.490966
1.490368
1.484134
1.500479
1.486141
1.474369
1.485384
1.497512
1.496443
1.483332
1.485231
1.491533
1.481853
1.484194
1.481840
1.495939
1.479154
1.491077
1.480690
1.493873
1.477529
1.477798
1.490867
1.496877
1.486052
1.481355
1.492719
1.503817
1.486418
1.506500
1.486212
1.490504
1.494208
1.489843
1.490789
1.493569
1.477132
1.481139
1.487774
1.483139
1.486224
1.477050
1.509079
1.484664
1.502411
1.474462
1.503332
1.473959
1.492821
1.479728
1.482646
1.497470
1.484780
1.471913
1.476953
1.483522
1.516214
1.486713
1.471555
1.484062
1.485719
1.481338
1.490741
1.480262
1.479611
1.504045
1.480549
1.486288
1.490687
1.479100
1.493220
1.485465
1.486697
1.480815
1.487734
1.488561
1.487586
1.490616
1.476963
1.503435
1.480314
1.479596
1.494768
1.485621
1.490569
1.476500
1.485852
1.491931
1.483358
1.483768
1.478776
1.491165
1.482650
1.494936
1.484858
1.501785
1.487543
1.495668
1.485386
1.486346
1.490240
1.486485
1.482704
1.475741
1.496029
1.476129
1.487916
1.477602
1.503593
1.474510
1.491841
1.486869
1.478500
1.483805
1.468640
1.491936
1.491746
1.479927
1.486284
1.478699
1.477458
1.474191
1.476666
1.473365
1.479296
1.499975
1.481336
1.479872
1.486302
1.477238
1.477595
1.475847
1.494352
1.479853
1.482123
1.486241
1.490115
1.466602
1.483652
1.476370
1.472279
1.480588
1.493742
1.494700
1.481000
1.477152
1.479297
1.493493
1.492644
1.495713
1.492683
1.492062
1.489496
1.484100
1.482345
1.474817
1.470551
1.480394
1.487250
1.468452
1.497050
1.475818
1.486656
1.481310
1.486820
1.487663
1.487666
