2.272630
2.279177
2.279480
2.290423
2.289940
2.300667
2.310437
2.317740
2.318923
2.320703
2.319417
2.320558
2.317055
2.315773
2.310271
2.310296
2.309008
2.309349
2.307010
2.306573
2.307883
2.304553
2.308680
2.307063
2.302206
2.304171
2.308039
2.307929
2.307149
2.306458
2.301534
2.301773
2.302932
2.300277
2.300112
2.298568
2.300849
2.297834
2.298915
2.295535
2.294255
2.293802
2.298557
2.293958
2.295447
2.288212
2.284564
2.289612
2.285401
2.279383
2.276512
2.269886
2.268753
2.262153
2.256771
2.253753
2.238219
2.236454
2.226244
2.216251
2.207957
2.197563
2.178016
2.172296
2.152739
2.140205
2.126495
2.099536
2.098935
2.074411
2.055756
2.034991
2.005719
1.992461
1.913650
1.889394
2.008436
1.994565
1.993752
1.948647
1.873105
1.858920
1.879472
1.866721
1.830740
1.832258
1.897567
1.899459
1.891448
1.875006
1.912839
1.820124
1.774509
1.806911
1.668464
1.467398
1.370598
1.339493
1.281737
1.252470
1.376728
1.369811
1.552564
1.688093
1.767310
1.817072
1.846088
1.891238
1.832002
1.789422
1.695430
1.585893
1.482249
1.398309
1.326857
1.361993
1.494604
1.636527
1.749055
1.837133
1.850109
1.934589
1.892997
1.696340
1.671768
1.551009
1.480519
1.525051
1.489890
1.568685
1.652288
1.727210
1.693040
1.793399
1.813602
1.834840
1.867380
1.913867
1.828985
1.776698
1.694108
1.660504
1.804891
1.925762
1.961779
2.010303
1.964967
1.875853
1.843754
1.861461
1.838362
1.816850
1.676717
1.680228
1.769612
1.701400
1.711902
1.741873
1.699435
1.698520
1.740628
1.703919
1.792550
1.733422
1.856464
1.734526
1.713617
1.679292
1.729855
1.734848
1.764401
1.734153
1.729241
1.709732
1.726391
1.734272
1.797133
1.750584
1.793350
1.791645
1.353253
1.093809
1.077874
1.054685
1.393608
1.677716
1.534782
1.801556
2.012331
2.610530
2.739990
2.363444
2.023056
1.809055
1.758504
1.610409
1.632714
1.547171
1.498391
1.349084
1.477763
1.409541
1.419257
1.631056
1.580740
1.628666
1.431978
1.322129
1.635004
1.356909
1.556460
1.527626
1.425896
1.435395
1.424859
1.433199
1.445307
1.452723
1.352891
1.457226
1.272268
1.374329
1.319261
1.443401
1.402343
1.378501
1.499434
1.473015
1.510167
1.271625
1.429062
1.495278
1.285268
1.423800
1.415949
1.525571
1.252800
1.493639
1.499583
1.368620
1.390525
1.433409
1.466826
1.587430
1.525771
1.530130
1.271290
1.458007
1.280172
1.256329
1.263407
1.161324
1.177501
1.292035
1.352369
1.310874
1.251470
1.368166
1.334267
1.321462
1.243009
1.328668
1.311438
1.204539
1.271063
1.240359
1.306037
1.166548
1.111512
1.230091
1.254018
1.196491
1.377548
1.227968
1.300732
1.399702
1.380488
1.280853
1.340641
1.159085
1.247258
1.217641
1.112220
0.864848
0.936539
0.932885
1.023279
0.933699
1.108371
1.268167
1.395712
1.368178
1.317838
1.443333
1.257859
1.628239
1.372586
1.466281
1.656886
1.453942
1.480381
1.683546
1.591800
1.438517
1.410344
1.199098
1.118293
0.963154
1.153671
0.993727
1.080771
1.267902
1.340984
1.239640
1.250821
0.828762
0.767876
0.843801
0.969344
0.929884
1.118049
0.817569
0.769841
0.898188
0.944289
1.007416
1.175329
1.136304
1.273374
1.309771
1.200860
1.494896
1.485158
1.422320
1.458921
1.391866
1.516916
1.610996
1.488403
1.511996
1.497108
1.568856
1.446316
1.527431
1.487230
1.649015
1.384441
1.493092
1.396291
1.396366
1.296053
1.558764
1.428695
1.332265
1.466878
1.373437
1.383289
1.539792
1.325420
1.549746
1.556522
1.334946
1.400010
1.353904
1.395360
1.472203
1.517575
1.396751
1.213809
1.317533
1.266986
1.262072
1.219509
1.327354
1.142703
1.158759
1.373388
1.145693
1.229510
1.310153
0.994190
1.202732
1.093967
1.275509
0.848214
0.806274
0.926142
0.772293
0.663258
0.732866
0.722495
0.728301
0.769164
0.704301
0.754033
0.860427
0.840146
0.931990
1.039492
1.025555
1.142088
1.137102
1.299404
1.510753
1.385731
1.448233
1.428928
1.465530
1.384542
1.463465
1.383785
1.289670
1.304132
1.412217
1.427186
1.483562
1.517496
1.466854
1.457811
1.426318
1.567720
1.424672
1.506140
1.262855
1.300403
1.544177
1.374144
1.468444
1.415502
1.457113
1.337036
1.483432
1.311533
1.351004
1.412103
1.306731
1.399171
1.208660
1.355613
1.333978
1.217389
1.094277
1.326226
1.353594
1.483518
1.239260
1.296371
1.205753
1.173316
1.110555
1.235853
1.271168
1.192545
1.176693
0.955774
1.058445
1.244951
1.088212
1.178673
1.098890
1.148650
1.217992
1.205667
1.134453
1.269676
1.213719
1.273514
1.340282
1.219449
1.209419
1.296070
1.282015
1.147721
1.178779
1.129790
1.229763
1.234558
1.148010
1.235177
1.099409
1.142622
1.245554
1.228235
1.078320
1.230127
1.196019
1.185685
1.215833
1.125113
1.260970
1.201305
1.085053
1.290739
1.337881
1.291962
1.222677
1.132415
1.337543
1.373540
1.138618
