2.307818
2.303144
2.275232
2.268639
2.261168
2.216084
2.216681
2.135150
2.037501
1.981639
1.892165
1.819672
1.776776
1.797103
1.795376
1.726764
1.760063
1.715228
1.759048
1.688466
1.698209
1.650434
1.702994
1.635087
1.609790
1.668203
1.645242
1.565043
1.592450
1.579091
1.597787
1.626625
1.572709
1.623198
1.579717
1.554861
1.594419
1.573726
1.570458
1.554018
1.572015
1.572051
1.533390
1.540199
1.558815
1.558151
1.555746
1.548852
1.554382
1.555209
1.564287
1.536189
1.547299
1.556773
1.561467
1.530455
1.529901
1.539414
1.552724
1.534889
1.533230
1.540915
1.541082
1.532063
1.541568
1.511636
1.509986
1.507093
1.536859
1.492716
1.533756
1.529104
1.509163
1.540080
1.549290
1.528249
1.486711
1.512629
1.525449
1.534995
1.512890
1.502270
1.537119
1.571198
1.528673
1.515677
1.518519
1.509173
1.520944
1.514837
1.495768
1.517061
1.508231
1.515476
1.537486
1.502406
1.487315
1.534331
1.515181
1.515618
1.523456
1.518908
1.491934
1.524457
1.538825
1.509908
1.503369
1.504294
1.499768
1.498315
1.517815
1.507441
1.501529
1.494867
1.494148
1.517366
1.493046
1.490833
1.508106
1.508482
1.483974
1.509238
1.519089
1.494512
1.494492
1.518657
1.517958
1.493501
1.485805
1.492214
1.524760
1.485779
1.528899
1.515638
1.486756
1.520636
1.491544
1.500137
1.492262
1.518738
1.505765
1.492174
1.530083
1.495115
1.489576
1.493103
1.491778
1.488949
1.497245
1.499591
1.525056
1.490242
1.488915
1.499863
1.509498
1.495971
1.488753
1.498322
1.489746
1.485838
1.480636
1.499235
1.507269
1.520429
1.480383
1.499442
1.496291
1.501100
1.483604
1.492085
1.484847
1.508815
1.521777
1.500676
1.508482
1.504010
1.495015
1.494313
1.506073
1.492198
1.483786
1.496073
1.497615
1.493642
1.491025
1.512914
1.502233
1.495474
1.492819
1.495106
1.520928
1.495188
1.497891
1.503263
1.490143
1.497766
1.494790
1.485777
1.492156
1.478915
1.479458
1.485330
1.498888
1.499160
1.476593
1.488342
1.497972
1.493392
1.478127
1.508180
1.489295
1.496512
1.496515
1.501854
1.499207
1.490964
1.488012
1.473896
1.497903
1.484656
1.504048
1.481695
1.479487
1.533527
1.499056
1.498213
1.485967
1.496175
1.501833
1.488431
1.490300
1.500089
1.473708
1.512056
1.491531
1.498142
1.498279
1.485618
1.477890
1.504283
1.474353
1.480057
1.504541
1.482270
1.484198
1.490494
1.483977
1.488073
1.486740
1.507236
1.493468
1.496383
1.483883
1.488061
1.486192
1.485389
1.479015
1.487375
1.477164
1.496792
1.496518
1.471626
1.509692
1.495246
1.480404
1.490121
1.492916
1.485836
1.486815
1.476099
1.479244
1.491582
1.490692
1.488115
1.490764
1.497820
1.489193
1.482325
1.490949
1.483446
1.478207
1.493629
1.476206
1.468190
1.493940
1.482020
1.482983
1.495774
1.489481
1.477540
1.483365
1.508106
1.488987
1.505004
1.504213
1.476799
1.504788
1.485543
1.478470
1.483073
1.514098
1.491817
1.475088
1.488549
1.500766
1.491452
1.481915
1.474749
1.490098
1.484385
1.506838
1.480613
1.491705
1.480773
1.485903
1.484026
1.487260
1.473348
1.489501
1.471048
1.494154
1.514592
1.490291
1.499145
1.476118
1.494267
1.477706
1.474871
1.486442
1.485251
1.482152
1.497473
1.491634
1.479557
1.476919
1.482994
1.473819
1.475468
1.477434
1.507434
1.490808
1.476511
1.485304
1.479813
1.489712
1.482461
1.505298
1.487867
1.478224
1.492803
1.489537
1.483414
1.476146
1.505095
1.486159
1.477041
1.487168
1.503963
1.498770
1.475698
1.476718
1.484680
1.481597
1.494582
1.476612
1.483756
1.487260
1.478934
1.480353
1.473518
1.475217
1.487678
1.476771
1.480858
1.479961
1.488973
1.485499
1.503492
1.494565
1.473421
1.477385
1.473963
1.477952
1.484332
1.476992
1.481568
1.476442
1.492703
1.481102
1.478702
1.493207
1.501822
1.484710
1.475253
1.482609
1.494134
1.477295
1.483343
1.483635
1.483016
1.496211
1.494912
1.478617
1.485267
1.479296
1.474270
1.480108
1.490465
1.479867
1.479668
1.472243
1.486322
1.486226
1.480216
1.504381
1.484235
1.504628
1.492624
1.483540
1.486088
1.484020
1.475793
1.485592
1.475279
1.476412
1.487590
1.486146
1.490052
1.482521
1.477263
1.483838
1.480376
1.473408
1.486309
1.483815
1.483781
1.474895
1.484558
1.480096
1.480707
1.486332
1.489556
1.476174
1.477843
1.478958
1.490091
1.479572
1.489186
1.502816
1.476669
1.472443
1.502337
1.471278
1.491342
1.493538
1.484802
1.483971
1.499126
1.467598
1.477214
1.476415
1.479898
1.478388
1.474954
1.486999
1.478167
1.470810
1.485977
1.490944
1.477246
1.485353
1.476593
1.490655
1.484351
1.483820
1.488855
1.488080
1.494459
1.482891
1.488445
1.495632
1.482587
1.487212
1.501694
1.477873
1.487387
1.476815
1.485919
1.485781
1.493301
1.477268
1.495485
1.478759
1.506466
1.487794
1.479424
1.471661
1.479605
1.469922
1.474231
