2.307225
2.307489
2.323520
2.339292
2.343627
2.312317
2.253278
2.208404
2.169979
2.067037
2.121259
2.168916
2.224736
2.380808
2.791736
3.079941
3.118831
3.085186
3.102483
3.109133
2.942414
3.056531
3.131542
3.136120
3.121173
3.127800
3.125529
3.108533
3.116420
3.106503
3.127638
3.131173
3.135519
3.142502
3.127155
3.145388
3.142237
3.150407
3.145392
3.155295
3.150336
3.156583
3.158722
3.157074
3.158576
3.158665
3.160059
3.153080
3.159944
3.160333
3.151441
3.159105
3.150687
3.143625
3.144383
3.159982
3.151496
3.149841
3.157478
3.159565
3.157031
3.157572
3.156768
3.149132
3.158503
3.157531
3.156690
3.155392
3.139185
3.154553
3.152173
3.151259
3.151375
3.149284
3.137269
3.143513
3.136415
3.118615
3.102863
3.079435
3.067939
3.043913
3.047020
3.048190
3.040098
3.038041
3.029689
3.029755
3.031591
3.019418
3.007215
3.026618
3.025719
3.019264
3.019417
3.012024
3.017075
3.025010
3.019133
3.017490
3.025214
3.017134
3.021836
3.018910
3.007026
3.024370
3.007751
2.996675
3.010621
3.020378
3.010953
2.984149
2.951962
2.938031
2.959388
2.986717
2.988516
2.980356
2.945215
2.946569
2.947618
2.949417
2.968309
2.965053
2.953022
2.926311
2.942935
2.945490
2.951376
2.962660
2.954414
2.956209
2.952346
2.935867
2.949192
2.937952
2.940233
2.963116
2.950961
2.954003
2.948148
2.941135
2.934962
2.936859
2.937330
2.949643
2.936778
2.950185
2.944113
2.929597
2.932257
2.934320
2.891230
2.859453
2.862841
2.877446
2.897499
2.895867
2.881990
2.859546
2.869083
2.873796
2.872489
2.869823
2.844506
2.855070
2.866043
2.866137
2.863483
2.852921
2.857435
2.856305
2.848258
2.852359
2.850768
2.840708
2.786158
2.783984
2.780250
2.779318
2.776507
2.777483
2.773703
2.774301
2.774672
2.773863
2.774233
2.773679
2.774771
2.773646
2.774133
2.762428
2.779377
2.768909
2.780101
2.782787
2.778357
2.781220
2.788442
2.779258
2.805243
2.795078
2.672982
2.112126
2.034227
2.041791
2.029737
2.032625
2.006384
1.998118
1.986293
1.967992
1.976469
1.981448
1.977144
1.996279
2.069240
2.228802
2.317531
2.701734
2.788907
2.788323
2.792462
2.796823
2.796030
2.789546
2.783366
2.783501
2.778080
2.744732
2.548587
2.432620
2.264279
2.116488
2.047234
2.010204
1.982992
1.979091
2.021991
2.158024
2.154709
2.163984
2.064383
2.031633
2.025223
2.159810
2.146022
2.098724
2.039009
2.032595
2.057806
2.066801
2.058363
2.022429
2.165909
2.207015
2.018764
1.993512
2.025814
2.595651
2.726777
2.815305
2.833860
2.837070
2.804830
2.728678
2.505723
2.015400
2.003097
2.013914
1.997066
2.035996
2.203149
2.229492
2.302321
2.197181
2.575702
2.130736
2.442807
2.039383
2.030003
2.054684
2.061920
1.999078
1.977887
1.949253
1.949495
1.958012
1.960657
1.945634
1.938068
1.957383
1.930228
1.924742
1.922238
1.923900
1.921604
1.930600
1.928245
1.929879
1.909739
1.910856
1.918504
1.914495
1.908995
1.919742
1.914301
1.977782
1.986424
1.984229
1.987884
1.988489
1.987492
1.988962
1.980595
1.980162
1.978569
1.975137
2.001536
2.029724
2.047299
2.041956
2.041383
2.048042
2.049507
2.050314
2.043734
2.040507
2.033784
2.028464
2.025003
2.017711
2.012773
2.007040
1.993794
1.992915
1.988311
2.017327
2.023361
2.016247
2.015738
2.011937
2.011412
2.010332
2.025730
2.034680
2.030952
2.011869
2.003086
1.992593
1.987383
1.991277
1.981763
1.986126
2.028112
2.030462
2.044089
2.038252
2.038727
2.040395
2.046779
2.037080
2.032898
2.031379
2.009997
2.031810
2.044509
2.047317
2.037790
2.019546
2.021312
2.041327
2.059463
2.052473
2.033830
2.028361
2.021409
2.012294
2.003489
2.011204
2.011396
2.023679
1.983465
1.995550
1.989169
1.979281
1.989546
1.994313
2.002245
1.998827
1.987909
1.985941
1.987045
1.985558
1.984043
1.986353
2.004059
2.005000
2.026262
2.021282
1.983614
2.031297
2.076086
2.068996
2.007287
1.991636
2.020180
2.039585
2.045384
2.035980
2.043614
2.032086
2.023879
2.016753
2.002840
1.996981
1.989443
1.987245
1.989412
1.994682
1.997743
1.999030
1.995002
1.992369
1.996871
1.992563
2.001395
1.994726
1.996126
2.003833
2.005338
2.004852
1.998714
2.002956
1.989764
1.990047
1.990979
1.992031
1.987786
1.995042
2.000278
1.989465
1.992502
1.998211
1.995001
1.991874
1.997499
2.013789
2.024190
2.022303
2.010326
2.001451
1.994439
1.995480
2.024550
2.025044
2.023941
2.012167
2.031990
2.047437
2.049057
2.031874
1.997731
2.006294
2.017542
2.023004
2.031676
2.036817
2.039518
2.015281
1.996874
1.995130
2.017806
2.013288
2.002297
1.993683
1.996590
2.029624
2.032087
2.021482
2.039573
2.017708
2.039084
2.012155
2.037077
2.037947
2.041437
2.023314
1.992735
2.003606
2.027536
2.035417
2.021936
2.009452
2.011885
2.000604
2.015954
2.029135
2.036467
2.039536
