2.293101
2.304896
2.287506
2.272537
2.232646
2.239963
2.189653
2.212923
2.179164
2.156563
2.091480
2.122610
2.077944
2.013267
1.952764
1.920505
1.830560
1.800568
1.798834
1.751393
1.656437
1.633360
1.482593
1.397519
1.405230
1.404097
1.196025
1.190211
1.131756
1.217300
1.115790
0.894847
0.890005
0.937230
0.922662
0.833908
0.860771
0.621991
0.786550
0.730241
0.605963
0.726165
0.658720
0.674856
0.599138
0.598815
0.607871
0.538273
0.602122
0.557966
0.540790
0.701859
0.430973
0.416654
0.513806
0.463894
0.502072
0.435484
0.464884
0.382812
0.607803
0.400033
0.491048
0.542460
0.456788
0.472826
0.554927
0.428378
0.509261
0.425822
0.339820
0.443721
0.413375
0.386844
0.401840
0.368724
0.556531
0.461340
0.414594
0.300050
0.297522
0.322097
0.432507
0.276416
0.309403
0.333212
0.494576
0.398475
0.428740
0.447438
0.326364
0.287393
0.361189
0.445634
0.300766
0.255232
0.398731
0.222371
0.370107
0.315266
0.373451
0.296797
0.252640
0.404832
0.541825
0.376075
0.262827
0.238668
0.291666
0.315045
0.258771
0.242171
0.503189
0.273743
0.294079
0.281519
0.286451
0.347975
0.322669
0.302990
0.280729
0.256998
0.319528
0.362405
0.359477
0.350604
0.357291
0.266593
0.306246
0.205916
0.374581
0.301351
0.275072
0.223538
0.309853
0.203891
0.254823
0.326581
0.362490
0.319479
0.240860
0.287496
0.229066
0.309082
0.312079
0.226655
0.226025
0.228799
0.161117
0.294599
0.305724
0.389788
0.394776
0.311356
0.371434
0.238550
0.345190
0.258526
0.242267
0.258988
0.212051
0.196010
0.268311
0.168696
0.253330
0.242677
0.312359
0.308886
0.211851
0.283292
0.213422
0.198871
0.317305
0.236165
0.169402
0.214297
0.239641
0.125723
0.329435
0.251907
0.296826
0.180556
0.269407
0.305542
0.233395
0.190419
0.227031
0.206161
0.203204
0.160680
0.199461
0.211171
0.278666
0.258705
0.123208
0.235424
0.192455
0.252056
0.182064
0.228626
0.145389
0.238157
0.240719
0.295754
0.199721
0.157515
0.215377
0.106848
0.238729
0.197517
0.209389
0.226655
0.143036
0.204653
0.175422
0.306604
0.194050
0.220389
0.192376
0.229960
0.196696
0.210105
0.323840
0.220591
0.223847
0.215260
0.267202
0.219207
0.160085
0.261531
0.132430
0.205668
0.249672
0.218822
0.242113
0.187197
0.248759
0.232583
0.214839
0.166640
0.189676
0.259308
0.225843
0.148260
0.123053
0.168509
0.222552
0.220768
0.175552
0.217556
0.216977
0.219397
0.227564
0.271063
0.165023
0.199961
0.197568
0.134665
0.192395
0.193852
0.100763
0.132872
0.208600
0.119637
0.155363
0.241097
0.139618
0.161026
0.185815
0.174525
0.254639
0.184389
0.210280
0.281219
0.217273
0.157152
0.173265
0.216653
0.160766
0.138663
0.287515
0.123292
0.184549
0.236065
0.217808
0.193407
0.173331
0.196469
0.216894
0.182030
0.136729
0.133605
0.163924
0.175816
0.077266
0.192164
0.140032
0.091239
0.151323
0.111779
0.171891
0.148502
0.077245
0.167366
0.093736
0.163986
0.231702
0.141274
0.121452
0.250710
0.078367
0.142060
0.227047
0.143986
0.146928
0.126912
0.115901
0.208568
0.155027
0.243029
0.144514
0.176302
0.066426
0.153591
0.146613
0.167858
0.155500
0.091567
0.154832
0.232023
0.139359
0.262669
0.185721
0.118543
0.166979
0.107073
0.133055
0.159501
0.167230
0.147038
0.158705
0.162288
0.171082
0.081596
0.192878
0.176119
0.187347
0.096870
0.169606
0.257682
0.067976
0.115652
0.195144
0.177078
0.188979
0.208764
0.097702
0.085392
0.141469
0.160250
0.212004
0.160375
0.109764
0.183196
0.144932
0.141656
0.097586
0.138164
0.109090
0.132505
0.113606
0.135634
0.086115
0.138249
0.144164
0.071087
0.201090
0.135396
0.169014
0.065825
0.090473
0.130242
0.081274
0.206443
0.127079
0.152832
0.072868
0.140287
0.127260
0.118899
0.078558
0.136398
0.133022
0.139820
0.101314
0.227433
0.160728
0.144709
0.092003
0.268954
0.084395
0.102319
0.133532
0.094790
0.083974
0.101844
0.141599
0.148199
0.144109
0.094337
0.098577
0.074353
0.195825
0.207114
0.083868
0.124433
0.153937
0.112685
0.075452
0.086068
0.112300
0.126778
0.121171
0.102400
0.135029
0.120598
0.093764
0.150681
0.099950
0.118114
0.234143
0.124312
0.110733
0.110544
0.142051
0.138854
0.145632
0.140353
0.088136
0.162279
0.081276
0.147657
0.098884
0.082091
0.113972
0.192273
0.066730
0.062592
0.126792
0.151823
0.101407
0.097599
0.140182
0.203674
0.120161
0.083707
0.136684
0.104012
0.083163
0.079159
0.109472
0.101183
0.122891
0.087439
0.101447
0.071538
0.073918
0.148549
0.116804
0.095856
0.077012
0.096192
0.058382
0.120278
0.145626
0.181732
0.159521
0.173652
0.081441
0.095065
0.086808
0.135572
0.135423
0.146500
0.160182
0.075565
0.095517
0.136713
0.098060
0.126502
0.083407
0.063551
0.139165
0.148364
0.078808
0.114448
0.047617
0.132087
0.086164
0.119469
