2.302541
2.306553
2.304263
2.272287
2.234118
2.214598
2.369611
2.261059
2.305304
2.376341
2.326259
2.300404
2.708888
2.778655
2.760259
2.709141
2.764371
2.710899
2.741212
2.688224
2.645510
2.720675
2.713348
2.694922
2.684284
2.689729
2.678544
2.599334
2.585762
2.602162
2.679342
2.726589
2.647309
2.621670
2.634883
2.597462
2.633197
2.542538
2.621555
2.591018
2.573997
2.545766
2.507922
2.544304
2.630093
2.584381
2.514129
2.512217
2.498868
2.494617
2.581592
2.471436
2.561203
2.532248
2.535088
2.598615
2.617588
2.531564
2.512964
2.447445
2.523597
2.541259
2.566695
2.567493
2.553759
2.540004
2.541823
2.567574
2.537980
2.470862
2.570338
2.522436
2.566706
2.545094
2.520929
2.496064
2.536462
2.573569
2.494024
2.579380
2.467324
2.503552
2.528895
2.541828
2.504594
2.502129
2.555261
2.566375
2.598312
2.536322
2.576601
2.553877
2.522079
2.542057
2.502233
2.525405
2.488333
2.536282
2.545783
2.495478
2.524055
2.545742
2.517410
2.587184
2.517924
2.530283
2.555887
2.501710
2.469528
2.507349
2.464823
2.509441
2.531795
2.466585
2.555217
2.537933
2.517277
2.499129
2.465594
2.529693
2.523873
2.576508
2.460745
2.527572
2.527388
2.561002
2.525595
2.474298
2.510669
2.594145
2.539679
2.529692
2.505733
2.497096
2.514628
2.482755
2.527824
2.488408
2.500419
2.537357
2.528358
2.533733
2.542601
2.561421
2.563427
2.581485
2.533183
2.520239
2.507835
2.518746
2.527255
2.550711
2.530981
2.554353
2.520177
2.526671
2.462346
2.537886
2.509455
2.525293
2.549833
2.580613
2.521318
2.525787
2.497692
2.533013
2.590576
2.604049
2.559918
2.568112
2.575270
2.569329
2.582530
2.526121
2.470960
2.560418
2.600292
2.547095
2.557182
2.519994
2.501329
2.602529
2.520904
2.525999
2.539690
2.510901
2.520570
2.527657
2.489888
2.566727
2.530943
2.467853
2.567501
2.508675
2.552895
2.560491
2.519896
2.528201
2.509028
2.538637
2.556614
2.556339
2.559356
2.521651
2.528930
2.522542
2.519793
2.509884
2.556670
2.557837
2.581875
2.574541
2.556318
2.574442
2.491327
2.505273
2.522710
2.515280
2.547378
2.555015
2.554164
2.533368
2.536092
2.561661
2.526818
2.465910
2.505532
2.491739
2.565706
2.557966
2.520540
2.579449
2.512987
2.505296
2.604795
2.472857
2.573101
2.542219
2.499267
2.584318
2.478797
2.549653
2.489151
2.527018
2.533541
2.516887
2.507208
2.532783
2.596808
2.570301
2.539326
2.535802
2.611067
2.572333
2.569444
2.575939
2.534754
2.522652
2.636814
2.552206
2.535508
2.568694
2.534875
2.530993
2.615188
2.479650
2.464334
2.603799
2.562824
2.556128
2.588059
2.562104
2.508360
2.555384
2.597277
2.526352
2.590997
2.553726
2.592491
2.563950
2.627576
2.574080
2.572725
2.675981
2.525923
2.631981
2.572042
2.693454
2.723451
2.714946
2.777161
2.772341
2.712794
2.772660
2.742724
2.772238
2.785888
2.836289
2.768911
2.823530
2.768911
2.815786
2.839224
2.839224
2.784536
2.776724
2.886099
2.854849
2.745474
2.846967
2.839224
2.823530
2.807905
2.862592
2.847036
2.870336
2.815717
2.784536
2.823530
2.800161
2.831342
2.839155
2.831411
2.847036
2.831411
2.823599
2.784467
2.839155
2.823599
2.784536
2.815717
2.807905
2.792349
2.839224
2.800161
2.784398
2.807905
2.815786
2.823530
2.792280
2.745474
2.807836
2.807836
2.831411
2.784467
2.893911
2.768911
2.823599
2.886099
2.831411
2.839224
2.761030
2.815786
2.847036
2.776724
2.862661
2.815717
2.839224
2.792280
2.870474
2.886030
2.761099
2.792349
2.839224
2.831342
2.823530
2.847036
2.800092
2.839224
2.831342
2.839224
2.745405
2.768911
2.807974
2.846898
2.729849
2.800161
2.745405
2.854849
2.792349
2.729849
2.784536
2.807905
2.800161
2.807974
2.870474
2.792349
2.823599
2.815786
2.862661
2.823599
2.847036
2.776724
2.823599
2.831342
2.823599
2.768911
2.823599
2.839155
2.745336
2.839224
2.729780
2.823530
2.886099
2.792349
2.847036
2.847036
2.847036
2.870474
2.807905
2.823461
2.714224
2.870405
2.815786
2.854849
2.823599
2.815648
2.854849
2.831411
2.823599
2.831411
2.768773
2.831342
2.862661
2.815717
2.823599
2.792349
2.831411
2.815786
2.854849
2.768911
2.839224
2.800161
2.823599
2.792349
2.847036
2.862592
2.776655
2.831342
2.870474
2.768911
2.800161
2.823530
2.792349
2.831411
2.846967
2.792349
2.776724
2.831411
2.807905
2.815786
2.870474
2.784536
2.854780
2.768842
2.745474
2.776724
2.862592
2.815717
2.823599
2.776724
2.776724
2.784536
2.800161
2.854780
2.807974
2.807974
2.792349
2.839086
2.862661
2.776655
2.862661
2.893911
2.839224
2.870474
2.753286
2.800161
2.862661
2.815786
2.846898
2.800161
2.776724
2.815648
2.768911
2.870474
2.893911
2.745474
2.776724
2.870474
2.800161
2.792280
2.768842
2.878286
2.745474
2.792349
2.839224
2.753286
2.807974
2.815786
2.893911
