2.309095
2.306235
2.310378
2.322042
2.277467
2.235873
2.181329
2.141819
2.222954
2.277175
2.292403
2.297062
2.301746
2.304107
2.300927
2.303683
2.301193
2.295499
2.294684
2.296863
2.295526
2.296939
2.296127
2.297825
2.298893
2.298876
2.298230
2.298925
2.299799
2.300150
2.300278
2.300194
2.300107
2.300014
2.300442
2.301015
2.300220
2.301296
2.300213
2.301216
2.301150
2.300930
2.300271
2.300267
2.300152
2.300734
2.301860
2.300444
2.300255
2.299889
2.300014
2.299517
2.300097
2.300711
2.299047
2.298555
2.297813
2.297630
2.297022
2.297070
2.297433
2.298718
2.298309
2.297758
2.296327
2.295899
2.297161
2.296879
2.295254
2.299119
2.297854
2.294077
2.299995
2.294904
2.295793
2.285846
2.250295
2.292292
2.283748
2.253726
2.260549
2.276272
2.260996
2.252854
2.260447
2.260318
2.260790
2.292616
2.260661
2.276100
2.268025
2.275228
2.292038
2.268237
2.269731
2.261198
2.268364
2.260651
2.284159
2.268244
2.284135
2.299470
2.276955
2.300155
2.275904
2.284428
2.307155
2.276926
2.260538
2.252290
2.292107
2.252581
2.252702
2.237841
2.299862
2.276755
2.268702
2.268023
2.252171
2.245045
2.275608
2.259901
2.269675
2.276389
2.315064
2.284147
2.275788
2.237408
2.298718
2.252784
2.306324
2.277195
2.267823
2.266811
2.274744
2.259946
2.269411
2.283803
2.305978
2.257434
2.265376
2.265471
2.247389
2.255069
2.254318
2.266335
2.254772
2.255308
2.221216
2.215325
2.230100
2.262077
2.214117
2.230676
2.237224
2.268628
2.213947
2.229611
2.221722
2.267061
2.246190
2.223910
2.215482
2.238479
2.239547
2.207280
2.221795
2.255379
2.236370
2.229801
2.253053
2.200667
2.215315
2.283296
2.247499
2.262765
2.267801
2.235449
2.260824
2.216172
2.225505
2.265347
2.273080
2.287445
2.258560
2.248147
2.226638
2.239962
2.240292
2.228240
2.291289
2.282820
2.299656
2.233857
2.262074
2.289035
2.312106
2.567091
2.841104
2.888888
2.857169
2.786808
2.790550
2.800938
2.774381
2.779792
2.787516
2.825203
2.802634
2.843716
2.864953
2.833579
2.776398
2.830564
2.861073
2.806233
2.791200
2.847164
2.851142
2.824316
2.829438
2.824157
2.815788
2.858444
2.773747
2.816783
2.743345
2.782966
2.774245
2.788043
2.781533
2.788697
2.826642
2.794918
2.895168
2.795895
2.793097
2.745847
2.792831
2.756413
2.792849
2.817891
2.799778
2.852273
2.776591
2.868221
2.825449
2.749690
2.780925
2.861318
2.839718
2.788150
2.865457
2.724707
2.900776
2.774864
2.764929
2.779082
2.830137
2.801872
2.818921
2.794887
2.747663
2.794155
2.739158
2.703513
2.753543
2.790998
2.831574
2.800510
2.794090
2.709445
2.850661
2.767110
2.779151
2.784806
2.733309
2.789719
2.763443
2.822060
2.782430
2.806244
2.815015
2.744634
2.810281
2.797722
2.867121
2.727770
2.716980
2.800872
2.813379
2.764282
2.734731
2.758512
2.879565
2.792494
2.795612
2.771680
2.808527
2.718440
2.780976
2.783073
2.748059
2.815529
2.742611
2.799349
2.766403
2.767581
2.778142
2.796920
2.752439
2.767145
2.751435
2.717067
2.743824
2.766235
2.742073
2.788854
2.806204
2.744760
2.748446
2.775841
2.748891
2.761765
2.837824
2.820206
2.762443
2.825483
2.761779
2.773234
2.785152
2.769627
2.800718
2.747112
2.759957
2.781226
2.725213
2.801799
2.797176
2.742646
2.812333
2.836113
2.708728
2.786402
2.748505
2.720662
2.752598
2.769047
2.720147
2.775413
2.724151
2.804942
2.776188
2.740176
2.782602
2.782034
2.746944
2.804997
2.765820
2.838302
2.775417
2.765880
2.722197
2.788226
2.791869
2.770274
2.800140
2.770134
2.783526
2.783417
2.745853
2.772954
2.775133
2.765974
2.738888
2.795286
2.769628
2.819240
2.789513
2.761702
2.747641
2.752625
2.723230
2.751584
2.768013
2.707989
2.801394
2.750144
2.769604
2.819272
2.727801
2.787988
2.784857
2.750662
2.801478
2.750196
2.812860
2.805359
2.810412
2.832850
2.798739
2.915429
2.770269
2.775797
2.763502
2.844733
2.841630
2.710049
2.758216
2.753384
2.754039
2.772034
2.763583
2.807461
2.809722
2.775733
2.744084
2.730973
2.778264
2.746319
2.778943
2.825514
2.757828
2.815125
2.729995
2.756500
2.772071
2.757890
2.777884
2.725489
2.769514
2.757408
2.754425
2.748645
2.813129
2.772187
2.795980
2.778674
2.735653
2.729535
2.822666
2.712927
2.779256
2.748147
2.735890
2.735601
2.759131
2.832699
2.765364
2.763938
2.721977
2.736561
2.772045
2.778887
2.796468
2.762437
2.759855
2.751568
2.767364
2.751357
2.802735
2.778826
2.750613
2.760025
2.786508
2.779603
2.770326
2.782113
2.786291
2.759257
2.753400
2.737215
2.757281
2.774411
2.750598
2.751483
2.762788
2.758879
2.798788
2.716218
2.805943
2.738028
2.741731
2.768714
2.742531
2.747504
2.757389
2.804091
2.769097
2.758860
2.740479
2.682079
2.717348
2.687374
2.679724
2.730034
2.723139
2.622220
2.718672
2.633004
