2.305786
2.301842
2.303337
2.288782
2.274997
2.284649
2.272758
2.262238
2.163541
2.058805
2.065351
1.991409
1.980796
1.915732
1.826054
1.869676
1.846373
1.866526
1.886748
1.771023
1.813343
1.762975
1.735506
1.761199
1.753154
1.733249
1.714378
1.707360
1.721210
1.680060
1.696423
1.653961
1.700317
1.720675
1.609233
1.635173
1.566924
1.631514
1.530556
1.553990
1.566035
1.568907
1.577663
1.572631
1.551580
1.558508
1.535017
1.603299
1.546222
1.546403
1.550555
1.542313
1.556981
1.543438
1.522260
1.550039
1.539662
1.548271
1.534930
1.495545
1.513362
1.519552
1.546423
1.509248
1.536460
1.526691
1.523962
1.534798
1.529329
1.547229
1.493738
1.523099
1.530672
1.527238
1.515975
1.519796
1.524017
1.504573
1.511239
1.530411
1.514972
1.514125
1.520653
1.521064
1.506647
1.507851
1.520609
1.513665
1.507677
1.509499
1.495978
1.507865
1.497110
1.522380
1.507927
1.490730
1.534352
1.496889
1.507518
1.502917
1.509183
1.502055
1.515480
1.520580
1.495025
1.520355
1.511425
1.496635
1.506627
1.509388
1.500801
1.501186
1.501188
1.503821
1.491600
1.534812
1.484801
1.502297
1.497477
1.502146
1.487913
1.497319
1.506463
1.492702
1.520583
1.499800
1.487578
1.506737
1.505165
1.497577
1.499819
1.492009
1.525640
1.511931
1.502589
1.512992
1.501100
1.504527
1.493399
1.489719
1.516039
1.483564
1.482528
1.514977
1.504569
1.511717
1.500571
1.493998
1.480198
1.534050
1.499133
1.489249
1.498423
1.500593
1.503655
1.490247
1.488050
1.487922
1.480044
1.497152
1.503263
1.494468
1.486905
1.503670
1.485349
1.486432
1.500335
1.528561
1.497938
1.486079
1.485480
1.483363
1.523265
1.513242
1.492993
1.486370
1.504533
1.512979
1.503963
1.506364
1.490197
1.488083
1.489730
1.490714
1.488785
1.486849
1.482948
1.482029
1.488921
1.483894
1.481601
1.496810
1.489911
1.505239
1.488794
1.485325
1.490350
1.501646
1.486244
1.484167
1.487343
1.490272
1.489310
1.502394
1.501901
1.484314
1.495824
1.490434
1.480656
1.491684
1.505368
1.491050
1.484770
1.506194
1.494363
1.488941
1.480921
1.501024
1.481852
1.476807
1.491842
1.493964
1.480477
1.522520
1.488664
1.492236
1.487889
1.494763
1.480547
1.493203
1.493674
1.486905
1.485379
1.494666
1.488607
1.488472
1.487085
1.494292
1.487821
1.495324
1.494040
1.475195
1.490417
1.488291
1.506188
1.490604
1.490013
1.491764
1.505192
1.482036
1.479324
1.485840
1.490728
1.487805
1.478515
1.483624
1.495493
1.478035
1.491567
1.488634
1.476542
1.479344
1.481447
1.506760
1.485992
1.477109
1.473147
1.491401
1.480365
1.481916
1.493640
1.488963
1.490199
1.498853
1.487301
1.475308
1.482684
1.482813
1.483779
1.490912
1.488530
1.478825
1.490238
1.502716
1.496329
1.487476
1.496666
1.470665
1.483915
1.488228
1.491041
1.473368
1.487715
1.476853
1.484116
1.486153
1.506872
1.484818
1.475370
1.483515
1.476049
1.500334
1.487922
1.486235
1.486762
1.489632
1.484722
1.481607
1.476739
1.493703
1.485257
1.490728
1.490113
1.486757
1.492121
1.486459
1.494505
1.479200
1.474867
1.473056
1.491529
1.483670
1.502666
1.483484
1.475716
1.476869
1.484306
1.475428
1.482493
1.479116
1.487479
1.489929
1.482571
1.481077
1.488604
1.487115
1.484569
1.484922
1.483292
1.485428
1.494280
1.479790
1.475438
1.474366
1.499488
1.502391
1.480175
1.480248
1.476966
1.471536
1.488766
1.475698
1.500796
1.478954
1.478152
1.473751
1.495573
1.474312
1.477463
1.467245
1.484175
1.501594
1.479215
1.476679
1.478671
1.482456
1.497261
1.475616
1.475744
1.475834
1.474777
1.490875
1.486719
1.497728
1.491320
1.483868
1.474637
1.477400
1.482179
1.474877
1.479726
1.486910
1.476438
1.497306
1.479892
1.473958
1.472636
1.478685
1.485630
1.480897
1.482922
1.473858
1.491404
1.480264
1.490550
1.482495
1.483472
1.492061
1.480265
1.483153
1.470606
1.478739
1.474320
1.489844
1.483377
1.477376
1.490202
1.476808
1.478681
1.473654
1.478659
1.469893
1.475602
1.485766
1.492674
1.481552
1.488469
1.482125
1.485173
1.483426
1.474520
1.481584
1.480690
1.472672
1.475534
1.487253
1.477828
1.473619
1.483330
1.476278
1.495017
1.476022
1.481161
1.485353
1.473946
1.477913
1.471527
1.487370
1.478494
1.481824
1.486041
1.488257
1.470926
1.477255
1.476541
1.472955
1.476713
1.476751
1.473448
1.480615
1.486095
1.495852
1.480274
1.477612
1.482519
1.483955
1.479987
1.481260
1.484525
1.475959
1.477527
1.472472
1.480909
1.480746
1.483035
1.471970
1.476285
1.478468
1.483515
1.489073
1.472560
1.476145
1.480567
1.492661
1.477494
1.478493
1.479003
1.484883
1.474219
1.468124
1.479886
1.471787
1.482747
1.477151
1.488986
1.478278
1.477045
1.482508
1.472612
1.479171
1.472714
1.493653
1.479795
1.491785
1.475641
1.485947
1.478084
1.477274
1.476575
1.473359
