2.255760
2.268555
2.270642
2.249943
2.254608
2.271239
2.269272
2.276827
2.299940
2.278511
2.278937
2.290775
2.294957
2.317977
2.293621
2.329126
2.331778
2.344841
2.352282
2.362733
2.350197
2.360543
2.372165
2.342884
2.403984
2.400732
2.422326
2.405199
2.355356
2.420881
2.420802
2.413914
2.402023
2.428233
2.459059
2.451191
2.466505
2.365228
2.451017
2.441583
2.397300
2.453077
2.460205
2.438821
2.373859
2.484318
2.478593
2.360399
2.352423
2.285865
2.404375
2.356309
2.450631
2.345121
2.318764
2.404715
2.345283
2.299282
2.428350
2.253792
2.287105
2.254703
2.186826
2.114532
2.130326
2.116919
2.161089
1.998044
1.941236
1.854674
1.884975
1.912455
1.782247
1.761513
1.793762
1.595078
1.607699
1.565940
1.554063
1.548898
1.425517
1.514677
1.524858
1.501344
1.484027
1.436344
1.358980
1.424292
1.582313
1.341184
1.260079
1.256434
1.253036
1.180449
0.811383
1.021619
0.920220
0.795396
0.810653
0.810238
0.761675
0.676510
0.618628
0.642041
0.716222
0.633611
0.434133
0.596725
0.444523
0.564949
0.502611
0.540828
0.624659
0.939197
0.722271
0.624258
0.579698
0.610273
0.784877
0.663453
0.557516
0.523960
0.473589
0.446722
0.562940
0.557070
0.535565
0.402370
0.350330
0.464106
0.420099
0.463882
0.337549
0.417994
0.360733
0.317248
0.413532
0.437299
0.384946
0.500193
0.533347
0.388010
0.270886
0.351719
0.432462
0.384259
0.295652
0.338429
0.357152
0.325863
0.342048
0.453579
0.402222
0.362313
0.368547
0.355416
0.387469
0.406226
0.318362
0.509183
0.279664
0.399140
0.346558
0.332592
0.297176
0.371590
0.359520
0.332094
0.329422
0.411792
0.246267
0.307048
0.346193
0.391712
0.217836
0.326266
0.411537
0.289989
0.362307
0.308984
0.364623
0.216675
0.285362
0.280741
0.352844
0.377433
0.436248
0.267936
0.208132
0.234047
0.314416
0.254953
0.318733
0.275386
0.253452
0.286405
0.396185
0.232410
0.316978
0.350950
0.200260
0.330518
0.279066
0.239338
0.211592
0.362432
0.234090
0.235505
0.300670
0.306155
0.254385
0.277789
0.434968
0.319075
0.357735
0.278519
0.234325
0.331527
0.265538
0.401431
0.368910
0.334224
0.238395
0.354134
0.244438
0.307365
0.311518
0.264902
0.271455
0.245288
0.348027
0.284476
0.281898
0.341863
0.208248
0.227429
0.271808
0.262572
0.233156
0.271889
0.322563
0.231824
0.337028
0.297402
0.277879
0.291507
0.313414
0.289781
0.272293
0.278675
0.290095
0.244169
0.270233
0.322146
0.278080
0.325377
0.210548
0.187368
0.262387
0.189037
0.272818
0.195201
0.249826
0.286847
0.261807
0.306884
0.224777
0.261413
0.206415
0.338913
0.379470
0.210356
0.327251
0.280159
0.199483
0.180762
0.190360
0.246642
0.342886
0.225728
0.214532
0.288037
0.288018
0.241473
0.206787
0.187768
0.195355
0.206959
0.247241
0.208494
0.320287
0.146492
0.228517
0.294958
0.275117
0.132421
0.212915
0.229924
0.270123
0.339803
0.227385
0.248546
0.224435
0.286399
0.298770
0.198011
0.232115
0.195334
0.260541
0.284691
0.326548
0.142428
0.247723
0.174346
0.209073
0.218499
0.171602
0.269008
0.278854
0.318434
0.159725
0.293154
0.213931
0.300727
0.265993
0.235648
0.266240
0.214389
0.180187
0.227650
0.191293
0.247067
0.224810
0.147527
0.242470
0.203985
0.165981
0.169219
0.324702
0.142050
0.230421
0.308580
0.191085
0.207105
0.234165
0.211181
0.308805
0.237798
0.227862
0.223949
0.185179
0.203464
0.142638
0.236059
0.274469
0.279326
0.205423
0.278150
0.209252
0.196007
0.147806
0.150762
0.200029
0.181662
0.222692
0.210814
0.300137
0.179911
0.235432
0.242169
0.217313
0.150714
0.136953
0.220699
0.155196
0.228974
0.245462
0.195244
0.212070
0.250024
0.188898
0.181876
0.186188
0.158934
0.270725
0.230229
0.203567
0.201821
0.235420
0.155671
0.209480
0.135525
0.311049
0.293763
0.117831
0.145217
0.197213
0.200841
0.114704
0.237379
0.172728
0.147234
0.252084
0.229721
0.227373
0.147159
0.247242
0.220478
0.366213
0.255282
0.182261
0.200575
0.149586
0.145750
0.228734
0.232422
0.148219
0.140187
0.190753
0.230923
0.222745
0.213847
0.218609
0.237550
0.155923
0.162240
0.161960
0.122212
0.147132
0.329379
0.239008
0.272169
0.065760
0.191298
0.204324
0.170273
0.202719
0.193650
0.389172
0.125745
0.235977
0.123073
0.214315
0.144001
0.195066
0.155263
0.198772
0.155715
0.140255
0.179570
0.217378
0.170886
0.166289
0.182774
0.176277
0.169692
0.190925
0.147980
0.122878
0.284726
0.195204
0.229109
0.343060
0.151237
0.243860
0.150258
0.189531
0.160231
0.137604
0.156746
0.153559
0.143593
0.159657
0.119211
0.125243
0.177007
0.211669
0.127282
0.206672
0.194488
0.132787
0.208347
0.100664
0.178866
0.134741
0.167299
0.163288
0.144688
0.150664
0.275702
0.271027
0.150677
0.123366
0.129501
0.177170
0.132804
0.107364
0.221232
0.204449
0.155586
