2.305910
2.300573
2.311640
2.310319
2.319487
2.356473
2.343708
2.443875
2.395607
2.213303
2.150320
2.166190
2.097731
2.117060
2.092140
2.102574
2.103307
2.038180
2.057232
2.044130
2.043977
2.037938
2.018844
1.994889
1.956879
2.005893
1.940362
1.942088
1.961048
1.959550
1.922495
1.915777
1.895113
1.852797
1.903387
1.882384
1.880306
1.894948
1.849775
1.800297
1.807209
1.809731
1.822278
1.834310
1.786974
1.835250
1.848296
1.851104
1.841326
1.833624
1.807416
1.815081
1.822858
1.870874
1.920139
2.022491
1.979260
2.005846
1.927113
1.880673
1.809468
1.799579
1.820099
1.757329
1.798159
1.772131
1.866781
1.909789
1.905095
1.784058
1.708239
1.756835
1.732434
1.692887
1.770448
1.812280
1.803977
1.789635
1.785730
1.756699
1.725057
1.679665
1.695606
1.715959
1.722554
1.832092
1.862185
1.787184
1.737342
1.683960
1.647421
1.693853
1.717406
1.754372
1.731837
1.715261
1.754307
1.684886
1.685883
1.653407
1.729029
1.693395
1.694749
1.734808
1.682438
1.676037
1.673004
1.664957
1.679090
1.672857
1.702273
1.718625
1.686731
1.686193
1.709711
1.647906
1.645192
1.681999
1.634979
1.642029
1.692607
1.680154
1.641698
1.733994
1.714448
1.701119
1.688006
1.649104
1.709670
1.679101
1.643616
1.664531
1.670082
1.684855
1.708830
1.683636
1.677505
1.630765
1.664767
1.686376
1.686913
1.655918
1.652949
1.670602
1.664375
1.651206
1.658110
1.684661
1.670843
1.692270
1.657078
1.659128
1.686123
1.682022
1.660691
1.727548
1.693167
1.651813
1.708006
1.712728
1.698792
1.697556
1.699729
1.742748
1.722846
1.678713
1.684855
1.683639
1.655640
1.666955
1.717917
1.676760
1.662940
1.661746
1.677681
1.711514
1.668460
1.671428
1.681008
1.632885
1.672560
1.691142
1.710900
1.680155
1.654104
1.627314
1.687958
1.760842
1.672084
1.704774
1.653805
1.696830
1.685266
1.705767
1.748984
1.640652
1.707540
1.654602
1.653723
1.711395
1.711689
1.642588
1.682669
1.643248
1.676985
1.650164
1.628865
1.651620
1.667002
1.645386
1.672855
1.605561
1.639351
1.658901
1.652577
1.673241
1.652272
1.642088
1.653092
1.667808
1.646149
1.645403
1.733639
1.662786
1.648857
1.637818
1.620031
1.645008
1.674133
1.637211
1.650585
1.663491
1.669544
1.693544
1.664484
1.653646
1.634849
1.717098
1.636184
1.649464
1.672120
1.678651
1.697472
1.680478
1.640370
1.645056
1.620845
1.671226
1.653847
1.629393
1.629682
1.649474
1.699826
1.671059
1.714473
1.660242
1.667402
1.633330
1.659807
1.652337
1.663275
1.647487
1.646498
1.664100
1.673649
1.736160
1.698791
1.681517
1.654673
1.694369
1.667798
1.675658
1.670101
1.706109
1.655197
1.654694
1.668983
1.666067
1.655854
1.673957
1.616733
1.625110
1.675904
1.638188
1.660793
1.629948
1.655597
1.653124
1.649164
1.643253
1.669141
1.638677
1.615103
1.599607
1.639142
1.662836
1.667786
1.702435
1.615126
1.632890
1.655666
1.641955
1.639909
1.681869
1.662772
1.692333
1.653207
1.636303
1.690381
1.693295
1.616863
1.637358
1.632159
1.657831
1.679577
1.649127
1.669484
1.647599
1.679526
1.648859
1.639715
1.666622
1.658071
1.618108
1.649814
1.664502
1.650462
1.666530
1.662437
1.620460
1.648328
1.636810
1.645772
1.651740
1.640551
1.657590
1.682399
1.666121
1.641924
1.623467
1.630650
1.686448
1.706362
1.694101
1.696147
1.727576
1.778957
1.709696
1.710215
1.747748
1.843464
1.666183
1.692379
1.767977
1.753474
1.730614
1.677738
1.693696
1.733679
1.698218
1.740973
1.719912
1.733739
1.668142
1.642849
1.707449
1.676384
1.700641
1.686849
1.666634
1.719234
1.816752
1.730247
1.665913
1.691312
1.684140
1.673296
1.641477
1.663014
1.689355
1.665712
1.650209
1.647769
1.708608
1.641513
1.668203
1.669001
1.680916
1.658296
1.622671
1.673568
1.671134
1.679979
1.650812
1.671884
1.643116
1.656462
1.680072
1.653167
1.628279
1.640079
1.696383
1.687636
1.696222
1.668080
1.690479
1.638553
1.665622
1.726492
1.707052
1.650522
1.626289
1.664721
1.637784
1.666079
1.662253
1.659343
1.671548
1.661407
1.697259
1.714380
1.663184
1.651013
1.644266
1.656808
1.621904
1.640212
1.640765
1.642750
1.679195
1.647632
1.623420
1.638319
1.646597
1.665471
1.660011
1.636125
1.632801
1.610425
1.661991
1.643875
1.660813
1.630562
1.632720
1.634380
1.636866
1.644405
1.634076
1.675915
1.651370
1.690336
1.659516
1.686535
1.635442
1.662664
1.602906
1.651077
1.637980
1.643483
1.629282
1.671791
1.679615
1.665315
1.670051
1.639222
1.624257
1.659103
1.657229
1.638885
1.701721
1.647929
1.647943
1.643881
1.644273
1.634015
1.606961
1.683632
1.649809
1.635400
1.645678
1.614075
1.648783
1.655594
1.681784
1.694784
1.651029
1.670457
1.678926
1.671052
1.670475
1.614319
1.650437
1.683926
1.692430
1.668839
1.633916
1.738526
1.690552
1.646713
1.651717
