2.189809
2.205306
2.222302
2.238263
2.275873
2.314866
2.375607
2.446528
2.530520
2.625178
2.705765
2.933667
3.079070
3.468926
3.634331
3.928731
4.317918
4.388201
4.255573
4.442265
4.633463
4.993522
5.180353
5.623077
5.988146
6.482240
7.173538
8.190239
8.971131
10.042233
11.358874
12.817630
11.344321
9.576338
8.024576
6.891553
5.741870
4.777321
3.978774
3.290186
2.750302
2.254296
1.807204
1.556530
1.420199
1.521096
1.924423
2.892049
4.839823
5.602887
6.065409
10.549509
12.534641
4.831566
11.841155
128.424393
265.812775
585.298584
1.548430
64.153046
22.590105
1.748982
1.748771
1.829405
1.952223
1.961751
1.867669
1.949818
2.021892
2.054307
2.149052
2.254455
2.323143
2.313586
2.282746
2.192858
2.111717
2.040942
1.967851
1.926541
1.915065
1.864543
1.849893
1.779727
1.749488
1.599402
1.414187
1.272921
1.145287
0.932663
1.003961
0.793123
0.652718
0.741688
0.613501
0.772786
0.882080
0.886611
0.693617
0.814871
0.806720
0.520449
1.014753
0.736596
0.684396
0.673066
0.532508
0.384897
0.294188
0.380181
0.354456
0.441919
0.691944
1.432148
0.857650
0.945074
0.776513
1.440885
2.108558
5.823488
4.681856
4.613771
2.305469
10.785552
30.790989
5.659771
21.181805
1.481062
1.176060
2.159531
2.157376
2.174835
2.174758
2.168859
2.187351
2.182501
2.193878
2.196573
2.188791
2.186434
2.194201
2.189062
2.183348
2.185832
2.177007
2.171682
2.163134
2.167187
2.164783
2.162806
2.156912
2.149433
2.135745
2.127749
2.131002
2.136052
2.122214
2.104191
2.097366
2.086648
2.122709
2.096171
2.051637
2.099864
2.060089
2.103906
2.056072
2.078124
2.080040
2.066084
2.076914
2.053731
2.046825
2.053603
2.094900
2.123841
2.134086
2.162431
2.169489
2.170272
2.172606
2.162562
2.169054
2.173260
2.154663
2.150955
2.148966
2.157811
2.150646
2.158262
2.153926
2.137202
2.135697
2.150060
2.136621
2.135260
2.137761
2.137529
2.106375
2.108101
2.106457
2.104672
2.114342
2.082342
2.067615
2.065998
2.092567
2.010435
2.020243
1.979492
1.969946
1.926128
2.022872
2.050736
2.047759
2.067141
2.077114
2.064203
2.109544
2.160064
2.166841
2.174005
2.178751
2.185062
2.165122
2.160869
2.167887
2.162168
2.165586
2.165394
2.180503
2.157959
2.159022
2.156562
2.160138
2.160831
2.155660
2.160708
2.171663
2.159054
2.155202
2.179888
2.161552
2.164568
2.186452
2.157258
2.210933
2.168212
2.188975
2.164796
2.188768
2.168592
2.147635
2.141719
2.156889
2.143787
2.117941
2.123586
2.086377
2.107694
2.009125
1.995949
1.984909
2.027346
1.988556
2.013719
2.029979
2.056127
1.978436
2.042376
2.049505
2.069922
2.070676
2.098934
2.097711
2.130997
2.137005
2.150440
2.131666
2.144299
2.164673
2.165949
2.151960
2.145619
2.147105
2.156785
2.136032
2.146086
2.143008
2.142654
2.117227
2.150212
2.121292
2.176197
2.118980
2.112613
2.125313
2.118848
2.140672
2.126183
2.104944
2.117776
2.140463
2.078758
2.097978
2.045409
1.964675
1.991649
1.962506
1.918239
1.933865
1.934997
1.957503
2.095809
2.081507
2.146357
2.087184
2.096831
2.104887
2.046952
2.069879
2.108699
2.186558
2.158833
2.168180
2.172526
2.186840
2.163221
2.161075
2.164757
2.178247
2.146466
2.179008
2.170526
2.184923
2.163178
2.153682
2.162558
2.154600
2.155025
2.093726
2.019423
1.996769
1.933214
1.834506
1.618465
2.129228
2.145274
2.128503
2.128145
2.171425
2.129731
2.139344
2.125941
2.109771
2.122196
2.109466
2.102879
2.109453
2.057266
2.005595
1.954353
1.841476
2.027274
1.966355
1.956156
2.024170
2.108919
2.159986
2.214618
2.212316
2.221457
2.236150
2.245902
2.236629
2.239703
2.238310
2.236701
2.225542
2.211360
2.208338
2.168056
2.186054
2.161841
2.128682
2.137400
2.062854
2.104129
1.957555
1.975545
2.115294
2.105027
2.197613
2.212171
2.201891
2.212623
2.220493
2.213652
2.224225
2.217271
2.233285
2.224130
2.227545
2.241250
2.238488
2.239833
2.244715
2.250998
2.246555
2.249019
2.255023
2.251761
2.252966
2.268908
2.258386
2.258368
2.266614
2.261932
2.259781
2.257069
2.254829
2.244831
2.232101
2.218612
2.226896
2.200677
2.197977
2.207242
2.179646
2.174325
2.182917
2.176533
2.189252
2.174705
2.165810
2.172572
2.187741
2.171879
2.179569
2.171280
2.188395
2.207122
2.172965
2.192332
2.174257
2.183972
2.194022
2.199299
2.183653
2.185483
2.175318
2.186092
2.188836
2.189545
2.177723
2.164649
2.174129
2.183435
2.170810
2.168903
2.187340
2.175848
2.170297
2.172765
2.171632
2.187211
2.156596
2.157093
2.155005
2.143574
2.150361
2.160367
2.158750
2.146122
2.145795
2.155741
2.146527
2.145057
2.144312
2.141845
2.154248
2.139762
2.173423
2.148581
2.145066
2.147673
2.173702
2.136765
2.138837
2.125357
2.137342
2.133553
2.120001
2.139399
2.139662
2.112912
2.112464
2.079851
2.078125
2.043741
