2.303173
2.297381
2.295374
2.300285
2.290690
2.279501
2.279103
2.255565
2.241337
2.234521
2.189843
2.203786
2.211585
2.124663
2.078479
2.055098
2.051513
2.001036
1.953118
1.913664
1.828016
1.841163
1.819429
1.773664
1.809258
1.767637
1.755800
1.762818
1.695678
1.691423
1.703818
1.675885
1.715245
1.654503
1.659081
1.686866
1.668649
1.727994
1.676303
1.625160
1.642647
1.650006
1.660869
1.654934
1.624891
1.633421
1.614316
1.627086
1.621871
1.599227
1.609515
1.589994
1.622299
1.616312
1.585682
1.590276
1.583515
1.622335
1.569898
1.589506
1.582609
1.573408
1.596609
1.570637
1.584006
1.604961
1.594762
1.560262
1.589272
1.568855
1.570285
1.567644
1.574036
1.549084
1.555077
1.555427
1.565517
1.548328
1.573590
1.552499
1.580072
1.558737
1.537836
1.555317
1.561643
1.540954
1.563371
1.574631
1.581795
1.554343
1.544155
1.540755
1.536426
1.562430
1.549525
1.579074
1.560853
1.524948
1.561898
1.546055
1.555466
1.539531
1.538840
1.535082
1.540751
1.564449
1.550826
1.540378
1.523616
1.542138
1.543337
1.526055
1.539494
1.535359
1.530713
1.536434
1.522027
1.530038
1.550853
1.525477
1.537518
1.546738
1.520738
1.518160
1.507727
1.544976
1.536007
1.521768
1.531166
1.502193
1.525207
1.540103
1.525560
1.540654
1.541290
1.539434
1.535151
1.558296
1.507165
1.542011
1.515729
1.508544
1.516372
1.521683
1.518414
1.542698
1.526626
1.529805
1.535386
1.513259
1.534990
1.512763
1.501298
1.527548
1.518464
1.497851
1.526146
1.519486
1.530010
1.510049
1.524710
1.505545
1.509179
1.508642
1.516277
1.508734
1.521378
1.517526
1.501718
1.509859
1.520872
1.527282
1.533505
1.526264
1.509801
1.526942
1.502122
1.495094
1.525363
1.519932
1.516630
1.524190
1.516878
1.506266
1.517126
1.514103
1.528710
1.518575
1.511226
1.506960
1.541901
1.518467
1.498871
1.498757
1.512654
1.533639
1.507929
1.496508
1.526119
1.524191
1.485034
1.501506
1.519894
1.493334
1.492697
1.517388
1.503758
1.532171
1.519273
1.504450
1.488090
1.500943
1.504104
1.511125
1.489154
1.500256
1.514421
1.525533
1.497253
1.492138
1.519849
1.502182
1.497847
1.511515
1.523078
1.503036
1.514889
1.504839
1.496962
1.519115
1.488538
1.495893
1.528138
1.492807
1.504659
1.497256
1.488604
1.523507
1.514909
1.510635
1.499740
1.519998
1.486154
1.509183
1.500025
1.529698
1.492473
1.519182
1.489191
1.509147
1.502812
1.528739
1.518982
1.493896
1.524640
1.493688
1.495801
1.497928
1.484192
1.499977
1.496329
1.489294
1.515130
1.490627
1.519172
1.481785
1.518236
1.501405
1.492359
1.497772
1.515270
1.499555
1.507767
1.493428
1.487797
1.500681
1.501709
1.498260
1.509514
1.508244
1.494305
1.529824
1.507918
1.494126
1.502070
1.503981
1.495023
1.501316
1.491076
1.495301
1.512632
1.501882
1.503852
1.515788
1.483999
1.498084
1.499609
1.497378
1.487635
1.502447
1.488175
1.498059
1.505288
1.491666
1.498756
1.488207
1.510324
1.495644
1.480729
1.514784
1.506600
1.489550
1.476168
1.482761
1.503523
1.487345
1.506452
1.514406
1.527653
1.496827
1.496441
1.513111
1.502070
1.489039
1.503210
1.493134
1.485299
1.491897
1.493264
1.504317
1.512270
1.489427
1.481961
1.489155
1.494774
1.508670
1.494344
1.487943
1.503479
1.509298
1.480605
1.501829
1.488684
1.491711
1.504623
1.511596
1.500469
1.505302
1.503318
1.485464
1.495625
1.482374
1.503051
1.487427
1.487155
1.481690
1.486183
1.497270
1.503498
1.486104
1.497930
1.500030
1.498796
1.492221
1.500537
1.480064
1.508998
1.496338
1.494161
1.494631
1.481844
1.493717
1.486023
1.488458
1.494278
1.493860
1.487323
1.509701
1.491332
1.509849
1.480228
1.510365
1.493674
1.483436
1.514995
1.493857
1.496739
1.479283
1.473980
1.487111
1.503673
1.516865
1.482423
1.495949
1.503685
1.483996
1.480356
1.506666
1.493768
1.495175
1.502123
1.491410
1.488633
1.487348
1.506073
1.490474
1.495377
1.483367
1.507086
1.491606
1.488967
1.487332
1.503848
1.486830
1.489528
1.479725
1.489847
1.467233
1.480908
1.502821
1.508202
1.492235
1.488012
1.495396
1.498963
1.492108
1.501911
1.500990
1.492974
1.526671
1.476481
1.475062
1.491158
1.482950
1.489714
1.480389
1.474021
1.488158
1.479286
1.497630
1.491160
1.494070
1.475165
1.489860
1.493731
1.472781
1.484595
1.481737
1.493761
1.483907
1.496606
1.522308
1.498420
1.478787
1.499944
1.503910
1.493542
1.483461
1.478849
1.481120
1.496524
1.489686
1.511915
1.479191
1.487589
1.496372
1.495050
1.470614
1.491955
1.507338
1.485247
1.483651
1.517110
1.496997
1.481040
1.476826
1.503486
1.483251
1.504866
1.487578
1.471259
1.486641
1.494549
1.496900
1.478342
1.484074
1.473400
1.499179
1.486470
1.499751
1.488089
1.484684
1.496594
1.483732
1.496331
1.491291
1.494623
1.482920
1.483457
1.484147
