2.305279
2.299704
2.279210
2.268663
2.264148
2.254575
2.260745
2.224070
2.197487
2.155093
2.200024
2.161858
2.113003
2.109601
2.312574
2.213680
2.193133
2.159545
2.233073
2.119460
2.117346
2.007476
1.871894
1.900182
1.891138
1.910355
1.858482
1.790922
1.824227
1.797108
1.821586
1.768537
1.810378
1.761485
1.744770
1.791017
1.754783
1.741804
1.751069
1.720570
1.683116
1.708482
1.743322
1.721283
1.759842
1.804725
1.722404
1.795516
1.806351
1.741496
1.736694
1.719202
1.664139
1.708394
1.679015
1.699365
1.674142
1.649436
1.659591
1.680013
1.700316
1.655555
1.648572
1.646603
1.641804
1.660989
1.675938
1.634173
1.636942
1.666121
1.626920
1.684172
1.640453
1.624279
1.662520
1.613761
1.630606
1.650531
1.612568
1.602795
1.662259
1.633993
1.628958
1.621979
1.598474
1.616137
1.602042
1.631282
1.634108
1.663374
1.633318
1.588108
1.630853
1.620693
1.613782
1.616835
1.643160
1.631308
1.632214
1.575775
1.591095
1.569816
1.615897
1.594898
1.621390
1.558073
1.637831
1.611640
1.612791
1.609987
1.583106
1.591723
1.560552
1.588835
1.585107
1.581006
1.619935
1.599979
1.583831
1.586339
1.638622
1.624023
1.629972
1.621229
1.577258
1.614583
1.585854
1.631729
1.608305
1.566161
1.594534
1.622637
1.597969
1.575739
1.584053
1.573633
1.561072
1.605727
1.627588
1.593469
1.589649
1.565344
1.598711
1.577826
1.617106
1.594879
1.641399
1.602227
1.567239
1.545935
1.577250
1.546743
1.587165
1.579286
1.537458
1.576738
1.600365
1.613914
1.555564
1.579212
1.574221
1.564632
1.579444
1.566186
1.547020
1.539101
1.568455
1.561953
1.588107
1.560195
1.567667
1.576148
1.600749
1.618591
1.572179
1.536483
1.574000
1.577147
1.579648
1.562006
1.535051
1.550079
1.616028
1.543982
1.592021
1.577153
1.588868
1.595137
1.527824
1.547204
1.593441
1.570121
1.559087
1.558243
1.563933
1.579658
1.586834
1.540093
1.549154
1.599620
1.528004
1.553700
1.570667
1.554872
1.529553
1.559331
1.592115
1.545389
1.540588
1.563782
1.563346
1.569276
1.598435
1.552124
1.532620
1.570930
1.570726
1.537709
1.553591
1.551664
1.554192
1.564968
1.568642
1.549249
1.542539
1.575030
1.548850
1.592001
1.585445
1.534403
1.559783
1.564788
1.599170
1.543240
1.511744
1.572225
1.547052
1.547786
1.565102
1.580968
1.576689
1.544908
1.532873
1.560145
1.542800
1.565461
1.589363
1.549696
1.536380
1.554121
1.545045
1.551467
1.517954
1.554831
1.540071
1.583792
1.567094
1.559953
1.565923
1.502215
1.529972
1.560455
1.546015
1.552451
1.532427
1.542271
1.556699
1.534565
1.560590
1.517051
1.574315
1.565167
1.562501
1.562279
1.531747
1.567606
1.556487
1.551715
1.540283
1.563008
1.580855
1.555810
1.552563
1.532611
1.535823
1.508014
1.551686
1.553471
1.582054
1.550143
1.519143
1.539277
1.552109
1.542692
1.538866
1.539076
1.547888
1.538083
1.553609
1.532335
1.562337
1.547319
1.574887
1.501271
1.570991
1.548584
1.528659
1.551314
1.542840
1.559687
1.537732
1.535398
1.574663
1.559136
1.543778
1.525794
1.550407
1.528515
1.502124
1.567602
1.529988
1.579895
1.566086
1.532730
1.535884
1.515238
1.549405
1.531874
1.545387
1.572132
1.575199
1.541323
1.550250
1.532842
1.546240
1.546191
1.508943
1.535361
1.608971
1.535977
1.534999
1.505520
1.562011
1.517792
1.538976
1.548764
1.528981
1.577174
1.535488
1.559516
1.548661
1.548200
1.527222
1.539409
1.545413
1.533401
1.537648
1.557165
1.518320
1.588639
1.559034
1.504520
1.515617
1.579365
1.519014
1.536404
1.555354
1.557196
1.550902
1.521538
1.568821
1.585232
1.496935
1.525861
1.518040
1.531040
1.557885
1.550037
1.541446
1.503055
1.548476
1.536202
1.527856
1.557649
1.541960
1.532829
1.538156
1.508332
1.595399
1.547397
1.545929
1.542190
1.524457
1.566185
1.517015
1.515975
1.553936
1.550509
1.526327
1.514428
1.549017
1.525663
1.532060
1.509776
1.519832
1.539574
1.580658
1.565836
1.535385
1.554011
1.577162
1.523649
1.562075
1.536807
1.513566
1.567769
1.561368
1.489757
1.558897
1.552529
1.557833
1.547896
1.552184
1.493966
1.540900
1.533981
1.518796
1.547941
1.545379
1.532583
1.534295
1.533934
1.544823
1.523520
1.544527
1.534300
1.548191
1.551507
1.534476
1.539088
1.527401
1.526644
1.538701
1.579100
1.567424
1.523257
1.535656
1.564963
1.520265
1.518166
1.521953
1.546808
1.548563
1.548176
1.510969
1.508931
1.530396
1.549554
1.575926
1.563680
1.546338
1.520930
1.539177
1.558159
1.545402
1.569385
1.506261
1.523289
1.512936
1.523376
1.534501
1.553728
1.547370
1.575916
1.538530
1.516491
1.514162
1.520982
1.544345
1.548510
1.550038
1.576493
1.542849
1.518801
1.519586
1.532372
1.519376
1.532281
1.529483
1.517690
1.521110
1.526933
1.540760
1.520880
1.537596
1.529343
1.567813
1.529599
1.523517
1.546161
