2.303665
2.300894
2.304416
2.298994
2.298726
2.293375
2.292991
2.290226
2.290060
2.284226
2.282192
2.284562
2.279155
2.273170
2.276060
2.262782
2.256371
2.245650
2.244994
2.242294
2.219208
2.220140
2.220212
2.230175
2.216072
2.215797
2.187683
2.189937
2.154902
2.145405
2.161088
2.145741
2.140400
2.140993
2.086432
2.099619
2.089441
2.037531
2.077371
2.052876
2.043997
2.012639
2.031491
1.995225
2.000286
2.008732
1.981278
1.952381
1.932830
1.920347
1.901992
1.894857
1.872908
1.896423
1.837971
1.886440
1.853155
1.847943
1.855573
1.833483
1.804298
1.790017
1.819521
1.798444
1.788379
1.804033
1.773177
1.794225
1.778355
1.767416
1.776096
1.748615
1.766965
1.754666
1.761709
1.712736
1.718537
1.759934
1.743626
1.718279
1.738396
1.775952
1.743721
1.711733
1.734324
1.737972
1.702292
1.758120
1.723298
1.733518
1.702528
1.704152
1.695716
1.687956
1.732102
1.735629
1.686572
1.702952
1.687851
1.688149
1.685703
1.726922
1.685722
1.698302
1.679460
1.697761
1.694005
1.647541
1.664959
1.668720
1.685252
1.650533
1.717098
1.695800
1.677744
1.680910
1.695452
1.651385
1.674718
1.654414
1.650779
1.645551
1.659410
1.642262
1.710372
1.663144
1.652878
1.651130
1.669388
1.670806
1.667712
1.639469
1.677297
1.654211
1.632721
1.669096
1.652016
1.683961
1.637760
1.693701
1.664164
1.635426
1.627753
1.652810
1.672466
1.637829
1.650611
1.646443
1.627316
1.641542
1.626748
1.660910
1.632750
1.640596
1.630521
1.623401
1.620457
1.636552
1.629551
1.600899
1.652341
1.655517
1.635583
1.681388
1.632312
1.604224
1.651769
1.599012
1.642700
1.651365
1.634292
1.634723
1.607298
1.642211
1.637956
1.633589
1.638543
1.649569
1.607882
1.602515
1.614932
1.613137
1.633593
1.621179
1.612213
1.609926
1.654726
1.589658
1.630129
1.586541
1.629373
1.624762
1.615180
1.614788
1.592522
1.619592
1.596330
1.607045
1.606511
1.591961
1.610104
1.621726
1.609885
1.616432
1.606006
1.608283
1.611655
1.603622
1.620130
1.623227
1.604215
1.629929
1.606368
1.630485
1.647646
1.568057
1.585429
1.605000
1.566351
1.609727
1.591818
1.632007
1.600329
1.613405
1.625589
1.589357
1.612850
1.560142
1.609541
1.619326
1.620931
1.613227
1.579491
1.613759
1.594202
1.632400
1.610895
1.585321
1.603750
1.595541
1.595393
1.613011
1.618333
1.573653
1.575131
1.592680
1.569226
1.569150
1.621086
1.595828
1.573626
1.567251
1.586867
1.588400
1.604452
1.573887
1.599301
1.613564
1.585074
1.580180
1.588225
1.574749
1.600277
1.587496
1.570687
1.560653
1.594664
1.572623
1.547757
1.576962
1.619521
1.579859
1.573456
1.602198
1.577740
1.616259
1.566127
1.557153
1.556862
1.574145
1.581041
1.652388
1.580981
1.567697
1.589578
1.582393
1.562530
1.594219
1.570653
1.587714
1.572538
1.617526
1.561743
1.576826
1.552162
1.536408
1.572807
1.577616
1.613214
1.575052
1.580094
1.573455
1.599674
1.624505
1.592869
1.609589
1.565715
1.584679
1.571252
1.558700
1.606183
1.570270
1.589337
1.557524
1.578198
1.557377
1.576778
1.547531
1.549405
1.587852
1.539312
1.581387
1.575029
1.593915
1.572237
1.563967
1.544111
1.564417
1.601469
1.572570
1.563069
1.565583
1.578241
1.561785
1.568280
1.576544
1.565432
1.556766
1.560852
1.588971
1.599230
1.554515
1.554854
1.572086
1.560944
1.592686
1.543124
1.566022
1.565293
1.582201
1.549603
1.566882
1.573862
1.535552
1.635006
1.546896
1.592431
1.572625
1.575575
1.543096
1.576795
1.587883
1.578377
1.559977
1.582053
1.553723
1.549903
1.552357
1.541790
1.540442
1.535187
1.552196
1.548586
1.581693
1.557262
1.551681
1.613631
1.554997
1.542632
1.578117
1.563751
1.584966
1.559060
1.538505
1.578563
1.552230
1.563861
1.575000
1.542692
1.591928
1.567662
1.579892
1.535578
1.580462
1.563826
1.560263
1.547511
1.547655
1.539745
1.527379
1.565069
1.546483
1.563230
1.566562
1.557112
1.564006
1.560279
1.555636
1.547845
1.554402
1.521937
1.565315
1.572712
1.515902
1.561142
1.562014
1.577963
1.539437
1.556931
1.570538
1.552052
1.574460
1.525818
1.524642
1.544831
1.551080
1.558315
1.562165
1.567435
1.555870
1.533477
1.567009
1.589319
1.566548
1.536003
1.544524
1.554759
1.564441
1.558044
1.535509
1.520086
1.561022
1.520600
1.561635
1.548609
1.557396
1.578542
1.524818
1.553180
1.563418
1.547119
1.550143
1.546849
1.525325
1.573226
1.560547
1.560047
1.532791
1.562495
1.564273
1.537212
1.534914
1.527953
1.534630
1.567243
1.547953
1.526161
1.542308
1.545171
1.549534
1.553441
1.564208
1.555993
1.543215
1.553134
1.555642
1.551749
1.530678
1.539963
1.559990
1.541613
1.542232
1.540916
1.550308
1.558179
1.580142
1.557678
1.534790
1.528657
1.557778
1.564714
1.531415
1.534005
1.524155
1.544142
1.517250
1.546912
1.547508
1.545761
1.540805
