2.304698
2.306222
2.300237
2.299323
2.300977
2.292876
2.293415
2.284304
2.283763
2.297458
2.298223
2.309552
2.286345
2.260996
2.251795
2.282430
2.247011
2.190517
2.137432
2.074521
2.108436
2.112175
2.116600
2.093470
2.064046
2.045288
2.013438
1.945989
1.903019
1.767495
1.821394
1.791653
1.773658
1.802571
1.946880
1.894406
1.920463
1.930911
1.796700
1.748406
1.767959
1.728014
1.734370
1.727193
1.697380
1.731637
1.747713
1.742748
1.728930
1.762848
1.729838
1.716625
1.661646
1.709828
1.686042
1.641910
1.640515
1.651436
1.659425
1.635734
1.670543
1.656049
1.691129
1.710997
1.646635
1.623803
1.657154
1.657431
1.618107
1.635200
1.601251
1.634163
1.614708
1.614072
1.644622
1.644057
1.649892
1.635229
1.629308
1.625681
1.619803
1.627328
1.618994
1.592049
1.562978
1.590688
1.595974
1.591437
1.585449
1.628759
1.582580
1.590407
1.579850
1.633344
1.588679
1.615785
1.596383
1.585400
1.629107
1.581550
1.624612
1.602374
1.603907
1.607283
1.591030
1.554412
1.600478
1.614372
1.579674
1.593730
1.565803
1.586691
1.584642
1.562600
1.573955
1.570018
1.575777
1.597228
1.572372
1.573060
1.581647
1.561764
1.579839
1.566708
1.568747
1.549252
1.574147
1.577039
1.570433
1.547063
1.576680
1.553791
1.581520
1.554033
1.572300
1.562759
1.563293
1.581710
1.561379
1.556928
1.570877
1.559169
1.589037
1.555572
1.574198
1.569248
1.554437
1.574430
1.582681
1.559346
1.575044
1.551223
1.535294
1.553394
1.555748
1.547766
1.544185
1.555439
1.532506
1.553473
1.539272
1.603177
1.542009
1.564111
1.567464
1.577934
1.607101
1.559046
1.531561
1.536276
1.541931
1.525136
1.539582
1.558929
1.525225
1.581189
1.565055
1.533522
1.541072
1.554651
1.570628
1.541573
1.541106
1.548961
1.534241
1.535177
1.547933
1.520429
1.555341
1.564340
1.548657
1.528440
1.543386
1.526225
1.516438
1.551716
1.531606
1.519947
1.546840
1.536558
1.550066
1.559239
1.553131
1.550698
1.550645
1.549792
1.528405
1.541965
1.550992
1.540287
1.558666
1.543625
1.542851
1.524459
1.542215
1.542974
1.518852
1.538628
1.549864
1.531512
1.529508
1.516656
1.523902
1.530359
1.522820
1.539167
1.514474
1.498789
1.544668
1.530202
1.529849
1.519661
1.538611
1.558902
1.535815
1.511186
1.526350
1.542771
1.533211
1.522253
1.534903
1.547516
1.523972
1.517763
1.515941
1.510451
1.509030
1.522716
1.524163
1.539421
1.515275
1.519064
1.501405
1.538988
1.522576
1.525524
1.530929
1.516277
1.517686
1.535024
1.521613
1.510615
1.528397
1.509207
1.545169
1.500707
1.533243
1.518547
1.516176
1.527036
1.510112
1.514538
1.520799
1.524214
1.522454
1.513816
1.517012
1.516146
1.526093
1.510738
1.522120
1.515357
1.516465
1.505312
1.501228
1.513085
1.517809
1.530143
1.494295
1.524880
1.515243
1.515435
1.507586
1.530010
1.524372
1.522466
1.520180
1.525186
1.539790
1.494515
1.527271
1.506366
1.518467
1.505476
1.523231
1.532002
1.518724
1.518363
1.509136
1.516260
1.511852
1.492105
1.503600
1.491366
1.510307
1.506263
1.528057
1.514760
1.504574
1.501706
1.506620
1.496506
1.513751
1.526614
1.532808
1.497208
1.527020
1.490978
1.522369
1.508098
1.511460
1.509879
1.526770
1.518065
1.514750
1.483423
1.511215
1.508598
1.531657
1.510642
1.510625
1.506100
1.488679
1.514695
1.496555
1.504833
1.532275
1.530948
1.497482
1.532395
1.516441
1.510308
1.524351
1.498629
1.496846
1.500079
1.497230
1.487857
1.506899
1.514097
1.485211
1.521809
1.508018
1.512404
1.502723
1.487939
1.506620
1.498533
1.502923
1.489916
1.495553
1.517735
1.504187
1.517903
1.502302
1.507957
1.501053
1.505965
1.499548
1.549465
1.508519
1.508073
1.491225
1.494503
1.488216
1.515105
1.504011
1.502576
1.520451
1.516086
1.510883
1.500333
1.499388
1.502157
1.488810
1.499128
1.510044
1.490919
1.506034
1.496199
1.483863
1.490521
1.488254
1.503786
1.500473
1.499511
1.485219
1.523058
1.522126
1.504858
1.512276
1.492602
1.506524
1.522084
1.497131
1.490865
1.495920
1.497281
1.498768
1.488027
1.494837
1.508649
1.489548
1.504306
1.510118
1.505699
1.522922
1.486825
1.495214
1.494303
1.493143
1.495478
1.510186
1.509054
1.492150
1.491577
1.501410
1.498740
1.531614
1.495273
1.495047
1.489982
1.496021
1.503993
1.481531
1.480892
1.502820
1.497587
1.502069
1.503511
1.492586
1.497152
1.496738
1.500713
1.511851
1.510457
1.506457
1.486725
1.499019
1.487220
1.476425
1.481570
1.492447
1.499776
1.492205
1.490640
1.490564
1.492738
1.504671
1.513487
1.494756
1.511457
1.497289
1.484175
1.515199
1.512052
1.512779
1.491449
1.491101
1.502005
1.499171
1.500618
1.494739
1.483073
1.490954
1.488063
1.489651
1.496340
1.500635
1.506764
1.491331
1.490879
1.506303
1.516734
1.484617
1.497715
1.489807
1.485031
1.492736
1.511943
