2.306439
2.304491
2.305465
2.305180
2.303252
2.302502
2.302078
2.307004
2.315034
2.332294
2.356689
2.352070
2.302941
2.265789
2.236573
2.186139
2.198479
2.098724
2.102488
2.109648
2.145424
2.228547
2.263365
2.206992
2.158004
2.080608
2.020775
2.153742
2.352004
2.409408
2.420007
2.365780
2.452882
2.320426
2.214181
2.229903
2.285751
2.258918
2.233886
2.179106
2.039884
2.044850
2.124010
2.114319
2.156152
2.138364
2.229597
2.240618
2.303094
2.278927
2.349735
2.265038
2.223872
2.287344
2.206963
2.261848
2.202026
2.235140
2.178023
2.091547
2.128369
2.126205
2.120663
2.138629
2.141204
2.092570
2.143733
2.188057
2.133859
2.180349
2.118784
2.087586
2.090091
2.021311
2.029746
2.024276
1.969374
2.001275
1.992756
2.003813
2.047310
2.067405
2.104284
2.013364
2.057486
2.051638
2.035344
2.003428
2.057947
2.067033
1.935353
2.005218
2.009498
1.983716
1.931437
2.005516
1.999206
2.007880
1.941997
2.030052
1.997601
2.023792
2.024741
2.017146
2.028258
1.930875
1.972955
1.981302
2.027634
1.975507
1.962766
1.984434
2.031077
2.047163
1.941656
1.982346
1.920862
1.903931
1.931993
1.899289
1.860552
1.899440
1.844337
1.960760
1.935888
1.955119
1.990774
1.967308
1.920362
1.967920
1.932496
1.906120
1.890750
1.857841
1.818677
1.863362
1.847255
1.937942
1.879677
1.844399
1.836656
1.844822
1.775720
1.866369
1.855262
1.839475
1.858102
1.866273
1.870135
1.844758
1.844124
1.870489
1.850240
1.874165
1.877080
1.913099
1.850640
1.906219
1.860844
1.852204
1.860368
1.852177
1.843784
1.829117
1.776300
1.836801
1.837502
1.829716
1.793097
1.807083
1.812229
1.790406
1.823081
1.827485
1.816455
1.854967
1.811793
1.810388
1.814282
1.852654
1.760966
1.795071
1.817961
1.803644
1.836024
1.777119
1.795387
1.789731
1.782167
1.788556
1.776303
1.823611
1.802370
1.766913
1.767159
1.745593
1.718631
1.786614
1.783580
1.793805
1.776355
1.762421
1.801603
1.856645
1.824960
1.830988
1.896926
1.758663
1.823258
1.780043
1.753642
1.831256
1.789010
1.738160
1.767102
1.743905
1.714599
1.706980
1.721977
1.750248
1.672389
1.754055
1.755844
1.769531
1.764083
1.752159
1.751604
1.800878
1.757002
1.755502
1.802837
1.772994
1.823498
1.818566
1.750572
1.760477
1.766701
1.774688
1.790112
1.815495
1.741518
1.831825
1.740762
1.735876
1.719550
1.739970
1.756407
1.731121
1.726794
1.724083
1.745315
1.695910
1.724183
1.723364
1.731766
1.702861
1.687173
1.730333
1.741763
1.754822
1.731919
1.706149
1.727940
1.727636
1.742285
1.745375
1.736496
1.717240
1.715581
1.677104
1.691820
1.713955
1.697609
1.684947
1.706532
1.712681
1.727020
1.731320
1.708772
1.730852
1.730158
1.733442
1.702478
1.722824
1.715814
1.768413
1.741351
1.722906
1.697983
1.718732
1.685831
1.682964
1.686265
1.729060
1.724913
1.713146
1.707941
1.715711
1.711275
1.708669
1.709715
1.711710
1.734885
1.718153
1.691300
1.682961
1.693316
1.698385
1.664244
1.686270
1.698606
1.679421
1.667416
1.704794
1.686137
1.683477
1.711479
1.693063
1.709715
1.725253
1.678646
1.705648
1.709601
1.721451
1.709447
1.726449
1.709504
1.684691
1.704387
1.676800
1.667018
1.692569
1.681190
1.664732
1.666682
1.689045
1.662825
1.654891
1.671349
1.667980
1.690029
1.667043
1.692814
1.694060
1.699649
1.704053
1.693035
1.675282
1.686102
1.704035
1.702255
1.674722
1.715442
1.685083
1.673834
1.702290
1.718898
1.679552
1.731354
1.694333
1.712979
1.671829
1.709358
1.682060
1.641757
1.676469
1.673966
1.643482
1.647483
1.629327
1.658389
1.648508
1.650504
1.658136
1.661183
1.688650
1.676110
1.692507
1.692724
1.699688
1.682114
1.708044
1.717193
1.678753
1.720429
1.704373
1.702007
1.687953
1.690029
1.655681
1.667175
1.673846
1.644369
1.630989
1.651715
1.670686
1.677291
1.681796
1.669829
1.650831
1.658024
1.645791
1.645800
1.646238
1.663528
1.625919
1.663729
1.679814
1.680608
1.649743
1.664952
1.694653
1.654888
1.666575
1.624454
1.674221
1.699859
1.677078
1.680038
1.683899
1.693233
1.706045
1.645320
1.673448
1.672069
1.682826
1.681764
1.640406
1.707753
1.721861
1.641461
1.667213
1.653764
1.667193
1.645949
1.651533
1.646123
1.635800
1.656853
1.640097
1.634943
1.609653
1.622671
1.621183
1.648445
1.633870
1.633896
1.630281
1.654767
1.677131
1.658621
1.639074
1.686521
1.672265
1.646678
1.681462
1.674241
1.696209
1.671467
1.641794
1.711938
1.704523
1.670334
1.661536
1.659586
1.639317
1.675910
1.656783
1.655039
1.654948
1.629468
1.647283
1.614206
1.646503
1.645903
1.649108
1.658651
1.637661
1.605176
1.659146
1.628405
1.638737
1.625962
1.594626
1.650173
1.629579
1.634510
1.595705
1.618706
1.638569
1.642383
1.678859
1.649605
1.652634
1.661872
1.622442
1.670611
1.697329
1.689488
1.636189
