2.328256
2.305061
2.300353
2.295452
2.299023
2.295769
2.287353
2.292747
2.280149
2.292365
2.300978
2.314159
2.248555
2.219950
2.177467
2.174142
2.075862
2.000229
1.992949
1.983767
1.927958
1.912821
1.902214
1.894191
2.033003
1.994364
1.980478
1.986381
1.878727
1.728219
1.697845
1.663903
1.733859
1.754789
1.752343
1.790560
1.722310
1.765445
1.786646
1.808633
1.766373
1.749912
1.726560
1.697102
1.644429
1.707007
1.709150
1.712107
1.723124
1.724620
1.689811
1.666308
1.659428
1.638226
1.654926
1.639284
1.652638
1.622541
1.656761
1.647517
1.596097
1.606879
1.619124
1.568933
1.626973
1.633930
1.588460
1.602954
1.617442
1.605252
1.670198
1.624453
1.589891
1.618668
1.608957
1.629362
1.596338
1.603306
1.596289
1.568433
1.596003
1.603792
1.580135
1.606210
1.600780
1.575124
1.609556
1.651199
1.598728
1.639843
1.582364
1.573515
1.544724
1.550317
1.574123
1.543349
1.542945
1.607182
1.599861
1.582211
1.576550
1.588703
1.566086
1.555507
1.598672
1.579804
1.584729
1.600388
1.602943
1.615646
1.574371
1.569356
1.523997
1.524275
1.549101
1.564148
1.568772
1.567327
1.540931
1.568470
1.567362
1.564103
1.570372
1.550570
1.558624
1.560724
1.551890
1.540912
1.541374
1.536911
1.576854
1.569989
1.544143
1.568946
1.546410
1.529669
1.534012
1.535766
1.534021
1.569196
1.561092
1.592930
1.572814
1.574971
1.592865
1.536898
1.573556
1.589043
1.572507
1.556161
1.555023
1.524335
1.522452
1.539703
1.545721
1.576589
1.590495
1.535054
1.542948
1.540854
1.535465
1.518836
1.531821
1.536412
1.559200
1.576700
1.601300
1.573721
1.557730
1.546853
1.570266
1.551812
1.523468
1.541124
1.578405
1.586730
1.547951
1.539852
1.525343
1.539261
1.520739
1.536112
1.533236
1.557407
1.533593
1.567322
1.539049
1.544070
1.552299
1.531223
1.530411
1.506303
1.531576
1.539728
1.537956
1.546005
1.541199
1.557579
1.551350
1.526710
1.541885
1.532026
1.540191
1.539933
1.544350
1.551378
1.544538
1.526477
1.530971
1.552346
1.531830
1.532956
1.517766
1.547070
1.556203
1.514725
1.538262
1.521326
1.525924
1.550118
1.567552
1.537628
1.538921
1.522068
1.520599
1.524783
1.549511
1.555065
1.559482
1.536947
1.540508
1.523255
1.499367
1.539837
1.508009
1.532872
1.545132
1.548227
1.546224
1.537021
1.529811
1.541959
1.513554
1.531104
1.522025
1.517791
1.553070
1.561059
1.531484
1.553200
1.531886
1.527581
1.531717
1.535968
1.540925
1.537785
1.523997
1.526610
1.522173
1.533728
1.538944
1.555370
1.546850
1.548618
1.522059
1.517712
1.511105
1.503118
1.522434
1.512700
1.532369
1.505607
1.542489
1.544514
1.569834
1.535567
1.554632
1.538499
1.520913
1.537762
1.511495
1.518932
1.524761
1.534712
1.527238
1.533460
1.527457
1.535325
1.525645
1.534560
1.514722
1.530111
1.543204
1.521345
1.531488
1.534235
1.528271
1.532663
1.559030
1.545863
1.517009
1.523568
1.522221
1.514358
1.536706
1.531071
1.510841
1.506682
1.527296
1.519517
1.532858
1.536616
1.523892
1.534253
1.521534
1.523642
1.526604
1.528582
1.501953
1.515665
1.510305
1.531203
1.514291
1.549143
1.548135
1.533197
1.538122
1.529194
1.533714
1.539747
1.516513
1.521660
1.509252
1.540492
1.535577
1.523313
1.527987
1.530966
1.514923
1.517967
1.536732
1.506684
1.498606
1.498500
1.523501
1.519117
1.547510
1.547492
1.536896
1.534351
1.513554
1.518216
1.500858
1.520678
1.510656
1.534171
1.539493
1.532733
1.536739
1.530875
1.516987
1.523586
1.513270
1.531243
1.549928
1.517094
1.535811
1.518880
1.534724
1.531646
1.529863
1.554873
1.525957
1.536397
1.523331
1.518482
1.531041
1.511638
1.510453
1.501845
1.522170
1.534495
1.519827
1.521507
1.523428
1.520994
1.504085
1.522960
1.505357
1.513590
1.507163
1.520647
1.502023
1.517285
1.521668
1.519380
1.521536
1.521949
1.504438
1.525029
1.499663
1.532030
1.516475
1.534291
1.536579
1.525508
1.513396
1.539523
1.514499
1.518489
1.532314
1.528457
1.532019
1.517022
1.512444
1.533198
1.544627
1.509541
1.522861
1.532269
1.541479
1.522826
1.511211
1.509711
1.507873
1.516235
1.517414
1.529700
1.509139
1.520444
1.546092
1.526327
1.523792
1.498287
1.501446
1.522379
1.515978
1.505574
1.532628
1.534493
1.506841
1.524076
1.559803
1.528786
1.526020
1.543092
1.533283
1.507540
1.517953
1.509543
1.542975
1.496039
1.525856
1.507770
1.546918
1.525878
1.535213
1.528983
1.546140
1.511520
1.527527
1.499601
1.504063
1.516026
1.511592
1.510293
1.503132
1.518972
1.532640
1.509487
1.506281
1.510626
1.506763
1.504740
1.510597
1.515538
1.523156
1.519684
1.510041
1.554210
1.512886
1.521493
1.528116
1.552491
1.522434
1.540678
1.534215
1.510291
1.535875
1.534988
1.520076
1.517721
1.511037
1.498186
1.526117
1.512603
1.512092
1.501790
1.522896
1.515980
