2.301253
2.301263
2.292037
2.286259
2.293711
2.270097
2.266906
2.271828
2.244921
2.241781
2.215564
2.185112
2.152373
2.179780
2.147738
2.089770
2.084943
2.000432
2.012832
1.933987
1.906889
1.838795
1.869583
1.788696
1.758111
1.779642
1.766938
1.710380
1.706102
1.699680
1.710213
1.724206
1.663083
1.718768
1.662012
1.640765
1.674275
1.652681
1.642795
1.642659
1.653131
1.650963
1.600465
1.607572
1.624274
1.630311
1.635519
1.620319
1.629902
1.631026
1.624121
1.598657
1.588612
1.605554
1.631876
1.595576
1.594103
1.578091
1.615987
1.586415
1.579190
1.605653
1.598071
1.577394
1.594617
1.564451
1.575220
1.561245
1.573087
1.542500
1.584383
1.581919
1.569031
1.593768
1.595297
1.571516
1.518697
1.563040
1.575642
1.593798
1.554608
1.533430
1.603440
1.609790
1.570028
1.564584
1.568028
1.560017
1.561215
1.541282
1.543497
1.560558
1.532307
1.560912
1.568725
1.548982
1.540858
1.559775
1.546215
1.559226
1.557742
1.560523
1.520387
1.558995
1.585416
1.540935
1.536434
1.532682
1.547597
1.539982
1.547166
1.530825
1.535442
1.526500
1.522895
1.539392
1.524692
1.529861
1.548134
1.550071
1.501131
1.531787
1.545995
1.523239
1.518090
1.551232
1.543714
1.527487
1.505768
1.518945
1.562755
1.520853
1.576798
1.550251
1.512373
1.542787
1.498728
1.526038
1.523703
1.534687
1.540826
1.509486
1.553953
1.521242
1.511066
1.530136
1.521576
1.518966
1.538924
1.519751
1.567030
1.513246
1.508548
1.521111
1.533931
1.524007
1.507314
1.518324
1.517000
1.508745
1.502517
1.505762
1.533803
1.540781
1.498486
1.525856
1.526514
1.513919
1.499437
1.522483
1.500650
1.535415
1.552171
1.521616
1.529434
1.513405
1.514953
1.496591
1.533498
1.509364
1.491340
1.515635
1.510651
1.508314
1.515782
1.538537
1.506697
1.502372
1.529077
1.514981
1.545237
1.516875
1.519596
1.500549
1.503053
1.506420
1.511319
1.499323
1.505629
1.487245
1.488505
1.517889
1.511510
1.508103
1.489161
1.519132
1.500737
1.507414
1.489589
1.528745
1.524104
1.511402
1.499170
1.513855
1.518865
1.505683
1.497123
1.485537
1.505164
1.504286
1.517226
1.493109
1.491058
1.556054
1.510450
1.515642
1.500675
1.523625
1.508273
1.489725
1.498844
1.508233
1.481098
1.524760
1.515044
1.519055
1.519303
1.502163
1.498864
1.529520
1.482287
1.487500
1.506175
1.494883
1.502971
1.499935
1.500817
1.500355
1.499442
1.518794
1.500912
1.514479
1.494271
1.505265
1.505610
1.497551
1.480257
1.501643
1.495233
1.505577
1.509818
1.483519
1.541491
1.511517
1.495421
1.502110
1.495854
1.507257
1.500319
1.486872
1.493146
1.505696
1.497867
1.499009
1.502294
1.509935
1.492718
1.501567
1.500328
1.493107
1.492087
1.502543
1.489595
1.475135
1.500565
1.497673
1.493914
1.511988
1.501167
1.486057
1.499179
1.519697
1.502350
1.521068
1.506828
1.490088
1.513324
1.503225
1.493183
1.495922
1.529927
1.499327
1.479935
1.499093
1.509098
1.505857
1.489997
1.485717
1.494911
1.491055
1.526026
1.486915
1.494733
1.479386
1.504435
1.496660
1.501128
1.480023
1.498082
1.473484
1.513289
1.532706
1.499164
1.522656
1.485965
1.511883
1.484246
1.481949
1.485569
1.484082
1.500563
1.510006
1.492694
1.486128
1.482310
1.492404
1.476101
1.489487
1.483769
1.517106
1.497806
1.485188
1.489967
1.483827
1.491695
1.496929
1.510159
1.497996
1.487848
1.504654
1.493449
1.499948
1.480087
1.525755
1.491623
1.478444
1.490402
1.506412
1.498331
1.483850
1.492452
1.505308
1.483104
1.507163
1.486647
1.494369
1.502765
1.485390
1.487000
1.471957
1.482955
1.492828
1.482282
1.479353
1.486814
1.496358
1.485294
1.518105
1.506994
1.485782
1.484232
1.485167
1.480930
1.499863
1.480254
1.490621
1.479414
1.499762
1.492111
1.485337
1.500131
1.506721
1.489646
1.483360
1.483715
1.497710
1.478277
1.491041
1.483071
1.492848
1.505832
1.499225
1.482189
1.495245
1.489464
1.476045
1.480247
1.487822
1.476357
1.489139
1.478798
1.495633
1.497078
1.489184
1.504755
1.500543
1.522220
1.504444
1.488655
1.490648
1.488553
1.485216
1.483909
1.482468
1.477580
1.497049
1.498671
1.498331
1.488730
1.476994
1.480948
1.484763
1.476818
1.500561
1.501339
1.485828
1.479106
1.498117
1.492963
1.489691
1.496970
1.496803
1.484696
1.489672
1.479246
1.501568
1.481927
1.492406
1.509048
1.481083
1.473156
1.507453
1.473258
1.490859
1.487748
1.495980
1.474563
1.500715
1.468349
1.480110
1.476711
1.483596
1.481202
1.480399
1.502232
1.484776
1.475709
1.487266
1.502470
1.483933
1.486667
1.478464
1.494854
1.489948
1.480807
1.494601
1.497589
1.498087
1.493484
1.490113
1.491243
1.484024
1.499865
1.502379
1.482557
1.495043
1.483488
1.487291
1.478778
1.498130
1.485188
1.477633
1.481204
1.506963
1.492175
1.482353
1.478446
1.482854
1.470368
1.477113
