2.305483
2.299247
2.327943
2.338809
2.366893
2.432568
2.529162
2.447154
2.335351
2.326431
2.324311
2.235762
2.253603
2.273146
2.288741
2.239287
2.242083
2.269153
2.284074
2.243402
2.259147
2.284193
2.323168
2.276714
2.260641
2.265811
2.275731
2.254147
2.315746
2.269265
2.295820
2.287842
2.292843
2.303990
2.256974
2.286995
2.280397
2.257570
2.267219
2.283469
2.279354
2.269565
2.283211
2.252693
2.254096
2.254146
2.253849
2.255125
2.252416
2.293453
2.250618
2.365155
2.323276
2.273578
2.258335
2.296250
2.245153
2.281708
2.295699
2.248475
2.235114
2.288687
2.262574
2.291914
2.239573
2.262276
2.303177
2.261068
2.258588
2.279253
2.275720
2.250996
2.250186
2.282473
2.256254
2.264449
2.319351
2.314476
2.245848
2.266626
2.258823
2.271684
2.299553
2.255564
2.261668
2.245497
2.276407
2.218847
2.246756
2.268502
2.260891
2.252642
2.227715
2.259080
2.274555
2.265933
2.257188
2.252190
2.275554
2.301653
2.251468
2.262508
2.257927
2.322708
2.253341
2.269382
2.259004
2.281939
2.302581
2.278266
2.261535
2.268061
2.280619
2.251771
2.233867
2.265466
2.240685
2.277649
2.281984
2.225667
2.326857
2.252734
2.260798
2.274063
2.276969
2.262301
2.240340
2.279244
2.258174
2.236802
2.274713
2.230351
2.272346
2.244723
2.232658
2.290772
2.281422
2.300220
2.264073
2.281166
2.304681
2.248115
2.268628
2.306094
2.259498
2.266526
2.253082
2.262975
2.240363
2.279420
2.304589
2.249370
2.239497
2.265958
2.236635
2.243110
2.237242
2.303659
2.260475
2.257595
2.303928
2.263962
2.217738
2.282726
2.294335
2.264774
2.334670
2.240602
2.258905
2.281275
2.326491
2.279408
2.270836
2.245555
2.225605
2.250912
2.255985
2.249824
2.276203
2.276474
2.252427
2.284130
2.251260
2.250169
2.267250
2.321317
2.300022
2.258875
2.250083
2.280947
2.224967
2.276932
2.265527
2.258741
2.309164
2.278958
2.244485
2.252970
2.256835
2.264252
2.288358
2.255419
2.263593
2.304873
2.280600
2.259182
2.242776
2.290452
2.274445
2.277464
2.237784
2.279682
2.290289
2.268540
2.279436
2.275609
2.302734
2.237614
2.273101
2.224422
2.250978
2.267158
2.302280
2.284294
2.224175
2.250916
2.283438
2.218045
2.277048
2.273586
2.236325
2.259107
2.271859
2.256440
2.275516
2.235963
2.228337
2.250648
2.245542
2.235546
2.298879
2.263958
2.289449
2.313777
2.247804
2.287887
2.254167
2.257892
2.312252
2.267758
2.321522
2.305729
2.230330
2.218810
2.249623
2.245536
2.267001
2.297279
2.267138
2.226338
2.232545
2.242902
2.250380
2.312870
2.308599
2.271866
2.265231
2.264739
2.239883
2.226277
2.275803
2.282619
2.281565
2.264958
2.273152
2.273988
2.257200
2.234107
2.263139
2.288686
2.242230
2.295809
2.278382
2.218301
2.234509
2.310942
2.258329
2.281439
2.250588
2.285925
2.223585
2.258909
2.273971
2.279000
2.268233
2.228427
2.244283
2.282401
2.241902
2.260850
2.308053
2.265575
2.287631
2.267649
2.246914
2.258309
2.271935
2.294772
2.266503
2.280692
2.224295
2.249038
2.236236
2.285055
2.304839
2.236437
2.256402
2.273589
2.235563
2.285164
2.287055
2.248606
2.241029
2.251659
2.292813
2.260107
2.272770
2.298279
2.303966
2.286686
2.227857
2.328113
2.213525
2.251990
2.250458
2.258145
2.279856
2.231234
2.278219
2.215159
2.270666
2.308704
2.243321
2.280402
2.280201
2.289319
2.233581
2.239088
2.247733
2.248988
2.236795
2.279256
2.272535
2.265995
2.246115
2.254508
2.275117
2.253167
2.279982
2.272862
2.250915
2.278655
2.241176
2.287508
2.255999
2.295536
2.271951
2.278655
2.280348
2.250697
2.220501
2.257637
2.312815
2.264613
2.273388
2.228297
2.313269
2.272031
2.247569
2.240179
2.248224
2.294499
2.311888
2.284601
2.282074
2.251717
2.273753
2.225749
2.283200
2.280524
2.247405
2.265685
2.231507
2.308923
2.286468
2.257380
2.236505
2.299718
2.242213
2.243485
2.296682
2.249916
2.240794
2.239105
2.254583
2.258343
2.283083
2.292506
2.225496
2.256053
2.266922
2.314995
2.241100
2.257507
2.251929
2.262593
2.227751
2.247733
2.256910
2.264013
2.292936
2.249370
2.242138
2.241029
2.248661
2.257892
2.310342
2.289105
2.243939
2.274223
2.305313
2.279764
2.265759
2.255109
2.276076
2.254672
2.272825
2.255818
2.276461
2.258875
2.273988
2.261161
2.275933
2.266902
2.297208
2.212303
2.222713
2.335232
2.288996
2.228003
2.217864
2.232599
2.237979
2.223258
2.297514
2.296498
2.272552
2.283401
2.302979
2.231558
2.240957
2.301701
2.276243
2.302202
2.239688
2.257691
2.286621
2.259145
2.262433
2.324603
2.271552
2.266049
2.226533
2.271225
2.259547
2.264449
2.264804
2.240974
2.226349
2.247132
2.272951
2.293356
2.225240
2.265067
2.256708
2.314777
2.231398
2.266977
2.279415
2.301547
2.193663
2.249060
2.254181
2.217138
2.271863
2.294608
2.250786
2.249933
2.282712
2.263125
