2.306904
2.307844
2.307878
2.307506
2.309100
2.311633
2.316324
2.319090
2.334075
2.341074
2.344093
2.323857
2.310312
2.302969
2.306900
2.305912
2.313935
2.320095
2.305720
2.308838
2.300901
2.216751
2.169252
2.107820
2.079830
2.012785
2.014273
1.958927
1.939143
1.873919
1.807620
1.851742
1.841642
1.826832
1.816083
1.832743
1.785610
1.834777
1.799672
1.795728
1.794930
1.802700
1.744156
1.783357
1.772941
1.741832
1.764636
1.758291
1.755313
1.753340
1.748145
1.724789
1.739493
1.738900
1.677421
1.688712
1.718108
1.743755
1.686587
1.682848
1.707506
1.666838
1.702187
1.669873
1.679912
1.672120
1.651171
1.678574
1.634407
1.699088
1.665836
1.680177
1.633461
1.629604
1.653148
1.638610
1.660704
1.649959
1.651435
1.642093
1.631234
1.616781
1.622013
1.672669
1.626748
1.615950
1.639462
1.646833
1.664045
1.647214
1.610681
1.596190
1.590237
1.632927
1.639263
1.619011
1.613344
1.605155
1.584489
1.586833
1.618931
1.609477
1.651955
1.614728
1.616669
1.596839
1.619657
1.569067
1.593674
1.572143
1.608587
1.599545
1.634392
1.634774
1.623070
1.613866
1.585254
1.563717
1.606166
1.583395
1.613153
1.597740
1.584086
1.552215
1.578505
1.621730
1.603533
1.571997
1.589726
1.553816
1.605702
1.599433
1.576382
1.576472
1.587973
1.593568
1.597116
1.585906
1.553827
1.577250
1.592157
1.586360
1.549470
1.567773
1.567510
1.574002
1.563097
1.600618
1.569767
1.593805
1.534617
1.559532
1.564176
1.587559
1.562648
1.574091
1.543227
1.586997
1.567751
1.566748
1.576804
1.577729
1.582264
1.563368
1.565787
1.574504
1.549506
1.577593
1.563247
1.586409
1.546131
1.555189
1.578365
1.560286
1.532878
1.550808
1.542924
1.559057
1.568121
1.550046
1.561008
1.548088
1.555331
1.542680
1.581156
1.548855
1.534999
1.537152
1.565284
1.523395
1.575612
1.552014
1.562010
1.551224
1.534436
1.562060
1.537781
1.553591
1.551667
1.540019
1.582000
1.528915
1.545025
1.557390
1.558527
1.533473
1.526291
1.555079
1.529942
1.555184
1.527799
1.554361
1.557672
1.542315
1.548392
1.573021
1.576271
1.546539
1.548480
1.541690
1.532796
1.516324
1.548046
1.567256
1.555981
1.527081
1.545291
1.560503
1.556450
1.544891
1.529188
1.535537
1.547617
1.539938
1.542261
1.525983
1.532547
1.534442
1.524896
1.514994
1.570280
1.566962
1.534313
1.523538
1.527253
1.520513
1.516552
1.520473
1.577694
1.546857
1.542322
1.551586
1.522379
1.526844
1.538809
1.522557
1.518703
1.528136
1.522749
1.523748
1.528808
1.552725
1.564858
1.540517
1.555148
1.578963
1.509245
1.526512
1.518525
1.538254
1.522624
1.529644
1.556611
1.519848
1.529647
1.552289
1.534854
1.529072
1.558540
1.525336
1.556188
1.525765
1.512962
1.514727
1.526867
1.536033
1.530066
1.544392
1.565662
1.531221
1.517364
1.525467
1.546176
1.522949
1.517142
1.507506
1.511884
1.514807
1.510525
1.545421
1.517175
1.513872
1.533036
1.552011
1.519186
1.523216
1.525744
1.530609
1.519651
1.529989
1.505342
1.520360
1.509220
1.516264
1.544571
1.542798
1.509683
1.513103
1.559075
1.530854
1.518578
1.515779
1.500633
1.516252
1.512786
1.525777
1.510970
1.507249
1.516186
1.534530
1.531934
1.532410
1.508997
1.531635
1.530772
1.538063
1.510913
1.516765
1.512860
1.512671
1.516897
1.496036
1.540013
1.510593
1.512686
1.510808
1.508565
1.524591
1.514113
1.511655
1.514015
1.539941
1.510803
1.515831
1.518576
1.499753
1.513692
1.510468
1.506407
1.515744
1.531318
1.519635
1.516095
1.505915
1.530851
1.522421
1.517213
1.492850
1.505940
1.502394
1.521835
1.512171
1.533601
1.514244
1.548109
1.531600
1.532968
1.523641
1.504476
1.535580
1.517388
1.520577
1.510313
1.528865
1.519729
1.523155
1.517335
1.514240
1.525323
1.487040
1.498374
1.506803
1.506166
1.516142
1.524603
1.523849
1.504377
1.508683
1.543108
1.500456
1.483789
1.497286
1.508269
1.499996
1.520223
1.519872
1.528381
1.533155
1.519703
1.493694
1.544789
1.514836
1.494596
1.506470
1.505580
1.517698
1.509996
1.518158
1.503650
1.527915
1.511503
1.515526
1.533928
1.518049
1.501328
1.506176
1.511306
1.506186
1.516238
1.519262
1.495035
1.502976
1.524326
1.521144
1.517413
1.513011
1.505146
1.501099
1.521319
1.503520
1.487773
1.499353
1.492056
1.509475
1.501196
1.508485
1.494025
1.521807
1.496451
1.512738
1.503390
1.526552
1.508262
1.521581
1.504874
1.506834
1.503571
1.501257
1.508841
1.515436
1.491096
1.509424
1.484666
1.511241
1.490150
1.503062
1.497657
1.503626
1.520533
1.511912
1.526659
1.501534
1.525681
1.484346
1.518644
1.509795
1.503952
1.512569
1.496723
1.506092
1.503801
1.512462
1.500315
1.508245
1.488907
1.499219
1.514122
1.513678
1.512052
1.515572
1.525661
1.503645
1.496216
1.498841
1.515450
1.505319
1.516207
1.512621
1.500031
1.515252
