2.303383
2.305073
2.306563
2.302905
2.305200
2.300816
2.300892
2.302843
2.300520
2.302919
2.302957
2.302471
2.302385
2.300575
2.302120
2.301425
2.301673
2.303321
2.303621
2.303249
2.297917
2.304822
2.303789
2.303021
2.301938
2.304887
2.302299
2.303153
2.303190
2.303545
2.301628
2.300261
2.301807
2.298008
2.300117
2.297167
2.296468
2.295873
2.292250
2.286613
2.284267
2.287046
2.272609
2.282037
2.277674
2.281442
2.279606
2.274291
2.269458
2.266213
2.266543
2.262043
2.259100
2.249825
2.247859
2.264299
2.253007
2.261629
2.261043
2.265255
2.261862
2.264705
2.260162
2.266008
2.265869
2.238616
2.260103
2.264541
2.265284
2.246127
2.257115
2.261876
2.251350
2.262198
2.249541
2.254497
2.243074
2.246812
2.237692
2.228751
2.229869
2.213420
2.204308
2.205047
2.204260
2.186606
2.176246
2.170818
2.186158
2.190567
2.185904
2.178002
2.166282
2.170811
2.211984
2.149971
2.200078
2.177154
2.154945
2.178370
2.165971
2.162888
2.169322
2.139973
2.095972
2.149995
2.147766
2.157193
2.144733
2.133095
2.124448
2.128371
2.114354
2.041594
2.062544
2.082933
2.060522
2.083078
2.078026
2.086002
2.071566
2.060095
2.108284
2.115993
2.078227
2.074746
2.084584
2.086437
2.048476
2.022833
2.050449
2.074787
2.070017
2.080001
2.066580
2.039280
2.057725
2.021052
2.061257
2.017127
2.024182
2.026684
1.982404
1.984897
2.002875
2.012763
2.032901
1.973447
1.952780
1.987996
1.999806
2.009207
1.987078
2.006787
1.957206
1.968449
1.994386
1.962062
2.009718
1.932842
1.944257
1.983054
1.966707
1.980855
1.977627
1.958539
1.979803
2.016990
2.007033
2.000861
1.995803
1.973008
1.986739
1.960460
1.962220
1.969146
1.947020
1.935880
1.938514
1.955268
1.911978
1.907434
1.868797
1.894560
1.868922
1.891059
1.872451
1.870986
1.957901
1.940175
1.902334
1.925696
1.961156
1.932723
1.937396
1.906153
1.975168
1.959977
1.911331
1.884341
1.916842
1.935109
1.855529
1.904153
1.886165
1.898698
1.849181
1.820840
1.866603
1.879036
1.853606
1.879874
1.906053
1.851392
1.868673
1.889852
1.894318
1.880361
1.895642
1.878422
1.853365
1.889402
1.796051
1.839405
1.847177
1.840530
1.849998
1.845892
1.829568
1.873157
1.879109
1.863405
1.859887
1.851467
1.847688
1.861441
1.825070
1.910552
1.861525
1.870508
1.835091
1.816276
1.809204
1.854086
1.913302
1.843046
1.833547
1.818276
1.862787
1.871534
1.872207
1.825778
1.782321
1.786361
1.857206
1.848415
1.824982
1.838657
1.781815
1.836223
1.815351
1.795428
1.829926
1.800531
1.804183
1.908335
1.804670
1.792074
1.810169
1.797452
1.843028
1.779331
1.790663
1.791211
1.852687
1.847290
1.783031
1.800298
1.809751
1.793874
1.851972
1.809850
1.865699
1.841839
1.826988
1.763206
1.743872
1.811205
1.849368
1.812179
1.849160
1.847718
1.822306
1.807808
1.786998
1.799635
1.782171
1.879155
1.838800
1.790928
1.839709
1.762432
1.789486
1.829173
1.810385
1.771703
1.814220
1.764927
1.810928
1.808792
1.775181
1.790661
1.763951
1.772534
1.811598
1.810653
1.858654
1.788273
1.824740
1.788675
1.807431
1.810193
1.755809
1.794769
1.807444
1.803692
1.788715
1.787223
1.773697
1.808774
1.751795
1.829675
1.829890
1.812238
1.778951
1.795127
1.891183
1.839809
1.788386
1.801029
1.769232
1.774881
1.762532
1.760196
1.744239
1.805609
1.815032
1.788783
1.717461
1.799864
1.746578
1.775450
1.763949
1.836194
1.820976
1.803855
1.770720
1.812250
1.822143
1.775185
1.754730
1.782203
1.780632
1.771766
1.762271
1.789854
1.807566
1.773407
1.807173
1.770081
1.810080
1.826415
1.749483
1.772231
1.750602
1.783415
1.769027
1.753024
1.780008
1.788290
1.814598
1.799682
1.737450
1.767431
1.735936
1.770663
1.786870
1.781693
1.780001
1.762319
1.807151
1.711050
1.764939
1.760164
1.736365
1.757853
1.768155
1.771459
1.776326
1.775849
1.742798
1.709465
1.748997
1.763898
1.728206
1.747573
1.731661
1.782039
1.772261
1.788709
1.759542
1.762459
1.750174
1.745184
1.756769
1.737160
1.734309
1.742309
1.727154
1.745457
1.750267
1.739310
1.761031
1.744658
1.745515
1.760054
1.772910
1.759123
1.751937
1.802716
1.802037
1.738752
1.813906
1.811852
1.827104
1.779017
1.787231
1.764170
1.787253
1.789838
1.737992
1.773039
1.776979
1.746921
1.763136
1.751379
1.776339
1.784522
1.756330
1.792942
1.837340
1.760918
1.749765
1.806409
1.818971
1.824339
1.782901
1.830198
1.770149
1.740060
1.780117
1.748711
1.810330
1.758836
1.753331
1.749865
1.781874
1.763357
1.748238
1.755777
1.776000
1.790975
1.778527
1.827360
1.695922
1.778563
1.702604
1.770254
1.781807
1.754287
1.776239
1.794194
1.726687
1.755883
1.782362
1.777442
1.817492
1.773914
1.785226
1.765405
1.766599
1.777723
1.747409
1.775458
1.797043
1.716517
1.794962
1.751756
1.785323
1.807077
