2.245028
2.243799
2.252555
2.234870
2.247066
2.235431
2.230857
2.216557
2.212369
2.207769
2.215700
2.167038
2.179497
2.152496
2.148381
2.145235
2.144091
2.122065
2.126708
2.130145
2.113919
2.116908
2.094151
2.061688
2.088818
2.019807
2.016683
2.075790
1.980461
2.012711
2.055300
1.978901
1.960181
1.996860
1.959962
1.979044
1.818696
1.770638
1.781961
1.838952
1.763837
1.644444
1.617836
1.585047
1.446007
1.429784
1.181185
1.253781
1.273849
1.244772
1.081103
1.058883
1.127110
0.882179
0.879396
0.735136
0.765228
0.837510
0.808684
0.761348
0.663970
0.544075
0.676636
0.758033
0.768179
0.731644
0.582764
0.598645
0.549566
0.741589
0.606475
0.602923
0.418035
0.591087
0.729827
0.677391
0.570826
0.500716
0.578025
0.422455
0.449974
0.549039
0.610267
0.463958
0.436230
0.352414
0.487554
0.463099
0.575116
0.409850
0.535495
0.311637
0.501526
0.395569
0.607621
0.485300
0.391395
0.459080
0.491968
0.359238
0.396900
0.443163
0.411061
0.452555
0.428200
0.409277
0.260015
0.504018
0.603432
0.537501
0.284998
0.414111
0.334879
0.455373
0.507653
0.385713
0.311322
0.395609
0.338516
0.487002
0.361986
0.309740
0.359781
0.389748
0.423776
0.423718
0.340475
0.332383
0.465645
0.379494
0.450428
0.371722
0.304342
0.392811
0.414561
0.469785
0.316252
0.354661
0.248329
0.313021
0.218182
0.377237
0.359503
0.541636
0.414756
0.259681
0.326970
0.335017
0.236875
0.270645
0.323384
0.242504
0.415252
0.307752
0.329155
0.302341
0.349607
0.402449
0.385144
0.309423
0.386965
0.273509
0.210576
0.264036
0.261423
0.373937
0.274894
0.392601
0.391993
0.284829
0.266875
0.247786
0.269949
0.227159
0.394723
0.330805
0.216673
0.346051
0.356347
0.160050
0.234187
0.364688
0.346179
0.264635
0.271450
0.344363
0.501387
0.188204
0.302844
0.218985
0.217205
0.304869
0.266920
0.331690
0.250507
0.246558
0.387089
0.274307
0.279942
0.281198
0.296991
0.283539
0.266638
0.256379
0.276060
0.282706
0.237597
0.228075
0.332963
0.314733
0.238091
0.399093
0.161739
0.131615
0.236572
0.263909
0.339141
0.395644
0.325437
0.250382
0.265659
0.284540
0.245195
0.141246
0.387332
0.318143
0.252439
0.232608
0.265948
0.186914
0.296615
0.284837
0.250489
0.375336
0.334850
0.247942
0.241038
0.268972
0.155821
0.232496
0.310328
0.250486
0.319189
0.409345
0.178819
0.151303
0.180222
0.229092
0.289320
0.283637
0.260166
0.121258
0.251141
0.160604
0.223242
0.396522
0.253337
0.217497
0.242656
0.118021
0.196359
0.136232
0.204509
0.304795
0.245071
0.331898
0.188171
0.160938
0.214006
0.227008
0.235729
0.272270
0.299893
0.187095
0.272232
0.109940
0.212260
0.145335
0.362375
0.180417
0.229510
0.223969
0.235088
0.172452
0.138718
0.094540
0.209661
0.176327
0.383243
0.399818
0.167131
0.094399
0.239935
0.281533
0.216678
0.259437
0.323119
0.283533
0.165314
0.122932
0.167465
0.197728
0.116231
0.125813
0.248816
0.228311
0.303880
0.273626
0.146123
0.110865
0.099487
0.220578
0.316869
0.158718
0.266690
0.157350
0.174386
0.261216
0.256763
0.151274
0.188209
0.163883
0.240830
0.255883
0.192008
0.144748
0.126265
0.171644
0.171246
0.145245
0.178613
0.199832
0.323557
0.141708
0.192476
0.163040
0.242660
0.210655
0.114126
0.163688
0.201227
0.211961
0.267273
0.229849
0.221544
0.168437
0.093529
0.086126
0.147985
0.253201
0.135402
0.186396
0.337935
0.223405
0.194736
0.124147
0.200534
0.129939
0.119331
0.250457
0.338866
0.221179
0.149546
0.131472
0.142044
0.110996
0.089219
0.180349
0.110176
0.087937
0.147942
0.192338
0.149866
0.147266
0.130939
0.234016
0.208836
0.178308
0.203970
0.328153
0.193072
0.163731
0.187507
0.185071
0.122183
0.128732
0.178683
0.135284
0.143371
0.197832
0.256309
0.077460
0.107885
0.120015
0.192588
0.148089
0.113412
0.120569
0.138669
0.172885
0.253801
0.200300
0.095725
0.180540
0.092418
0.142276
0.198979
0.181529
0.093019
0.252679
0.156919
0.154936
0.175602
0.314049
0.232744
0.115082
0.235434
0.050653
0.142581
0.204323
0.147510
0.131576
0.167840
0.241365
0.157642
0.120891
0.134839
0.128202
0.080446
0.121235
0.158247
0.184163
0.096684
0.223097
0.162014
0.110668
0.109526
0.107734
0.124139
0.168187
0.184018
0.177727
0.112329
0.105032
0.052950
0.126826
0.132599
0.183823
0.179579
0.202842
0.172591
0.158994
0.098225
0.223766
0.138174
0.081191
0.076235
0.105405
0.192694
0.218453
0.183271
0.115551
0.097078
0.132990
0.139340
0.112725
0.119570
0.140982
0.135317
0.145756
0.125954
0.145949
0.074406
0.148381
0.250349
0.195841
0.107875
0.178709
0.149201
0.076029
0.115537
0.133924
0.069967
0.184245
0.114697
0.142964
0.154028
0.107922
0.159293
0.123780
0.055954
0.091735
0.263181
0.215666
0.080450
0.188034
0.127098
0.168328
0.199678
0.099871
