2.305608
2.299731
2.304040
2.291290
2.273471
2.288746
2.270114
2.277792
2.182231
2.090445
2.093218
2.016820
2.002410
1.935462
1.835347
1.881045
1.846143
1.852728
1.821883
1.744010
1.737727
1.691319
1.696210
1.715016
1.735773
1.719724
1.711918
1.709845
1.713389
1.675791
1.691088
1.639306
1.706496
1.718161
1.597942
1.627346
1.587436
1.638734
1.576105
1.556458
1.570075
1.579003
1.588012
1.587511
1.560557
1.551465
1.533766
1.592585
1.546385
1.545576
1.545013
1.545221
1.562414
1.550804
1.527389
1.552819
1.543932
1.555254
1.535088
1.502818
1.515510
1.519150
1.554527
1.504796
1.545552
1.529791
1.527154
1.537265
1.517210
1.551021
1.500270
1.513776
1.540002
1.526061
1.520023
1.521274
1.529643
1.508488
1.510988
1.531147
1.520021
1.519879
1.530825
1.525224
1.506274
1.515018
1.523632
1.517666
1.512475
1.514634
1.503292
1.515736
1.501973
1.524664
1.513583
1.489735
1.538331
1.500767
1.510961
1.500118
1.516024
1.505625
1.515919
1.525519
1.498239
1.522188
1.519431
1.502759
1.510476
1.518466
1.505173
1.504889
1.506396
1.512319
1.495237
1.542230
1.499788
1.507732
1.501996
1.505280
1.496065
1.499495
1.512319
1.502127
1.523761
1.504969
1.497623
1.521992
1.519016
1.508969
1.509088
1.503008
1.533860
1.521025
1.506809
1.517100
1.508258
1.509759
1.500714
1.495909
1.521791
1.489670
1.488445
1.519289
1.503767
1.516185
1.510265
1.500183
1.486557
1.542015
1.507220
1.493170
1.502258
1.510039
1.506912
1.493670
1.496129
1.493219
1.488856
1.503087
1.512949
1.503147
1.492640
1.507317
1.490468
1.499482
1.506137
1.533790
1.509696
1.496842
1.497162
1.498498
1.533666
1.518345
1.499601
1.499671
1.509945
1.523164
1.510225
1.512075
1.497678
1.496152
1.497072
1.502842
1.499593
1.498759
1.488221
1.482530
1.500831
1.490747
1.488196
1.503497
1.496909
1.510734
1.494843
1.491168
1.494544
1.509516
1.494422
1.489018
1.495192
1.493731
1.499526
1.511206
1.499474
1.490268
1.504809
1.507006
1.491151
1.501003
1.514632
1.496304
1.498537
1.518354
1.502281
1.502366
1.487629
1.513260
1.485795
1.482839
1.502632
1.494377
1.487844
1.529824
1.497753
1.501052
1.493341
1.496844
1.488180
1.502510
1.499824
1.497369
1.488529
1.503153
1.497066
1.493990
1.490216
1.499761
1.491245
1.498547
1.501189
1.480221
1.495010
1.498030
1.511357
1.494975
1.495816
1.495649
1.513290
1.491919
1.486650
1.499280
1.506015
1.499279
1.485566
1.497299
1.507605
1.486441
1.502460
1.498836
1.486091
1.484484
1.489122
1.509224
1.494472
1.488416
1.485711
1.500674
1.489817
1.491195
1.501952
1.496661
1.498427
1.509223
1.492114
1.480473
1.488144
1.485429
1.491392
1.498465
1.495935
1.482094
1.493847
1.511236
1.504648
1.490627
1.506675
1.479416
1.491079
1.493851
1.500420
1.483142
1.492922
1.494321
1.494576
1.498816
1.516309
1.488934
1.489279
1.500146
1.487726
1.511754
1.503489
1.494491
1.496519
1.501607
1.490998
1.488451
1.484082
1.501810
1.496282
1.498536
1.494927
1.493490
1.501863
1.496395
1.501046
1.486747
1.481653
1.481159
1.501273
1.492204
1.502456
1.495656
1.484030
1.485880
1.494509
1.488331
1.493992
1.488166
1.496934
1.503854
1.486252
1.489113
1.495359
1.492425
1.489443
1.490295
1.489660
1.494650
1.501342
1.489871
1.478771
1.479051
1.505550
1.504664
1.484288
1.490567
1.483126
1.477549
1.489848
1.478379
1.504693
1.482472
1.481741
1.479871
1.499738
1.480462
1.485224
1.470948
1.495971
1.497732
1.484185
1.484441
1.487095
1.494603
1.510578
1.483112
1.486698
1.482252
1.479194
1.503267
1.497471
1.492711
1.496347
1.486923
1.481736
1.483753
1.490201
1.481779
1.481820
1.490975
1.481956
1.487997
1.486089
1.479853
1.476692
1.487308
1.490177
1.487841
1.493692
1.481221
1.495866
1.487987
1.497206
1.495770
1.491272
1.497586
1.486071
1.485693
1.477147
1.483795
1.479749
1.492357
1.487847
1.482176
1.495097
1.484592
1.481817
1.477562
1.488037
1.475090
1.482909
1.490630
1.498035
1.490583
1.493187
1.488978
1.492472
1.491539
1.479650
1.486611
1.484062
1.479279
1.484212
1.497757
1.484340
1.482828
1.493106
1.484677
1.503940
1.485403
1.487664
1.492900
1.480417
1.489584
1.474601
1.491939
1.485311
1.488217
1.487802
1.495449
1.478863
1.486115
1.484482
1.478659
1.484641
1.486746
1.482488
1.488883
1.495358
1.508587
1.485552
1.486294
1.494910
1.483923
1.485574
1.488907
1.488334
1.482743
1.485319
1.478746
1.488093
1.484486
1.492936
1.476303
1.486186
1.491733
1.488165
1.496302
1.481781
1.483936
1.487320
1.498028
1.487740
1.485468
1.487429
1.488486
1.480625
1.469956
1.486497
1.479386
1.482368
1.479747
1.490486
1.483411
1.483516
1.487022
1.476293
1.486467
1.475079
1.498191
1.485507
1.491968
1.481976
1.488313
1.484954
1.482707
1.485257
1.477378
