2.303173
2.294868
2.297177
2.298074
2.283742
2.269622
2.267964
2.239389
2.221496
2.177825
2.117347
2.155526
2.179705
2.060570
2.038943
1.981331
2.004942
1.936342
1.938688
1.895315
1.855101
1.888556
1.891780
1.879178
1.885518
1.823615
1.799980
1.839496
1.745009
1.725466
1.769303
1.694273
1.773619
1.702719
1.716506
1.777365
1.746173
1.763521
1.761493
1.671125
1.743590
1.737422
1.756222
1.708727
1.690005
1.698014
1.726415
1.762787
1.711047
1.668786
1.721750
1.725489
1.701364
1.678441
1.670879
1.634321
1.659816
1.677225
1.654580
1.651190
1.670824
1.615998
1.626268
1.657377
1.617831
1.664886
1.656055
1.601427
1.662448
1.642720
1.612317
1.626964
1.611493
1.619256
1.636079
1.654142
1.619759
1.618914
1.606099
1.596971
1.627636
1.599104
1.596999
1.603877
1.618157
1.587671
1.643083
1.670093
1.655114
1.591349
1.612443
1.577168
1.590564
1.592553
1.630036
1.655328
1.608942
1.552807
1.599970
1.582838
1.595571
1.558873
1.610054
1.613246
1.627141
1.609591
1.638531
1.601977
1.614326
1.592895
1.646462
1.597919
1.619857
1.618950
1.614698
1.595098
1.618490
1.585995
1.624918
1.594771
1.591288
1.622387
1.596111
1.635899
1.569716
1.598910
1.615359
1.589219
1.584274
1.570044
1.583505
1.621846
1.576826
1.602389
1.589297
1.606042
1.604339
1.632532
1.608778
1.606919
1.592554
1.567839
1.582433
1.598379
1.590775
1.635022
1.635060
1.596050
1.617871
1.548008
1.605274
1.581116
1.582797
1.611529
1.555722
1.561566
1.618758
1.571240
1.592762
1.573620
1.595969
1.585109
1.600277
1.583164
1.586082
1.576456
1.640482
1.585167
1.569122
1.540591
1.583790
1.604365
1.612740
1.618970
1.597630
1.588575
1.570897
1.567784
1.617204
1.637408
1.583810
1.581737
1.558621
1.597884
1.588963
1.611725
1.614763
1.617224
1.612118
1.590845
1.622892
1.600874
1.576640
1.597660
1.562733
1.632810
1.594637
1.619899
1.583660
1.611656
1.565433
1.583536
1.602757
1.575533
1.574801
1.612991
1.564880
1.582376
1.625831
1.577171
1.545509
1.612952
1.580370
1.583439
1.531842
1.571038
1.583459
1.564336
1.557839
1.538941
1.621654
1.573921
1.570141
1.596418
1.587297
1.599226
1.599061
1.560891
1.542305
1.613405
1.575657
1.566727
1.571769
1.549219
1.577824
1.579438
1.547698
1.656954
1.573611
1.630397
1.559877
1.572769
1.540375
1.580410
1.580280
1.617533
1.562767
1.611394
1.577956
1.561440
1.554386
1.589716
1.584304
1.596939
1.594671
1.547040
1.618107
1.594527
1.538092
1.585832
1.561995
1.578290
1.589575
1.574959
1.633885
1.600334
1.612386
1.555364
1.564261
1.563422
1.580133
1.540640
1.563507
1.597479
1.571652
1.584779
1.597782
1.576661
1.606481
1.529629
1.578576
1.619902
1.593588
1.568017
1.557886
1.607009
1.575621
1.562346
1.545115
1.576514
1.597904
1.560223
1.581347
1.613681
1.583675
1.577887
1.580037
1.589966
1.562645
1.559923
1.561096
1.574904
1.639620
1.568856
1.565401
1.528487
1.592976
1.588861
1.541543
1.615800
1.597514
1.589887
1.552798
1.548942
1.585965
1.581054
1.593394
1.583463
1.608170
1.582148
1.519140
1.557619
1.589213
1.553857
1.591936
1.554451
1.581617
1.559902
1.557875
1.606418
1.583477
1.561874
1.578220
1.561646
1.564005
1.587684
1.615361
1.573603
1.550003
1.583974
1.526967
1.602508
1.595015
1.600853
1.569596
1.592770
1.569196
1.612529
1.533692
1.588555
1.544127
1.532578
1.579635
1.549280
1.532112
1.561198
1.559364
1.558353
1.616923
1.566066
1.601568
1.587927
1.576302
1.554059
1.577643
1.599369
1.547784
1.571789
1.616810
1.645004
1.555615
1.552514
1.575520
1.554203
1.574265
1.540423
1.584458
1.564041
1.582853
1.591592
1.543812
1.531786
1.596414
1.541289
1.598358
1.560091
1.539145
1.604448
1.561746
1.568214
1.584651
1.613099
1.593506
1.585491
1.610991
1.557744
1.581448
1.581585
1.576771
1.587775
1.574016
1.552507
1.557259
1.540562
1.556481
1.540251
1.605381
1.577776
1.551251
1.540462
1.582153
1.567265
1.588263
1.543245
1.535812
1.572751
1.558736
1.533038
1.566324
1.560999
1.612930
1.536851
1.601950
1.609721
1.564037
1.526853
1.554993
1.578899
1.549259
1.622861
1.581372
1.543436
1.553625
1.527225
1.566382
1.543512
1.571539
1.577667
1.566558
1.553620
1.584921
1.545684
1.548934
1.598112
1.585752
1.559780
1.554399
1.566551
1.587964
1.516803
1.590839
1.589678
1.593539
1.543216
1.587762
1.565837
1.556355
1.580494
1.510913
1.547286
1.578911
1.552778
1.560464
1.575052
1.583442
1.579143
1.565194
1.556419
1.575713
1.579158
1.563928
1.583847
1.594191
1.581254
1.543058
1.561197
1.585605
1.541532
1.554065
1.526100
1.551583
1.574420
1.567101
1.581524
1.587574
1.530354
1.571128
1.583896
1.578537
1.565688
1.559173
1.588325
1.591883
1.535510
1.570561
1.595631
1.544741
1.557025
1.571585
1.547901
