2.311852
2.298799
2.278358
2.242648
2.263601
2.259483
2.207469
2.187177
2.004390
2.038073
1.961752
1.872001
1.895252
1.784682
1.798619
1.756958
1.785966
1.776547
1.710352
1.681838
1.645653
1.677980
1.640119
1.611151
1.634431
1.643825
1.631677
1.626805
1.634583
1.607623
1.565405
1.575274
1.598748
1.579049
1.567282
1.576344
1.587410
1.562360
1.557299
1.590617
1.560557
1.603707
1.566306
1.546683
1.566383
1.574597
1.583024
1.552040
1.572798
1.540362
1.596118
1.536994
1.556556
1.533079
1.540265
1.518643
1.565349
1.524651
1.531189
1.548569
1.555602
1.514214
1.554930
1.546237
1.517069
1.540096
1.538771
1.523042
1.567844
1.527623
1.545960
1.521436
1.510544
1.544389
1.548000
1.521195
1.553067
1.538274
1.540161
1.556144
1.495803
1.522451
1.539506
1.510981
1.517466
1.505420
1.505660
1.524662
1.527146
1.533567
1.521984
1.506635
1.529439
1.518710
1.522997
1.501922
1.536999
1.527238
1.519857
1.501862
1.511687
1.532580
1.550257
1.524836
1.515539
1.523259
1.536119
1.514250
1.511672
1.504212
1.528649
1.510056
1.511824
1.523575
1.511378
1.505224
1.494942
1.499689
1.513108
1.520851
1.495362
1.533018
1.520486
1.507462
1.522999
1.504436
1.522704
1.516755
1.531378
1.505002
1.492071
1.505108
1.504953
1.519504
1.512980
1.526934
1.511636
1.508886
1.524883
1.522937
1.497576
1.490255
1.490320
1.522076
1.528306
1.530521
1.508603
1.501753
1.512493
1.524154
1.500384
1.491823
1.516132
1.519129
1.504596
1.510260
1.504759
1.507401
1.503836
1.509134
1.512222
1.518650
1.513547
1.498522
1.505855
1.510867
1.504834
1.511699
1.503671
1.498962
1.499213
1.492155
1.491767
1.524493
1.497694
1.498294
1.499565
1.507671
1.496796
1.483200
1.502171
1.489078
1.507697
1.508299
1.507729
1.509924
1.490540
1.508882
1.487334
1.493373
1.512770
1.504448
1.502657
1.500758
1.483084
1.477851
1.491999
1.505795
1.512056
1.511281
1.485326
1.487199
1.525482
1.498686
1.518396
1.484416
1.492204
1.488497
1.490442
1.499083
1.497612
1.486460
1.522437
1.487705
1.499239
1.510265
1.494488
1.506213
1.497571
1.495285
1.503671
1.494097
1.507010
1.491376
1.488358
1.500330
1.496158
1.491704
1.496012
1.493460
1.513867
1.497619
1.498568
1.505725
1.496599
1.474128
1.516580
1.488976
1.511815
1.489483
1.487677
1.481095
1.481059
1.489187
1.479910
1.512517
1.490002
1.504838
1.487038
1.498703
1.491285
1.488518
1.507165
1.494230
1.486112
1.488693
1.487853
1.506942
1.500230
1.516690
1.485790
1.480632
1.489171
1.502651
1.486042
1.482768
1.502392
1.489728
1.484941
1.499536
1.480565
1.486704
1.490983
1.484141
1.480592
1.489082
1.490041
1.508179
1.515691
1.492352
1.495926
1.487287
1.488280
1.513839
1.485722
1.483628
1.494550
1.480582
1.484737
1.493436
1.505711
1.478477
1.500428
1.518893
1.491281
1.494622
1.484576
1.492342
1.491058
1.488146
1.477579
1.488915
1.497323
1.481973
1.487932
1.485782
1.478302
1.485080
1.496647
1.492360
1.482625
1.488253
1.484763
1.494818
1.484125
1.485275
1.488971
1.508290
1.495724
1.501128
1.480079
1.490286
1.498062
1.480532
1.487086
1.482606
1.487370
1.482152
1.498297
1.484643
1.486745
1.484424
1.472527
1.497774
1.473292
1.506592
1.485018
1.498351
1.489302
1.494135
1.491723
1.491185
1.485856
1.486909
1.482181
1.483032
1.479748
1.483501
1.491291
1.495524
1.484709
1.487434
1.502534
1.484846
1.483653
1.488152
1.482417
1.487864
1.500682
1.487972
1.503242
1.476929
1.494272
1.490127
1.483235
1.491298
1.493782
1.489126
1.479339
1.482032
1.472284
1.476616
1.482811
1.493562
1.497036
1.491403
1.504640
1.488924
1.482563
1.480481
1.478909
1.478722
1.504761
1.486742
1.498863
1.481737
1.502993
1.471422
1.498026
1.490736
1.484827
1.478818
1.483844
1.478956
1.485176
1.483964
1.477012
1.485742
1.491283
1.480152
1.482980
1.472823
1.480361
1.483688
1.480250
1.479911
1.487228
1.480666
1.474766
1.482159
1.478373
1.504699
1.478249
1.488932
1.496982
1.504109
1.499023
1.473901
1.478112
1.498922
1.481523
1.480864
1.483009
1.501161
1.484407
1.475392
1.500599
1.491508
1.486628
1.477567
1.484440
1.484574
1.485453
1.471899
1.487862
1.483667
1.474140
1.494125
1.480668
1.477279
1.478765
1.477408
1.485390
1.485768
1.489272
1.489818
1.491683
1.488561
1.486570
1.493528
1.482958
1.471248
1.477929
1.481743
1.494396
1.483968
1.481759
1.496483
1.488973
1.496430
1.475154
1.479461
1.477395
1.491604
1.483268
1.506425
1.472155
1.490362
1.474139
1.476325
1.476783
1.479731
1.484157
1.479066
1.478624
1.486634
1.474759
1.501712
1.478289
1.477395
1.475452
1.477339
1.492094
1.487622
1.486006
1.481720
1.481606
1.477148
1.488428
1.484499
1.478011
1.479905
1.507951
1.473171
1.488977
1.491591
1.494724
1.490175
1.489300
1.487802
