2.300416
2.296064
2.247666
2.227378
2.185220
2.133956
2.230116
2.156369
2.126885
2.160151
2.237514
2.454690
2.318117
2.292129
2.765003
2.749922
2.727619
2.734455
2.547843
2.165519
2.191104
2.192078
2.146073
2.112907
2.162850
2.124105
2.160889
2.175314
2.146403
2.140319
2.165502
2.166066
2.157187
2.126079
2.091791
2.070577
2.082943
2.138741
2.238046
2.194630
2.168666
2.179883
2.181045
2.130131
2.142201
2.127717
2.141018
2.150651
2.143509
2.117860
2.148155
2.180490
2.151808
2.098979
2.073728
2.099393
2.071227
2.065110
2.081285
2.084441
2.104262
2.103273
2.071096
2.046729
2.025853
2.047823
2.018288
2.013015
1.995525
2.023634
2.037437
1.988723
1.959222
1.943578
1.915118
1.865478
1.877062
1.845157
1.828673
1.764503
1.796743
1.777375
1.796367
1.777540
1.763216
1.726531
1.850406
1.729728
1.670120
1.694214
1.727598
1.719941
1.720571
1.698578
1.660642
1.671336
1.657802
1.655414
1.640555
1.676845
1.649451
1.652095
1.674500
1.692843
1.659728
1.645726
1.639775
1.609272
1.639128
1.637840
1.657633
1.638107
1.599207
1.637995
1.628628
1.626140
1.622611
1.631513
1.626830
1.640134
1.674471
1.686322
1.674360
1.632182
1.606341
1.610359
1.604915
1.583704
1.575848
1.617558
1.613480
1.622030
1.615211
1.654001
1.653862
1.614113
1.611139
1.602734
1.647003
1.584384
1.593126
1.610510
1.584443
1.585880
1.594741
1.570462
1.559080
1.561260
1.545424
1.585114
1.540819
1.582075
1.583629
1.571688
1.588242
1.577809
1.557032
1.543790
1.556783
1.537038
1.549354
1.542987
1.550637
1.551512
1.538502
1.539868
1.564737
1.523296
1.515516
1.540221
1.524130
1.545901
1.565024
1.564801
1.570004
1.558647
1.555603
1.563628
1.520373
1.562056
1.595324
1.569207
1.581255
1.556156
1.590148
1.571416
1.575161
1.553935
1.601910
1.579838
1.556084
1.566576
1.569824
1.586016
1.596633
1.566999
1.568751
1.559987
1.574953
1.572129
1.579205
1.563578
1.593141
1.564251
1.568689
1.570769
1.543387
1.558464
1.614412
1.574417
1.600122
1.589259
1.589564
1.589104
1.604127
1.607455
1.595468
1.581757
1.586047
1.607402
1.588113
1.572129
1.592681
1.586531
1.589352
1.577860
1.584361
1.571029
1.586011
1.573712
1.577292
1.573034
1.602488
1.603984
1.599015
1.594595
1.570307
1.586003
1.590961
1.577422
1.589305
1.603251
1.589832
1.609018
1.592749
1.604735
1.613123
1.604100
1.623282
1.588376
1.610631
1.591903
1.606634
1.604366
1.604787
1.641805
1.624826
1.636945
1.621304
1.600633
1.615139
1.589882
1.591016
1.593516
1.579237
1.587573
1.573915
1.591133
1.593512
1.581466
1.606777
1.632465
1.590783
1.587619
1.586085
1.588801
1.592501
1.613006
1.600440
1.582311
1.589081
1.566231
1.617942
1.584617
1.585473
1.586605
1.600280
1.588326
1.587488
1.575621
1.566182
1.579032
1.554872
1.573704
1.565769
1.583691
1.567179
1.594553
1.589641
1.584476
1.579546
1.569714
1.590453
1.577132
1.574171
1.584635
1.589867
1.576720
1.600037
1.598346
1.581942
1.566274
1.542786
1.579779
1.565671
1.582092
1.548220
1.562565
1.566914
1.572997
1.619920
1.586904
1.605294
1.581195
1.600269
1.586592
1.583044
1.572530
1.557360
1.546685
1.573489
1.565418
1.559588
1.567032
1.577207
1.567859
1.550815
1.564923
1.568892
1.574873
1.568984
1.573561
1.624543
1.590937
1.571643
1.588787
1.584151
1.564261
1.574282
1.556872
1.579033
1.583054
1.586004
1.588608
1.587207
1.570443
1.581838
1.593919
1.582335
1.577177
1.578412
1.576912
1.573504
1.584071
1.553632
1.572476
1.571281
1.557514
1.556374
1.538390
1.566923
1.555007
1.596728
1.585130
1.569386
1.573820
1.562677
1.573271
1.582672
1.567519
1.558633
1.556831
1.540457
1.547050
1.536995
1.513805
1.524225
1.535090
1.552641
1.541077
1.533149
1.574378
1.543373
1.549868
1.523823
1.537517
1.562283
1.543882
1.564349
1.517102
1.526060
1.529201
1.527254
1.512917
1.546993
1.564469
1.533454
1.512886
1.552002
1.511188
1.508003
1.528395
1.526687
1.534486
1.544815
1.535128
1.506970
1.525642
1.521114
1.514452
1.527402
1.504771
1.503758
1.521445
1.515525
1.508703
1.513894
1.532361
1.521556
1.507059
1.533597
1.512348
1.498931
1.522351
1.544382
1.514539
1.554018
1.574944
1.646315
1.588720
1.650597
1.594025
1.591603
1.619907
1.570393
1.633785
1.597233
1.622944
1.727919
1.654855
1.609159
1.598524
1.599505
1.599140
1.601662
1.571350
1.575558
1.610597
1.607549
1.588710
1.538469
1.527537
1.542970
1.546343
1.557768
1.529074
1.546252
1.530178
1.528234
1.530921
1.499557
1.501485
1.517649
1.513286
1.532983
1.507595
1.514083
1.526546
1.550214
1.578251
1.559139
1.572398
1.554152
1.549999
1.552194
1.573247
1.556721
1.539061
1.546238
1.544965
1.530796
1.562633
1.554165
1.590371
1.558752
1.552521
1.598837
1.563782
1.572324
1.560702
