2.310428
2.304443
2.303700
2.302709
2.302709
2.302709
2.302957
2.308036
2.302957
2.305682
2.313239
2.304533
2.330620
2.330237
2.337439
2.347092
2.334682
2.337906
2.330181
2.360415
2.355705
2.308347
2.204124
2.133566
2.052141
1.908717
1.844561
1.853821
2.051187
2.355638
2.401755
2.210262
1.887892
1.749257
1.679322
1.666839
1.643831
1.679789
1.678061
1.739758
1.750850
1.758022
1.748031
1.771067
1.702961
1.665187
1.639499
1.626485
1.614057
1.622280
1.626668
1.630997
1.665927
1.629837
1.660472
1.708881
1.740897
1.686185
1.621206
1.588762
1.574233
1.586877
1.556817
1.553617
1.561195
1.591816
1.619889
1.628636
1.664089
1.660563
1.665244
1.604937
1.584804
1.560250
1.516987
1.531330
1.519528
1.542555
1.523014
1.537715
1.571767
1.605021
1.614208
1.613746
1.638451
1.627453
1.636191
1.597453
1.694610
1.810449
1.868956
1.957692
2.071709
2.183559
2.259142
2.292421
2.340269
2.355691
2.416126
2.458021
2.471500
2.482436
2.496761
2.487715
2.490825
2.482549
2.455823
2.448115
2.436277
2.406782
2.384646
2.352058
2.239661
2.131898
1.850671
1.660106
1.593405
1.560163
1.533205
1.520651
1.531110
1.525084
1.520854
1.520880
1.529917
1.551318
1.546490
1.585331
1.548090
1.586158
1.594190
1.597872
1.626797
1.629748
1.582383
1.572509
1.569682
1.593763
1.604040
1.578903
1.542763
1.558256
1.505515
1.519817
1.541859
1.538435
1.523317
1.504581
1.505612
1.508607
1.494451
1.515316
1.519765
1.552498
1.567247
1.589914
1.568409
1.564038
1.573658
1.558439
1.572713
1.592362
1.547360
1.594730
1.598450
1.646449
1.617388
1.609390
1.634969
1.606504
1.593278
1.574521
1.592855
1.572038
1.544154
1.519956
1.531958
1.519484
1.510556
1.507384
1.501186
1.522127
1.503900
1.488619
1.507256
1.514570
1.513904
1.511395
1.526420
1.499425
1.546731
1.496283
1.516686
1.535679
1.535637
1.511326
1.518669
1.534532
1.513751
1.518995
1.508813
1.513406
1.515141
1.516328
1.520016
1.520566
1.532106
1.507802
1.525787
1.525259
1.531337
1.518717
1.544458
1.517059
1.532591
1.532843
1.529944
1.546962
1.550094
1.496973
1.531183
1.512178
1.501055
1.518196
1.524053
1.492413
1.508750
1.517897
1.484760
1.481018
1.511118
1.523116
1.514723
1.525246
1.528130
1.532402
1.538347
1.561179
1.530374
1.512877
1.490924
1.495721
1.488553
1.490211
1.483362
1.489727
1.478764
1.491075
1.487586
1.497776
1.491808
1.515057
1.505473
1.532236
1.516798
1.499007
1.498578
1.506628
1.507510
1.536068
1.537006
1.539079
1.561856
1.536332
1.579699
1.539281
1.524378
1.518458
1.528480
1.535514
1.535009
1.520170
1.557642
1.560541
1.554386
1.554006
1.566703
1.605660
1.592831
1.597229
1.630237
1.681993
1.700397
1.692324
1.696933
1.771956
1.782384
1.801201
1.807862
1.881985
1.952464
1.996892
2.061264
2.174742
2.222961
2.312317
2.339995
2.378360
2.377710
2.385577
2.395510
2.403794
2.414396
2.400892
2.418642
2.424525
2.421897
2.430986
2.430419
2.428824
2.426288
2.438664
2.442580
2.431482
2.417391
2.401141
2.380383
2.351090
2.315093
2.260323
2.170703
1.924764
1.770250
1.758311
1.617040
1.583282
1.528911
1.504141
1.478711
1.487780
1.496168
1.471160
1.470837
1.480870
1.486738
1.486174
1.484039
1.474847
1.496422
1.495164
1.502890
1.505233
1.521487
1.513318
1.509479
1.512768
1.523975
1.508254
1.540929
1.561830
1.560487
1.535201
1.561976
1.581526
1.582995
1.569003
1.552163
1.548531
1.569052
1.540148
1.523445
1.552102
1.497810
1.515082
1.477169
1.504731
1.509286
1.483586
1.504123
1.489813
1.508296
1.472554
1.481678
1.513023
1.494007
1.495865
1.507376
1.487542
1.475681
1.475273
1.505760
1.490528
1.500655
1.511703
1.504924
1.493241
1.521020
1.498926
1.499664
1.482607
1.494465
1.504099
1.499947
1.503409
1.515754
1.481466
1.480997
1.496821
1.481171
1.483943
1.489930
1.494256
1.486534
1.511273
1.492236
1.500702
1.491135
1.483454
1.496501
1.487469
1.506772
1.501941
1.496839
1.491444
1.494951
1.500866
1.485928
1.487728
1.494593
1.497889
1.498543
1.487629
1.492771
1.506458
1.479060
1.501824
1.514943
1.481372
1.513934
1.516935
1.488523
1.486350
1.490003
1.494834
1.509510
1.506928
1.486921
1.497162
1.487744
1.491669
1.483038
1.489376
1.480705
1.510919
1.500514
1.490971
1.484539
1.492705
1.502232
1.521750
1.491286
1.516718
1.501408
1.470657
1.491985
1.492091
1.498727
1.493973
1.487878
1.503186
1.509770
1.483370
1.472951
1.495710
1.478541
1.492501
1.486858
1.497847
1.497333
1.491962
1.508397
1.491778
1.486112
1.479249
1.484112
1.495108
1.489118
1.512477
1.498607
1.507510
1.496483
1.486183
1.503384
1.499895
1.483469
1.511408
1.498247
1.505284
1.506698
1.495584
1.492404
1.480198
1.487154
1.477559
1.485569
1.472421
1.495813
1.501513
1.481538
1.481414
