2.303562
2.296988
2.296480
2.291475
2.288725
2.269665
2.252157
2.238145
2.229305
2.195579
2.172951
2.213729
2.156570
2.097399
2.141244
2.062918
2.000992
1.970253
1.854258
1.892603
1.885131
1.841027
1.812508
1.843812
1.783360
1.781000
1.732012
1.748934
1.796656
1.716956
1.714025
1.724860
1.720063
1.711127
1.687592
1.630682
1.676299
1.625636
1.663709
1.637769
1.627263
1.622003
1.666392
1.640942
1.586377
1.622071
1.607972
1.637133
1.597974
1.618001
1.609100
1.602171
1.600577
1.560378
1.568224
1.615396
1.620792
1.590940
1.596196
1.562203
1.578652
1.591286
1.579859
1.569043
1.595931
1.593936
1.585488
1.589912
1.571740
1.612142
1.534739
1.569303
1.574696
1.571888
1.548633
1.556100
1.533075
1.541222
1.548657
1.547711
1.549850
1.568686
1.555633
1.566069
1.551448
1.551928
1.561495
1.551275
1.570436
1.536130
1.545864
1.541702
1.544855
1.550597
1.588446
1.557986
1.556049
1.553289
1.543100
1.581292
1.554744
1.539420
1.541746
1.568846
1.535954
1.538776
1.543967
1.534665
1.515264
1.549062
1.540750
1.535710
1.519887
1.509127
1.546444
1.524080
1.524243
1.540512
1.535155
1.530863
1.522098
1.528442
1.524177
1.521100
1.522561
1.511556
1.522555
1.537272
1.522104
1.542790
1.530931
1.523069
1.520025
1.525801
1.529152
1.514142
1.519564
1.526071
1.552796
1.549166
1.529238
1.533651
1.519954
1.516779
1.523519
1.535820
1.530252
1.510632
1.549266
1.510546
1.520197
1.530603
1.513641
1.520448
1.513718
1.534108
1.518381
1.552808
1.528124
1.520989
1.519630
1.525277
1.517061
1.538363
1.531028
1.503583
1.524908
1.533855
1.509990
1.535626
1.523487
1.511428
1.520800
1.504984
1.498228
1.522933
1.514050
1.524092
1.498341
1.485113
1.508316
1.510383
1.513742
1.519715
1.525823
1.517287
1.508879
1.510295
1.499784
1.509542
1.496421
1.505381
1.506167
1.504445
1.503041
1.536686
1.515286
1.509313
1.523494
1.523950
1.515983
1.523842
1.513054
1.495348
1.507851
1.502704
1.516656
1.492544
1.524457
1.498922
1.495633
1.495828
1.508625
1.503921
1.509210
1.512436
1.505350
1.497356
1.522401
1.510763
1.519351
1.494040
1.506833
1.494298
1.518121
1.508139
1.537158
1.562910
1.490151
1.502937
1.500466
1.518073
1.497690
1.509189
1.520161
1.503259
1.492913
1.494478
1.493645
1.525439
1.505610
1.507584
1.505507
1.494784
1.503761
1.523729
1.501329
1.493342
1.503349
1.491574
1.518612
1.511538
1.513651
1.532728
1.526616
1.497335
1.509018
1.497879
1.517345
1.504703
1.492123
1.517388
1.495537
1.498341
1.497835
1.508721
1.497872
1.510094
1.514856
1.509863
1.502250
1.501056
1.507811
1.512872
1.498788
1.511306
1.513686
1.506818
1.493160
1.513530
1.497192
1.501955
1.487885
1.503722
1.494618
1.523299
1.495910
1.497285
1.493009
1.506629
1.489560
1.500850
1.498446
1.507923
1.505318
1.502887
1.496451
1.504714
1.501308
1.498333
1.521673
1.498049
1.477869
1.513426
1.503548
1.506264
1.478085
1.499808
1.513308
1.499308
1.488252
1.501821
1.498052
1.505257
1.486321
1.494910
1.533653
1.488310
1.506584
1.503449
1.495946
1.487419
1.508489
1.494730
1.499300
1.528713
1.491045
1.489561
1.504518
1.495272
1.489240
1.501399
1.499089
1.492067
1.501838
1.484013
1.500973
1.514842
1.503717
1.495446
1.485439
1.518207
1.484202
1.487720
1.494919
1.497115
1.504407
1.495626
1.489678
1.496403
1.498314
1.482419
1.490008
1.495642
1.493457
1.498177
1.512744
1.492940
1.505989
1.515759
1.506723
1.480486
1.500091
1.497337
1.487504
1.502754
1.497119
1.495340
1.502772
1.480328
1.503752
1.513301
1.503450
1.497881
1.519609
1.512119
1.495439
1.476757
1.483550
1.505453
1.497125
1.502654
1.498231
1.492850
1.494384
1.480009
1.512269
1.483678
1.480402
1.499663
1.500792
1.497429
1.493234
1.492513
1.507117
1.500491
1.491014
1.489179
1.488666
1.508690
1.501940
1.482379
1.488668
1.484761
1.500017
1.496894
1.510235
1.501089
1.496230
1.484988
1.498511
1.487948
1.520072
1.492360
1.482358
1.492503
1.503965
1.484022
1.506594
1.484986
1.491994
1.495564
1.482751
1.491353
1.494368
1.477985
1.499547
1.481556
1.489964
1.495719
1.507353
1.487321
1.487214
1.487523
1.493210
1.499375
1.484973
1.481687
1.523383
1.486733
1.478704
1.501780
1.504537
1.492375
1.522678
1.485666
1.500079
1.487478
1.495586
1.504807
1.482717
1.483967
1.487929
1.503426
1.512670
1.503397
1.516508
1.488038
1.497385
1.481596
1.487597
1.496207
1.483486
1.517948
1.506470
1.486485
1.500187
1.493242
1.488234
1.487137
1.501493
1.501316
1.490255
1.492676
1.494962
1.492474
1.496359
1.494449
1.491414
1.500190
1.500032
1.493595
1.490527
1.478450
1.485244
1.487916
1.492714
1.487153
1.502589
1.476036
1.498888
1.493981
1.490122
1.489129
1.496734
1.493623
1.492221
1.494079
1.480866
1.490128
