2.306639
2.307010
2.308284
2.313137
2.317444
2.325454
2.328995
2.333836
2.337308
2.323741
2.290466
2.270440
2.241153
2.224256
2.204154
2.199214
2.191391
2.191676
2.186632
2.167978
2.126368
2.094972
2.037816
1.974873
1.922539
1.887411
1.834265
1.817139
1.812453
1.773544
1.812589
1.764971
1.776455
1.765712
1.731826
1.714402
1.685846
1.699894
1.718254
1.676961
1.676564
1.701754
1.683891
1.646579
1.644909
1.683454
1.630129
1.592162
1.612386
1.604708
1.605540
1.604679
1.624687
1.587229
1.632312
1.591321
1.595351
1.570140
1.581195
1.572206
1.572669
1.552936
1.549962
1.553515
1.560431
1.597879
1.574886
1.610886
1.567763
1.559076
1.565246
1.564867
1.553181
1.547376
1.546666
1.560347
1.547931
1.567993
1.546137
1.570586
1.559575
1.559198
1.519087
1.527175
1.535370
1.536369
1.549758
1.555215
1.535667
1.581627
1.547879
1.540452
1.540423
1.528724
1.530960
1.545666
1.525491
1.551833
1.539835
1.566542
1.521295
1.523583
1.520901
1.541718
1.512744
1.546958
1.546304
1.517303
1.529233
1.528903
1.545618
1.573633
1.546756
1.543642
1.534196
1.520308
1.505335
1.516844
1.534092
1.521671
1.513787
1.516056
1.547505
1.511726
1.536223
1.535482
1.518999
1.523640
1.538598
1.514717
1.518703
1.529863
1.516181
1.532979
1.504719
1.529324
1.518988
1.513217
1.524883
1.530359
1.518039
1.537182
1.524597
1.513530
1.517291
1.531004
1.512734
1.549836
1.545947
1.521613
1.513151
1.507619
1.521919
1.516465
1.509310
1.502896
1.514480
1.503767
1.506915
1.505826
1.531516
1.511967
1.520929
1.542087
1.501551
1.529980
1.525042
1.527248
1.499864
1.534644
1.521584
1.504682
1.501144
1.528337
1.510014
1.523912
1.489592
1.493364
1.521890
1.513670
1.497256
1.528854
1.527058
1.494744
1.520997
1.510436
1.507995
1.499507
1.499426
1.525211
1.520663
1.501577
1.491150
1.510000
1.512212
1.502113
1.513161
1.507611
1.518543
1.499787
1.504336
1.530125
1.501652
1.491005
1.499813
1.495953
1.516579
1.513235
1.512964
1.508368
1.519318
1.512082
1.512858
1.506147
1.516474
1.507258
1.490456
1.503889
1.503189
1.491041
1.499079
1.518267
1.516210
1.501344
1.497407
1.501635
1.499993
1.480496
1.508074
1.519852
1.493824
1.486611
1.502100
1.496553
1.500015
1.504731
1.509557
1.500769
1.519015
1.514080
1.492410
1.502121
1.505331
1.494489
1.501267
1.491145
1.510367
1.505220
1.487660
1.500561
1.503407
1.504601
1.503428
1.487444
1.487621
1.497081
1.485082
1.484822
1.506679
1.502877
1.508927
1.517055
1.504085
1.501179
1.489860
1.514062
1.510341
1.487392
1.511332
1.500224
1.496844
1.502376
1.480596
1.490986
1.500398
1.507781
1.491549
1.489706
1.506248
1.485717
1.501254
1.523466
1.503639
1.487649
1.502987
1.516216
1.497517
1.488521
1.496987
1.491715
1.495377
1.514961
1.486778
1.495388
1.499649
1.502198
1.484222
1.493832
1.481567
1.480159
1.478597
1.511646
1.502841
1.494851
1.489538
1.498667
1.488596
1.500622
1.507068
1.490675
1.499397
1.494555
1.484077
1.504665
1.494655
1.490867
1.489750
1.480348
1.486743
1.507772
1.496899
1.481012
1.492394
1.488405
1.504341
1.490919
1.490084
1.503026
1.491900
1.490807
1.494766
1.496733
1.480806
1.487123
1.485449
1.507111
1.482000
1.492013
1.512666
1.508842
1.512650
1.479588
1.484819
1.491497
1.485340
1.488007
1.493214
1.505303
1.510394
1.476613
1.492328
1.485608
1.479102
1.488069
1.490069
1.482098
1.497126
1.492222
1.483761
1.495236
1.481367
1.505458
1.487198
1.503064
1.483046
1.494887
1.486453
1.487467
1.500906
1.491747
1.489583
1.492898
1.513963
1.493855
1.489278
1.498359
1.481807
1.495940
1.489409
1.510440
1.488216
1.478433
1.488656
1.487312
1.495104
1.496106
1.497579
1.485606
1.478081
1.486121
1.509814
1.490026
1.472690
1.488241
1.492509
1.521592
1.491046
1.477695
1.487885
1.495162
1.485228
1.498189
1.476369
1.497038
1.483593
1.484487
1.476066
1.477180
1.493555
1.493574
1.482860
1.511708
1.476710
1.484746
1.483683
1.481415
1.492412
1.495269
1.503215
1.498992
1.492069
1.481799
1.485037
1.483839
1.501982
1.492843
1.475685
1.496075
1.486957
1.480096
1.479557
1.480201
1.510370
1.490389
1.481883
1.477031
1.494996
1.506515
1.475210
1.489059
1.483862
1.476621
1.492996
1.472731
1.482228
1.474100
1.479850
1.480123
1.496591
1.486606
1.493072
1.485562
1.494696
1.500421
1.494805
1.486121
1.482814
1.477713
1.486331
1.489572
1.480450
1.489303
1.486114
1.480931
1.506858
1.481972
1.483631
1.477154
1.484782
1.492188
1.479589
1.481606
1.473179
1.481923
1.493268
1.471753
1.491669
1.482044
1.486131
1.489599
1.476905
1.512173
1.507624
1.483215
1.476857
1.484995
1.473768
1.478027
1.497457
1.475770
1.487261
1.490574
1.494830
1.481543
1.477060
1.487734
1.486028
1.506901
1.493885
1.491750
