1.500000
1.500000
1.499479
1.457917
1.224792
0.801146
0.861510
0.546042
0.657448
0.549792
0.487344
0.581250
0.565833
0.522292
0.479688
0.491615
0.501458
0.520052
0.518490
0.493281
0.476823
0.475677
0.469688
0.469524
0.471198
0.476146
0.480781
0.485833
0.479688
0.471354
0.476146
0.451198
0.436563
0.437240
0.443958
0.450781
0.487448
0.473385
0.475417
0.469010
0.470521
0.438854
0.424063
0.421563
0.404844
0.433750
0.435833
0.409286
0.482083
0.483542
0.440573
0.448333
0.454219
0.462083
0.464271
0.460521
0.423802
0.414323
0.391927
0.407917
0.420104
0.408594
0.420729
0.405729
0.407813
0.458333
0.450260
0.442552
0.425156
0.416615
0.409271
0.421786
0.416250
0.410833
0.423594
0.441563
0.417448
0.399063
0.409479
0.380990
0.389479
0.380833
0.394271
0.386667
0.382240
0.383490
0.393021
0.392240
0.383906
0.425313
0.390938
0.402031
0.462500
0.437344
0.378385
0.381905
0.352760
0.344479
0.370000
0.320365
0.348646
0.334635
0.382448
0.378542
0.340417
0.391094
0.358229
0.366667
0.383802
0.399115
0.376771
0.359531
0.332552
0.371875
0.401875
0.394844
0.374167
0.351667
0.348906
0.400952
0.346719
0.341094
0.388490
0.339063
0.359896
0.385521
0.357656
0.355208
0.303229
0.330313
0.337656
0.337031
0.353021
0.337031
0.358438
0.343177
0.348854
0.317396
0.334375
0.323802
0.335833
0.363958
0.324063
0.357619
0.340156
0.299010
0.335365
0.337292
0.387344
0.299948
0.335677
0.304844
0.329427
0.321563
0.299844
0.337292
0.353125
0.363802
0.326563
0.336771
0.288229
0.336875
0.296042
0.358958
0.338333
0.329323
0.308958
0.331429
0.347448
0.351927
0.358750
0.293073
0.297552
0.307656
0.287552
0.302865
0.311094
0.297969
0.326198
0.317448
0.347760
0.314010
0.300625
0.317396
0.317917
0.309948
0.324167
0.282396
0.301406
0.311771
0.289688
0.292857
0.295781
0.305573
0.299844
0.322917
0.298906
0.308958
0.309688
0.261198
0.290677
0.321563
0.299219
0.265469
0.304792
0.337240
0.308125
0.304219
0.274427
0.305313
0.304115
0.305677
0.322448
0.289792
0.337240
0.330119
0.277188
0.241354
0.286250
0.268646
0.308490
0.293177
0.267396
0.284427
0.313281
0.240156
0.297135
0.303229
0.303333
0.341823
0.289583
0.289323
0.285729
0.248698
0.303333
0.271927
0.282344
0.251823
0.309115
0.315476
0.272396
0.292083
0.260521
0.290781
0.265885
0.272865
0.286979
0.261563
0.288594
0.259896
0.288646
0.290990
0.266458
0.277500
0.273021
0.297396
0.278229
0.275156
0.235938
0.252813
0.263281
0.295469
0.290677
0.236310
0.270521
0.259740
0.244427
0.247865
0.267083
0.274792
0.280885
0.249531
0.273646
0.254115
0.282813
0.245104
0.221563
0.288073
0.272813
0.267031
0.271094
0.311875
0.261563
0.270833
0.266094
0.259948
0.228750
0.209881
0.222552
0.245521
0.285573
0.238281
0.253229
0.259479
0.250313
0.271667
0.250052
0.266667
0.267708
0.230104
0.214583
0.272031
0.242135
0.244896
0.262708
0.242969
0.257917
0.238333
0.261615
0.281458
0.261719
0.247024
0.215781
0.245573
0.254531
0.272760
0.234792
0.241406
0.227865
0.230417
0.265313
0.259375
0.231302
0.242708
0.241667
0.262240
0.247240
0.264792
0.256771
0.214844
0.250729
0.226042
0.251406
0.222552
0.243906
0.246071
0.230885
0.233125
0.238177
0.260885
0.244792
0.219531
0.232604
0.222135
0.259896
0.224167
0.233021
0.221719
0.224219
0.282240
0.239271
0.259062
0.229688
0.213698
0.252552
0.244323
0.238542
0.237500
0.282396
0.207738
0.226406
0.232396
0.262083
0.244688
0.217500
0.224063
0.222135
0.220781
0.224323
0.226667
0.233333
0.273698
0.241406
0.193438
0.245260
0.213490
0.230990
0.233958
0.257135
0.243021
0.198385
0.230833
0.212708
0.212738
0.241146
0.205833
0.201719
0.220938
0.222292
0.271667
0.213594
0.250052
0.205104
0.227656
0.216563
0.244583
0.218542
0.215104
0.227917
0.233854
0.248698
0.211771
0.231406
0.220000
0.191510
0.190573
0.224896
0.202857
0.213438
0.210417
0.212760
0.221458
0.214115
0.196094
0.182604
0.228698
0.222188
0.197448
0.227500
0.199375
0.205469
0.197760
0.214375
0.209219
0.210417
0.218385
0.207240
0.185833
0.222813
0.200104
0.239063
0.224286
0.205833
0.220625
0.187396
0.247604
0.250833
0.189063
0.202865
0.201563
0.210677
0.193542
0.212656
0.220521
0.227240
0.177500
0.207656
0.198802
0.198698
0.187240
0.212188
0.194219
0.173698
0.205365
0.198177
0.178095
0.217396
0.195208
0.189740
0.221458
0.212604
0.192813
0.215156
0.197292
0.170365
0.190625
0.191875
0.203229
0.225938
0.205208
0.196667
0.193229
0.176406
0.192656
0.190625
0.196042
0.178646
0.200625
0.202240
0.194881
0.227708
0.225365
0.192240
0.181094
0.159792
0.188698
0.237135
0.183542
0.180521
0.213594
0.220833
0.195000
0.210729
0.164219
0.204635
0.221875
0.218333
0.182188
0.193542
0.184844
