2.273207
2.272887
2.282139
2.274039
2.265096
2.244410
2.250858
2.201551
2.192463
2.200856
2.171545
2.152020
2.052143
2.061946
2.025908
1.960804
1.910228
1.891921
1.889151
1.865302
1.764152
1.804603
1.627748
1.274577
1.003664
1.316273
2.117330
1.743540
1.733328
8.233268
10.837118
6.408557
3.948477
1.884299
1.876610
2.058865
2.182141
2.193799
2.216946
2.233552
2.244692
2.249252
2.255474
2.234363
2.268879
2.220820
2.231798
2.259983
2.222406
2.187575
2.168813
2.229892
2.131263
2.171342
2.202362
2.149198
2.094385
2.029777
2.085280
2.008635
2.022983
2.012665
1.997990
1.906838
1.875818
1.807665
1.776763
1.802580
1.759607
1.730904
1.617379
1.545518
1.542866
1.496341
1.422853
1.400502
1.166865
1.116116
1.089618
1.224408
1.004755
0.998930
0.946964
0.770665
0.776762
0.969646
0.862688
0.790753
0.631655
0.610276
0.865024
0.614569
0.645035
0.986638
0.812528
0.764050
1.161133
1.232494
0.818477
0.924670
2.360339
1.999819
1.048802
0.886175
0.781695
1.788226
1.592379
2.160453
1.817170
1.062047
0.637425
0.435043
0.466117
0.303019
0.538340
0.618040
0.836989
0.892293
0.828916
0.862285
0.552669
0.528417
0.334650
0.439830
0.621400
0.278773
0.439660
0.334098
0.655153
0.742077
0.710530
0.451514
0.518117
0.447009
0.336838
0.318609
0.507342
0.684286
0.670994
0.222628
0.301350
0.209440
0.409606
0.171547
0.441884
0.365543
0.268266
0.461067
0.381484
0.480745
0.397984
0.264083
0.303646
0.442106
0.246142
0.201137
0.158679
0.259695
0.344137
0.216959
0.392453
0.496415
0.283218
0.265568
0.297174
0.337821
0.221444
0.273192
0.549431
0.241887
0.257869
0.283600
0.303869
0.298059
0.233521
0.293693
0.537135
0.194312
0.253003
0.162699
0.267680
0.258580
0.238917
0.254568
0.327667
0.260736
0.182779
0.141184
0.194384
0.255031
0.216238
0.426374
0.387532
0.178669
0.301607
0.316178
0.175825
0.198223
0.277315
0.350423
0.280632
0.386300
0.548021
0.347037
0.346977
0.401039
0.182089
0.351307
0.230536
0.100202
0.318738
0.163182
0.163295
0.243832
0.207627
0.173794
0.227976
0.172103
0.252315
0.362544
0.115084
0.301804
0.168597
0.222039
0.218037
0.338468
0.247214
0.154764
0.095425
0.134818
0.175665
0.286982
0.123440
0.201998
0.253184
0.359358
0.178850
0.221234
0.179793
0.240070
0.206298
0.250984
0.245592
0.147247
0.401680
0.296817
0.198271
0.166236
0.187940
0.211276
0.314774
0.511043
0.309956
0.149856
0.126612
0.195230
0.171538
0.129927
0.139109
0.341640
0.552309
0.550773
0.171138
0.220299
0.165665
0.118748
0.147917
0.186906
0.213077
0.098647
0.108259
0.160580
0.273381
0.353111
0.115318
0.140060
0.119350
0.277848
0.164477
0.142478
0.151084
0.116965
0.262346
0.143341
0.134109
0.207600
0.271231
0.227997
0.246088
0.319210
0.211724
0.111812
0.168651
0.187359
0.270166
0.082345
0.128148
0.163550
0.196271
0.220827
0.543152
0.246023
0.250436
0.192104
0.479097
1.029802
0.337074
0.539937
0.311518
0.450171
0.119374
0.155370
0.254108
0.370434
0.548460
0.294032
0.171531
0.288930
0.073805
0.206087
0.108007
0.246929
0.287303
0.367450
0.357361
0.478849
0.160317
0.233264
0.270071
0.202465
0.128121
0.367013
0.486478
0.373440
0.766270
0.355663
0.271683
0.197741
0.220835
0.113473
0.120907
0.207564
0.180502
0.280535
0.105390
0.175657
0.368605
0.149398
0.077060
0.224090
0.071039
0.140807
0.488960
0.604579
0.421588
0.213546
0.143682
0.169737
0.290151
0.308858
0.292443
0.145196
0.178788
0.215065
0.234720
0.067674
0.117714
0.117995
0.068078
0.079667
0.161803
0.320014
0.256428
0.338301
0.113961
0.184836
0.115341
0.124166
0.416222
0.378221
0.034130
0.163975
0.207783
0.152117
0.599302
0.152671
0.045073
0.068111
0.165524
0.139689
0.242057
0.214034
0.225569
0.117407
0.273687
0.047175
0.121937
0.179007
0.057489
0.363431
0.423587
0.400320
0.437539
0.199666
0.112884
0.059802
0.095769
0.286229
0.267747
0.269817
0.194780
0.205080
0.224019
0.475950
0.343639
0.170441
0.206943
0.345405
0.366783
0.299957
0.204828
0.172062
0.052370
0.058741
0.385467
0.323056
0.294535
0.162680
0.080719
0.103210
0.169482
0.093759
0.293748
0.240620
0.214436
0.222387
0.185164
0.429774
0.197885
0.168829
0.118647
0.021220
0.116434
0.070697
0.059177
0.225633
0.085444
0.095499
0.146975
0.015506
0.098260
0.128610
0.171061
0.112762
0.198949
0.063633
0.269718
0.109535
0.103677
0.128888
0.084704
0.228990
0.221807
0.276450
0.139294
0.127029
0.123392
0.145305
0.078563
0.138227
0.193418
0.148028
0.199837
0.068673
0.163691
0.161837
0.151249
0.073579
0.080249
0.137541
0.086263
0.088317
0.174671
0.070509
0.147502
0.123538
0.097371
0.104484
0.255721
0.102225
0.135105
0.075639
0.167921
0.030943
0.116819
0.056226
0.123096
0.033689
0.146969
0.135142
