2.339121
2.341646
2.355842
2.329560
2.351111
2.335117
2.337584
2.335038
2.345546
2.378206
2.388399
2.394133
2.380335
2.389677
2.386385
2.384386
2.386763
2.392769
2.422139
2.374528
2.367747
2.375516
2.359527
2.361697
2.373798
2.376729
2.389134
2.413140
2.391045
2.443063
2.379758
2.380084
2.472066
2.383824
2.443046
2.419445
2.426937
2.427131
2.468620
2.431699
2.490538
2.492017
2.491317
2.472808
2.442299
2.475117
2.421749
2.425379
2.425079
2.349430
2.380591
2.379885
2.410059
2.348906
2.351803
2.349270
2.372345
2.352978
2.287525
2.304549
2.361778
2.287861
2.408340
2.490107
2.436508
2.518358
2.483242
2.413484
2.395264
2.447857
2.477333
2.488468
2.376400
2.522201
2.501157
2.483740
2.476838
2.369724
2.332922
2.295054
2.305737
2.242285
2.297824
2.395611
2.243319
2.278420
2.323671
2.197503
2.274558
2.155383
2.073753
2.009811
2.065555
2.140479
1.961706
1.961544
1.989171
1.959285
1.984578
2.126876
2.147612
2.083254
2.288597
2.144874
2.018886
2.086886
2.152064
1.885901
1.654463
1.561189
1.545607
1.481915
1.439065
1.356390
1.244429
1.153939
1.488355
1.448618
1.494161
1.489181
1.444402
1.300009
1.379857
1.229809
1.365210
1.209476
1.159455
1.233425
1.004831
0.940879
1.079386
1.186930
1.234991
1.239681
1.226138
0.911017
0.855985
0.962138
0.792436
0.809208
0.860470
1.493563
1.413910
1.337329
1.121026
1.418885
1.830426
1.676708
1.273433
0.908346
0.806294
0.798173
0.566268
0.735795
1.289383
1.815526
1.706471
1.461373
1.061431
1.211832
1.127829
0.761648
0.769733
0.779686
0.894611
0.919545
1.583971
0.971191
1.154505
0.906704
0.940499
0.665944
0.404510
0.581020
0.628684
0.785529
0.956179
0.667025
0.621842
0.938893
0.743721
0.609125
0.541090
0.491230
0.559983
1.057753
0.969642
1.266954
1.379185
1.498000
1.707529
2.664056
2.539630
1.896163
0.916743
0.384810
0.649684
0.749063
0.514916
0.526825
0.759700
0.790094
0.881425
1.177558
1.438231
1.608143
1.121041
0.767123
0.332342
0.443751
0.468452
0.599332
1.531194
2.072520
1.847105
1.280870
1.088012
0.743583
0.445207
0.443538
0.658080
1.035623
1.528615
2.228411
2.448089
2.103520
2.261567
3.826903
2.552718
2.388548
1.661962
0.619721
0.456729
0.432607
0.520743
0.635102
0.794253
0.688959
0.597391
0.665645
0.778991
0.879272
0.680889
0.613571
0.730834
1.006079
1.015184
0.992749
0.858485
0.548003
0.546266
0.542667
0.432256
0.605375
0.872780
0.678273
0.700723
0.577402
0.593890
0.867878
0.803150
0.746624
0.634753
0.472917
0.473635
0.475419
0.445007
0.381881
0.701148
1.024002
1.174933
1.428087
1.460891
1.553859
1.291124
0.996716
0.533500
0.521477
0.461967
0.465076
0.502444
0.422682
0.483438
0.585187
0.673168
0.736814
0.704395
0.467731
0.521880
0.616922
0.500062
0.520134
0.328353
0.635510
0.462253
0.367442
0.509196
0.515364
0.704783
0.614667
0.478115
0.511209
0.463404
0.615995
0.669402
0.545477
0.466864
0.345863
0.397590
0.385662
0.473710
0.472825
0.477099
0.679044
0.627148
0.950684
0.704230
0.612753
0.534221
0.572586
0.538343
0.484521
0.512053
0.530928
0.381382
0.600254
0.516968
0.402487
0.592338
0.582613
0.581540
0.603503
0.398999
0.292186
0.660439
0.807715
0.724436
0.906769
0.966667
0.775092
0.365115
0.231999
0.321211
0.458281
0.588432
0.781218
1.159441
1.154154
0.934325
0.941716
0.695807
0.534646
0.395514
0.347417
0.317406
0.277034
0.405275
0.280220
0.416063
0.893614
1.090340
0.935065
1.164141
1.355741
1.128355
1.141599
0.884961
1.062208
1.113618
1.158536
1.137962
1.498586
1.352513
0.667514
0.802779
0.747384
0.534799
0.481239
0.360093
0.423741
0.254461
0.326830
0.210811
0.407022
0.374217
0.516854
0.657413
0.665638
0.543080
0.897311
0.857731
0.697606
0.476219
0.308045
0.309712
0.381409
0.326496
0.267616
0.462340
0.537517
0.727302
1.098679
1.137724
1.411481
1.318491
1.022094
1.180746
1.385233
1.014965
1.385085
1.341780
0.874499
0.828915
0.322877
0.376212
0.327462
0.226787
0.352578
0.246337
0.416406
0.714374
0.619346
0.860914
1.019632
1.169150
0.873618
1.212496
1.435786
1.622122
1.244793
0.712109
0.427549
0.281031
0.300296
0.419213
0.516193
0.535661
0.678452
0.542468
0.523643
0.411778
0.376955
0.557118
0.485802
0.650034
0.674986
0.636334
0.392656
0.465702
0.503524
0.557970
0.545032
0.620701
0.544225
0.443627
0.371429
0.341701
0.207638
0.318738
0.330151
0.431182
0.477424
0.648269
0.851236
0.789345
0.802070
0.812133
0.703264
0.783868
1.073179
0.639566
0.705864
0.894994
0.564014
0.570776
0.479537
0.601187
0.356553
0.228661
0.327569
0.277435
0.322549
0.199081
0.279125
0.362343
0.628913
0.617587
0.808612
0.621869
0.785823
0.784933
0.847334
0.965050
0.801234
0.471082
0.502670
0.387569
0.400733
0.601088
0.412629
