2.312820
2.298682
2.280793
2.264214
2.242618
2.251409
2.211432
2.143109
2.044637
2.027886
1.914496
1.841320
1.805937
1.788990
1.714773
1.717113
1.721949
1.732314
1.694252
1.666939
1.696948
1.666326
1.689996
1.655774
1.613221
1.653114
1.604811
1.629821
1.620202
1.618501
1.587440
1.624009
1.612433
1.593070
1.567716
1.580124
1.578041
1.563581
1.563362
1.579295
1.561600
1.559204
1.545419
1.534797
1.541300
1.567983
1.544402
1.549788
1.536849
1.526270
1.564084
1.571132
1.528605
1.537803
1.541246
1.525739
1.535035
1.503770
1.543500
1.514358
1.541132
1.529073
1.527613
1.503455
1.525328
1.540024
1.538177
1.544476
1.531922
1.529133
1.512862
1.542097
1.512228
1.529900
1.532816
1.507149
1.556222
1.512216
1.498849
1.521704
1.521366
1.510569
1.542520
1.526796
1.506026
1.524210
1.520169
1.531411
1.508643
1.495779
1.523433
1.524707
1.493354
1.529632
1.531295
1.493133
1.501073
1.520937
1.493138
1.530718
1.500083
1.491839
1.508277
1.494364
1.487973
1.503014
1.514619
1.500423
1.486147
1.500283
1.487019
1.498438
1.505878
1.469070
1.482020
1.475462
1.504496
1.480258
1.486378
1.504116
1.503177
1.492746
1.498066
1.491170
1.490759
1.513247
1.504160
1.519757
1.514313
1.509207
1.501707
1.503082
1.494867
1.494957
1.490325
1.488661
1.514061
1.509484
1.502798
1.504966
1.502702
1.494444
1.500721
1.510756
1.501477
1.488693
1.519514
1.492653
1.503480
1.496854
1.506185
1.471750
1.514150
1.497070
1.510427
1.488016
1.476764
1.496955
1.490991
1.494306
1.488452
1.484755
1.497913
1.489759
1.484229
1.497320
1.484079
1.494652
1.484162
1.495597
1.514203
1.489264
1.493242
1.498479
1.493606
1.486767
1.496442
1.513786
1.487638
1.496422
1.483768
1.504518
1.480055
1.494799
1.479101
1.484803
1.492726
1.512869
1.493753
1.490628
1.487485
1.489162
1.497290
1.476599
1.488921
1.494742
1.492309
1.476763
1.482241
1.496394
1.493681
1.483096
1.485165
1.484448
1.481569
1.481370
1.489836
1.484712
1.489345
1.479983
1.495601
1.490024
1.494836
1.506570
1.493325
1.494400
1.485968
1.493902
1.484581
1.484357
1.504336
1.493346
1.497416
1.471826
1.496096
1.486686
1.480654
1.513323
1.479102
1.501846
1.473609
1.482211
1.476838
1.507911
1.478563
1.484864
1.485267
1.490465
1.488315
1.490267
1.479453
1.494218
1.495485
1.476340
1.475079
1.475917
1.484332
1.484429
1.480755
1.479957
1.494589
1.478459
1.504675
1.488426
1.469427
1.491643
1.482686
1.474149
1.473766
1.500912
1.506457
1.489557
1.489290
1.483719
1.495351
1.477174
1.493149
1.474343
1.491908
1.478207
1.493037
1.485116
1.481184
1.496118
1.478511
1.481074
1.474180
1.481872
1.492342
1.481438
1.501339
1.481277
1.481562
1.471785
1.485466
1.474126
1.484682
1.487182
1.491612
1.486461
1.473083
1.476316
1.493001
1.474050
1.477299
1.485516
1.486584
1.476591
1.499204
1.488982
1.485495
1.477472
1.478594
1.475961
1.489196
1.479514
1.498190
1.480307
1.474301
1.474335
1.484493
1.471116
1.495954
1.473823
1.476963
1.474092
1.503399
1.486500
1.483980
1.475797
1.478922
1.476380
1.476317
1.475986
1.494205
1.474826
1.483783
1.495013
1.480281
1.477465
1.481528
1.480030
1.482131
1.478796
1.475104
1.481168
1.481521
1.486370
1.500294
1.485889
1.474145
1.472765
1.488782
1.482554
1.482315
1.485587
1.487452
1.473545
1.478948
1.475746
1.477295
1.478363
1.479892
1.473085
1.480215
1.477681
1.484798
1.483988
1.470943
1.475853
1.476012
1.470043
1.488497
1.492795
1.474302
1.471972
1.482834
1.475596
1.488119
1.479418
1.500243
1.478037
1.478254
1.482952
1.488383
1.480661
1.480848
1.475985
1.485005
1.481073
1.474266
1.474262
1.478346
1.470338
1.485000
1.478156
1.486823
1.473016
1.473545
1.483805
1.494864
1.478908
1.485037
1.478267
1.476034
1.487261
1.478458
1.483766
1.484937
1.478383
1.492689
1.472075
1.472794
1.486684
1.497785
1.474570
1.472694
1.480904
1.483444
1.476141
1.477903
1.484033
1.474717
1.493018
1.473117
1.487529
1.486143
1.467458
1.482411
1.478734
1.473713
1.473929
1.484190
1.475000
1.481331
1.488974
1.477039
1.480520
1.477665
1.477268
1.478894
1.484407
1.479735
1.485516
1.487857
1.485605
1.477131
1.471385
1.478128
1.475090
1.486912
1.475629
1.489824
1.477612
1.476248
1.481411
1.482449
1.472023
1.473518
1.477550
1.478607
1.480921
1.470599
1.474331
1.470132
1.472638
1.476298
1.478449
1.484244
1.471351
1.485758
1.475436
1.477103
1.472988
1.471386
1.469767
1.490083
1.479399
1.480053
1.472700
1.477706
1.482767
1.475808
1.482503
1.471143
1.479831
1.478520
1.488620
1.483054
1.482049
1.467128
1.498531
1.486673
1.468803
1.478296
1.480651
1.480112
1.472017
1.478448
1.474689
1.487197
1.478754
1.478898
1.473660
1.489474
1.471875
1.495432
1.491359
1.477454
1.473574
