2.303991
2.299050
2.293854
2.286028
2.288769
2.274162
2.234614
2.257231
2.233075
2.194371
2.207840
2.170165
2.145860
2.106650
2.139217
2.050828
2.007391
1.952599
1.913016
1.876808
1.928063
1.852234
1.857026
1.828798
1.823464
1.814169
1.804300
1.767615
1.792639
1.777649
1.767627
1.772555
1.741875
1.722303
1.736071
1.710614
1.726321
1.755781
1.754560
1.677939
1.733954
1.733490
1.695021
1.700348
1.687768
1.638367
1.704037
1.749824
1.614502
1.704972
1.716182
1.665752
1.684017
1.654033
1.653692
1.702089
1.697546
1.649446
1.690997
1.605477
1.677742
1.636114
1.650985
1.660986
1.681081
1.686316
1.660208
1.615835
1.688832
1.618767
1.638394
1.676027
1.623078
1.653826
1.621355
1.623750
1.686283
1.687184
1.677320
1.650378
1.656051
1.639627
1.626406
1.600726
1.580704
1.673583
1.624429
1.660788
1.616464
1.639784
1.597687
1.686284
1.635178
1.638769
1.610236
1.631374
1.659473
1.675310
1.615676
1.647651
1.630435
1.606425
1.635806
1.628900
1.666614
1.616437
1.631453
1.615969
1.606264
1.620306
1.642668
1.611359
1.583093
1.625088
1.646771
1.620648
1.624025
1.616851
1.632008
1.684758
1.618819
1.618919
1.596486
1.617056
1.641067
1.610907
1.636448
1.635579
1.608681
1.591269
1.576866
1.624390
1.589087
1.644156
1.611950
1.587261
1.608436
1.580258
1.586578
1.585227
1.563558
1.585861
1.604462
1.575250
1.583358
1.585238
1.566931
1.541605
1.550148
1.560292
1.549842
1.552228
1.533909
1.554335
1.563421
1.542871
1.554549
1.581234
1.539171
1.568072
1.540983
1.555635
1.584809
1.536051
1.525955
1.577217
1.564603
1.550659
1.537561
1.544206
1.542503
1.550315
1.572961
1.541528
1.548489
1.536021
1.549285
1.553205
1.523659
1.518640
1.511523
1.523114
1.550403
1.546171
1.524861
1.529671
1.519962
1.530412
1.547312
1.530655
1.528655
1.538883
1.523451
1.520858
1.539779
1.540413
1.529713
1.539142
1.523748
1.514865
1.515488
1.525588
1.530640
1.517793
1.525841
1.535160
1.531227
1.543023
1.544305
1.514638
1.541011
1.517090
1.519010
1.553898
1.515785
1.512300
1.523293
1.518863
1.539517
1.542003
1.531002
1.548639
1.522028
1.522006
1.540345
1.532538
1.511042
1.511882
1.514951
1.532749
1.520492
1.546203
1.508072
1.510861
1.513930
1.524105
1.513919
1.509952
1.503812
1.528152
1.526143
1.554086
1.510488
1.503499
1.499542
1.540370
1.524143
1.508945
1.505492
1.497418
1.511453
1.519611
1.498561
1.513198
1.553390
1.532842
1.483718
1.525491
1.520314
1.484264
1.505789
1.522629
1.509089
1.548890
1.505273
1.512027
1.514369
1.510354
1.539828
1.502095
1.513488
1.507024
1.520079
1.504294
1.507959
1.508441
1.514238
1.516784
1.507941
1.504785
1.513959
1.510307
1.503092
1.491703
1.506886
1.499355
1.527095
1.523766
1.502408
1.516221
1.505158
1.492957
1.507601
1.513478
1.506216
1.506182
1.502803
1.511980
1.523729
1.493595
1.488222
1.497794
1.515418
1.522682
1.494480
1.506977
1.509611
1.503460
1.497897
1.484328
1.512257
1.499949
1.504595
1.509453
1.486419
1.498435
1.516164
1.515988
1.526512
1.504411
1.517671
1.526156
1.487173
1.494544
1.498844
1.492718
1.508660
1.513549
1.498534
1.499813
1.519323
1.496904
1.504363
1.500411
1.497309
1.522376
1.496140
1.515090
1.480348
1.510578
1.508579
1.504574
1.509255
1.495369
1.501917
1.510917
1.485610
1.496256
1.495828
1.511813
1.483594
1.519194
1.501375
1.490641
1.501280
1.484993
1.508387
1.498630
1.508723
1.485425
1.512175
1.494758
1.495842
1.498021
1.495821
1.492800
1.501052
1.503299
1.473668
1.522106
1.496717
1.489269
1.496599
1.480992
1.496351
1.508584
1.491228
1.509682
1.546661
1.491476
1.509280
1.492259
1.504723
1.489132
1.499987
1.513350
1.498169
1.488282
1.500834
1.496937
1.503084
1.511030
1.504631
1.502356
1.499255
1.491593
1.503204
1.503741
1.489811
1.484096
1.483854
1.487448
1.488908
1.493637
1.495725
1.484704
1.480955
1.484823
1.509569
1.490769
1.488614
1.502239
1.512558
1.509367
1.494482
1.494446
1.506917
1.482638
1.492136
1.497725
1.501076
1.491252
1.500446
1.518257
1.494406
1.493440
1.490460
1.478001
1.492510
1.471452
1.489859
1.491757
1.491523
1.487820
1.496015
1.486108
1.499228
1.498922
1.494662
1.516295
1.499463
1.489686
1.499910
1.485091
1.478955
1.487010
1.497324
1.484312
1.473398
1.513043
1.493089
1.497541
1.498934
1.509485
1.478625
1.498529
1.487870
1.479501
1.486502
1.489113
1.491324
1.494126
1.497015
1.487945
1.484199
1.499459
1.491942
1.506470
1.476302
1.496548
1.484276
1.503503
1.476364
1.502156
1.482290
1.492615
1.513024
1.487968
1.478652
1.509627
1.501845
1.496435
1.499763
1.490689
1.498123
1.483766
1.495285
1.499008
1.502971
1.488001
1.487984
1.485440
1.492399
1.488507
1.477088
1.499100
1.491101
1.512920
1.481102
1.476360
