2.303256
2.294978
2.290143
2.282311
2.290811
2.278768
2.284962
2.271695
2.277445
2.260691
2.276858
2.247944
2.237885
2.278645
2.276712
2.252216
2.192118
2.256594
2.267920
2.247903
2.224871
2.256873
2.220955
2.217823
2.224500
2.242943
2.231208
2.238451
2.185150
2.223962
2.228055
2.219800
2.192091
2.235998
2.215259
2.196016
2.190581
2.161695
2.193889
2.180305
2.178372
2.202112
2.190918
2.197313
2.188388
2.144710
2.152846
2.115471
2.135860
2.125476
2.136724
2.145546
2.118556
2.067661
2.084059
2.056131
2.083904
2.052016
2.034554
2.020880
2.067281
2.076036
2.029002
2.026361
2.021653
2.030120
2.016394
2.017349
1.974181
1.903781
1.921308
1.879344
1.907071
1.836042
1.788694
1.818830
1.775295
1.822614
1.782186
1.801590
1.715552
1.706344
1.800522
1.696390
1.615317
1.615896
1.607805
1.703837
1.667604
1.543975
1.571745
1.540911
1.483122
1.454344
1.303283
1.395331
1.370315
1.303760
1.300494
1.259687
1.146586
1.163961
1.153877
1.019246
1.111194
1.182527
0.986922
1.022818
0.977500
0.872147
0.857031
0.806425
0.886995
0.793036
0.884843
0.844945
0.802420
0.749138
0.790661
0.950345
0.646492
0.635775
0.765902
0.734874
0.701509
0.682444
0.754357
0.621950
0.688190
0.648776
0.619991
0.590369
0.651362
0.575455
0.606909
0.481210
0.519617
0.489440
0.585221
0.618884
0.518390
0.643436
0.560764
0.447657
0.547462
0.491195
0.506110
0.414508
0.516850
0.578108
0.580587
0.457555
0.405369
0.588201
0.515268
0.450035
0.540526
0.443083
0.442259
0.530509
0.499121
0.467147
0.531397
0.471118
0.486574
0.431194
0.401443
0.414298
0.413914
0.368347
0.495671
0.493300
0.386595
0.354548
0.457547
0.441888
0.366067
0.530093
0.455618
0.400561
0.386170
0.545784
0.417600
0.529527
0.327544
0.329821
0.487666
0.517370
0.385880
0.261023
0.413986
0.403895
0.379920
0.394719
0.347528
0.418972
0.412956
0.324114
0.376976
0.358668
0.294290
0.314340
0.371873
0.479080
0.303028
0.286981
0.498642
0.369259
0.285730
0.205581
0.296495
0.337158
0.326827
0.173737
0.372618
0.532633
0.322584
0.315442
0.307267
0.240700
0.382896
0.343259
0.260886
0.265701
0.283058
0.251951
0.224965
0.349577
0.320212
0.387404
0.488236
0.308109
0.221864
0.294376
0.333215
0.352216
0.238871
0.230231
0.224125
0.448838
0.216246
0.253509
0.275662
0.183182
0.283506
0.362612
0.262330
0.288958
0.298684
0.384036
0.159135
0.180560
0.309276
0.300406
0.291360
0.200291
0.236996
0.439457
0.287472
0.375219
0.228809
0.300810
0.235669
0.387867
0.304128
0.201511
0.257353
0.262405
0.280979
0.289512
0.293738
0.285502
0.214475
0.235472
0.225811
0.260753
0.168478
0.175161
0.212902
0.262005
0.257407
0.329958
0.244470
0.238572
0.290303
0.218073
0.184263
0.337285
0.215069
0.261015
0.289190
0.291054
0.248151
0.297417
0.251659
0.225213
0.167198
0.250736
0.211130
0.235885
0.228476
0.254885
0.108113
0.258043
0.346628
0.227157
0.257711
0.202471
0.217276
0.211962
0.254246
0.248073
0.191133
0.202282
0.167303
0.223533
0.271049
0.236558
0.210374
0.223205
0.170221
0.211570
0.206778
0.214158
0.163264
0.258714
0.237392
0.192124
0.198724
0.245590
0.236751
0.265229
0.222632
0.255675
0.242937
0.128029
0.131526
0.240326
0.231310
0.174835
0.173497
0.179245
0.202320
0.237640
0.225485
0.244781
0.126637
0.267683
0.237806
0.340955
0.153642
0.184750
0.181021
0.257485
0.116211
0.179211
0.225033
0.239287
0.168798
0.154050
0.180586
0.219775
0.207086
0.208351
0.236507
0.177000
0.141474
0.239477
0.174066
0.163115
0.140816
0.176840
0.138884
0.261592
0.189914
0.168681
0.145352
0.286991
0.226811
0.142454
0.150187
0.206018
0.198108
0.170630
0.121358
0.191826
0.172763
0.273521
0.168532
0.185845
0.113014
0.151402
0.242616
0.185973
0.174691
0.197370
0.155764
0.279653
0.173249
0.152359
0.184377
0.179608
0.172519
0.151976
0.173481
0.147570
0.209939
0.090648
0.156339
0.183381
0.202174
0.194655
0.209051
0.192746
0.159144
0.236701
0.198906
0.117853
0.156615
0.131268
0.145134
0.167852
0.098892
0.174920
0.227056
0.189711
0.190306
0.175564
0.106241
0.214682
0.170551
0.148231
0.216052
0.127047
0.107932
0.157625
0.064529
0.194714
0.152774
0.157957
0.163548
0.138777
0.138707
0.102373
0.151362
0.192271
0.193273
0.229488
0.187274
0.159215
0.169747
0.212124
0.258221
0.133532
0.160380
0.179476
0.225978
0.150032
0.120275
0.257031
0.071063
0.156292
0.130864
0.138068
0.160177
0.127129
0.150642
0.139978
0.159794
0.280192
0.147762
0.186817
0.171744
0.135418
0.115503
0.106030
0.070792
0.165805
0.144085
0.178352
0.142923
0.140530
0.194279
0.219959
0.137347
0.133286
0.227925
0.101047
0.140580
0.110961
0.119389
0.152032
0.185716
0.096631
0.087235
0.129492
0.128542
0.177006
0.241367
0.105644
