2.303520
2.298490
2.263361
2.236759
2.206869
2.168346
2.117481
2.070161
2.007082
1.924734
1.846623
1.776803
1.776952
1.777872
1.714626
1.679027
1.676805
1.660564
1.674411
1.669858
1.647616
1.626463
1.626825
1.620194
1.623375
1.643793
1.627706
1.617574
1.580163
1.598506
1.582633
1.585377
1.624990
1.586340
1.597081
1.589800
1.567483
1.598006
1.599994
1.549817
1.578120
1.587823
1.571500
1.591269
1.575042
1.565259
1.575924
1.565606
1.582043
1.573066
1.572887
1.605771
1.574229
1.563117
1.570935
1.585362
1.574245
1.598869
1.589773
1.577514
1.585041
1.593994
1.589194
1.587369
1.561104
1.580844
1.616832
1.590990
1.581334
1.563792
1.585492
1.577689
1.564191
1.599972
1.600477
1.582189
1.553977
1.564764
1.580815
1.583030
1.583588
1.559625
1.568790
1.564255
1.561746
1.584859
1.565001
1.568532
1.553047
1.571484
1.575115
1.552755
1.560532
1.582209
1.557614
1.577769
1.574544
1.554174
1.543042
1.572788
1.569888
1.560875
1.569133
1.585941
1.598242
1.546466
1.572717
1.580208
1.581166
1.569587
1.547513
1.566606
1.551248
1.560370
1.546219
1.561218
1.568858
1.556637
1.554712
1.560088
1.562270
1.539965
1.569534
1.542495
1.569309
1.561027
1.555892
1.539914
1.544893
1.546056
1.550280
1.550607
1.554647
1.540570
1.549267
1.533270
1.542477
1.537936
1.528575
1.546201
1.511397
1.529695
1.514510
1.501906
1.531901
1.503040
1.502143
1.505391
1.510695
1.541062
1.511379
1.523381
1.511534
1.531976
1.522084
1.496514
1.493140
1.516884
1.487556
1.494532
1.505531
1.495489
1.489727
1.492177
1.504039
1.518327
1.488440
1.521098
1.505073
1.505933
1.514745
1.492167
1.511210
1.495046
1.497390
1.490896
1.487969
1.501481
1.488488
1.486690
1.500156
1.500386
1.495619
1.510711
1.499532
1.512345
1.482419
1.500025
1.481373
1.487296
1.474393
1.487777
1.475945
1.484093
1.493052
1.513870
1.493831
1.507197
1.483714
1.489823
1.490230
1.485134
1.481259
1.489346
1.497798
1.481302
1.484878
1.481203
1.480277
1.482618
1.512419
1.484306
1.486292
1.497427
1.476351
1.485377
1.509509
1.503861
1.487443
1.488125
1.475575
1.474253
1.473514
1.497143
1.492185
1.493391
1.473622
1.483609
1.498583
1.478179
1.478212
1.487496
1.519907
1.497030
1.483425
1.470949
1.488035
1.474964
1.495979
1.485284
1.478091
1.470005
1.470034
1.478045
1.473032
1.469189
1.497283
1.489633
1.493528
1.483239
1.480863
1.476634
1.476027
1.473726
1.483846
1.479254
1.471808
1.498727
1.465598
1.481158
1.477124
1.474938
1.483231
1.488517
1.481864
1.476476
1.488361
1.473867
1.485238
1.481613
1.491426
1.468975
1.471166
1.475487
1.471412
1.472539
1.480933
1.465811
1.485505
1.481027
1.483399
1.507349
1.484517
1.476380
1.474637
1.468914
1.478603
1.491417
1.470665
1.484982
1.474427
1.493366
1.476846
1.469494
1.477143
1.496280
1.471577
1.473630
1.496125
1.477344
1.478623
1.483376
1.477771
1.470144
1.501439
1.479069
1.471598
1.469939
1.471409
1.476355
1.471667
1.472967
1.465770
1.468829
1.484739
1.484825
1.475808
1.481439
1.482960
1.486574
1.466471
1.487743
1.483654
1.482864
1.469080
1.475292
1.484243
1.473468
1.470188
1.494091
1.490535
1.466719
1.482028
1.477829
1.476928
1.479239
1.482406
1.473473
1.480080
1.469320
1.483516
1.485434
1.495725
1.494264
1.474005
1.491073
1.484172
1.468546
1.481840
1.481926
1.476966
1.469798
1.474818
1.467463
1.475367
1.485579
1.477140
1.466304
1.463412
1.464973
1.480037
1.473045
1.480384
1.485111
1.471775
1.480306
1.476700
1.484020
1.468673
1.475936
1.476604
1.477121
1.485406
1.477217
1.474530
1.473666
1.465656
1.465418
1.496267
1.465031
1.466470
1.474888
1.466544
1.487779
1.478123
1.473775
1.488244
1.481632
1.469453
1.498663
1.479895
1.469190
1.483660
1.468336
1.472277
1.486455
1.474339
1.477340
1.470966
1.485121
1.486913
1.467341
1.476806
1.473793
1.473163
1.468534
1.486156
1.469486
1.483467
1.475481
1.478176
1.476618
1.479790
1.463536
1.478501
1.471602
1.475917
1.476728
1.466848
1.488718
1.466291
1.469794
1.486524
1.480807
1.474966
1.493016
1.469029
1.467500
1.480704
1.470243
1.467426
1.468051
1.481870
1.471326
1.464069
1.467095
1.482703
1.489164
1.486269
1.485403
1.463732
1.471365
1.482235
1.475396
1.479195
1.474482
1.464358
1.487038
1.467259
1.476888
1.475684
1.476139
1.484449
1.478889
1.476677
1.469735
1.467607
1.464481
1.477296
1.481954
1.476831
1.473041
1.465015
1.485313
1.478569
1.473924
1.467748
1.496175
1.469442
1.482709
1.480405
1.473234
1.465796
1.497916
1.476957
1.470578
1.471965
1.465219
1.474128
1.473308
1.470922
1.468824
1.468230
1.464037
1.464406
1.486288
1.481337
1.477520
1.474671
1.470106
1.472522
1.477926
1.481311
1.471459
1.474128
1.477244
1.468337
1.483261
1.466279
1.466610
