2.304260
2.300857
2.291053
2.267555
2.255342
2.230469
2.219324
2.210657
2.224839
2.233278
2.240996
2.230145
2.236243
2.187284
2.109126
2.041376
2.032357
1.988333
1.897905
1.903907
1.838341
1.843605
1.841866
1.800165
1.782588
1.778288
1.753059
1.762155
1.735828
1.726706
1.707167
1.743400
1.767888
1.780031
1.737102
1.752969
1.690943
1.629331
1.690379
1.669990
1.696375
1.684329
1.686939
1.689985
1.672137
1.678829
1.632002
1.658790
1.695408
1.674987
1.665628
1.696769
1.699243
1.622870
1.641556
1.604252
1.642187
1.618126
1.625591
1.638813
1.637616
1.634095
1.656603
1.661469
1.639054
1.627263
1.612639
1.611160
1.606353
1.651725
1.642909
1.618550
1.581353
1.598463
1.625471
1.645023
1.636300
1.619753
1.622754
1.587679
1.602914
1.578655
1.587594
1.578425
1.605658
1.573464
1.607746
1.603606
1.587210
1.579294
1.589702
1.568167
1.585798
1.546284
1.605629
1.573190
1.573128
1.595211
1.594475
1.549496
1.558195
1.551694
1.538168
1.556558
1.583199
1.612244
1.561836
1.618944
1.594013
1.595958
1.526873
1.564626
1.544551
1.601568
1.599143
1.553157
1.538386
1.570437
1.555493
1.581810
1.587021
1.546522
1.563876
1.568227
1.548988
1.571977
1.563761
1.568763
1.571786
1.551599
1.561138
1.555403
1.549156
1.550135
1.554590
1.570455
1.547908
1.570655
1.529208
1.536372
1.521585
1.541965
1.526243
1.568947
1.547697
1.523977
1.558190
1.547330
1.522936
1.523026
1.532212
1.513462
1.548926
1.544200
1.534842
1.556271
1.556558
1.570392
1.558005
1.535181
1.535859
1.531847
1.515058
1.534641
1.540692
1.550630
1.543998
1.544462
1.521660
1.521707
1.521352
1.538980
1.525127
1.522382
1.556083
1.532093
1.510567
1.535594
1.533142
1.517931
1.525308
1.544828
1.559216
1.524466
1.523144
1.536143
1.544560
1.494522
1.534659
1.524473
1.512777
1.530225
1.504399
1.543202
1.527578
1.526551
1.546943
1.527838
1.530134
1.520003
1.530584
1.527339
1.529741
1.514903
1.530493
1.541588
1.532100
1.526745
1.531055
1.538791
1.507362
1.546341
1.504646
1.497721
1.531331
1.523405
1.533247
1.540195
1.523198
1.508018
1.517816
1.518931
1.517497
1.505084
1.542953
1.530789
1.528198
1.526989
1.531322
1.500782
1.520159
1.528868
1.513750
1.551421
1.526628
1.528285
1.523688
1.530624
1.492120
1.515210
1.510018
1.526601
1.527104
1.547142
1.508434
1.503800
1.517374
1.516689
1.514880
1.533221
1.542166
1.514100
1.518445
1.495497
1.513254
1.524163
1.509735
1.506340
1.542905
1.510267
1.514115
1.494698
1.491062
1.518330
1.504726
1.536799
1.533610
1.503223
1.516541
1.516434
1.527706
1.519347
1.514807
1.511647
1.507176
1.499202
1.507669
1.496908
1.531584
1.496995
1.513909
1.503162
1.511258
1.514617
1.492055
1.500963
1.499014
1.503696
1.561705
1.547180
1.504922
1.482881
1.512117
1.511927
1.500411
1.522766
1.529598
1.520850
1.512544
1.501762
1.503660
1.513343
1.487132
1.501914
1.512724
1.513744
1.526760
1.515006
1.502480
1.489704
1.489102
1.511343
1.530135
1.491729
1.497840
1.504921
1.502223
1.518610
1.516636
1.509342
1.508996
1.497590
1.517202
1.532120
1.505401
1.497477
1.492245
1.498745
1.498176
1.490067
1.499186
1.508838
1.532195
1.488175
1.510692
1.517198
1.534351
1.520867
1.495077
1.504032
1.502978
1.508690
1.512493
1.490197
1.499766
1.510084
1.505139
1.491056
1.500328
1.526668
1.487287
1.500087
1.514763
1.502442
1.523628
1.496159
1.502287
1.488645
1.494199
1.507388
1.518481
1.518311
1.496450
1.499158
1.493299
1.500443
1.480749
1.497587
1.487845
1.481532
1.496438
1.510612
1.498655
1.494592
1.500855
1.514268
1.523496
1.509333
1.510454
1.528367
1.506338
1.488668
1.495872
1.502899
1.497015
1.498309
1.505157
1.507892
1.507292
1.508094
1.503277
1.474987
1.479156
1.491658
1.497510
1.507726
1.493108
1.499897
1.487471
1.509052
1.524793
1.503699
1.483428
1.499494
1.493482
1.502671
1.515418
1.518325
1.493202
1.515018
1.496196
1.489352
1.500109
1.524017
1.501204
1.492423
1.518079
1.481903
1.496482
1.505504
1.496455
1.487732
1.492825
1.508473
1.493955
1.494837
1.492179
1.505195
1.477575
1.492323
1.503249
1.516903
1.486024
1.516362
1.502851
1.493635
1.491916
1.491150
1.486572
1.497094
1.501710
1.502133
1.497112
1.492993
1.477106
1.498593
1.492337
1.536315
1.517332
1.509316
1.493541
1.489987
1.483609
1.508791
1.498822
1.481894
1.487674
1.490309
1.496403
1.512390
1.508954
1.501689
1.483254
1.498099
1.496033
1.486452
1.478637
1.496286
1.508103
1.502730
1.503103
1.496040
1.488404
1.493828
1.510201
1.510588
1.488689
1.503974
1.486529
1.487008
1.493941
1.496547
1.483535
1.499556
1.491076
1.505306
1.502458
1.486079
1.497459
1.493155
1.477918
1.490095
1.523569
1.503740
1.480654
1.498005
1.497581
1.511885
1.501041
1.494737
