2.304591
2.303862
2.299239
2.293613
2.292157
2.289240
2.297040
2.293712
2.288756
2.271831
2.252280
2.263255
2.254447
2.248629
2.258066
2.258877
2.232416
2.201133
2.182478
2.164641
2.184121
2.165284
2.167959
2.109412
2.128267
2.115696
2.090935
2.037727
2.051804
2.013101
1.960839
1.969643
1.912078
1.903072
1.895954
1.869240
1.880920
1.909012
1.843117
1.822223
1.823371
1.826970
1.747895
1.795938
1.762946
1.796039
1.739194
1.760202
1.758614
1.714222
1.747823
1.742226
1.687466
1.697267
1.697488
1.717355
1.702094
1.688664
1.715903
1.707384
1.695481
1.678851
1.683768
1.700538
1.681719
1.660368
1.701291
1.697403
1.649379
1.651923
1.709150
1.704297
1.678084
1.684264
1.641198
1.669225
1.648219
1.674685
1.652916
1.667233
1.653264
1.646448
1.627166
1.681485
1.646098
1.661059
1.658440
1.631799
1.638082
1.617681
1.638618
1.638961
1.631887
1.643938
1.634115
1.611221
1.683945
1.597447
1.653091
1.623390
1.628061
1.622542
1.596372
1.618585
1.600140
1.627808
1.615438
1.638151
1.606732
1.620386
1.635324
1.594652
1.585254
1.610540
1.622876
1.614912
1.636963
1.603254
1.600839
1.579911
1.594452
1.636029
1.617504
1.585886
1.609066
1.639259
1.613364
1.627742
1.569092
1.586735
1.580702
1.593825
1.591206
1.568655
1.612381
1.592821
1.605464
1.578699
1.598018
1.575644
1.584391
1.587560
1.585862
1.564084
1.598264
1.607479
1.623064
1.589122
1.581810
1.596126
1.594576
1.581215
1.582692
1.567399
1.556844
1.576661
1.588644
1.562734
1.580554
1.560651
1.576300
1.577101
1.576095
1.562249
1.585129
1.555342
1.582142
1.552909
1.594382
1.573876
1.586819
1.618976
1.562905
1.613423
1.575219
1.558101
1.556849
1.599742
1.614627
1.565535
1.570133
1.572774
1.570803
1.588163
1.591579
1.587480
1.550021
1.572508
1.574508
1.564073
1.550064
1.562148
1.558759
1.582299
1.562932
1.577797
1.551913
1.585254
1.561346
1.587990
1.560314
1.546309
1.538635
1.570270
1.556099
1.569486
1.563872
1.575251
1.556955
1.566309
1.556799
1.601128
1.561094
1.580299
1.545076
1.557533
1.563895
1.554567
1.553802
1.560896
1.569550
1.540469
1.556726
1.537344
1.564288
1.558472
1.525440
1.606512
1.544185
1.555500
1.554195
1.539847
1.502287
1.552565
1.547760
1.561087
1.527290
1.554479
1.552236
1.531569
1.529337
1.570241
1.544626
1.572634
1.545210
1.577468
1.557812
1.550262
1.533571
1.568402
1.530170
1.571710
1.545241
1.533686
1.553541
1.571245
1.570200
1.562231
1.576831
1.563956
1.559209
1.516432
1.546066
1.561774
1.550868
1.544326
1.555245
1.558375
1.529213
1.523515
1.559317
1.553340
1.529879
1.559132
1.536526
1.551621
1.521439
1.535902
1.516942
1.542066
1.579342
1.513190
1.560996
1.549533
1.532360
1.523058
1.554211
1.565273
1.526026
1.537816
1.547928
1.551278
1.519741
1.545749
1.544032
1.552737
1.543086
1.540334
1.526055
1.552985
1.536029
1.531910
1.533449
1.549982
1.565140
1.546289
1.533479
1.527779
1.555083
1.525061
1.511303
1.512143
1.550729
1.529059
1.546830
1.545608
1.540827
1.540720
1.528027
1.538108
1.558292
1.528108
1.514241
1.513973
1.544182
1.533952
1.546196
1.518737
1.535070
1.532226
1.530383
1.508959
1.530262
1.554842
1.523296
1.541312
1.521929
1.512963
1.535380
1.535401
1.531652
1.564111
1.514792
1.535619
1.572746
1.530599
1.529083
1.531663
1.569762
1.529866
1.530986
1.522653
1.525385
1.527233
1.524351
1.504408
1.529753
1.516674
1.550298
1.517540
1.531992
1.508475
1.519556
1.515596
1.519311
1.518166
1.528897
1.559315
1.516404
1.522153
1.507707
1.548109
1.540800
1.523280
1.519844
1.534503
1.533715
1.523305
1.539796
1.523704
1.519237
1.522241
1.542511
1.516947
1.508232
1.535550
1.544123
1.528061
1.503331
1.501744
1.508907
1.509580
1.562957
1.514683
1.514697
1.525222
1.514323
1.526663
1.530270
1.535928
1.580191
1.520574
1.520160
1.498364
1.557269
1.526366
1.544895
1.543296
1.535966
1.534965
1.508060
1.523845
1.507270
1.489732
1.514612
1.527328
1.521052
1.524853
1.492573
1.539565
1.509961
1.528346
1.539556
1.523902
1.526842
1.553965
1.511378
1.517372
1.516098
1.496335
1.545823
1.520196
1.545861
1.507228
1.519525
1.524866
1.511824
1.535637
1.564301
1.524103
1.504114
1.507893
1.509211
1.499727
1.531482
1.508547
1.530520
1.530165
1.509383
1.513207
1.551387
1.493477
1.515684
1.499084
1.529586
1.493181
1.523078
1.513063
1.519878
1.500264
1.503565
1.510272
1.517277
1.514009
1.531062
1.520705
1.528972
1.509860
1.539069
1.509521
1.515236
1.515692
1.509503
1.514332
1.560833
1.512882
1.509808
1.495318
1.538022
1.518877
1.513261
1.517712
1.493957
1.502314
1.523554
1.500242
1.541226
1.533364
1.517500
1.514250
1.532576
1.493569
1.538561
1.542144
1.527795
1.542437
1.514291
1.507162
1.515946
1.508696
