2.313976
2.293211
2.277399
2.250570
2.238361
2.245131
2.216399
2.179354
2.103781
2.016874
1.928102
1.903556
1.835573
1.780830
1.855418
1.836794
1.790582
1.683330
1.669348
1.683637
1.703341
1.700506
1.675322
1.640471
1.647438
1.622892
1.627010
1.591306
1.607059
1.591957
1.593958
1.584952
1.583072
1.573123
1.581134
1.600179
1.587518
1.616660
1.592403
1.578670
1.584400
1.576667
1.530152
1.572868
1.544288
1.585114
1.536938
1.580803
1.581449
1.545900
1.572900
1.579716
1.539656
1.535934
1.537268
1.570811
1.547298
1.536827
1.564003
1.558070
1.553734
1.541794
1.525348
1.555679
1.534512
1.526113
1.544241
1.543529
1.520465
1.537746
1.572722
1.591156
1.556388
1.555992
1.537564
1.561024
1.529129
1.553094
1.542235
1.558419
1.540468
1.535772
1.516757
1.564604
1.538464
1.545865
1.548631
1.521876
1.537851
1.505224
1.536652
1.535262
1.532547
1.539943
1.542062
1.514813
1.580599
1.517805
1.536472
1.532578
1.524745
1.521534
1.526273
1.525928
1.524845
1.534429
1.529874
1.538289
1.516589
1.540300
1.553846
1.526660
1.520836
1.520262
1.520979
1.536104
1.557067
1.531670
1.524590
1.504036
1.521792
1.544684
1.512748
1.505696
1.525010
1.555816
1.517089
1.554108
1.515855
1.500074
1.518216
1.527609
1.516330
1.492768
1.538248
1.526340
1.528301
1.511899
1.531179
1.522722
1.508855
1.520924
1.509854
1.498931
1.527504
1.533267
1.546551
1.528436
1.518059
1.517693
1.521518
1.496956
1.526392
1.514513
1.504141
1.522998
1.510182
1.486024
1.510295
1.496113
1.509197
1.528296
1.520305
1.506966
1.526936
1.494301
1.511979
1.508628
1.521871
1.513512
1.525362
1.533667
1.502810
1.541276
1.518817
1.498806
1.506634
1.527393
1.538120
1.501946
1.518347
1.513966
1.495649
1.530912
1.534444
1.518372
1.495165
1.520121
1.527303
1.513583
1.499331
1.510165
1.506792
1.515531
1.505606
1.513662
1.500774
1.512241
1.497126
1.520032
1.511669
1.495855
1.496174
1.516242
1.511566
1.522498
1.503825
1.518018
1.514924
1.502378
1.508000
1.536537
1.509391
1.539767
1.507311
1.511562
1.517972
1.505997
1.505593
1.504278
1.520634
1.494626
1.503367
1.502503
1.524250
1.499958
1.502653
1.543596
1.503331
1.499225
1.503770
1.496504
1.475548
1.505508
1.495044
1.513364
1.496418
1.504861
1.497818
1.489343
1.497159
1.536172
1.504565
1.530852
1.490893
1.536441
1.499764
1.512230
1.496277
1.506630
1.499553
1.526455
1.500012
1.494800
1.497850
1.514094
1.526574
1.516429
1.521484
1.518661
1.514850
1.479414
1.492934
1.517235
1.504501
1.511007
1.520384
1.531375
1.489864
1.493947
1.502190
1.510378
1.494388
1.514302
1.501334
1.511735
1.486649
1.503304
1.487833
1.501292
1.516672
1.484631
1.505961
1.494219
1.487986
1.492160
1.499233
1.508268
1.493717
1.508340
1.512781
1.510167
1.487393
1.509077
1.498262
1.511270
1.519430
1.493286
1.495545
1.511313
1.509193
1.492864
1.500691
1.507773
1.521726
1.508249
1.505896
1.493389
1.511539
1.486625
1.479876
1.489216
1.514576
1.501717
1.509024
1.501045
1.511490
1.503148
1.504949
1.493029
1.537988
1.493936
1.482961
1.481639
1.501942
1.497975
1.519956
1.483645
1.505117
1.503151
1.505504
1.492879
1.496427
1.518968
1.492985
1.499405
1.496719
1.484994
1.494643
1.489642
1.494234
1.505637
1.486471
1.497690
1.523091
1.502080
1.492941
1.501156
1.513445
1.496883
1.483812
1.485895
1.490374
1.511293
1.493918
1.484930
1.499625
1.491614
1.515154
1.484093
1.493348
1.484725
1.485986
1.488249
1.495737
1.499591
1.500422
1.515527
1.492358
1.499188
1.486214
1.511893
1.502255
1.494867
1.491383
1.490616
1.496884
1.496490
1.507376
1.507930
1.496822
1.503887
1.506881
1.496410
1.476112
1.500297
1.504535
1.500577
1.490179
1.482524
1.489694
1.485063
1.515723
1.486153
1.495331
1.491263
1.492766
1.510470
1.494400
1.488899
1.516123
1.493718
1.495533
1.476923
1.511069
1.492601
1.505069
1.506887
1.509470
1.500306
1.487836
1.487495
1.483962
1.477013
1.495166
1.502600
1.487270
1.496168
1.470568
1.517724
1.483892
1.496305
1.511723
1.491819
1.491305
1.503935
1.482969
1.491613
1.486185
1.486695
1.510529
1.489621
1.504965
1.489468
1.493813
1.502650
1.491921
1.498073
1.507757
1.494218
1.480448
1.489240
1.498622
1.482316
1.495516
1.493279
1.505074
1.500392
1.487669
1.484749
1.514661
1.481093
1.491065
1.475819
1.502865
1.482504
1.499775
1.494852
1.502016
1.477982
1.481450
1.487803
1.492761
1.485934
1.497440
1.502874
1.508135
1.487087
1.504771
1.477652
1.495944
1.484947
1.497152
1.491766
1.526381
1.489599
1.484329
1.480633
1.505548
1.486245
1.491159
1.491722
1.478148
1.481358
1.483779
1.474904
1.501296
1.504501
1.491131
1.501566
1.500224
1.481405
1.494137
1.509279
1.497117
1.499136
1.492994
1.483730
1.485894
1.486349
