2.304767
2.300748
2.300364
2.280496
2.282558
2.270900
2.303088
2.253340
2.256916
2.227069
2.238390
2.254568
2.248116
2.226372
2.225982
2.211434
2.188601
2.180238
2.164435
2.164121
2.125478
2.148273
2.131660
2.133476
2.144706
2.129373
2.083103
2.053310
2.076002
2.050083
2.074989
2.062582
2.039343
2.110954
2.079483
2.047561
2.047873
2.064796
2.000339
2.039623
2.045981
2.057323
2.004682
1.996372
1.995309
2.003392
1.994759
1.989482
1.973677
1.972547
1.986153
1.966842
1.964332
1.959663
1.988534
1.975362
1.959532
1.944638
1.936247
1.930220
1.891423
1.919604
1.911047
1.936575
1.897101
1.929123
1.938557
1.948827
1.906392
1.941721
1.858588
1.850752
1.849201
1.782435
1.829494
1.847553
1.786198
1.759475
1.735383
1.776709
1.787751
1.775447
1.778950
1.738882
1.793508
1.770715
1.768339
1.721477
1.730257
1.748272
1.738051
1.761860
1.704296
1.714186
1.754833
1.705623
1.726812
1.735338
1.715581
1.716311
1.713508
1.708927
1.744075
1.691967
1.677687
1.667417
1.672611
1.652074
1.643260
1.691291
1.672931
1.658062
1.697446
1.642030
1.658180
1.642150
1.659203
1.652617
1.656788
1.669125
1.669436
1.691228
1.662110
1.664105
1.676216
1.614505
1.621710
1.608653
1.614165
1.640445
1.642747
1.641123
1.642288
1.661911
1.648452
1.647938
1.633717
1.632441
1.664675
1.613276
1.636035
1.623358
1.662299
1.616593
1.667639
1.650156
1.626742
1.635659
1.661497
1.642972
1.633572
1.631616
1.628044
1.705597
1.685593
1.633994
1.635992
1.623854
1.625672
1.628394
1.681624
1.661859
1.635037
1.622936
1.631438
1.638956
1.645510
1.654855
1.670752
1.632558
1.628333
1.644655
1.632179
1.638335
1.634353
1.622442
1.645391
1.623088
1.619827
1.623362
1.626971
1.608726
1.610261
1.603730
1.641933
1.635509
1.618542
1.611227
1.598661
1.595487
1.601123
1.625396
1.658439
1.611634
1.618525
1.607590
1.587416
1.599045
1.629687
1.639844
1.630660
1.638030
1.622846
1.603757
1.598665
1.627897
1.621463
1.620234
1.606469
1.587066
1.599390
1.577923
1.576060
1.617859
1.613416
1.601515
1.590500
1.609153
1.627659
1.597237
1.590748
1.602565
1.592739
1.592829
1.575770
1.584249
1.568675
1.584646
1.591365
1.584480
1.579029
1.593720
1.571237
1.593168
1.603545
1.616904
1.590969
1.595279
1.587421
1.588358
1.591237
1.591838
1.580228
1.583524
1.598099
1.618293
1.586599
1.600956
1.597544
1.603743
1.590168
1.604124
1.596295
1.593919
1.596938
1.608621
1.596443
1.589130
1.596521
1.585368
1.607997
1.587400
1.581766
1.590932
1.606947
1.574741
1.572180
1.564046
1.573180
1.580279
1.582065
1.580673
1.596478
1.619081
1.585474
1.586096
1.581582
1.605395
1.558555
1.577821
1.573454
1.561638
1.597754
1.577578
1.590171
1.613701
1.593910
1.564105
1.590312
1.595531
1.605615
1.572935
1.558371
1.580195
1.572270
1.549314
1.563074
1.577451
1.568018
1.556231
1.581272
1.579849
1.580962
1.566559
1.576936
1.537677
1.563062
1.578373
1.552637
1.568641
1.552210
1.548630
1.544641
1.587606
1.567646
1.560997
1.552324
1.532839
1.538388
1.564081
1.553597
1.596085
1.551993
1.530750
1.528285
1.549430
1.562738
1.587224
1.576178
1.565704
1.544350
1.536653
1.539068
1.537964
1.555621
1.545607
1.588668
1.540904
1.548626
1.523228
1.538492
1.527864
1.538860
1.541791
1.530055
1.549873
1.574135
1.542496
1.527488
1.551896
1.547639
1.537507
1.569726
1.572343
1.552430
1.556416
1.581033
1.587182
1.589305
1.586894
1.582476
1.577200
1.561919
1.581559
1.598322
1.569462
1.578458
1.563460
1.549196
1.560809
1.570878
1.592416
1.584004
1.590487
1.563938
1.570183
1.585746
1.577739
1.599502
1.582933
1.546609
1.572382
1.558230
1.567727
1.566598
1.546595
1.553361
1.568137
1.562321
1.548596
1.564406
1.572339
1.578751
1.559250
1.573287
1.552887
1.551347
1.555147
1.550027
1.561311
1.570375
1.545759
1.552786
1.540519
1.564245
1.548021
1.552215
1.576898
1.571224
1.583149
1.557167
1.579544
1.566481
1.566514
1.558908
1.598502
1.594920
1.605591
1.582491
1.588201
1.573597
1.579768
1.587085
1.571525
1.571345
1.569149
1.566025
1.582936
1.567897
1.583193
1.575266
1.567614
1.575493
1.570558
1.572513
1.581893
1.583024
1.607329
1.590901
1.580422
1.570483
1.552660
1.579142
1.583009
1.578676
1.568761
1.567298
1.553400
1.577246
1.553279
1.572556
1.583351
1.561757
1.576240
1.590768
1.557783
1.592996
1.579077
1.580475
1.582187
1.567763
1.565987
1.580709
1.595186
1.582326
1.573932
1.564565
1.566540
1.559779
1.558017
1.581184
1.572048
1.571111
1.552452
1.570218
1.572814
1.559391
1.549789
1.541968
1.563104
1.553428
1.558413
1.560295
1.555943
1.546843
1.548207
1.550027
1.540707
1.562687
1.546122
1.534183
1.558394
1.554872
1.541558
1.562326
1.539316
1.560560
1.545522
1.553774
1.573107
