2.260758
2.260964
2.262632
2.253654
2.245849
2.260040
2.251858
2.247427
2.238036
2.237419
2.232001
2.233875
2.244723
2.204939
2.203918
2.228882
2.197284
2.221735
2.174359
2.205794
2.179317
2.199485
2.129398
2.162388
2.122221
2.165471
2.151865
2.128417
2.093420
2.144170
2.221793
2.112348
2.152784
2.090627
2.166234
2.075901
2.097419
2.084848
2.132647
2.071046
2.100849
1.986141
1.955341
1.986822
1.975323
1.806143
1.819660
1.862880
1.890424
1.743649
1.714033
1.769783
1.561908
1.495658
1.581016
1.561548
1.492593
1.427969
1.512151
1.355384
1.274826
1.286048
1.232271
1.277335
1.139014
0.997238
0.929209
1.136269
0.907609
1.045094
0.930044
0.998960
0.753479
1.001949
0.828103
0.750624
0.865885
1.326747
0.568971
1.278783
1.162973
1.384459
2.227566
3.450475
0.787396
2.523059
2.958578
3.367736
1.152552
5.127223
2.942542
7.579874
1.943561
12.212542
24.890539
12.261960
24.620600
26.421455
21.119114
26.908163
9.754892
2.222605
1.215030
1.733583
1.912395
2.066902
2.119186
2.156103
2.199048
2.205305
2.199392
2.231059
2.203558
2.200470
2.196194
2.191267
2.188037
2.206377
2.214390
2.212520
2.215203
2.199509
2.224612
2.190798
2.204901
2.211310
2.202548
2.188674
2.192436
2.183607
2.195575
2.176651
2.191911
2.185743
2.165583
2.169652
2.168369
2.159510
2.127249
2.139314
2.084925
2.056382
2.033248
2.030005
1.999032
1.943965
1.955649
1.901877
1.897476
1.949019
1.931892
1.883153
1.908134
1.850337
1.903510
1.923067
1.813258
1.868236
1.822781
1.900359
1.874170
1.895905
1.845908
1.856932
1.850298
1.788931
1.743883
1.703654
1.739006
1.725380
1.704277
1.648501
1.653105
1.588081
1.617420
1.525292
1.535743
1.544726
1.522840
1.569143
1.503834
1.459491
1.565353
1.493144
1.528832
1.470550
1.364258
1.593215
1.308724
1.292927
1.408449
1.410821
1.346407
1.292993
1.306627
1.301628
1.289753
1.247695
1.444104
1.380171
1.235630
1.272732
1.201270
1.176693
1.264506
1.332764
1.246828
1.205949
1.295742
1.037851
1.012570
1.141014
0.976273
0.970628
1.067463
1.088890
0.900517
0.830472
0.896607
1.052265
0.931230
1.034161
1.048954
1.000493
0.786697
0.939236
0.730809
0.463073
0.635654
0.684261
0.842284
0.901751
0.898658
0.500605
0.778481
0.699898
0.646379
0.605098
0.695359
0.651266
0.669268
0.606716
0.611451
0.594423
0.570900
0.659668
0.646985
0.411756
0.684731
0.494402
0.632593
0.515873
0.486490
0.656663
0.461632
0.508513
0.576036
0.616909
0.547621
0.508164
0.573037
0.556813
0.705677
0.368295
0.419315
0.554559
0.500977
0.559622
0.467388
0.650524
0.381982
0.620550
0.434367
0.399949
0.590804
0.391354
0.536312
0.441150
0.342186
0.352135
0.524987
0.311376
0.550952
0.536418
0.567678
0.597968
0.515960
0.581636
0.495752
0.455800
0.476890
0.341149
0.397472
0.360013
0.364260
0.546402
0.294560
0.443218
0.434182
0.664797
0.719634
0.494952
0.394705
0.290054
0.408929
0.570263
0.383868
0.325652
0.319671
0.304197
0.372679
0.404785
0.351980
0.451859
0.620928
0.259106
0.381762
0.469981
0.396131
0.516199
0.439830
0.654128
0.629825
0.452947
0.338317
0.591839
0.360282
0.567726
0.496098
0.376135
0.438789
0.350870
0.329692
0.765668
0.355647
0.410174
0.340589
0.312775
0.263389
0.341651
0.230705
0.560422
0.460434
0.375056
0.445845
0.297606
0.421339
0.610209
0.304922
0.207901
0.360807
0.278938
0.329754
0.381687
0.434510
0.574319
0.347906
0.424694
0.321143
0.466687
0.373862
0.413602
0.404870
0.494418
0.530043
0.304760
0.388403
0.275815
0.236450
0.292789
0.370816
0.349480
0.416089
0.281541
0.302061
0.593986
0.448853
0.331035
0.507681
0.254580
0.446055
0.416664
0.262157
0.633315
0.364114
0.454620
0.267003
0.363636
0.453258
0.315232
0.299100
0.424022
0.473557
0.452162
0.404070
0.374323
0.307324
0.313095
0.329505
0.428720
0.393737
0.240528
0.348991
0.331480
0.412906
0.411454
0.234291
0.412168
0.425164
0.460538
0.327713
0.339757
0.348679
0.468512
0.409114
0.299245
0.403507
0.211453
0.344583
0.301460
0.296446
0.446408
0.488205
0.312020
0.329071
0.238334
0.407298
0.379220
0.336791
0.289813
0.535329
0.285392
0.400333
0.336561
0.214042
0.307992
0.244470
0.800708
0.426779
0.357649
0.385549
0.265365
0.400427
0.557675
0.356363
0.233766
0.332341
0.279137
0.367776
0.233921
0.257849
0.379173
0.383864
0.314579
0.202937
0.859559
0.446204
0.415545
0.274863
0.176653
0.436028
0.312905
0.272266
0.500521
0.216544
0.245159
0.249083
0.234205
0.359504
0.388305
0.342323
0.315346
0.185028
0.456201
0.222043
0.525422
0.345957
0.214833
0.331399
0.458907
0.408396
0.340563
0.196501
0.329494
0.394202
0.324657
0.348399
0.283871
0.298153
0.273599
0.562939
0.147002
0.383836
0.396327
0.244174
0.409285
0.351927
0.311574
0.405035
0.435072
