2.306068
2.305996
2.307637
2.307891
2.309417
2.303761
2.319307
2.321500
2.338300
2.346836
2.381789
2.382164
2.368900
2.360504
2.369062
2.315627
2.269381
2.218862
2.184207
2.193471
2.178195
2.141751
2.082625
2.056567
2.080313
2.160163
2.239180
2.327188
2.368110
2.294002
2.221512
2.148438
2.088267
2.023066
1.999230
2.001231
2.031555
2.277316
2.379852
2.404442
2.404106
2.370074
2.319811
2.357194
2.307381
2.243548
2.274853
2.246407
2.249699
2.203413
2.189521
1.945538
1.866602
1.802590
1.802449
1.840738
1.820558
1.807525
1.836175
1.944411
2.168669
2.204180
2.174681
2.164702
2.135841
2.138680
2.168426
2.206543
2.146546
2.203923
2.131880
2.111904
2.077340
2.008232
1.966374
1.856583
1.799221
1.731726
1.723472
1.700076
1.693568
1.699167
1.709225
1.691948
1.742196
1.787304
1.803725
1.801158
1.840187
1.845351
1.749301
1.772251
1.761691
1.747727
1.696902
1.675606
1.722890
1.715067
1.691745
1.756690
1.717505
1.735036
1.727273
1.759906
1.750054
1.705044
1.716919
1.706477
1.692967
1.687275
1.686940
1.687788
1.715811
1.714929
1.674228
1.688475
1.668884
1.706533
1.716831
1.668719
1.652752
1.720425
1.643700
1.692287
1.661440
1.694723
1.694209
1.710713
1.676460
1.675409
1.663973
1.661378
1.673583
1.654579
1.629164
1.663295
1.640556
1.681407
1.635638
1.619259
1.643798
1.638690
1.629660
1.661311
1.658760
1.653032
1.658867
1.672044
1.669226
1.640803
1.624880
1.617448
1.624812
1.629485
1.616097
1.644964
1.620555
1.644119
1.628519
1.639567
1.622088
1.633615
1.638682
1.615862
1.582239
1.603342
1.631712
1.633636
1.601224
1.650606
1.637682
1.636545
1.667628
1.635379
1.621436
1.653227
1.622960
1.639233
1.606229
1.632035
1.585114
1.597457
1.618015
1.591972
1.614632
1.588031
1.579013
1.624453
1.619312
1.617115
1.601602
1.617490
1.594873
1.571197
1.576487
1.583319
1.571824
1.610133
1.590387
1.614355
1.601107
1.581911
1.594963
1.624289
1.589773
1.620005
1.621368
1.600267
1.625322
1.588877
1.572522
1.610737
1.590806
1.584221
1.581092
1.578732
1.556122
1.587474
1.589199
1.589046
1.540464
1.596705
1.589805
1.607953
1.597953
1.593775
1.587026
1.595440
1.564039
1.569827
1.584024
1.552728
1.562787
1.571037
1.553164
1.535401
1.566879
1.569122
1.616677
1.646276
1.573515
1.604156
1.574333
1.557229
1.556049
1.549482
1.584601
1.562659
1.555100
1.539379
1.589081
1.562923
1.576274
1.566123
1.572761
1.558914
1.553821
1.562932
1.575318
1.596239
1.560091
1.546787
1.561495
1.555159
1.559130
1.546765
1.571877
1.519863
1.576978
1.546934
1.560421
1.578267
1.571688
1.537581
1.540290
1.545982
1.540640
1.561406
1.564757
1.552853
1.548016
1.561051
1.542290
1.558764
1.537102
1.556065
1.558517
1.579659
1.530597
1.567146
1.533479
1.520995
1.541824
1.560458
1.558461
1.543215
1.557616
1.559587
1.564101
1.565678
1.557345
1.560267
1.569495
1.559614
1.554282
1.536644
1.547449
1.541323
1.537581
1.553669
1.576209
1.554684
1.544423
1.559039
1.542024
1.547904
1.538251
1.533303
1.546436
1.547884
1.530581
1.542404
1.539764
1.563423
1.556775
1.551281
1.560599
1.537154
1.543440
1.546522
1.534421
1.539533
1.564164
1.531213
1.541554
1.556339
1.521789
1.525772
1.552741
1.539417
1.548175
1.510612
1.540295
1.544197
1.533171
1.551203
1.536124
1.525478
1.536328
1.580291
1.540382
1.520964
1.549813
1.551784
1.532289
1.546361
1.534836
1.529306
1.543171
1.521101
1.525047
1.521259
1.560079
1.540402
1.517249
1.538175
1.539961
1.547248
1.521202
1.519793
1.538037
1.530687
1.536502
1.541294
1.532790
1.534388
1.523456
1.540351
1.535353
1.562651
1.539076
1.534396
1.541855
1.520961
1.535225
1.530883
1.515190
1.543805
1.523176
1.502059
1.523365
1.537858
1.540198
1.504992
1.516508
1.536871
1.555990
1.542534
1.534300
1.532073
1.527769
1.530373
1.529439
1.515714
1.518775
1.532916
1.548091
1.537486
1.543633
1.530520
1.516789
1.547333
1.528844
1.522528
1.522608
1.533084
1.525043
1.535692
1.535539
1.521106
1.534832
1.546547
1.513410
1.520216
1.523930
1.532235
1.517177
1.509849
1.558952
1.532611
1.521376
1.531820
1.516306
1.538894
1.513799
1.536019
1.528597
1.531114
1.527193
1.512976
1.511249
1.498519
1.514507
1.519519
1.515426
1.536343
1.520159
1.514729
1.533238
1.542351
1.509847
1.525646
1.541193
1.534754
1.515086
1.525267
1.528502
1.513787
1.519608
1.521533
1.541507
1.530520
1.511964
1.518521
1.532495
1.513169
1.514384
1.528926
1.521438
1.540561
1.519482
1.519260
1.521160
1.525802
1.519519
1.529225
1.509926
1.519759
1.500904
1.529631
1.508354
1.504729
1.503224
1.500945
1.519410
1.514060
1.521636
1.521867
1.520842
1.529847
1.520987
1.553859
1.521583
1.517273
1.535543
1.518655
1.512235
1.531078
1.519122
1.505103
