2.302107
2.296902
2.285685
2.279584
2.253806
2.251161
2.218534
2.213975
2.225282
2.220667
2.205423
2.198888
2.096575
2.075336
2.171674
2.219651
2.216827
2.286029
2.091705
1.907669
1.894368
1.894191
1.899474
1.900506
1.870803
1.852085
1.766640
1.759946
1.736603
1.736120
1.773887
1.793717
1.819767
1.766415
1.722246
1.707167
1.691820
1.738519
1.720636
1.679545
1.703116
1.669742
1.664164
1.741397
1.710384
1.696115
1.684117
1.653631
1.649773
1.695271
1.678347
1.622906
1.616041
1.614957
1.624572
1.641638
1.641075
1.615736
1.611330
1.652931
1.584141
1.674556
1.649273
1.604999
1.580616
1.610069
1.616428
1.623404
1.562879
1.611505
1.573801
1.602381
1.582427
1.610212
1.635566
1.567718
1.595623
1.626052
1.608018
1.619573
1.584519
1.589012
1.561176
1.577445
1.551671
1.572022
1.615632
1.622974
1.616236
1.599210
1.575283
1.561605
1.584790
1.558226
1.625620
1.570322
1.578712
1.611153
1.592244
1.609315
1.557137
1.541593
1.622117
1.585274
1.556811
1.550540
1.581616
1.586779
1.571326
1.598008
1.609458
1.549744
1.631035
1.599830
1.596813
1.568720
1.583423
1.610645
1.553968
1.559565
1.586170
1.558468
1.600731
1.611564
1.614175
1.566429
1.588504
1.529097
1.569664
1.591504
1.563224
1.572783
1.564109
1.550084
1.587100
1.549006
1.540262
1.552471
1.545836
1.556044
1.569515
1.575162
1.551031
1.569003
1.536952
1.594105
1.556054
1.565542
1.570914
1.569313
1.575791
1.561741
1.577994
1.573463
1.563992
1.571233
1.592588
1.580215
1.604432
1.585999
1.546679
1.559348
1.555865
1.559178
1.531679
1.556753
1.544630
1.526025
1.569863
1.551062
1.549792
1.553719
1.553356
1.555337
1.539450
1.591398
1.523876
1.559347
1.589999
1.579479
1.513841
1.561219
1.540127
1.546617
1.568586
1.542721
1.559522
1.549212
1.573499
1.504693
1.590577
1.531821
1.550503
1.563599
1.538690
1.576795
1.568065
1.568010
1.570922
1.504921
1.540096
1.552123
1.549340
1.542561
1.583516
1.543216
1.540321
1.570302
1.555727
1.543357
1.533556
1.552466
1.535795
1.568257
1.548609
1.552167
1.559354
1.521991
1.538637
1.544808
1.566304
1.537342
1.538098
1.595063
1.548974
1.550518
1.552646
1.542829
1.595484
1.526592
1.535226
1.565991
1.546601
1.531592
1.540596
1.544155
1.542613
1.544816
1.570941
1.556759
1.566242
1.528883
1.528052
1.543563
1.583137
1.516786
1.520290
1.544012
1.553398
1.569044
1.518979
1.524743
1.552561
1.547523
1.559364
1.518941
1.582863
1.546273
1.531133
1.571596
1.555166
1.531134
1.589453
1.549237
1.523796
1.561109
1.547338
1.547563
1.553171
1.560098
1.537052
1.532869
1.536345
1.549056
1.531758
1.518902
1.546724
1.495107
1.585625
1.525562
1.519686
1.531162
1.558489
1.600976
1.533652
1.535770
1.535612
1.544265
1.548373
1.562428
1.556215
1.541689
1.543072
1.531693
1.543592
1.580198
1.521894
1.536441
1.537335
1.545337
1.529317
1.577353
1.557003
1.521033
1.558594
1.557501
1.531717
1.524920
1.552284
1.542841
1.528219
1.519292
1.564604
1.570082
1.536358
1.523200
1.538750
1.544563
1.494011
1.560952
1.514212
1.543779
1.554768
1.519992
1.573434
1.545363
1.510533
1.578488
1.560387
1.520955
1.549394
1.543848
1.568470
1.536697
1.568909
1.507254
1.509643
1.522098
1.536163
1.565353
1.524727
1.498271
1.519259
1.545819
1.553043
1.558406
1.527576
1.515941
1.545795
1.505459
1.531152
1.575625
1.504312
1.535624
1.516027
1.549166
1.532379
1.594911
1.529115
1.533217
1.529054
1.528427
1.567589
1.528417
1.531773
1.533998
1.563907
1.534883
1.527774
1.549899
1.503335
1.544290
1.552378
1.542022
1.553081
1.530797
1.561017
1.529528
1.525131
1.543069
1.530661
1.552401
1.507780
1.543036
1.561648
1.536480
1.529985
1.544549
1.529847
1.563271
1.536665
1.538898
1.549909
1.516958
1.535943
1.527089
1.512565
1.498426
1.541818
1.528118
1.549301
1.551760
1.525414
1.515219
1.538350
1.510757
1.516914
1.547698
1.559345
1.536920
1.512085
1.504956
1.566737
1.555897
1.591842
1.509759
1.575685
1.554280
1.546879
1.548072
1.541754
1.534944
1.530091
1.550897
1.515270
1.533795
1.560449
1.508734
1.515012
1.526867
1.511084
1.496466
1.485419
1.554415
1.538195
1.545004
1.522640
1.524943
1.538319
1.541132
1.556838
1.512360
1.500605
1.563702
1.497496
1.545803
1.573044
1.581611
1.554068
1.523382
1.568928
1.536021
1.562988
1.510790
1.535698
1.506398
1.528046
1.560480
1.515808
1.521502
1.498552
1.533533
1.535360
1.542457
1.510453
1.523842
1.511593
1.531400
1.532669
1.544355
1.532332
1.505340
1.543386
1.542273
1.519875
1.572399
1.549148
1.521370
1.540872
1.517289
1.542961
1.544105
1.532836
1.505864
1.548397
1.587244
1.539883
1.563398
1.511868
1.515786
1.536811
1.533538
1.533570
1.518690
1.563398
1.544731
1.561767
1.528776
1.564163
1.556179
