2.270453
2.289961
2.275957
2.272498
2.263416
2.263136
2.258764
2.255240
2.244521
2.234924
2.231716
2.242750
2.234611
2.226799
2.230700
2.237191
2.229283
2.230087
2.234456
2.236091
2.234265
2.231444
2.238869
2.235956
2.242984
2.242858
2.238450
2.238401
2.235877
2.232714
2.234704
2.235925
2.232302
2.226376
2.223985
2.231284
2.224272
2.230417
2.223727
2.218364
2.226588
2.214433
2.224572
2.217209
2.203771
2.211179
2.210772
2.210680
2.214003
2.208756
2.193585
2.206140
2.197355
2.201809
2.191240
2.183256
2.180546
2.190549
2.195705
2.195530
2.182178
2.190709
2.184148
2.176280
2.180569
2.178307
2.170653
2.164615
2.170762
2.174042
2.168982
2.165201
2.157400
2.154840
2.159446
2.129246
2.133905
2.118811
2.127252
2.111347
2.128095
2.119600
2.117009
2.122594
2.113517
2.110539
2.090195
2.082044
2.082216
2.072948
2.075381
2.076263
2.073043
2.086194
2.073111
2.090990
2.082197
2.087831
2.070013
2.079942
2.062512
2.030657
2.031436
2.007369
2.016320
1.992157
2.000473
2.022480
2.026995
2.016809
2.002168
1.994099
1.957429
1.952940
1.886319
1.872744
1.857977
1.852380
1.825218
1.828464
1.761991
1.713674
1.689606
1.684229
1.721249
1.801470
1.811277
1.726985
1.694946
1.598459
1.653210
1.678132
1.708682
1.736583
1.623464
1.561555
1.492257
1.432139
1.454923
1.440052
1.450796
1.414076
1.411538
1.394478
1.415924
1.377233
1.364386
1.414057
1.465800
1.478461
1.440113
1.404323
1.460047
1.301583
1.346014
1.364762
1.378165
1.447453
1.323125
1.309846
1.290048
1.189694
1.216131
1.104059
1.030714
0.984396
1.017217
1.206596
1.136030
1.054151
1.142700
1.208610
1.392553
1.476955
1.478725
1.611697
1.730749
1.602901
1.445202
1.442154
1.144282
1.181867
1.233207
1.370132
1.380967
1.426263
1.412921
1.513823
1.556456
1.518130
1.505449
1.427491
1.270431
1.277612
1.327008
1.475941
1.373651
1.386602
1.378199
1.345612
1.396189
1.383339
1.442264
1.428151
1.661337
1.606650
1.372222
1.435918
1.353032
1.394985
1.446351
1.594470
1.537955
1.813813
1.698966
1.572296
1.520172
1.430994
1.161301
1.128712
1.122793
1.211551
1.331042
1.501287
1.566883
1.666999
1.647524
1.591410
1.712385
1.730973
1.761594
1.837311
1.539347
1.382350
1.567709
1.557980
1.557865
1.611513
1.426846
1.655561
1.594562
1.597088
1.644287
1.603983
1.452421
1.499651
1.571910
1.444384
1.745613
1.706098
1.745667
1.924635
1.978788
1.882688
1.873688
1.941612
1.996200
1.802241
1.660614
1.551764
1.577737
1.518991
1.548008
1.502475
1.513266
1.476685
1.509660
1.687752
1.643488
1.568612
1.681341
1.640048
1.540733
1.687138
1.685984
1.587575
1.660389
1.662642
1.576469
1.605559
1.674441
1.700315
1.534026
1.585536
1.449852
1.449517
1.515263
1.576740
1.609050
1.617080
1.729785
1.581405
1.665720
1.343408
1.279914
1.168386
1.108519
1.047033
1.193184
1.207879
1.428455
1.471537
1.611359
1.707611
1.870951
1.806980
1.695396
1.649222
1.666260
1.522683
1.416925
1.419420
1.566832
1.505661
1.459862
1.604500
1.597683
1.660419
1.513179
1.453725
1.449189
1.511106
1.601787
1.672469
1.633308
1.755712
1.727311
1.837788
1.869271
1.860084
1.709352
1.809589
1.907582
1.881007
1.653738
1.481367
1.422319
1.345935
1.309631
1.300254
1.332285
1.559312
1.530170
1.734488
1.598829
1.681101
1.635697
1.519141
1.318977
1.368063
1.276820
1.281927
1.116958
1.190915
1.138330
1.083344
1.035191
1.075171
1.114530
0.987355
0.936431
1.222095
1.209708
1.090907
0.872900
0.906233
0.954875
0.773190
0.789886
0.911908
0.765229
0.813833
0.642899
0.706161
0.693709
0.797091
0.722862
0.930900
0.705475
0.720693
0.711216
0.576477
0.465862
0.652225
0.599897
0.558351
0.607361
0.751028
0.623386
0.651851
0.707922
0.779303
0.786796
0.722577
0.608487
0.524122
0.607596
0.572679
0.706914
0.743664
0.576336
0.698428
0.695458
0.583285
0.712385
0.655899
0.733385
0.667874
0.677518
0.706875
0.664053
0.651841
0.647333
0.661433
0.618864
0.699808
0.552374
0.514405
0.553459
0.542497
0.441507
0.473569
0.539840
0.502440
0.592126
0.574383
0.626966
0.533317
0.425851
0.409811
0.577996
0.408580
0.459775
0.439258
0.424179
0.419826
0.378092
0.539202
0.586603
0.442297
0.432110
0.431924
0.528277
0.471931
0.541261
0.388136
0.406740
0.396602
0.349085
0.374233
0.333769
0.409518
0.386107
0.301171
0.488868
0.422273
0.378363
0.297600
0.453120
0.385625
0.361344
0.330972
0.232249
0.431405
0.359656
0.412135
0.287228
0.301488
0.278707
0.324786
0.374771
0.313691
0.382730
0.338480
0.366276
0.407314
0.471447
0.341564
0.351769
0.289036
0.295485
0.310344
0.312591
0.374851
0.338376
0.320797
0.387838
0.372339
0.287848
0.403165
0.272536
0.281305
0.221353
0.447429
0.232214
0.298068
0.333214
0.384284
0.300175
0.317208
