2.311509
2.304586
2.302585
2.302421
2.302227
2.301252
2.301595
2.302406
2.299022
2.302812
2.301458
2.309999
2.330345
2.319340
2.299923
2.298919
2.295674
2.300810
2.294875
2.304791
2.350153
2.281862
2.257482
2.179504
2.147763
2.123026
1.977087
1.987782
1.966030
1.934843
1.929168
1.881357
1.905271
1.950767
1.882090
1.785036
1.736768
1.697631
1.685477
1.636627
1.648733
1.614652
1.625046
1.583454
1.641385
1.642418
1.651534
1.613496
1.652587
1.637331
1.671129
1.658901
1.644632
1.586018
1.569488
1.571651
1.545980
1.595121
1.557803
1.601020
1.601852
1.569573
1.600587
1.594418
1.604613
1.548819
1.570231
1.548136
1.572084
1.563538
1.534867
1.580327
1.541085
1.565625
1.565673
1.548590
1.581481
1.597420
1.533873
1.586852
1.567336
1.561948
1.588467
1.555058
1.557846
1.544909
1.527060
1.538069
1.548014
1.547570
1.528315
1.584043
1.543409
1.570621
1.574481
1.537632
1.565836
1.590585
1.551553
1.564489
1.557360
1.569980
1.563177
1.570432
1.534909
1.550858
1.522716
1.544293
1.534386
1.544394
1.520032
1.547134
1.551784
1.534285
1.542670
1.529697
1.524178
1.531387
1.524759
1.522340
1.533699
1.558021
1.542164
1.544844
1.514512
1.554433
1.540322
1.513769
1.545236
1.532660
1.521796
1.535423
1.554433
1.525962
1.516889
1.523822
1.540246
1.534089
1.545113
1.529007
1.529365
1.544486
1.521480
1.511319
1.538536
1.514023
1.556044
1.538168
1.513750
1.532587
1.534543
1.550804
1.518934
1.527990
1.514022
1.536144
1.547835
1.537515
1.511082
1.526495
1.523815
1.516839
1.509764
1.526555
1.530069
1.520886
1.514347
1.511198
1.536548
1.520212
1.515535
1.551550
1.526917
1.519838
1.517646
1.546965
1.530557
1.549147
1.545602
1.550308
1.532869
1.521695
1.532507
1.529501
1.543083
1.526799
1.509289
1.530768
1.520678
1.515988
1.538655
1.560651
1.520905
1.526278
1.516415
1.531705
1.515177
1.507355
1.509513
1.508281
1.510590
1.526855
1.521430
1.533203
1.513622
1.523988
1.516439
1.534940
1.504237
1.514319
1.520995
1.519366
1.512959
1.533615
1.527346
1.526755
1.521938
1.535756
1.521184
1.514466
1.519911
1.508128
1.505032
1.538313
1.519551
1.518373
1.523170
1.509951
1.518909
1.513879
1.514134
1.519472
1.512788
1.519815
1.513802
1.521409
1.527214
1.525535
1.512248
1.505346
1.505925
1.524479
1.510306
1.514957
1.509650
1.535713
1.517418
1.519571
1.503525
1.505314
1.525898
1.524785
1.516123
1.507024
1.520816
1.521405
1.523781
1.535784
1.522165
1.522691
1.513168
1.511073
1.531489
1.506249
1.512816
1.522156
1.507017
1.520777
1.520487
1.519915
1.520616
1.513793
1.514676
1.530497
1.505023
1.513500
1.515031
1.507354
1.513017
1.512189
1.530003
1.512287
1.523039
1.522835
1.512758
1.528231
1.523778
1.515772
1.513198
1.511350
1.499773
1.502354
1.533571
1.515925
1.510268
1.526866
1.512986
1.506714
1.521065
1.507678
1.514340
1.506523
1.509552
1.547472
1.517639
1.508269
1.532397
1.513569
1.511386
1.519330
1.511980
1.497774
1.520024
1.523858
1.510282
1.511642
1.509362
1.522014
1.513292
1.509934
1.516882
1.517242
1.525868
1.498143
1.505934
1.505570
1.513052
1.513648
1.506729
1.517071
1.510658
1.507187
1.518006
1.522505
1.517260
1.549570
1.505431
1.524828
1.520152
1.532518
1.534521
1.502380
1.511145
1.508144
1.501478
1.511892
1.505633
1.519753
1.509560
1.506578
1.519663
1.506403
1.525413
1.510663
1.511097
1.509327
1.513631
1.500509
1.504021
1.510514
1.510902
1.505410
1.506402
1.513771
1.504246
1.503764
1.511929
1.517428
1.508440
1.510806
1.521973
1.513448
1.513507
1.509981
1.520794
1.500722
1.501805
1.516577
1.512950
1.516640
1.510406
1.503353
1.526076
1.501026
1.519430
1.518534
1.508059
1.508332
1.509856
1.507963
1.516405
1.510000
1.507931
1.506670
1.506099
1.517719
1.512310
1.505493
1.514756
1.515052
1.512225
1.515240
1.508738
1.504515
1.528396
1.499910
1.506638
1.512483
1.511412
1.508740
1.512691
1.513260
1.518134
1.514456
1.513806
1.513446
1.505499
1.524158
1.509884
1.505199
1.512607
1.512889
1.513724
1.502820
1.508641
1.507277
1.511958
1.522746
1.512122
1.505529
1.512250
1.506298
1.500349
1.503726
1.501660
1.511452
1.507696
1.508651
1.511065
1.500304
1.505502
1.505753
1.510929
1.517769
1.498314
1.514616
1.532937
1.507919
1.525030
1.518054
1.508228
1.513233
1.509975
1.505482
1.513436
1.515179
1.519640
1.499360
1.512708
1.509168
1.507084
1.508856
1.505795
1.514988
1.516627
1.510249
1.512966
1.505725
1.507353
1.507943
1.502745
1.509937
1.500701
1.515603
1.512874
1.506863
1.499021
1.509095
1.506992
1.503762
1.504731
1.515041
1.507239
1.524635
1.500637
1.518685
1.502599
1.505284
1.514976
1.508257
1.514184
1.518600
1.505543
1.503269
1.503227
1.508106
1.502317
1.503899
1.506531
1.498071
