2.307355
2.305583
2.297325
2.288554
2.306643
2.288433
2.279874
2.276734
2.290877
2.286308
2.300119
2.307829
2.263800
2.200299
2.184767
2.115094
2.068533
2.045476
2.001997
1.961934
1.843140
1.801507
1.789927
1.798324
1.779931
1.828320
1.847486
1.798475
1.816827
1.792436
1.813830
1.736328
1.761807
1.737784
1.760610
1.731112
1.700449
1.688318
1.717705
1.697667
1.711082
1.686546
1.722130
1.676600
1.701772
1.680191
1.778731
1.772194
1.705076
1.643710
1.675782
1.666976
1.654392
1.634940
1.673167
1.638456
1.622104
1.627605
1.614439
1.636867
1.643985
1.639696
1.617387
1.615111
1.637191
1.652127
1.619304
1.617041
1.619596
1.596950
1.618921
1.627117
1.607509
1.636861
1.630391
1.638010
1.621442
1.614753
1.613434
1.643600
1.597610
1.602223
1.579347
1.625701
1.601406
1.565487
1.592461
1.610255
1.598495
1.591897
1.598405
1.599465
1.610435
1.593210
1.568402
1.603626
1.580230
1.617052
1.593628
1.594050
1.595324
1.617583
1.615029
1.593419
1.619731
1.557884
1.568438
1.582208
1.577084
1.604438
1.563722
1.590172
1.608491
1.564309
1.584181
1.567893
1.577436
1.577497
1.577216
1.582175
1.563470
1.586555
1.592455
1.562895
1.569547
1.560373
1.572267
1.585626
1.610068
1.592276
1.568993
1.567594
1.564275
1.580205
1.551682
1.588833
1.574674
1.593207
1.577710
1.573657
1.570824
1.575759
1.565467
1.579357
1.557114
1.548484
1.556268
1.577941
1.559480
1.550780
1.594558
1.588397
1.571548
1.581907
1.568344
1.592521
1.552432
1.557570
1.541123
1.535125
1.583199
1.550396
1.563439
1.566830
1.561742
1.573849
1.572911
1.547171
1.547297
1.582018
1.572120
1.569689
1.581460
1.566136
1.567749
1.566809
1.550289
1.547624
1.547122
1.563894
1.570179
1.550629
1.561058
1.535662
1.555290
1.568502
1.551283
1.575154
1.539168
1.542551
1.573013
1.557045
1.544131
1.544843
1.562934
1.541395
1.556380
1.555050
1.581389
1.542915
1.541109
1.581818
1.560327
1.556345
1.532685
1.545286
1.556072
1.537603
1.546936
1.537206
1.534028
1.533075
1.552428
1.539342
1.540525
1.568774
1.538689
1.528608
1.540053
1.563439
1.536501
1.549794
1.550871
1.528143
1.555466
1.526221
1.527801
1.527396
1.511109
1.529097
1.537880
1.521032
1.532078
1.529228
1.520641
1.520143
1.526588
1.516553
1.522858
1.511983
1.506221
1.515685
1.505311
1.509570
1.513701
1.521029
1.535314
1.512512
1.522078
1.528256
1.505088
1.527685
1.504743
1.514583
1.507271
1.514815
1.504955
1.524173
1.507760
1.511405
1.510687
1.504567
1.503456
1.490099
1.512526
1.525489
1.508783
1.511909
1.506648
1.504975
1.496055
1.522930
1.497494
1.501719
1.516368
1.516685
1.492888
1.506359
1.492963
1.483752
1.499639
1.501276
1.524171
1.498739
1.491273
1.496721
1.505067
1.510989
1.491898
1.518716
1.486364
1.503123
1.493590
1.492601
1.505898
1.498541
1.515093
1.499296
1.516244
1.521492
1.500340
1.496080
1.508679
1.528213
1.492035
1.482952
1.501773
1.490995
1.505789
1.484737
1.502552
1.510667
1.508685
1.505131
1.507421
1.506647
1.502331
1.498724
1.513924
1.513195
1.508161
1.483924
1.499888
1.494918
1.480451
1.491942
1.495807
1.484307
1.494513
1.509920
1.490243
1.484709
1.499993
1.488457
1.496771
1.487127
1.494321
1.504009
1.498086
1.481168
1.504578
1.474320
1.496287
1.492227
1.496991
1.488234
1.492652
1.502857
1.497106
1.493200
1.487551
1.481707
1.493437
1.485420
1.498541
1.514120
1.485368
1.499951
1.491303
1.489335
1.481398
1.497282
1.520141
1.505587
1.481173
1.484626
1.486419
1.488833
1.487758
1.507161
1.486220
1.494922
1.476508
1.493499
1.485178
1.495548
1.477902
1.489430
1.510129
1.492708
1.480823
1.486163
1.509630
1.506158
1.482467
1.496407
1.479237
1.495579
1.502861
1.473540
1.485542
1.508320
1.499971
1.488206
1.495558
1.492562
1.491127
1.501469
1.499470
1.495311
1.498502
1.491572
1.477321
1.491248
1.476472
1.502454
1.484212
1.482216
1.479705
1.479952
1.479447
1.476846
1.481043
1.492762
1.497302
1.502867
1.495444
1.472118
1.484540
1.490805
1.494236
1.508857
1.487986
1.489966
1.486470
1.486231
1.483992
1.488535
1.485460
1.475214
1.503946
1.488245
1.481382
1.481345
1.482997
1.481772
1.490170
1.490339
1.482491
1.511390
1.481001
1.489110
1.477137
1.487626
1.491235
1.500933
1.506264
1.478697
1.487925
1.491460
1.484490
1.498710
1.498140
1.474546
1.488167
1.473765
1.480109
1.479778
1.488106
1.494797
1.492172
1.483217
1.474736
1.491850
1.487540
1.489386
1.477866
1.484046
1.478879
1.486949
1.493523
1.482065
1.485908
1.480488
1.489380
1.500876
1.492411
1.480539
1.482462
1.494226
1.498644
1.486778
1.479190
1.493010
1.485488
1.483662
1.481008
1.475465
1.488528
1.477199
1.483763
1.496906
1.498168
1.480017
1.474118
1.477051
1.483594
1.492060
1.481248
1.476265
