2.303011
2.292280
2.276048
2.266379
2.254558
2.240831
2.222830
2.171423
2.164049
2.115058
2.129740
2.022084
2.042343
2.014879
1.941896
1.926186
1.915331
1.922192
1.923707
1.836537
1.812830
1.808029
1.758766
1.727217
1.721287
1.768113
1.773003
1.874709
1.788364
1.775417
1.709301
1.695437
1.742000
1.739238
1.717392
1.705293
1.702922
1.720362
1.701972
1.707957
1.674812
1.690483
1.690364
1.675496
1.646781
1.668309
1.664072
1.624908
1.648555
1.648231
1.618317
1.630395
1.626182
1.628278
1.613001
1.590622
1.607402
1.625617
1.606563
1.600508
1.594588
1.591600
1.590506
1.576126
1.590286
1.601236
1.603964
1.578846
1.594306
1.564226
1.585364
1.599760
1.578211
1.612280
1.568438
1.612512
1.587692
1.604812
1.598521
1.554580
1.598768
1.555861
1.593990
1.567525
1.619131
1.571384
1.567847
1.577641
1.575307
1.585951
1.582716
1.554406
1.576022
1.566851
1.588146
1.570678
1.580349
1.562510
1.550765
1.555073
1.569818
1.553795
1.584206
1.546170
1.572354
1.552514
1.545544
1.569833
1.567188
1.586807
1.561657
1.543222
1.561432
1.569433
1.562695
1.548892
1.575040
1.570389
1.532007
1.566368
1.579802
1.570145
1.558533
1.553262
1.570606
1.573198
1.572232
1.542798
1.553414
1.552023
1.567427
1.567644
1.553384
1.544711
1.565423
1.546865
1.566208
1.571292
1.538128
1.534519
1.566798
1.562461
1.548164
1.543211
1.559832
1.561884
1.531188
1.545891
1.537153
1.552931
1.543790
1.596228
1.540869
1.556412
1.548801
1.549015
1.552055
1.540473
1.551588
1.561434
1.551078
1.543714
1.557244
1.548080
1.538782
1.565476
1.543260
1.535359
1.572391
1.541741
1.554114
1.552550
1.541554
1.529439
1.550755
1.554518
1.534515
1.543731
1.536042
1.528891
1.564906
1.541174
1.552509
1.557586
1.555107
1.538153
1.542940
1.544401
1.547580
1.560480
1.545778
1.539799
1.544650
1.542724
1.531969
1.540639
1.529579
1.557098
1.548516
1.532550
1.558434
1.548043
1.537921
1.544248
1.536802
1.532850
1.528513
1.553546
1.547702
1.537206
1.519841
1.531362
1.543936
1.532167
1.528707
1.567985
1.554423
1.548290
1.534683
1.547604
1.549374
1.523869
1.543329
1.547818
1.539010
1.551557
1.536234
1.521573
1.525814
1.554736
1.522287
1.546781
1.517926
1.544473
1.564119
1.533515
1.539666
1.526351
1.547644
1.522862
1.535183
1.543957
1.522433
1.520174
1.530929
1.512756
1.528789
1.525977
1.523389
1.532699
1.520921
1.527970
1.548268
1.526428
1.527858
1.527799
1.518284
1.532646
1.527956
1.523408
1.530542
1.537337
1.528677
1.510441
1.511953
1.560092
1.515617
1.505090
1.511515
1.515298
1.515868
1.508155
1.511268
1.523174
1.511425
1.499897
1.506589
1.526510
1.497089
1.502719
1.523376
1.515234
1.507280
1.520643
1.509039
1.512115
1.486974
1.489052
1.492542
1.518526
1.518600
1.499102
1.497262
1.500638
1.504468
1.507753
1.509380
1.524241
1.486878
1.495700
1.495308
1.519522
1.486070
1.503342
1.497587
1.483467
1.483628
1.477163
1.499305
1.484963
1.480536
1.502963
1.500216
1.505681
1.495638
1.506621
1.503280
1.485106
1.498727
1.485703
1.529274
1.505760
1.514791
1.499272
1.493511
1.479266
1.492775
1.493174
1.492119
1.504445
1.491269
1.482754
1.494987
1.500765
1.487093
1.492295
1.500080
1.488088
1.481819
1.494233
1.489206
1.481925
1.483054
1.490636
1.482174
1.491742
1.470058
1.498570
1.479324
1.488406
1.485424
1.485641
1.495581
1.490350
1.487430
1.497207
1.487293
1.494894
1.493074
1.487616
1.482061
1.490070
1.481921
1.487771
1.486079
1.501460
1.488652
1.490946
1.493834
1.493045
1.487530
1.499429
1.504220
1.487860
1.490109
1.491163
1.488709
1.482173
1.484967
1.504301
1.484901
1.480002
1.484837
1.481060
1.486472
1.500516
1.487055
1.495775
1.486271
1.500155
1.491742
1.485214
1.487901
1.473745
1.482581
1.486700
1.497934
1.478671
1.492975
1.487697
1.494701
1.481585
1.474714
1.491274
1.485894
1.479431
1.489327
1.510396
1.479895
1.490526
1.471825
1.492103
1.480682
1.476371
1.485187
1.480488
1.480663
1.472953
1.483426
1.479032
1.476268
1.484106
1.477059
1.475412
1.486686
1.491032
1.486804
1.478930
1.480800
1.488900
1.498702
1.476775
1.480121
1.492511
1.487940
1.476481
1.483171
1.482999
1.482173
1.488245
1.503281
1.494895
1.472421
1.492601
1.482472
1.475111
1.484248
1.472853
1.500977
1.484609
1.478029
1.491618
1.474841
1.488249
1.486885
1.483517
1.465659
1.479026
1.487797
1.485184
1.486883
1.486718
1.481153
1.481676
1.471838
1.470366
1.492299
1.473551
1.486585
1.476164
1.482773
1.478616
1.477769
1.493334
1.477255
1.473723
1.480195
1.482796
1.495175
1.494202
1.485827
1.479757
1.499916
1.479492
1.482525
1.476253
1.485525
1.501686
1.484002
1.477764
1.486503
1.490780
1.480020
1.479044
1.491787
1.479473
1.487066
1.481844
1.471777
1.473760
