2.296902
2.295728
2.291482
2.293832
2.286358
2.295671
2.282023
2.279366
2.275293
2.268685
2.232495
2.258240
2.234003
2.209142
2.215170
2.184808
2.203723
2.186150
2.162547
2.167776
2.135044
2.114069
2.091728
2.083667
2.018014
1.960157
1.916121
1.877092
1.882384
1.845993
1.804732
1.819074
1.801442
1.750793
1.771103
1.750443
1.764528
1.792838
1.747650
1.771993
1.728954
1.725966
1.713647
1.736160
1.680119
1.687846
1.711396
1.706408
1.686996
1.664283
1.695291
1.644225
1.712617
1.668219
1.679211
1.701301
1.656608
1.651605
1.670942
1.677564
1.667118
1.652306
1.601336
1.611170
1.628473
1.670475
1.640083
1.680720
1.640007
1.652502
1.601430
1.639937
1.619557
1.628662
1.663949
1.614105
1.606271
1.641799
1.595844
1.663187
1.600482
1.611609
1.597813
1.595926
1.617451
1.591021
1.611775
1.583691
1.601440
1.611377
1.602511
1.553720
1.629311
1.606363
1.616834
1.573880
1.603552
1.587855
1.585387
1.620235
1.607373
1.578701
1.611275
1.618609
1.592622
1.594495
1.601490
1.613360
1.616941
1.578391
1.597245
1.578708
1.604653
1.599257
1.589772
1.601753
1.590150
1.584597
1.641875
1.592458
1.559890
1.585601
1.600903
1.552061
1.606223
1.578220
1.560941
1.584728
1.574684
1.540125
1.549997
1.557850
1.575311
1.585768
1.560387
1.560079
1.577816
1.546460
1.567350
1.596644
1.545875
1.564065
1.571731
1.552192
1.561936
1.585372
1.557852
1.568757
1.582658
1.543324
1.579509
1.588629
1.545686
1.532812
1.566094
1.531399
1.540468
1.599361
1.577623
1.546739
1.556901
1.588467
1.586092
1.575850
1.549551
1.537146
1.551049
1.559053
1.583741
1.563390
1.572924
1.565834
1.572688
1.558579
1.523635
1.588196
1.534151
1.573366
1.571658
1.542516
1.541206
1.565878
1.538775
1.538952
1.539665
1.533609
1.516962
1.549368
1.564804
1.575192
1.555468
1.543521
1.532373
1.543708
1.554250
1.521867
1.543593
1.543380
1.525261
1.534241
1.533234
1.570715
1.551181
1.558800
1.507398
1.548329
1.559209
1.539316
1.526287
1.561476
1.534902
1.568906
1.543654
1.563925
1.558480
1.540996
1.565594
1.529296
1.536838
1.530482
1.549615
1.544825
1.539817
1.527369
1.553017
1.528777
1.560780
1.529707
1.519819
1.519478
1.550510
1.540336
1.574200
1.544617
1.543908
1.525258
1.526746
1.531023
1.545989
1.534338
1.536422
1.524833
1.523950
1.522500
1.530620
1.529183
1.534754
1.523818
1.529394
1.544896
1.534383
1.533956
1.536796
1.520764
1.516885
1.529341
1.532800
1.552752
1.533590
1.523983
1.517513
1.544327
1.545746
1.516230
1.527747
1.535712
1.538218
1.529034
1.516615
1.534078
1.519602
1.521071
1.515319
1.519476
1.524897
1.517873
1.526199
1.557775
1.537469
1.514694
1.543200
1.509020
1.537033
1.531540
1.520211
1.508440
1.524784
1.512997
1.517986
1.521846
1.545577
1.538013
1.527371
1.533736
1.524739
1.514723
1.527285
1.515112
1.507708
1.519553
1.518239
1.526094
1.512652
1.537421
1.521741
1.501440
1.513317
1.539533
1.523514
1.531501
1.514409
1.522938
1.538129
1.526122
1.518533
1.519057
1.510012
1.511148
1.516358
1.532196
1.513286
1.532587
1.497175
1.516122
1.513936
1.529427
1.516470
1.501825
1.510701
1.502433
1.524815
1.525179
1.519351
1.504214
1.527375
1.519195
1.532971
1.519113
1.501957
1.532901
1.504849
1.544320
1.532075
1.515643
1.549787
1.500011
1.510074
1.511002
1.509270
1.502402
1.515699
1.533295
1.515136
1.506395
1.529873
1.504502
1.508190
1.494356
1.544130
1.521378
1.510229
1.504476
1.557900
1.508019
1.529534
1.537055
1.509205
1.497683
1.511644
1.487138
1.495380
1.507599
1.501109
1.517441
1.503992
1.517668
1.504478
1.505127
1.524941
1.493600
1.507111
1.500357
1.523181
1.524122
1.532077
1.498273
1.508108
1.512852
1.498622
1.498503
1.504094
1.507615
1.493467
1.503253
1.497969
1.509155
1.510423
1.538982
1.510600
1.501208
1.520005
1.526263
1.530828
1.514367
1.520551
1.514371
1.495877
1.501818
1.541769
1.486073
1.532055
1.509977
1.492202
1.498790
1.497330
1.504887
1.533652
1.497518
1.510113
1.514051
1.490337
1.519271
1.483680
1.494913
1.498858
1.484295
1.514978
1.523451
1.500439
1.530405
1.512372
1.516376
1.511075
1.488341
1.506662
1.504818
1.534274
1.488772
1.517133
1.515909
1.509415
1.515010
1.506240
1.501059
1.520822
1.511391
1.505930
1.514917
1.510777
1.512465
1.514552
1.481432
1.484630
1.495519
1.520740
1.493045
1.498504
1.528228
1.491317
1.511241
1.494508
1.493473
1.504680
1.502446
1.483506
1.504487
1.510488
1.493724
1.511666
1.508402
1.523150
1.502881
1.529918
1.515714
1.511402
1.518758
1.500906
1.486071
1.516261
1.507872
1.512400
1.489780
1.499531
1.487342
1.503021
1.500894
1.493257
1.505692
1.497229
1.493318
1.485318
1.525027
1.501805
1.544457
1.503626
1.492438
1.502561
1.496733
1.493656
1.500335
