2.304433
2.304608
2.300185
2.300279
2.302011
2.302434
2.309525
2.294701
2.294889
2.277838
2.275753
2.252695
2.256480
2.223607
2.223125
2.181167
2.159412
2.168897
2.180588
2.164021
2.151684
2.122383
2.080376
2.000689
1.936321
1.940228
1.917039
1.855520
1.890943
1.848364
1.806850
1.777256
1.757911
1.767620
1.781191
1.764009
1.766556
1.753947
1.722883
1.734445
1.689559
1.680871
1.709686
1.686384
1.671569
1.700383
1.680009
1.677274
1.696516
1.668290
1.650289
1.637421
1.647719
1.662445
1.649217
1.662105
1.643928
1.623826
1.636023
1.620203
1.623034
1.619896
1.627836
1.624019
1.627824
1.624678
1.622765
1.614195
1.592035
1.658422
1.605428
1.598849
1.592462
1.604783
1.600841
1.647448
1.593447
1.597747
1.589531
1.598490
1.623124
1.586695
1.586692
1.584517
1.607069
1.585102
1.568205
1.592462
1.589231
1.585491
1.597373
1.596685
1.570946
1.579492
1.581101
1.594064
1.576155
1.591251
1.576831
1.564377
1.598792
1.561136
1.578978
1.537931
1.549276
1.576512
1.579652
1.582184
1.555587
1.577105
1.557702
1.570539
1.601903
1.572324
1.580181
1.547720
1.562722
1.553872
1.560094
1.552870
1.588810
1.572698
1.578854
1.530854
1.587098
1.539698
1.539893
1.553717
1.556787
1.569195
1.533286
1.579707
1.559514
1.549470
1.577788
1.572978
1.544228
1.539558
1.539096
1.568041
1.548291
1.546874
1.527286
1.571516
1.536106
1.575004
1.543439
1.570951
1.557110
1.535833
1.563598
1.548260
1.555229
1.545791
1.544801
1.536294
1.555394
1.546530
1.549764
1.528458
1.537550
1.523961
1.545354
1.540041
1.535348
1.561099
1.523938
1.554527
1.541972
1.552214
1.540851
1.530177
1.530181
1.545984
1.537987
1.548601
1.543690
1.533973
1.532984
1.562821
1.551072
1.525938
1.530522
1.522902
1.548198
1.544981
1.537771
1.548624
1.538876
1.569899
1.533347
1.549434
1.518689
1.532189
1.516257
1.532703
1.510041
1.556978
1.514888
1.521170
1.533343
1.558517
1.519938
1.514586
1.521176
1.525861
1.528845
1.544911
1.532558
1.531770
1.543216
1.527335
1.532688
1.553352
1.545813
1.504475
1.516702
1.511270
1.524935
1.518666
1.558989
1.547606
1.521652
1.528234
1.536990
1.517909
1.531611
1.527357
1.514520
1.509351
1.527726
1.509769
1.535055
1.535108
1.530342
1.527572
1.525654
1.530937
1.530380
1.505499
1.528109
1.546049
1.512426
1.510151
1.520970
1.529829
1.528854
1.553978
1.536869
1.541277
1.507871
1.530616
1.503358
1.525920
1.512757
1.516592
1.516352
1.496379
1.528209
1.500112
1.511917
1.516935
1.502861
1.510867
1.514509
1.500569
1.504932
1.509685
1.514764
1.521406
1.511256
1.495111
1.501544
1.497298
1.508432
1.526606
1.519200
1.518032
1.530416
1.522376
1.514724
1.520255
1.514523
1.542452
1.510574
1.532997
1.508662
1.501933
1.513234
1.518843
1.519993
1.540989
1.494359
1.496557
1.509331
1.514930
1.518323
1.527521
1.515245
1.508007
1.504325
1.517279
1.503513
1.529702
1.490472
1.506289
1.502141
1.515706
1.504835
1.498674
1.490128
1.495766
1.505830
1.508360
1.527578
1.498123
1.541651
1.516220
1.506083
1.514777
1.503026
1.494410
1.497302
1.513135
1.505922
1.519127
1.517805
1.538137
1.499682
1.521909
1.498174
1.535456
1.495057
1.549078
1.501534
1.524110
1.497644
1.492397
1.499351
1.512594
1.507131
1.507945
1.509975
1.496369
1.503506
1.503107
1.519759
1.497755
1.499577
1.513308
1.491184
1.501282
1.521142
1.503650
1.511919
1.498299
1.500688
1.510943
1.491028
1.497976
1.500555
1.521828
1.517220
1.503447
1.519168
1.493055
1.515647
1.515965
1.493330
1.518170
1.493046
1.486088
1.497198
1.499733
1.507906
1.501938
1.506989
1.508109
1.511027
1.511601
1.483551
1.507263
1.489990
1.490958
1.494424
1.509944
1.506482
1.505521
1.515677
1.521516
1.508323
1.535043
1.491859
1.504263
1.488270
1.506119
1.480789
1.490348
1.539528
1.481378
1.489390
1.500350
1.493309
1.490697
1.498032
1.509846
1.494749
1.501060
1.521350
1.527422
1.505683
1.501716
1.477766
1.496310
1.497240
1.484166
1.517072
1.507073
1.493490
1.531932
1.524958
1.496128
1.518269
1.508474
1.505669
1.494969
1.496466
1.521303
1.488951
1.505725
1.496640
1.483291
1.509583
1.487557
1.493624
1.483562
1.494055
1.496201
1.480280
1.481796
1.495164
1.490572
1.486176
1.499918
1.478061
1.500940
1.515014
1.499772
1.504549
1.498770
1.513057
1.488769
1.507138
1.500224
1.495468
1.495071
1.491960
1.512936
1.497016
1.496311
1.512344
1.487591
1.487060
1.492963
1.482733
1.496089
1.504292
1.490600
1.502460
1.485575
1.503696
1.493150
1.491105
1.498059
1.510398
1.482851
1.510547
1.503487
1.497919
1.501397
1.490320
1.513569
1.481961
1.495117
1.480160
1.503898
1.482073
1.488726
1.501087
1.518261
1.492388
1.494746
1.488829
1.508331
1.506177
1.491294
1.506176
1.500676
1.498132
1.487907
