2.308965
2.304453
2.302570
2.302734
2.303328
2.305459
2.309590
2.207256
2.119409
2.258822
2.400772
2.121292
1.817506
2.305954
2.363523
1.813343
1.767432
1.762066
1.827293
1.751541
1.764361
1.669838
1.672760
1.643255
1.642625
1.683248
1.730403
1.753526
1.744382
1.780139
1.723299
1.658117
1.622545
1.616582
1.621740
1.556558
1.543471
1.562014
1.594163
1.652591
1.639229
1.652152
1.613103
1.610129
1.594872
1.589671
1.563165
1.575734
1.552543
1.532374
1.527610
1.522985
1.507703
1.503409
1.523886
1.525001
1.543570
1.519247
1.538561
1.533981
1.534974
1.535607
1.523448
1.512739
1.504523
1.531745
1.515700
1.498524
1.502682
1.504707
1.513203
1.516750
1.504830
1.516764
1.511126
1.513163
1.515825
1.510080
1.548803
1.508100
1.512729
1.520496
1.512641
1.516525
1.506691
1.508616
1.519032
1.517026
1.526755
1.499353
1.492232
1.503937
1.538579
1.512221
1.512342
1.496493
1.504949
1.512008
1.501913
1.507191
1.518933
1.509836
1.516292
1.503376
1.511768
1.530576
1.517256
1.524464
1.517845
1.503344
1.515394
1.502824
1.529345
1.501450
1.510753
1.509588
1.508796
1.512766
1.502824
1.490376
1.510689
1.519313
1.529243
1.517611
1.510417
1.510616
1.506774
1.506629
1.501550
1.493110
1.503348
1.519074
1.499755
1.494207
1.512018
1.501683
1.508976
1.512318
1.494721
1.505675
1.492265
1.513309
1.497305
1.487689
1.503740
1.503737
1.502152
1.499410
1.493910
1.498229
1.502032
1.506032
1.521526
1.501779
1.523946
1.505657
1.534727
1.516409
1.500484
1.490669
1.491223
1.490655
1.498078
1.484624
1.485899
1.484313
1.498309
1.501808
1.494417
1.504940
1.501502
1.509583
1.509985
1.526352
1.515012
1.525310
1.504944
1.517644
1.501423
1.504038
1.496725
1.531604
1.506910
1.504496
1.498378
1.493383
1.508097
1.501920
1.492722
1.504095
1.487619
1.477885
1.484175
1.489187
1.493421
1.499084
1.494353
1.490477
1.495601
1.478057
1.479023
1.485018
1.484388
1.486406
1.481683
1.498212
1.485292
1.496219
1.487829
1.493706
1.493726
1.506892
1.494268
1.492934
1.502272
1.500417
1.503089
1.501849
1.490394
1.494938
1.496897
1.502697
1.495404
1.501843
1.514335
1.503086
1.499644
1.496374
1.492743
1.495985
1.511230
1.512274
1.501396
1.493868
1.491471
1.505889
1.489108
1.490103
1.496493
1.496433
1.492597
1.504470
1.495539
1.490955
1.485140
1.482135
1.485112
1.488777
1.497308
1.487525
1.485268
1.490854
1.488775
1.494746
1.492968
1.504422
1.495334
1.490676
1.481817
1.496131
1.493327
1.494606
1.487721
1.482784
1.490130
1.496631
1.489523
1.494111
1.491920
1.487497
1.485612
1.482118
1.484075
1.479250
1.483114
1.492540
1.487401
1.486328
1.496279
1.488825
1.479379
1.482185
1.499541
1.484447
1.488835
1.483018
1.489323
1.493464
1.490626
1.484492
1.490541
1.491335
1.489550
1.487256
1.489056
1.482426
1.485927
1.499076
1.481860
1.491358
1.478847
1.480342
1.487478
1.491904
1.488960
1.483036
1.487599
1.492821
1.491466
1.482554
1.487626
1.495613
1.486284
1.485977
1.484657
1.484593
1.495250
1.485675
1.484448
1.488649
1.482733
1.485305
1.482548
1.482838
1.492298
1.482094
1.480947
1.477830
1.480558
1.497943
1.493129
1.482518
1.493209
1.480000
1.481501
1.479402
1.480913
1.483191
1.496812
1.489032
1.484026
1.479483
1.480821
1.485965
1.483759
1.479648
1.488580
1.483986
1.479415
1.483598
1.485828
1.479536
1.479680
1.482303
1.485240
1.482373
1.482205
1.484951
1.496118
1.505362
1.482175
1.480756
1.478547
1.479359
1.480162
1.479667
1.485705
1.489155
1.483016
1.484449
1.477986
1.476027
1.484761
1.479866
1.479297
1.480485
1.489341
1.482846
1.477941
1.485300
1.494280
1.482366
1.487967
1.499965
1.479824
1.482665
1.488206
1.481130
1.474754
1.482426
1.481652
1.476525
1.478142
1.492347
1.477150
1.487974
1.477645
1.475073
1.477957
1.479425
1.483795
1.478728
1.485214
1.487675
1.479430
1.485233
1.480863
1.489750
1.482143
1.483552
1.475261
1.480914
1.489392
1.480008
1.489243
1.476366
1.483616
1.480010
1.485403
1.485078
1.478941
1.476683
1.485343
1.477403
1.475627
1.476428
1.480563
1.479016
1.481923
1.475759
1.477666
1.477667
1.482112
1.481431
1.480019
1.479029
1.483295
1.489793
1.480019
1.475842
1.475683
1.479418
1.473343
1.477918
1.476558
1.479796
1.478395
1.478672
1.476868
1.486279
1.489373
1.488569
1.483459
1.483145
1.482418
1.478674
1.478410
1.478986
1.483054
1.476424
1.480282
1.481100
1.480578
1.473531
1.474767
1.474499
1.479753
1.474743
1.485721
1.475954
1.484595
1.477123
1.471679
1.479485
1.479008
1.473473
1.479261
1.481076
1.476564
1.471241
1.480324
1.474639
1.478814
1.487388
1.478972
1.473124
1.481394
1.476182
1.480466
1.483829
1.476062
1.471920
1.483110
1.486341
1.479390
1.479230
1.480321
1.475014
1.477861
1.471796
