2.305875
2.303465
2.301676
2.295133
2.292181
2.292382
2.277511
2.249806
2.239266
2.226456
2.210056
2.185999
2.166047
2.153163
2.116785
2.092092
2.105479
2.010861
1.990306
1.944449
1.927819
1.934341
1.885977
1.903038
1.897660
1.811822
1.804501
1.777147
1.775921
1.722116
1.753095
1.723183
1.730627
1.714246
1.718949
1.673112
1.744274
1.684550
1.692597
1.671789
1.680449
1.645400
1.675306
1.638082
1.688312
1.655587
1.627081
1.666306
1.650917
1.671576
1.657358
1.642388
1.600527
1.597727
1.602509
1.611436
1.626242
1.605758
1.628906
1.607240
1.626413
1.596893
1.584886
1.636200
1.583273
1.594024
1.595718
1.566893
1.573838
1.598239
1.566584
1.564576
1.610997
1.572070
1.570367
1.589414
1.604563
1.586822
1.580612
1.577743
1.565694
1.564645
1.579209
1.604730
1.601098
1.598982
1.558110
1.548099
1.556676
1.561648
1.582877
1.546992
1.593880
1.561951
1.584097
1.590464
1.575886
1.573673
1.548274
1.566478
1.552512
1.566963
1.572252
1.549046
1.550678
1.535009
1.591363
1.567194
1.572847
1.558543
1.559110
1.566259
1.538402
1.576558
1.553258
1.540088
1.548697
1.554367
1.541577
1.539161
1.577703
1.564162
1.544681
1.563082
1.556101
1.553356
1.561726
1.549425
1.540127
1.550860
1.525923
1.542093
1.554466
1.562599
1.544770
1.551635
1.537502
1.548995
1.545342
1.537962
1.529170
1.556371
1.546975
1.549289
1.526016
1.528947
1.544056
1.555398
1.534908
1.574585
1.535324
1.529350
1.512527
1.515703
1.533476
1.539959
1.560166
1.547914
1.503563
1.540880
1.522831
1.536505
1.532037
1.529586
1.528717
1.547458
1.517942
1.544530
1.545990
1.538833
1.535197
1.545787
1.536089
1.517356
1.519765
1.516314
1.519647
1.550552
1.542022
1.537471
1.546765
1.526297
1.561084
1.532433
1.546615
1.542718
1.529507
1.540691
1.522470
1.541910
1.518009
1.560822
1.530797
1.526590
1.538139
1.525612
1.521989
1.530801
1.516215
1.535007
1.519059
1.527627
1.519502
1.522066
1.527512
1.537267
1.555608
1.533472
1.531936
1.504997
1.512372
1.536686
1.520048
1.523654
1.525311
1.505618
1.532910
1.519834
1.537914
1.515241
1.512766
1.524319
1.526842
1.519073
1.531419
1.522868
1.535262
1.494728
1.505528
1.517320
1.513303
1.527322
1.533107
1.521578
1.532982
1.517063
1.513244
1.530577
1.547014
1.514278
1.507415
1.520112
1.534240
1.522591
1.504347
1.518245
1.506165
1.503286
1.500066
1.529794
1.521096
1.531745
1.525419
1.515100
1.510481
1.526154
1.508171
1.517597
1.492343
1.517366
1.506825
1.535745
1.501636
1.510476
1.512539
1.535818
1.498432
1.504535
1.522447
1.511243
1.507518
1.517058
1.517528
1.508056
1.512732
1.507406
1.506162
1.502547
1.512397
1.525300
1.504613
1.498760
1.513961
1.520505
1.529764
1.498164
1.515271
1.523988
1.508269
1.501350
1.523278
1.519851
1.501740
1.513786
1.513597
1.494482
1.513838
1.539608
1.510286
1.515736
1.532404
1.509484
1.502223
1.488837
1.507262
1.496846
1.498156
1.518849
1.504129
1.518514
1.497905
1.517108
1.502695
1.488892
1.496662
1.515875
1.506545
1.507456
1.488775
1.532204
1.494970
1.495033
1.527969
1.504679
1.503919
1.498075
1.525480
1.508496
1.506884
1.497549
1.512152
1.546575
1.503983
1.498565
1.491935
1.506674
1.507803
1.501859
1.489164
1.521569
1.499359
1.501114
1.497853
1.501990
1.499069
1.499159
1.497274
1.504486
1.490528
1.495994
1.497037
1.507856
1.516338
1.494140
1.498351
1.502215
1.511696
1.497220
1.511774
1.489516
1.497953
1.497445
1.508737
1.512518
1.521881
1.512047
1.503619
1.494373
1.503040
1.506456
1.488800
1.505686
1.489955
1.507893
1.497716
1.497712
1.519736
1.497903
1.516760
1.504207
1.507890
1.513690
1.498085
1.484968
1.503409
1.512113
1.493205
1.496869
1.505749
1.514908
1.499749
1.494738
1.504253
1.518420
1.485156
1.484017
1.502720
1.487266
1.538629
1.493523
1.490165
1.519735
1.499686
1.493412
1.482461
1.501702
1.514068
1.493478
1.485388
1.503777
1.499954
1.486168
1.507534
1.493842
1.489472
1.493550
1.500853
1.485160
1.521914
1.482424
1.493807
1.504793
1.496350
1.481769
1.484154
1.506760
1.499034
1.508759
1.495493
1.513773
1.500863
1.496162
1.484309
1.490691
1.488732
1.481213
1.494890
1.495811
1.512841
1.486158
1.521858
1.489587
1.501104
1.500186
1.490208
1.487647
1.488714
1.504578
1.495481
1.490016
1.500886
1.495785
1.486720
1.492321
1.502100
1.496010
1.496992
1.484454
1.501213
1.492527
1.486003
1.490461
1.496098
1.502779
1.495157
1.485561
1.487423
1.493701
1.508919
1.495618
1.481449
1.500171
1.502094
1.506470
1.485436
1.490248
1.489545
1.493140
1.483865
1.503762
1.501629
1.487494
1.500782
1.484519
1.488094
1.495761
1.480124
1.503143
1.503891
1.497730
1.488667
1.505451
1.503102
1.478805
1.477992
1.495080
1.478073
1.491686
1.480801
1.496647
