1.500000
1.500000
1.500000
1.453073
1.192136
0.654531
0.845313
0.580260
0.676927
0.588333
0.487344
0.561458
0.525677
0.494271
0.520625
0.516198
0.485677
0.496198
0.490156
0.480938
0.450313
0.453073
0.442500
0.435357
0.424844
0.440677
0.439063
0.423490
0.423281
0.416875
0.386198
0.377344
0.369479
0.359271
0.389427
0.360677
0.381510
0.339688
0.346927
0.343646
0.346198
0.334063
0.337917
0.346406
0.319844
0.341510
0.303229
0.320119
0.317969
0.301667
0.322552
0.289792
0.290573
0.323594
0.297448
0.286979
0.298646
0.284375
0.304323
0.285938
0.276615
0.288802
0.270052
0.293646
0.280677
0.255104
0.303906
0.262135
0.276094
0.268646
0.283958
0.288452
0.260573
0.273542
0.248958
0.262188
0.270833
0.260938
0.267344
0.278906
0.260156
0.263229
0.280208
0.251250
0.301198
0.270417
0.240469
0.251615
0.238125
0.253594
0.246302
0.239740
0.243490
0.233385
0.238594
0.278929
0.255365
0.245469
0.252240
0.253542
0.242344
0.246042
0.244115
0.230729
0.214427
0.220625
0.243958
0.224531
0.221927
0.253438
0.236719
0.244844
0.237813
0.218125
0.233698
0.233385
0.229948
0.209531
0.226250
0.203333
0.236927
0.191615
0.244323
0.229531
0.226406
0.225938
0.211875
0.213542
0.208229
0.192656
0.217708
0.221198
0.203698
0.203854
0.236250
0.193438
0.234844
0.204115
0.218021
0.207344
0.216771
0.209271
0.218854
0.258452
0.208594
0.206458
0.222917
0.229375
0.174167
0.211979
0.205417
0.203073
0.202500
0.195885
0.216823
0.203021
0.190677
0.194844
0.206563
0.211094
0.203073
0.185365
0.188646
0.230625
0.199792
0.193177
0.223438
0.220119
0.197656
0.172917
0.196823
0.204479
0.170781
0.159375
0.200938
0.199271
0.185833
0.187969
0.186927
0.189844
0.196250
0.194896
0.181563
0.172083
0.161198
0.205052
0.182031
0.197344
0.216510
0.192292
0.165208
0.187143
0.189167
0.152500
0.173542
0.191250
0.193073
0.181563
0.185625
0.160885
0.189635
0.164948
0.163594
0.172135
0.189688
0.165885
0.183542
0.196146
0.158021
0.173281
0.161875
0.155417
0.180156
0.148177
0.169583
0.201548
0.192708
0.165000
0.158646
0.188854
0.177760
0.181510
0.164063
0.161667
0.162552
0.188490
0.187292
0.164688
0.162969
0.171042
0.163229
0.196406
0.156354
0.165781
0.148177
0.170573
0.137083
0.160781
0.171354
0.141190
0.142969
0.171406
0.156146
0.177760
0.151667
0.145469
0.153281
0.159583
0.165260
0.133125
0.174688
0.177708
0.148385
0.165677
0.145260
0.148177
0.151094
0.163438
0.169583
0.173021
0.165365
0.171927
0.132969
0.190357
0.156146
0.165052
0.141302
0.154115
0.161302
0.162500
0.152188
0.142396
0.168021
0.164688
0.164635
0.151042
0.121927
0.140469
0.147813
0.136667
0.140521
0.134844
0.136615
0.156667
0.153750
0.161302
0.111146
0.128929
0.152552
0.135885
0.244010
0.202448
0.163906
0.348125
0.271615
0.249583
0.234896
0.206510
0.200417
0.166823
0.178385
0.175260
0.164688
0.145052
0.170677
0.161563
0.163594
0.153490
0.147917
0.170104
0.148333
0.145714
0.125000
0.159271
0.130781
0.140208
0.130313
0.141250
0.140156
0.127917
0.145313
0.121042
0.133958
0.163281
0.114427
0.139115
0.130938
0.109896
0.114010
0.127865
0.148646
0.137031
0.126458
0.130313
0.121563
0.119048
0.105781
0.133646
0.162083
0.153958
0.134010
0.119323
0.121823
0.134531
0.116979
0.137344
0.119167
0.120990
0.131875
0.099583
0.130833
0.128854
0.102708
0.119375
0.115573
0.126823
0.110573
0.122396
0.133438
0.131786
0.124583
0.113646
0.117813
0.134062
0.120365
0.104792
0.128073
0.115677
0.135521
0.137604
0.101979
0.112813
0.121406
0.150052
0.127083
0.116719
0.126667
0.118594
0.114375
0.115885
0.107552
0.132292
0.106146
0.110000
0.127917
0.119896
0.134896
0.122708
0.113073
0.109583
0.128281
0.105677
0.105104
0.123333
0.118646
0.116823
0.110052
0.124219
0.106250
0.114427
0.106198
0.133385
0.121406
0.120833
0.137031
0.106302
0.110365
0.120714
0.113958
0.128229
0.110000
0.109583
0.122656
0.115938
0.110469
0.105885
0.116563
0.109323
0.117969
0.123490
0.143854
0.123229
0.116667
0.134323
0.112292
0.088594
0.103750
0.122240
0.118750
0.111719
0.139115
0.110595
0.112604
0.104740
0.107865
0.111146
0.114792
0.099635
0.128438
0.115729
0.100000
0.115781
0.129063
0.126302
0.129427
0.113073
0.139948
0.116979
0.135000
0.104271
0.111042
0.104531
0.093021
0.127135
0.112448
0.084881
0.093125
0.101719
0.114792
0.106771
0.096406
0.130521
0.103281
0.120156
0.104479
0.147292
0.109010
0.087969
0.119271
0.116667
0.115208
0.111198
0.116198
0.112083
0.104219
0.101510
0.106823
0.119010
0.108854
0.110595
0.103073
0.126667
0.105625
0.083854
0.110885
0.115469
0.080729
0.122448
0.114479
0.102552
0.124219
0.098646
0.115104
0.125156
0.104063
0.127969
0.109323
0.123490
0.110677
0.085573
