2.295859
2.288914
2.270098
2.248209
2.237310
2.201992
2.188107
2.126869
2.101502
2.082380
1.982135
1.934732
1.947274
1.921905
1.911618
1.873212
1.813884
1.773991
1.822978
1.804169
1.821245
1.782884
1.724906
1.693118
1.698432
1.702997
1.658653
1.671857
1.654159
1.650623
1.644105
1.652558
1.574120
1.636236
1.657254
1.573368
1.599176
1.558102
1.579004
1.619874
1.625748
1.570945
1.611185
1.573715
1.572904
1.586544
1.589189
1.577529
1.590454
1.552956
1.577876
1.589270
1.568180
1.573540
1.582454
1.543573
1.583847
1.530519
1.528944
1.538759
1.564829
1.564786
1.546445
1.586869
1.540384
1.537235
1.582436
1.536193
1.565134
1.529076
1.530044
1.593866
1.538475
1.523950
1.512925
1.586293
1.567985
1.527310
1.542907
1.536087
1.579041
1.537661
1.518770
1.576981
1.543694
1.529607
1.514157
1.515118
1.525883
1.554773
1.541385
1.553704
1.567830
1.541594
1.512590
1.580626
1.540571
1.576075
1.540372
1.565914
1.550222
1.513118
1.527264
1.515552
1.541862
1.535502
1.544739
1.567784
1.566167
1.543787
1.511461
1.526728
1.549669
1.550703
1.540436
1.556323
1.514310
1.530045
1.542767
1.530410
1.524445
1.549450
1.514601
1.559404
1.529804
1.518634
1.514232
1.524405
1.553995
1.547137
1.514276
1.543963
1.539838
1.523173
1.550080
1.541213
1.525307
1.512254
1.514667
1.537894
1.509619
1.547467
1.527484
1.559449
1.541051
1.521428
1.530478
1.529533
1.517172
1.559248
1.530764
1.571297
1.524401
1.519134
1.518547
1.514786
1.565199
1.529913
1.517629
1.516959
1.560737
1.513908
1.518595
1.522056
1.558652
1.534985
1.531124
1.509909
1.513228
1.502199
1.544058
1.538128
1.527045
1.515046
1.516123
1.521535
1.529108
1.523779
1.523508
1.505570
1.531317
1.528894
1.536181
1.554951
1.526763
1.528656
1.535444
1.559517
1.532262
1.514626
1.531027
1.535306
1.537770
1.501482
1.508437
1.522634
1.522724
1.526297
1.538022
1.524533
1.508006
1.499375
1.529938
1.548926
1.539571
1.543394
1.500870
1.494353
1.514235
1.514443
1.522921
1.523369
1.535988
1.515576
1.512672
1.506354
1.536425
1.508376
1.532970
1.533722
1.510483
1.540806
1.505775
1.544053
1.543995
1.522847
1.496937
1.541722
1.499598
1.521456
1.541496
1.537199
1.519160
1.526254
1.521419
1.493091
1.506965
1.517913
1.499802
1.535982
1.552498
1.504237
1.501093
1.523345
1.509360
1.502077
1.511573
1.517191
1.525845
1.525926
1.527947
1.536341
1.510973
1.510733
1.502581
1.514980
1.520645
1.540398
1.538773
1.512217
1.527912
1.520928
1.509341
1.517667
1.514530
1.524662
1.516356
1.507892
1.538360
1.534777
1.506452
1.517434
1.495013
1.532540
1.508870
1.538778
1.512740
1.520533
1.549674
1.502975
1.517776
1.529280
1.503844
1.517182
1.506202
1.532563
1.526530
1.520962
1.517708
1.500077
1.514415
1.493173
1.506653
1.493790
1.493379
1.508085
1.498274
1.520119
1.522769
1.518961
1.527705
1.522615
1.516454
1.498016
1.489838
1.523126
1.513663
1.515170
1.524434
1.521522
1.499433
1.513021
1.521057
1.514584
1.509127
1.517584
1.498974
1.528170
1.511914
1.518240
1.507454
1.536701
1.529166
1.501930
1.519427
1.485878
1.498843
1.536797
1.527033
1.491071
1.508695
1.510584
1.496330
1.522233
1.501542
1.527936
1.523417
1.494324
1.525494
1.530555
1.501722
1.489934
1.509693
1.515111
1.510202
1.521653
1.550908
1.485051
1.497325
1.505549
1.511352
1.533917
1.550045
1.517151
1.503363
1.496742
1.520446
1.506386
1.502417
1.510965
1.527391
1.495718
1.497237
1.486595
1.541449
1.473001
1.495182
1.500398
1.498434
1.508251
1.494508
1.504461
1.513214
1.535515
1.540272
1.523104
1.509689
1.520852
1.495739
1.535396
1.494775
1.525157
1.530338
1.547870
1.509289
1.492719
1.506034
1.526442
1.514271
1.538719
1.531900
1.512066
1.511981
1.484283
1.511215
1.558803
1.527918
1.484921
1.501204
1.509767
1.490987
1.513335
1.503540
1.499476
1.509814
1.497216
1.506314
1.516150
1.479957
1.509715
1.491911
1.496773
1.492110
1.510843
1.505714
1.495716
1.511839
1.500743
1.504295
1.479608
1.505381
1.527328
1.481291
1.518093
1.493536
1.520429
1.546866
1.513316
1.527920
1.491104
1.510389
1.542076
1.495290
1.504878
1.508484
1.520998
1.524160
1.500996
1.516451
1.490340
1.501294
1.502729
1.478635
1.488663
1.496291
1.516351
1.506367
1.507334
1.491694
1.498633
1.528418
1.514584
1.511286
1.504921
1.536471
1.522834
1.520611
1.481104
1.496961
1.536934
1.496681
1.507695
1.514568
1.523075
1.503562
1.501037
1.496055
1.515966
1.484060
1.509403
1.492601
1.520718
1.499469
1.507331
1.493840
1.504776
1.501010
1.513407
1.511979
1.528234
1.499140
1.517788
1.522022
1.499515
1.517116
1.501854
1.501808
1.508393
1.512593
1.512854
1.517096
1.502702
1.479961
1.504935
1.496485
1.482671
1.505465
1.506822
1.515357
1.520766
