1.500000
1.500000
1.500000
1.500000
1.462396
1.256719
0.932448
0.538698
0.443177
0.643698
0.708906
0.648125
0.550573
0.447188
0.405260
0.449531
0.484635
0.566250
0.589479
0.529479
0.482604
0.403802
0.434323
0.470595
0.474271
0.490000
0.494115
0.490938
0.474219
0.423854
0.391979
0.427969
0.482708
0.487344
0.434219
0.382917
0.451615
0.390000
0.432969
0.616302
0.623021
0.424375
0.397708
0.453177
0.482240
0.425573
0.427969
0.494762
0.463594
0.394948
0.420365
0.541406
0.656406
0.412917
0.493177
0.482188
0.666823
0.656875
0.405469
0.441719
0.408542
0.432708
0.540625
0.592604
0.427292
0.437240
0.363125
0.362865
0.395469
0.373594
0.473229
0.556429
0.417969
0.383750
0.361667
0.478698
0.380573
0.349115
0.360729
0.463229
0.367448
0.362760
0.353646
0.313438
0.402448
0.303490
0.330208
0.339792
0.484479
0.346250
0.344115
0.413646
0.323281
0.571823
0.384583
0.282500
0.299583
0.389271
0.304688
0.396875
0.529375
0.546875
0.329583
0.276354
0.367917
0.401771
0.353802
0.562396
0.839583
0.933698
0.672552
0.416042
0.346458
0.344688
0.306198
0.210469
0.432083
0.766042
0.903385
0.740952
0.556875
0.406198
0.304375
0.281563
0.220417
0.232188
0.363958
0.581354
0.696719
0.554375
0.416042
0.378646
0.359375
0.280000
0.240156
0.345208
0.298906
0.308594
0.290781
0.299375
0.265156
0.208021
0.323750
0.284286
0.263385
0.318281
0.326250
0.306458
0.340729
0.291458
0.233281
0.234375
0.228542
0.242813
0.238438
0.222135
0.317813
0.252708
0.189375
0.200729
0.278490
0.288073
0.280313
0.250260
0.225417
0.184167
0.237344
0.411667
0.271823
0.196771
0.234896
0.355052
0.419010
0.355365
0.299427
0.210156
0.252292
0.387917
0.452760
0.487292
0.443854
0.381250
0.381198
0.418438
0.421354
0.307813
0.218750
0.233698
0.282917
0.317396
0.286094
0.230238
0.193177
0.224063
0.360625
0.304531
0.268333
0.278750
0.285313
0.332917
0.349531
0.292865
0.263073
0.215208
0.197396
0.252500
0.213490
0.205208
0.188542
0.185625
0.194792
0.194740
0.192865
0.191719
0.150833
0.127857
0.170885
0.171875
0.144792
0.194010
0.186198
0.195052
0.178490
0.198906
0.209219
0.193854
0.160521
0.155990
0.208906
0.333333
0.270938
0.187240
0.171406
0.218958
0.273229
0.269063
0.189219
0.266458
0.254323
0.185714
0.153698
0.177031
0.183542
0.193698
0.133229
0.195469
0.314167
0.262500
0.204844
0.185990
0.231927
0.219531
0.226667
0.169948
0.208229
0.216198
0.317500
0.406198
0.341406
0.258333
0.161458
0.208594
0.285521
0.291429
0.349792
0.292188
0.216927
0.146042
0.193177
0.263385
0.331458
0.384844
0.303646
0.210156
0.265677
0.250573
0.323021
0.322188
0.290469
0.245990
0.197552
0.158385
0.179375
0.213542
0.246510
0.179063
0.174271
0.183690
0.171406
0.209271
0.198698
0.191094
0.214948
0.169635
0.145365
0.173229
0.160417
0.173906
0.167813
0.166042
0.136354
0.141250
0.154635
0.126406
0.187396
0.164219
0.134792
0.150781
0.150677
0.131458
0.135833
0.119524
0.166667
0.141615
0.140104
0.138958
0.119635
0.140677
0.090260
0.106875
0.115260
0.143594
0.131146
0.146563
0.132969
0.161458
0.159844
0.137500
0.147031
0.174844
0.174635
0.152917
0.127448
0.107969
0.138438
0.145714
0.150573
0.145625
0.147344
0.152448
0.164479
0.144479
0.126094
0.138958
0.115938
0.133750
0.134792
0.120885
0.141458
0.145000
0.141094
0.132917
0.155052
0.147031
0.127760
0.126771
0.116042
0.130469
0.151302
0.181786
0.192292
0.132969
0.196146
0.155729
0.126354
0.146406
0.123125
0.145729
0.134635
0.155625
0.156354
0.141823
0.165052
0.176198
0.149844
0.145990
0.110885
0.126823
0.161510
0.162240
0.155938
0.159635
0.125990
0.184048
0.174063
0.138281
0.148229
0.162969
0.132448
0.157604
0.156563
0.173594
0.137969
0.137865
0.178750
0.164427
0.168438
0.149531
0.145781
0.120938
0.151979
0.149323
0.172865
0.135313
0.150000
0.148802
0.137031
0.136905
0.126302
0.121771
0.129583
0.138906
0.119740
0.135885
0.128646
0.184896
0.163646
0.138646
0.104167
0.123542
0.129948
0.172813
0.184219
0.166094
0.152344
0.135573
0.142396
0.209115
0.166302
0.150521
0.148229
0.128333
0.162708
0.156510
0.179479
0.212083
0.185573
0.145469
0.183021
0.263906
0.202396
0.133542
0.118906
0.138646
0.192656
0.211042
0.216406
0.232656
0.187188
0.138854
0.173958
0.281094
0.224531
0.154531
0.149844
0.089048
0.158333
0.186302
0.190521
0.216927
0.195677
0.217969
0.212240
0.189375
0.205677
0.250156
0.275781
0.168490
0.148125
0.114583
0.164948
0.213646
0.257865
0.280156
0.283021
0.256094
0.240990
0.254948
0.228646
0.213810
0.219375
0.206198
0.189740
0.161875
0.118854
0.136667
0.128646
0.179010
0.185833
0.106302
0.146094
0.137188
0.129531
0.130208
0.143281
0.100729
0.109896
0.128333
0.131719
0.150260
