2.293089
2.285607
2.254670
2.254597
2.228414
2.256713
2.282098
2.300749
2.311795
2.301456
2.303056
2.303443
2.308493
2.302222
2.301210
2.304384
2.303051
2.302999
2.303099
2.302421
2.302816
2.302585
2.302585
2.302193
2.303119
2.302212
2.302421
2.302585
2.302212
2.302585
2.302585
2.302746
2.302585
2.302413
2.302585
2.302816
2.302585
2.302585
2.302910
2.302585
2.302585
2.302585
2.302288
2.302585
2.302585
2.302421
2.302585
2.302910
2.302585
2.302585
2.302709
2.302585
2.302585
2.302585
2.302585
2.302585
2.302585
2.302585
2.302585
2.302315
2.302585
2.302994
2.302746
2.302585
2.302585
2.302585
2.302288
2.302585
2.302585
2.302585
2.302585
2.302585
2.302585
2.302585
2.302585
2.302585
2.302585
2.302585
2.303225
2.302534
2.302585
2.302585
2.302994
2.302585
2.302709
2.303097
2.302585
2.302585
2.302585
2.302288
2.302480
2.302585
2.302585
2.302585
2.302585
2.302585
2.302585
2.302585
2.302357
2.302585
2.302585
2.302585
2.302585
2.302585
2.302709
2.302480
2.302585
2.302585
2.302585
2.302585
2.302585
2.302585
2.302910
2.302585
2.302585
2.302585
2.302585
2.302585
2.302585
2.302585
2.302585
2.302994
2.302534
2.302910
2.302585
2.302585
2.302816
2.302534
2.302585
2.302585
2.302357
2.302480
2.302709
2.303261
2.302585
2.302585
2.302585
2.302421
2.302585
2.302709
2.302585
2.302585
2.302585
2.302585
2.302585
2.302910
2.302585
2.302534
2.302585
2.302288
2.302585
2.302585
2.302585
2.302585
2.302585
2.302585
2.302585
2.303034
2.302585
2.302585
2.302534
2.302585
2.302585
2.302585
2.302585
2.302585
2.302585
2.302585
2.302585
2.302357
2.302585
2.302534
2.302709
2.303261
2.302288
2.302710
2.302709
2.302585
2.302585
2.302585
2.302585
2.302585
2.302585
2.302585
2.302237
2.302585
2.302585
2.302585
2.302585
2.302374
2.302481
2.302585
2.302585
2.302585
2.302585
2.302585
2.302585
2.302585
2.302585
2.302585
2.302585
2.302585
2.302585
2.302534
2.302421
2.302585
2.302585
2.302585
2.302428
2.302585
2.302709
2.302413
2.302534
2.302585
2.302816
2.302585
2.302288
2.302585
2.302585
2.302585
2.302480
2.302585
2.302709
2.302585
2.302585
2.302585
2.302585
2.303936
2.302288
2.302252
2.302585
2.302585
2.302585
2.302585
2.302534
2.302585
2.303261
2.302585
2.302585
2.302585
2.302585
2.302585
2.302585
2.302288
2.302480
2.302585
2.302585
2.302585
2.302585
2.302940
2.302585
2.302585
2.302585
2.302585
2.302534
2.302585
2.302709
2.302585
2.302534
2.302585
2.302585
2.303138
2.302585
2.302534
2.302585
2.302585
2.302585
2.302585
2.302585
2.302709
2.302766
2.302585
2.302585
2.302534
2.302585
2.302585
2.302421
2.302585
2.302585
2.302585
2.302585
2.302585
2.302585
2.302585
2.302534
2.302585
2.302585
2.302585
2.302585
2.302585
2.302585
2.302585
2.302585
2.302585
2.302585
2.302288
2.302585
2.302421
2.303261
2.302585
2.302357
2.302585
2.302765
2.302585
2.302585
2.302994
2.302585
2.302585
2.302816
2.302585
2.302585
2.302631
2.302585
2.302534
2.302585
2.302585
2.302585
2.302585
2.302480
2.302480
2.302585
2.302585
2.302585
2.302421
2.302585
2.302585
2.302585
2.302585
2.302585
2.302585
2.302585
2.302585
2.302585
2.302585
2.302534
2.302357
2.302585
2.302585
2.302585
2.302288
2.302585
2.302585
2.302585
2.302585
2.302659
2.302585
2.302585
2.302585
2.302585
2.302585
2.302585
2.302534
2.302585
2.302585
2.302585
2.302910
2.302585
2.302585
2.302585
2.302480
2.302130
2.302585
2.302585
2.302585
2.302585
2.302585
2.302585
2.302585
2.302288
2.303070
2.302585
2.302585
2.302585
2.302585
2.302585
2.303315
2.302585
2.302421
2.302585
2.302585
2.302910
2.302585
2.302585
2.302585
2.302964
2.302585
2.302585
2.302534
2.303315
2.302585
2.302357
2.302585
2.302585
2.302585
2.302585
2.302585
2.302534
2.302585
2.302585
2.302585
2.302682
2.302585
2.302585
2.302585
2.302585
2.302585
2.302585
2.302288
2.302585
2.302585
2.302585
2.302585
2.302585
2.302421
2.302585
2.302585
2.302585
2.302585
2.302480
2.302534
2.302585
2.303202
2.303070
2.302288
2.302585
2.302585
2.302910
2.302585
2.302585
2.302585
2.302534
2.302357
2.302585
2.302585
2.302585
2.302585
2.302585
2.302585
2.302585
2.302585
2.302585
2.302585
2.302585
2.302585
2.302585
2.302585
2.302585
2.302585
2.302585
2.302585
2.302585
2.302585
2.302585
2.302357
2.302534
2.302585
2.302585
2.302534
2.302585
2.302585
2.302585
2.302357
2.302585
2.302585
2.302585
2.302585
2.302585
2.302585
2.302585
2.302534
2.302288
2.302585
2.302585
2.302585
2.302288
2.302585
2.302585
2.302585
2.302585
2.302585
2.302585
2.302585
2.303138
2.302585
2.302585
2.302585
2.303319
2.302585
2.302357
2.302534
2.302534
2.302585
2.302585
2.302585
2.302585
2.302585
2.302585
2.302585
2.302585
2.302585
