2.302829
2.299016
2.300234
2.297692
2.289089
2.285284
2.284207
2.290076
2.268288
2.262163
2.250396
2.251499
2.213718
2.233270
2.208126
2.217455
2.214480
2.197041
2.175884
2.167276
2.114958
2.127524
2.076073
2.050116
2.037995
1.979718
1.947337
1.894963
1.890204
1.822097
1.839132
1.828866
1.795358
1.807941
1.777711
1.778023
1.751400
1.774311
1.760786
1.712881
1.714452
1.701934
1.726104
1.725893
1.698225
1.689417
1.726841
1.721156
1.705831
1.680169
1.685152
1.659791
1.673578
1.674814
1.653175
1.672586
1.635947
1.643142
1.655207
1.655072
1.638659
1.660897
1.621315
1.631472
1.674062
1.636769
1.609681
1.631483
1.638621
1.652139
1.615372
1.632219
1.633818
1.640080
1.632719
1.595342
1.609574
1.627300
1.587964
1.640455
1.581629
1.605969
1.644349
1.584319
1.607557
1.635924
1.578724
1.620442
1.603182
1.618947
1.583922
1.576220
1.607141
1.632990
1.580407
1.635696
1.600111
1.597997
1.583974
1.564803
1.618155
1.611058
1.592641
1.563765
1.613735
1.568080
1.558664
1.590558
1.592098
1.588692
1.614468
1.584302
1.584825
1.562406
1.563954
1.576174
1.578043
1.603341
1.560989
1.573391
1.584777
1.582590
1.559737
1.574220
1.561900
1.554122
1.582081
1.576322
1.557535
1.545212
1.588403
1.536074
1.574338
1.541817
1.589056
1.598518
1.553509
1.563087
1.566978
1.564558
1.579139
1.578753
1.557004
1.585649
1.571455
1.576879
1.560568
1.556103
1.558240
1.580878
1.563185
1.599202
1.581596
1.571864
1.557345
1.544252
1.545577
1.524213
1.562393
1.542571
1.546425
1.574743
1.570190
1.549615
1.559687
1.536343
1.593584
1.548584
1.569191
1.520562
1.546445
1.554157
1.549042
1.539244
1.563440
1.544412
1.543970
1.542127
1.533744
1.534826
1.556224
1.543497
1.572707
1.569876
1.529787
1.543758
1.545430
1.546919
1.561693
1.532010
1.523936
1.540691
1.535276
1.570454
1.531813
1.566052
1.538130
1.546937
1.548058
1.531476
1.541702
1.522032
1.558598
1.525785
1.553424
1.534287
1.530627
1.532058
1.555791
1.563303
1.520552
1.554361
1.553529
1.530692
1.538776
1.538919
1.533209
1.552480
1.537687
1.528677
1.518437
1.544608
1.540928
1.534053
1.509468
1.538541
1.517582
1.557134
1.515159
1.542201
1.534299
1.531000
1.500972
1.543771
1.542036
1.538822
1.536642
1.547937
1.525478
1.537186
1.518243
1.541222
1.532028
1.528891
1.543000
1.518675
1.504705
1.540985
1.513114
1.529971
1.508627
1.530494
1.557134
1.529170
1.522311
1.528604
1.527192
1.514695
1.525479
1.527991
1.524587
1.504248
1.522462
1.514019
1.548848
1.507844
1.515105
1.515305
1.513947
1.542535
1.503274
1.513959
1.539736
1.529951
1.514984
1.534021
1.547672
1.521828
1.506884
1.512209
1.536164
1.520195
1.516262
1.505289
1.538323
1.519902
1.524831
1.496390
1.505966
1.498784
1.518078
1.524086
1.534731
1.508208
1.544994
1.558040
1.503943
1.536889
1.514297
1.496337
1.514912
1.495057
1.525711
1.519379
1.529375
1.512099
1.497779
1.521624
1.505077
1.528125
1.511819
1.511633
1.518355
1.502980
1.520285
1.501699
1.504320
1.492742
1.503241
1.542458
1.529008
1.514412
1.512233
1.515002
1.518041
1.519939
1.516943
1.492566
1.509979
1.516145
1.509910
1.509883
1.509094
1.513579
1.541001
1.502946
1.532025
1.507079
1.544602
1.517629
1.485847
1.547129
1.492186
1.518447
1.520787
1.516565
1.502362
1.503986
1.517379
1.490525
1.526721
1.519849
1.499625
1.505719
1.497311
1.512379
1.490083
1.546989
1.503775
1.512796
1.495668
1.505217
1.523834
1.507393
1.519650
1.512264
1.506402
1.534419
1.526477
1.520928
1.511814
1.496557
1.513051
1.496059
1.491554
1.498475
1.520398
1.514350
1.491659
1.502854
1.498605
1.521248
1.535572
1.516497
1.517117
1.512971
1.502501
1.500184
1.493170
1.493361
1.495113
1.530736
1.487739
1.488021
1.509912
1.501211
1.486044
1.503793
1.509401
1.487112
1.522139
1.505026
1.494976
1.504744
1.493609
1.528360
1.500939
1.505401
1.524779
1.504848
1.509437
1.477567
1.506585
1.522720
1.541801
1.505133
1.492000
1.499096
1.503661
1.509406
1.484617
1.510954
1.519248
1.509355
1.484674
1.494606
1.507401
1.496963
1.493940
1.497595
1.494810
1.517604
1.491034
1.507283
1.525205
1.502661
1.492754
1.496842
1.494920
1.493774
1.486280
1.503405
1.514509
1.491404
1.514319
1.495428
1.502335
1.548655
1.499803
1.510677
1.499173
1.517419
1.497722
1.512033
1.505702
1.528219
1.504032
1.513182
1.508857
1.491951
1.492406
1.494230
1.512811
1.499150
1.486961
1.519605
1.494931
1.508053
1.507416
1.485995
1.495820
1.477974
1.489739
1.508194
1.527720
1.501168
1.514999
1.552480
1.494986
1.505442
1.503107
1.492556
1.496519
1.482031
1.490691
1.490356
1.481319
1.514693
1.499072
1.484931
1.490698
1.526262
1.493740
1.500336
1.529271
1.506465
1.491449
1.508091
1.512548
1.507704
