2.304488
2.305396
2.303645
2.300747
2.297498
2.301852
2.301873
2.301889
2.295168
2.298424
2.290625
2.275534
2.247952
2.230129
2.196704
2.192307
2.157838
2.159688
2.192182
2.220331
2.254200
2.311099
2.371775
2.419064
2.366154
2.323373
2.129210
1.947240
1.965643
1.899068
1.930326
1.930443
1.902853
1.869699
1.916330
1.937592
1.978529
2.022005
1.970847
1.893800
1.907549
1.826781
1.805275
1.821946
1.794076
1.834907
1.820409
1.809887
1.853068
1.878332
1.881389
1.799707
1.801215
1.827139
1.764658
1.724304
1.698188
1.728194
1.746295
1.730868
1.791868
1.801704
1.798832
1.780381
1.811790
1.771088
1.733344
1.693945
1.755358
1.751576
1.791051
1.794340
1.791626
1.778593
1.896498
1.790611
1.798403
1.742015
1.732524
1.717764
1.712160
1.711920
1.676732
1.712894
1.770919
1.720710
1.728415
1.717855
1.719220
1.686950
1.693505
1.708452
1.694467
1.782432
1.741737
1.705682
1.707289
1.724514
1.740043
1.766686
1.781056
1.736826
1.771480
1.687396
1.694229
1.727417
1.736301
1.687941
1.700722
1.699188
1.683036
1.723318
1.716675
1.634195
1.724670
1.674004
1.708135
1.710805
1.695635
1.688961
1.695178
1.654614
1.644132
1.661331
1.726266
1.666216
1.675767
1.671813
1.677471
1.667505
1.723646
1.699875
1.667681
1.701612
1.687410
1.682408
1.755433
1.684347
1.675508
1.656068
1.714838
1.648964
1.691455
1.671051
1.657606
1.711352
1.681615
1.726224
1.630993
1.668169
1.671061
1.740675
1.652212
1.668276
1.671458
1.701813
1.707935
1.727386
1.694573
1.728574
1.690529
1.706129
1.730121
1.711532
1.727012
1.710742
1.689062
1.695412
1.707359
1.670220
1.650429
1.629751
1.668645
1.644470
1.653157
1.615943
1.664422
1.640058
1.609355
1.634890
1.618902
1.610470
1.641762
1.596109
1.630939
1.660062
1.683309
1.678668
1.608327
1.617721
1.597427
1.611038
1.632108
1.635714
1.644535
1.619262
1.621272
1.619980
1.614155
1.601430
1.615749
1.656503
1.590899
1.662133
1.677928
1.620370
1.629044
1.635309
1.630449
1.639527
1.600628
1.693599
1.663817
1.614939
1.659760
1.643262
1.675393
1.628123
1.594209
1.634283
1.649511
1.604743
1.593733
1.578954
1.632959
1.618620
1.618850
1.659862
1.588060
1.608719
1.669420
1.623326
1.625644
1.593486
1.652799
1.655905
1.623588
1.578367
1.630485
1.612352
1.610818
1.600273
1.614745
1.614721
1.600013
1.580527
1.607523
1.594836
1.581151
1.581077
1.629370
1.596687
1.610556
1.665518
1.608178
1.653927
1.588827
1.603443
1.631743
1.593695
1.633158
1.605650
1.614450
1.606636
1.614565
1.612784
1.639779
1.666522
1.576164
1.610163
1.625900
1.595147
1.605700
1.587522
1.598991
1.616774
1.579370
1.600793
1.628497
1.589686
1.604291
1.582118
1.601618
1.589772
1.594352
1.592196
1.622309
1.596640
1.623422
1.597847
1.598770
1.585172
1.609972
1.567900
1.605264
1.630409
1.602852
1.598242
1.614083
1.580657
1.599640
1.623302
1.630537
1.613210
1.604644
1.577372
1.621875
1.585481
1.607336
1.644722
1.584470
1.602509
1.586589
1.564577
1.631588
1.600317
1.604068
1.593161
1.608229
1.569836
1.624295
1.598775
1.569459
1.587299
1.587965
1.648283
1.562140
1.603264
1.621732
1.599604
1.588532
1.640351
1.574178
1.609143
1.610164
1.587046
1.605300
1.608478
1.581941
1.566579
1.591919
1.559237
1.600759
1.582357
1.615976
1.597676
1.589952
1.549362
1.623580
1.651889
1.579778
1.599078
1.569953
1.591887
1.609435
1.596137
1.590666
1.612556
1.620785
1.577411
1.593056
1.598023
1.591584
1.610012
1.629298
1.594557
1.590516
1.612120
1.587757
1.621720
1.579323
1.570044
1.561865
1.592787
1.598074
1.576726
1.579728
1.558079
1.563617
1.625696
1.608444
1.617105
1.565097
1.548649
1.567918
1.617102
1.594091
1.614333
1.602692
1.605401
1.597002
1.577982
1.573819
1.650179
1.616130
1.555489
1.588773
1.571857
1.605156
1.581441
1.583854
1.609133
1.545630
1.601630
1.584798
1.601234
1.604667
1.599240
1.625582
1.567206
1.581830
1.564891
1.579167
1.558161
1.591747
1.611371
1.562131
1.518458
1.598364
1.580879
1.579617
1.602930
1.595111
1.546038
1.625113
1.580631
1.611803
1.564412
1.633736
1.623867
1.552180
1.625394
1.577583
1.575589
1.559619
1.603557
1.534743
1.629496
1.564697
1.618467
1.617850
1.588644
1.585425
1.616160
1.549631
1.580074
1.625453
1.536038
1.573306
1.561654
1.579839
1.598199
1.518116
1.555485
1.631330
1.532197
1.598570
1.586567
1.584535
1.564821
1.553623
1.575357
1.565810
1.604884
1.618623
1.611437
1.567693
1.607402
1.593533
1.566782
1.546293
1.636433
1.582250
1.593240
1.555565
1.560581
1.573297
1.614923
1.535929
1.605136
1.588424
1.572409
1.556580
1.564206
1.621922
1.581066
1.618567
1.616370
1.576301
1.567405
1.566092
1.567909
1.573561
1.545360
1.597312
1.593269
1.591763
1.575574
1.572423
1.583194
