2.303212
2.301445
2.291092
2.288878
2.295143
2.280485
2.281338
2.243467
2.254383
2.223149
2.232031
2.196192
2.182743
2.123471
2.131227
2.124774
2.051016
1.998810
1.967908
1.886142
1.898347
1.837587
1.821108
1.778392
1.773263
1.766487
1.724171
1.719566
1.688807
1.724644
1.719833
1.682183
1.681322
1.666808
1.670345
1.668973
1.646789
1.681301
1.700710
1.642536
1.649491
1.615264
1.670686
1.635601
1.596416
1.612377
1.616325
1.623957
1.644740
1.628453
1.623056
1.598926
1.586506
1.564398
1.575074
1.618271
1.572206
1.571853
1.590656
1.594797
1.564526
1.600663
1.583352
1.549218
1.578223
1.538423
1.555932
1.577948
1.576588
1.599186
1.551973
1.603335
1.559925
1.569800
1.582355
1.586602
1.551165
1.592715
1.559316
1.534119
1.535884
1.555196
1.543303
1.552847
1.531537
1.551810
1.525890
1.568811
1.578368
1.549376
1.572970
1.582979
1.552177
1.572692
1.553524
1.523368
1.542873
1.564442
1.550728
1.553434
1.535032
1.560391
1.531913
1.542329
1.527857
1.535689
1.539775
1.523219
1.548885
1.532700
1.552460
1.576497
1.537973
1.524151
1.506804
1.545192
1.534382
1.523769
1.537346
1.526392
1.544762
1.532186
1.538555
1.506074
1.536699
1.519726
1.510912
1.515085
1.522073
1.529128
1.530085
1.530223
1.508330
1.521222
1.544930
1.519477
1.535151
1.543879
1.527771
1.523528
1.535340
1.546970
1.537830
1.514959
1.526544
1.506273
1.561964
1.500482
1.504784
1.533618
1.519228
1.494105
1.536649
1.511591
1.529442
1.546382
1.519324
1.528701
1.514547
1.502662
1.504733
1.534825
1.508246
1.501541
1.519273
1.505342
1.495947
1.509233
1.514187
1.528108
1.532830
1.530986
1.501714
1.504701
1.512457
1.493289
1.504430
1.516001
1.500644
1.506549
1.536654
1.511913
1.512419
1.521579
1.520785
1.512376
1.516900
1.500665
1.489721
1.490080
1.529180
1.513432
1.496812
1.507898
1.495284
1.514483
1.503426
1.517529
1.487656
1.506170
1.506809
1.495986
1.510884
1.513986
1.490044
1.506845
1.521849
1.507378
1.515434
1.501393
1.507280
1.526013
1.495920
1.511138
1.501520
1.499583
1.522023
1.484148
1.501838
1.550444
1.525933
1.507385
1.506065
1.494347
1.516567
1.483854
1.493354
1.488106
1.494397
1.527681
1.516015
1.488989
1.483706
1.519146
1.491556
1.496940
1.496069
1.529377
1.499863
1.491482
1.515454
1.525680
1.491248
1.509952
1.511004
1.504203
1.478345
1.536271
1.490360
1.493681
1.522862
1.504898
1.494556
1.511329
1.497468
1.488389
1.482438
1.500527
1.479240
1.504326
1.488193
1.491362
1.516726
1.477699
1.512578
1.506783
1.518916
1.489314
1.486837
1.497828
1.516503
1.500218
1.487145
1.497395
1.512725
1.499886
1.517130
1.485265
1.506744
1.497488
1.505618
1.500620
1.502865
1.504085
1.504723
1.495950
1.495093
1.487214
1.513820
1.506936
1.490603
1.513364
1.504704
1.501368
1.488494
1.490543
1.490515
1.492856
1.494431
1.477834
1.490351
1.492420
1.481834
1.520637
1.502412
1.478425
1.501137
1.501865
1.526187
1.483434
1.480705
1.481184
1.491395
1.503932
1.488553
1.505388
1.494207
1.516016
1.474262
1.488832
1.501368
1.515306
1.492216
1.495017
1.503867
1.493884
1.487638
1.496866
1.482236
1.524952
1.501124
1.502742
1.481110
1.480939
1.490793
1.477610
1.493535
1.492725
1.498055
1.485136
1.508573
1.491382
1.481654
1.484957
1.480503
1.493200
1.482539
1.491526
1.486768
1.530887
1.490869
1.520100
1.485197
1.495864
1.488587
1.481171
1.491119
1.497548
1.502962
1.486059
1.484976
1.486782
1.493888
1.487681
1.495205
1.495083
1.482580
1.488142
1.476411
1.500970
1.495902
1.481226
1.495843
1.490499
1.496475
1.505890
1.501761
1.513025
1.498715
1.499772
1.477945
1.483278
1.497370
1.490033
1.482082
1.512102
1.487000
1.491860
1.482237
1.491966
1.485468
1.494096
1.508974
1.488614
1.494059
1.505983
1.504257
1.488733
1.484474
1.495713
1.484856
1.498494
1.498866
1.499933
1.476821
1.483993
1.507632
1.487050
1.502990
1.483907
1.480114
1.493640
1.490496
1.481611
1.472785
1.498429
1.494711
1.481771
1.481402
1.513932
1.485381
1.501865
1.475026
1.480974
1.490811
1.497185
1.492799
1.475465
1.483343
1.493234
1.495786
1.477433
1.486379
1.493242
1.492761
1.484628
1.485361
1.482775
1.493484
1.495397
1.495448
1.495143
1.487622
1.509295
1.493988
1.487718
1.488405
1.487648
1.486186
1.501481
1.480956
1.487432
1.488355
1.480315
1.479794
1.487756
1.491886
1.506059
1.497426
1.497864
1.475039
1.488662
1.504719
1.481372
1.491585
1.511038
1.487034
1.477219
1.483936
1.487578
1.485080
1.489223
1.478984
1.501859
1.489850
1.495471
1.490319
1.490404
1.491893
1.495031
1.474172
1.483207
1.486662
1.491866
1.476397
1.485491
1.475195
1.486901
1.502781
1.503344
1.492797
1.487185
1.470052
1.490257
1.476706
1.495372
1.491079
1.482114
1.477268
1.494115
