2.307225
2.308711
2.314079
2.293299
2.308799
2.406778
2.482508
2.367122
2.317873
2.302859
2.312469
2.336011
2.325824
2.311865
2.315421
2.306306
2.304196
2.304090
2.304947
2.303819
2.303768
2.304095
2.302483
2.302585
2.302534
2.302585
2.302585
2.303687
2.302585
2.302534
2.302585
2.303070
2.303261
2.302585
2.303202
2.302585
2.302585
2.302585
2.302585
2.302534
2.303138
2.302585
2.302585
2.303611
2.302585
2.302534
2.302994
2.302585
2.302585
2.302585
2.302534
2.302585
2.302585
2.302585
2.302585
2.302585
2.302585
2.302585
2.302585
2.302585
2.302585
2.302585
2.302585
2.302585
2.302585
2.302585
2.302585
2.303210
2.302585
2.302585
2.303611
2.302585
2.302585
2.302585
2.302585
2.303936
2.302585
2.303202
2.302585
2.302534
2.302585
2.302585
2.302585
2.302585
2.302585
2.302585
2.303202
2.302585
2.302585
2.303070
2.302585
2.302585
2.302585
2.302585
2.302585
2.303878
2.302994
2.302709
2.302585
2.302585
2.302585
2.302585
2.302585
2.302585
2.302585
2.302585
2.302585
2.302585
2.302585
2.302994
2.302534
2.302585
2.303202
2.302585
2.302585
2.302585
2.303261
2.303202
2.302994
2.302585
2.302585
2.302585
2.302585
2.302585
2.302585
2.302709
2.302585
2.302585
2.302943
2.302585
2.302585
2.302585
2.302585
2.302585
2.302585
2.302585
2.302585
2.303202
2.302585
2.302585
2.303261
2.302585
2.302585
2.302585
2.303261
2.302585
2.302709
2.302585
2.302585
2.302585
2.302585
2.302585
2.302585
2.302585
2.302585
2.302585
2.302585
2.302585
2.302585
2.302585
2.303999
2.302585
2.302585
2.302585
2.302585
2.302816
2.302585
2.302585
2.302585
2.302585
2.302585
2.302585
2.303261
2.302910
2.302585
2.303070
2.302585
2.303202
2.302585
2.303261
2.302585
2.302585
2.302585
2.302585
2.302585
2.302585
2.302585
2.302585
2.302585
2.302585
2.302585
2.302585
2.302585
2.302585
2.302994
2.302585
2.302585
2.303202
2.302585
2.302585
2.302585
2.302585
2.303936
2.302585
2.302585
2.302585
2.302585
2.302585
2.302585
2.302585
2.303202
2.302585
2.302585
2.302585
2.302585
2.302585
2.302534
2.302585
2.302994
2.302585
2.302816
2.302816
2.303202
2.302585
2.302585
2.302585
2.302585
2.302585
2.302585
2.302585
2.302585
2.302585
2.302585
2.302585
2.302585
2.302585
2.302585
2.303819
2.302910
2.302994
2.302585
2.302585
2.302585
2.303261
2.302585
2.302585
2.302585
2.303202
2.302585
2.302585
2.302585
2.302585
2.302585
2.302585
2.302534
2.302585
2.302585
2.302585
2.303261
2.302585
2.302585
2.302585
2.302585
2.302816
2.303202
2.302585
2.303202
2.303819
2.302585
2.302585
2.302585
2.302585
2.303261
2.302585
2.302585
2.302585
2.302585
2.302585
2.302585
2.303745
2.302534
2.303202
2.302585
2.302585
2.302585
2.302585
2.302585
2.302585
2.302585
2.302910
2.302585
2.302585
2.302585
2.302585
2.302585
2.302585
2.302585
2.302585
2.302585
2.302816
2.302585
2.302585
2.302585
2.302585
2.302585
2.302585
2.302585
2.302585
2.303070
2.302585
2.302585
2.302585
2.302585
2.303261
2.302585
2.302585
2.302585
2.302585
2.302816
2.303202
2.302585
2.302585
2.302585
2.302585
2.303151
2.302585
2.302585
2.302585
2.303202
2.302585
2.302585
2.302585
2.302585
2.302585
2.302585
2.302994
2.302585
2.302585
2.303151
2.302585
2.302585
2.302585
2.302585
2.302585
2.302585
2.302585
2.303261
2.302585
2.303138
2.302585
2.302534
2.302534
2.302585
2.302585
2.303202
2.302585
2.302585
2.302585
2.303151
2.302585
2.302585
2.302816
2.302585
2.302585
2.303202
2.302585
2.302585
2.302585
2.302585
2.302585
2.303202
2.302585
2.302585
2.302585
2.302994
2.302585
2.302585
2.302585
2.302585
2.302585
2.302585
2.302585
2.302585
2.302585
2.302534
2.303202
2.302585
2.302585
2.302585
2.302585
2.302585
2.302534
2.302585
2.302994
2.302585
2.303261
2.302534
2.303138
2.303202
2.302585
2.302585
2.302585
2.302585
2.303202
2.302709
2.302585
2.302585
2.302585
2.302585
2.302585
2.302585
2.302994
2.302585
2.302585
2.302585
2.302585
2.303261
2.302585
2.302994
2.302585
2.302585
2.302585
2.302585
2.302585
2.302585
2.302585
2.303202
2.302585
2.302585
2.302534
2.302585
2.302585
2.302585
2.302585
2.302585
2.302585
2.303669
2.302585
2.302585
2.302585
2.302585
2.302585
2.302585
2.302534
2.303210
2.302585
2.302585
2.302585
2.302585
2.302585
2.302585
2.303151
2.302585
2.302940
2.303202
2.302585
2.302585
2.302585
2.302816
2.302585
2.302910
2.302585
2.302585
2.302585
2.302585
2.302585
2.302585
2.302585
2.302585
2.302585
2.303261
2.303202
2.302534
2.302585
2.302534
2.302585
2.302534
2.303210
2.302585
2.302534
2.302816
2.302585
2.303202
2.302585
2.302585
2.302585
2.302585
2.302585
2.302585
2.302585
2.302709
2.303202
2.302585
2.302585
2.303433
2.302585
2.302585
2.302585
2.302585
2.302585
