2.304660
2.298832
2.293211
2.297843
2.304801
2.284186
2.269798
2.292946
2.278149
2.254566
2.257115
2.267448
2.260545
2.201758
2.267339
2.225766
2.090530
2.133383
2.084701
2.036631
1.964547
1.916538
1.886741
1.863606
1.845298
1.823508
1.822522
1.818056
1.781412
1.796137
1.727617
1.735776
1.746277
1.728467
1.759940
1.712334
1.715136
1.736052
1.727336
1.718282
1.735200
1.793818
1.694038
1.703180
1.719242
1.721142
1.732144
1.694000
1.777915
1.704422
1.664922
1.647096
1.653416
1.677666
1.677952
1.655864
1.667144
1.618095
1.645024
1.693877
1.658869
1.613868
1.627434
1.689533
1.659985
1.630450
1.683104
1.652703
1.673057
1.648154
1.607983
1.651265
1.665579
1.615033
1.644626
1.657378
1.581392
1.635613
1.605825
1.633907
1.633603
1.636827
1.601570
1.618879
1.597678
1.609753
1.608198
1.643364
1.599582
1.596756
1.585675
1.610963
1.630489
1.578623
1.595601
1.615014
1.584902
1.614961
1.611070
1.583154
1.604288
1.570181
1.573808
1.615472
1.583930
1.609623
1.587686
1.578831
1.576912
1.620022
1.566999
1.582325
1.592737
1.593274
1.626370
1.572837
1.605358
1.574290
1.560718
1.574412
1.590920
1.559388
1.586923
1.599787
1.526414
1.585762
1.552476
1.563362
1.618911
1.584827
1.583273
1.584906
1.643420
1.567272
1.536466
1.578836
1.593355
1.578754
1.551769
1.577575
1.586265
1.584012
1.564548
1.579655
1.557851
1.544579
1.608840
1.582993
1.561977
1.561640
1.552140
1.538746
1.539421
1.547833
1.589422
1.597461
1.553584
1.569820
1.557168
1.568179
1.603077
1.563085
1.546091
1.571615
1.546091
1.587284
1.575373
1.557656
1.577743
1.546971
1.547355
1.568220
1.569084
1.557810
1.569699
1.544707
1.569803
1.554856
1.520621
1.578431
1.582357
1.563325
1.567291
1.583857
1.545813
1.527526
1.567498
1.549637
1.591646
1.579717
1.542312
1.550880
1.529339
1.525174
1.530799
1.515988
1.578322
1.595272
1.531709
1.537968
1.568241
1.568291
1.558243
1.571205
1.567062
1.579632
1.569801
1.551174
1.592215
1.530094
1.536809
1.560417
1.541048
1.536768
1.551458
1.569250
1.579834
1.566208
1.558905
1.567080
1.562575
1.582161
1.604038
1.554176
1.594348
1.516982
1.531580
1.535091
1.538623
1.569058
1.526991
1.519143
1.546190
1.564980
1.545136
1.527742
1.572065
1.605178
1.529228
1.550753
1.579722
1.550211
1.561587
1.535170
1.578261
1.544245
1.551405
1.539706
1.553374
1.526227
1.555134
1.540130
1.561594
1.542600
1.556719
1.559185
1.576176
1.515226
1.583292
1.566758
1.526712
1.574082
1.568476
1.564679
1.535307
1.555642
1.551095
1.570096
1.515946
1.579530
1.534721
1.546795
1.587668
1.533562
1.565788
1.567420
1.573210
1.534838
1.551460
1.542982
1.543907
1.535864
1.553018
1.570647
1.531351
1.556323
1.517889
1.524538
1.569675
1.538684
1.525846
1.525439
1.567496
1.548835
1.551026
1.530037
1.565133
1.529834
1.565605
1.529447
1.546835
1.544689
1.554325
1.550287
1.521607
1.525885
1.538314
1.529369
1.540341
1.513430
1.549813
1.560131
1.541891
1.546804
1.588277
1.535459
1.585207
1.560973
1.537254
1.539213
1.561614
1.570148
1.537370
1.530093
1.550887
1.531382
1.568371
1.560880
1.559796
1.531271
1.530853
1.524395
1.537846
1.528056
1.538220
1.553615
1.520420
1.529972
1.557099
1.574751
1.571885
1.543774
1.541472
1.552736
1.579938
1.527282
1.560452
1.529315
1.579977
1.586974
1.573546
1.541350
1.539673
1.526597
1.524754
1.515808
1.562826
1.520702
1.515544
1.549479
1.535615
1.519010
1.524739
1.516385
1.558834
1.549172
1.530505
1.537503
1.528933
1.550505
1.553984
1.527214
1.546939
1.558627
1.557549
1.536162
1.568303
1.518178
1.541475
1.526127
1.553278
1.556142
1.555011
1.532564
1.522506
1.557597
1.539654
1.547701
1.514336
1.599370
1.563671
1.529815
1.563244
1.559121
1.507573
1.541122
1.548083
1.513686
1.530894
1.558726
1.548842
1.578079
1.535078
1.533001
1.527745
1.534386
1.528469
1.546271
1.539514
1.514647
1.545391
1.539190
1.499280
1.571882
1.508429
1.546485
1.533873
1.535808
1.537169
1.528363
1.534345
1.565871
1.560919
1.524603
1.529158
1.533898
1.536656
1.547064
1.523834
1.530076
1.534931
1.528866
1.535951
1.527927
1.541934
1.542225
1.529617
1.547708
1.538445
1.544629
1.571316
1.567936
1.528077
1.572316
1.483550
1.543132
1.523713
1.508110
1.537390
1.518122
1.544629
1.556179
1.565343
1.525061
1.555385
1.590339
1.554248
1.518135
1.527326
1.508624
1.529872
1.518631
1.558591
1.544389
1.528580
1.528872
1.502069
1.519099
1.540677
1.541811
1.525944
1.566242
1.532968
1.565633
1.508493
1.545889
1.565385
1.543048
1.518599
1.534084
1.530728
1.554759
1.548986
1.530391
1.523456
1.562841
1.561462
1.544598
1.542290
1.545385
1.559170
1.522878
1.530797
1.583927
1.526442
1.547480
1.502993
1.546832
1.521313
1.540147
