2.303425
2.298083
2.292522
2.290318
2.281480
2.268150
2.272251
2.229339
2.260009
2.221205
2.209567
2.180723
2.106391
2.076640
2.020520
1.949458
1.872252
1.849392
1.810919
1.829967
1.795606
1.772451
1.760798
1.751719
1.714981
1.734983
1.694201
1.701894
1.689512
1.681429
1.649398
1.673189
1.670586
1.650922
1.631412
1.650559
1.665661
1.627474
1.648713
1.627443
1.588797
1.613597
1.577890
1.574042
1.626185
1.578397
1.569263
1.564436
1.579362
1.627309
1.564363
1.555854
1.576920
1.603311
1.581246
1.557628
1.553989
1.608442
1.575993
1.577956
1.574681
1.583899
1.590158
1.572556
1.564318
1.560550
1.531355
1.523424
1.544340
1.537697
1.546405
1.521117
1.591352
1.576434
1.552123
1.536053
1.530233
1.554879
1.523214
1.540238
1.541525
1.541943
1.552632
1.527492
1.539924
1.579836
1.545828
1.571654
1.537910
1.556884
1.513671
1.524154
1.518163
1.533096
1.536626
1.538667
1.546612
1.516163
1.511495
1.532134
1.530215
1.533249
1.532704
1.536789
1.543937
1.558296
1.516660
1.521433
1.513890
1.521577
1.520622
1.539351
1.524120
1.521055
1.498723
1.531905
1.533091
1.535259
1.503056
1.523071
1.530496
1.522560
1.501520
1.541288
1.508670
1.509060
1.519742
1.513332
1.510144
1.535397
1.549984
1.508719
1.517353
1.534262
1.509605
1.522247
1.545430
1.518877
1.530602
1.508342
1.506073
1.515321
1.498378
1.502151
1.517524
1.503305
1.511630
1.513336
1.502410
1.505688
1.536986
1.506391
1.514904
1.511962
1.510154
1.506981
1.538319
1.504985
1.495617
1.518963
1.514301
1.511479
1.518241
1.513001
1.524594
1.527544
1.490112
1.508178
1.522113
1.501741
1.501024
1.498660
1.512462
1.509863
1.501835
1.490431
1.484789
1.508541
1.514441
1.522388
1.493015
1.512434
1.520938
1.521777
1.520350
1.498488
1.518993
1.493431
1.508062
1.506224
1.511330
1.495060
1.482199
1.492299
1.514325
1.490750
1.499587
1.492323
1.509634
1.493656
1.500816
1.496248
1.526044
1.494879
1.484350
1.498905
1.509865
1.509716
1.495478
1.526537
1.520580
1.508691
1.496518
1.509366
1.524856
1.519529
1.490755
1.516607
1.499089
1.502737
1.500067
1.500671
1.488284
1.510199
1.520983
1.513389
1.510624
1.508981
1.488761
1.507269
1.495871
1.503209
1.504391
1.512825
1.488800
1.510435
1.513732
1.502053
1.494873
1.502656
1.502643
1.496989
1.516357
1.483922
1.535974
1.488962
1.518080
1.506444
1.500630
1.514850
1.479936
1.495404
1.504338
1.504109
1.520199
1.523795
1.496778
1.490800
1.492114
1.493974
1.490420
1.499867
1.502283
1.494313
1.494951
1.491688
1.496662
1.490663
1.517430
1.501298
1.501508
1.507124
1.519954
1.490608
1.495667
1.501529
1.499700
1.496892
1.491909
1.495665
1.505671
1.493963
1.516903
1.509066
1.501126
1.500159
1.515655
1.492998
1.499483
1.502802
1.499491
1.495145
1.491055
1.500296
1.501318
1.490701
1.492788
1.492220
1.499829
1.492522
1.489937
1.507017
1.504940
1.493975
1.496461
1.492612
1.515873
1.502307
1.488861
1.497244
1.503711
1.493655
1.504924
1.499053
1.513234
1.489070
1.497296
1.485258
1.490019
1.500118
1.508938
1.489357
1.509847
1.493618
1.490722
1.516448
1.489111
1.492071
1.497049
1.496267
1.487981
1.486963
1.503247
1.521232
1.482049
1.506176
1.494026
1.493933
1.489416
1.499163
1.508936
1.501531
1.508906
1.495993
1.492994
1.516215
1.499195
1.503085
1.504702
1.479479
1.498124
1.491585
1.480996
1.486056
1.499965
1.497639
1.488630
1.504999
1.498867
1.483318
1.509586
1.503199
1.509221
1.510462
1.494929
1.494859
1.492471
1.504921
1.491023
1.494869
1.504437
1.496145
1.507539
1.488746
1.504176
1.485824
1.481665
1.498603
1.488119
1.502034
1.501620
1.496934
1.495061
1.487702
1.492069
1.495941
1.490691
1.509814
1.478223
1.491629
1.506241
1.502841
1.488965
1.513093
1.489627
1.504222
1.487480
1.488965
1.495340
1.487345
1.498566
1.492090
1.485088
1.500488
1.490246
1.503695
1.480355
1.509337
1.489548
1.477430
1.493684
1.492472
1.505699
1.488974
1.484454
1.493466
1.486169
1.491043
1.503424
1.495062
1.492506
1.492127
1.496495
1.489364
1.491714
1.484469
1.486264
1.508627
1.478530
1.490539
1.495292
1.484690
1.490948
1.490398
1.511237
1.501569
1.503691
1.501996
1.491145
1.494749
1.508242
1.515116
1.498089
1.486287
1.504424
1.489241
1.486942
1.479613
1.500380
1.486560
1.491670
1.485181
1.486261
1.503528
1.481651
1.493840
1.486192
1.504147
1.485328
1.495290
1.494114
1.493963
1.490400
1.499116
1.500070
1.493849
1.509500
1.494946
1.483832
1.492380
1.505000
1.489797
1.499877
1.516190
1.502327
1.497300
1.485340
1.489724
1.484133
1.476934
1.508456
1.484400
1.488627
1.493232
1.488734
1.477768
1.506320
1.480003
1.492491
1.495742
1.489796
1.481185
1.487844
1.474388
1.481987
1.488993
1.490883
1.500417
1.484494
1.493872
