2.341638
2.349859
2.410598
2.437842
2.480245
2.412667
2.250463
2.260910
2.258415
2.261916
2.199626
2.167688
2.167424
2.167424
2.167688
2.167630
2.167424
2.167424
2.167424
2.167424
2.167424
2.167424
2.167424
2.167424
2.167424
2.167424
2.167424
2.167424
2.167424
2.167424
2.167424
2.167424
2.167424
2.167424
2.167424
2.167424
2.167424
2.167424
2.167424
2.167424
2.167424
2.167424
2.167424
2.167424
2.167424
2.167424
2.167424
2.167424
2.167424
2.167424
2.167424
2.167424
2.167424
2.167424
2.167424
2.167424
2.167424
2.167424
2.167424
2.167424
2.167424
2.167424
2.167424
2.167424
2.167424
2.167424
2.167424
2.167424
2.167424
2.167424
2.167424
2.167424
2.167424
2.167424
2.167424
2.167424
2.167424
2.167424
2.167424
2.167424
2.167424
2.167424
2.167424
2.167424
2.167424
2.167424
2.167424
2.167424
2.167424
2.167424
2.167424
2.167424
2.167424
2.167424
2.167424
2.167424
2.167424
2.167424
2.167424
2.167424
2.167424
2.167424
2.167424
2.167424
2.167424
2.167424
2.167424
2.167424
2.167424
2.167424
2.167424
2.167424
2.167424
2.167424
2.167424
2.167424
2.167424
2.167424
2.167424
2.167424
2.167424
2.167424
2.167424
2.167424
2.167424
2.167424
2.167424
2.167424
2.167424
2.167424
2.167424
2.167424
2.167424
2.167424
2.167424
2.167424
2.167424
2.167424
2.167424
2.167424
2.167424
2.167424
2.167424
2.167424
2.167424
2.167424
2.167424
2.167424
2.167424
2.167424
2.167424
2.167424
2.167424
2.167424
2.167424
2.167424
2.167424
2.167424
2.167424
2.167424
2.167424
2.167424
2.167424
2.167424
2.167424
2.167424
2.167424
2.167424
2.167424
2.167424
2.167424
2.167424
2.167424
2.167424
2.167424
2.167424
2.167424
2.167424
2.167424
2.167424
2.167424
2.167424
2.167424
2.167424
2.167424
2.167424
2.167424
2.167424
2.167424
2.167424
2.167424
2.167424
2.167424
2.167354
2.167424
2.167401
2.167424
2.167401
2.167424
2.167424
2.167401
2.167401
2.167424
2.167377
2.167401
2.167307
2.167354
2.166978
2.166485
2.165382
2.164678
2.164419
2.164419
2.153528
2.096068
2.092312
2.092312
2.092312
2.092312
2.092312
2.092312
2.092312
2.092312
2.092312
2.092312
2.092312
2.092312
2.092312
2.092312
2.092312
2.092312
2.092312
2.092312
2.092312
2.092312
2.092312
2.092312
2.092312
2.092312
2.092312
2.092312
2.092312
2.092312
2.092312
2.092312
2.092312
2.092312
2.092312
2.092312
2.092312
2.092312
2.092312
2.092312
2.092312
2.092312
2.092312
2.092312
2.092312
2.092312
2.092312
2.092312
2.092287
2.092312
2.092312
2.092312
2.092312
2.092312
2.092312
2.092312
2.092312
2.092312
2.092312
2.092312
2.092312
2.092312
2.092312
2.092312
2.092312
2.092312
2.092312
2.092312
2.092312
2.092287
2.092312
2.092312
2.092312
2.092312
2.092287
2.092312
2.092312
2.092312
2.092312
2.092312
2.092312
2.092312
2.092312
2.092312
2.092312
2.092312
2.092287
2.092262
2.092262
2.092312
2.092262
2.092262
2.092312
2.092312
2.092185
2.092312
2.092211
2.092262
2.092160
2.092058
2.092185
2.091906
2.091703
2.091373
2.090256
2.089292
2.081984
2.028407
2.011097
2.011097
2.011097
2.011097
2.011097
2.011097
2.011097
2.011097
2.011097
2.011097
2.011097
2.011097
2.011097
2.011352
2.011097
2.011097
2.011097
2.011097
2.011097
2.011097
2.011097
2.011097
2.011097
2.011097
2.011097
2.011097
2.011097
2.011097
2.011097
2.011097
2.011097
2.011097
2.011097
2.011097
2.011097
2.011097
2.011097
2.011097
2.011097
2.011097
2.011097
2.011097
2.011097
2.011097
2.011097
2.011352
2.011097
2.011097
2.011291
2.011097
2.011097
2.011097
2.011097
2.011097
2.011097
2.011097
2.011097
2.011097
2.011097
2.011097
2.011097
2.011097
2.011318
2.011042
2.011097
2.011097
2.011291
2.011042
2.011042
2.010987
2.010821
2.010462
2.009744
2.008418
1.993418
1.926235
1.922699
1.922699
1.922699
1.922699
1.922699
1.922699
1.922699
1.922699
1.922981
1.922699
1.922699
1.922699
1.922948
1.922699
1.922699
1.922699
1.922981
1.922948
1.922699
1.922948
1.923263
1.922981
1.922699
1.923230
1.922699
1.922981
1.922699
1.922699
1.922699
1.923512
1.922948
1.923512
1.923263
1.922981
1.923794
1.924043
1.922951
1.923512
1.925521
1.924392
1.926650
1.930570
1.935025
1.947975
1.954536
1.952846
1.956602
2.648891
2.739784
2.724159
2.747597
2.731972
2.739784
2.700655
2.771034
2.724159
2.763222
2.700722
2.747597
2.739751
2.677217
2.700588
2.747597
2.739751
2.755376
2.739680
2.770967
2.739751
2.739751
2.747597
2.708467
2.716313
2.747496
2.770934
2.739717
2.731804
2.724126
2.731737
2.723857
2.762853
2.708132
2.747026
2.770162
2.714937
2.745046
2.696459
2.725337
2.640195
2.648007
2.538632
2.577695
2.632307
2.663632
2.608945
2.593320
2.648007
2.593320
2.632382
2.608945
2.616757
2.593320
2.655820
2.632382
