2.305249
2.303080
2.299550
2.288462
2.292022
2.283427
2.264732
2.257015
2.244133
2.233215
2.109055
2.137731
2.064647
2.037173
1.930887
1.972243
1.972243
1.936980
1.862606
1.920307
1.832116
1.826857
1.790262
1.883746
1.781260
1.763085
1.806280
1.872789
1.794824
1.744318
1.697014
1.718038
1.728929
1.708596
1.653609
1.679981
1.695486
1.718305
1.694616
1.683014
1.683094
1.668929
1.646728
1.625354
1.646127
1.657975
1.675601
1.720617
1.664662
1.680812
1.645952
1.640707
1.632939
1.638904
1.654650
1.652025
1.665633
1.679914
1.607823
1.659184
1.688110
1.709322
1.676969
1.667075
1.651611
1.641463
1.656853
1.609220
1.601567
1.625661
1.638153
1.602164
1.632072
1.666133
1.600640
1.585288
1.651527
1.612702
1.648584
1.635055
1.642799
1.651973
1.658418
1.672238
1.596257
1.643332
1.615108
1.645493
1.610379
1.590302
1.651358
1.604284
1.719599
1.633917
1.657314
1.590579
1.631345
1.621857
1.617948
1.612717
1.605412
1.649212
1.597376
1.603630
1.626565
1.638160
1.638812
1.623911
1.574231
1.633217
1.693796
1.696677
1.593121
1.603323
1.648927
1.636080
1.614505
1.568452
1.656287
1.607305
1.594314
1.633390
1.618679
1.659253
1.608944
1.610272
1.589717
1.616334
1.614121
1.566530
1.590734
1.579788
1.579816
1.549891
1.588135
1.582483
1.543258
1.580345
1.559541
1.569842
1.548159
1.557376
1.550943
1.585862
1.576398
1.572969
1.539070
1.560363
1.568894
1.541698
1.596271
1.559520
1.559026
1.563981
1.560055
1.541508
1.531447
1.547543
1.548134
1.543555
1.588788
1.538348
1.548483
1.548685
1.546481
1.549357
1.535729
1.520894
1.549110
1.535914
1.550195
1.536718
1.545207
1.547580
1.557216
1.534621
1.538327
1.548000
1.542653
1.573939
1.543236
1.555300
1.529450
1.548507
1.545619
1.564751
1.535461
1.545968
1.519302
1.538748
1.535858
1.537657
1.533090
1.529735
1.553865
1.539916
1.544771
1.552671
1.530904
1.531041
1.540030
1.553810
1.539708
1.551220
1.530779
1.546439
1.538088
1.559706
1.530523
1.527820
1.545472
1.525710
1.528438
1.555491
1.524333
1.571561
1.527888
1.545025
1.534985
1.540719
1.517702
1.535957
1.548869
1.538365
1.555903
1.529033
1.537334
1.540934
1.535408
1.522857
1.535065
1.523550
1.550973
1.558673
1.521850
1.532419
1.532633
1.564853
1.516199
1.504174
1.561886
1.539086
1.539950
1.533752
1.523311
1.557418
1.557104
1.525213
1.555260
1.529529
1.530095
1.524336
1.531179
1.535160
1.525607
1.508736
1.541284
1.502258
1.537576
1.539046
1.551777
1.546291
1.534104
1.516925
1.560492
1.542956
1.521166
1.538581
1.529065
1.539028
1.535583
1.523991
1.550635
1.529788
1.527183
1.519233
1.515983
1.564729
1.531580
1.540129
1.542656
1.535054
1.535685
1.525633
1.530561
1.516675
1.504495
1.507507
1.515326
1.528036
1.531977
1.506745
1.551214
1.518466
1.521014
1.550428
1.516905
1.518682
1.528144
1.508335
1.537701
1.521754
1.524363
1.557024
1.562738
1.526027
1.543093
1.521000
1.527952
1.540035
1.524180
1.533616
1.530068
1.542069
1.532972
1.556317
1.540362
1.507570
1.522051
1.540742
1.522032
1.513226
1.534457
1.532358
1.525061
1.523813
1.531075
1.501653
1.527486
1.524531
1.542343
1.516029
1.536612
1.528626
1.517291
1.511995
1.549794
1.532646
1.532782
1.530025
1.525760
1.511253
1.518761
1.542824
1.522840
1.524280
1.544351
1.511690
1.521628
1.511635
1.514448
1.528833
1.531757
1.523950
1.507153
1.541218
1.521255
1.508334
1.527763
1.500074
1.518949
1.529349
1.521914
1.540721
1.529697
1.513630
1.512577
1.540955
1.514316
1.521590
1.518319
1.525330
1.526641
1.537740
1.516301
1.520069
1.515258
1.527353
1.518151
1.497549
1.522458
1.520357
1.536288
1.498148
1.529408
1.518072
1.533060
1.512721
1.511526
1.520311
1.524839
1.525601
1.513319
1.535560
1.537544
1.516515
1.521247
1.498557
1.531075
1.520447
1.539485
1.532802
1.524473
1.523343
1.517844
1.509480
1.533644
1.499901
1.522310
1.533172
1.514605
1.511937
1.514062
1.511658
1.541607
1.512257
1.497523
1.501763
1.513379
1.526879
1.536029
1.517206
1.513230
1.524026
1.507371
1.512373
1.515203
1.536006
1.537859
1.518542
1.538155
1.500464
1.530390
1.516167
1.531258
1.530362
1.511446
1.507529
1.531358
1.490721
1.504897
1.502434
1.505692
1.528653
1.529377
1.524430
1.519155
1.509643
1.546645
1.514202
1.514000
1.525473
1.508467
1.505917
1.523319
1.505374
1.517099
1.514169
1.522216
1.506577
1.511754
1.530943
1.489168
1.532896
1.560704
1.505649
1.502419
1.511603
1.511065
1.518800
1.499647
1.508498
1.500215
1.534478
1.513145
1.502424
1.499812
1.541254
1.529199
1.533023
1.527210
1.516327
1.509269
1.516497
1.519491
1.515194
1.505029
1.507942
1.526665
1.536898
1.519012
1.514170
1.516711
1.515344
1.530863
1.496333
1.515251
1.502252
1.509725
1.525187
