2.308166
2.306173
2.304061
2.302020
2.298956
2.304271
2.297029
2.303456
2.301389
2.292395
2.302470
2.290162
2.306409
2.279762
2.258166
2.181806
2.161058
2.120783
2.138384
2.160595
2.136179
2.063715
2.173378
2.081811
2.096220
2.071211
1.969687
2.028892
2.026181
2.033010
2.013707
1.940037
1.836896
1.854340
1.829270
1.778939
1.703829
1.799209
1.769901
1.744033
1.713972
1.731907
1.711156
1.749030
1.692841
1.745689
1.694956
1.632192
1.722011
1.650250
1.652984
1.643670
1.656127
1.658873
1.673779
1.659723
1.660760
1.671970
1.690831
1.657335
1.622080
1.620232
1.620590
1.615049
1.623988
1.622044
1.626737
1.621373
1.625331
1.616639
1.617968
1.679694
1.652596
1.674444
1.605401
1.623195
1.648721
1.613560
1.634207
1.644587
1.568594
1.654260
1.570912
1.598241
1.625022
1.623116
1.595362
1.565640
1.620535
1.638710
1.562949
1.618642
1.615408
1.624241
1.603359
1.551069
1.653257
1.602797
1.586434
1.604906
1.624305
1.640789
1.568662
1.587495
1.587978
1.570477
1.580047
1.613470
1.573281
1.549286
1.545216
1.566602
1.576304
1.594669
1.567005
1.587618
1.596429
1.587499
1.584077
1.568852
1.567404
1.571969
1.590601
1.555066
1.557426
1.566537
1.539992
1.573940
1.551743
1.560771
1.564185
1.528605
1.560174
1.545125
1.530420
1.545417
1.552778
1.546622
1.579880
1.552166
1.544582
1.548615
1.537118
1.532297
1.562156
1.540943
1.552622
1.539463
1.550306
1.543038
1.548638
1.527523
1.544070
1.538520
1.571237
1.521973
1.548805
1.546048
1.555597
1.538179
1.548647
1.530028
1.528645
1.544024
1.530527
1.557442
1.571242
1.562284
1.565177
1.534671
1.568964
1.547362
1.546219
1.541391
1.523536
1.540264
1.530589
1.546108
1.514886
1.550045
1.533570
1.526997
1.536496
1.563596
1.516539
1.521105
1.524908
1.525437
1.553399
1.528642
1.520778
1.527401
1.526090
1.536647
1.531778
1.517100
1.520645
1.513192
1.524572
1.527233
1.549727
1.534715
1.525715
1.541460
1.541861
1.517946
1.524492
1.520896
1.539672
1.537963
1.545156
1.537482
1.518563
1.540347
1.526999
1.507784
1.513437
1.528354
1.517221
1.523170
1.537630
1.525984
1.533476
1.513912
1.549770
1.531576
1.527446
1.513064
1.521782
1.527069
1.526815
1.513492
1.525858
1.534002
1.517825
1.521598
1.530506
1.522059
1.521111
1.514152
1.514265
1.514835
1.533753
1.524638
1.530985
1.534932
1.513861
1.523333
1.505189
1.513357
1.517879
1.545655
1.537693
1.498120
1.524989
1.529248
1.508899
1.498316
1.534759
1.521813
1.504434
1.521455
1.523254
1.507803
1.525409
1.513149
1.517421
1.518251
1.515273
1.507658
1.515844
1.517198
1.510489
1.506376
1.517935
1.536566
1.525888
1.521598
1.526128
1.519182
1.521077
1.519177
1.495560
1.504752
1.512800
1.526868
1.503502
1.503837
1.506402
1.519298
1.524625
1.501688
1.506262
1.525949
1.533054
1.523407
1.529571
1.528660
1.500626
1.506892
1.535268
1.489338
1.514493
1.509475
1.501164
1.505693
1.497879
1.518559
1.511715
1.513826
1.515050
1.494289
1.502639
1.504047
1.513445
1.509009
1.520580
1.502503
1.517052
1.503494
1.513978
1.515384
1.526536
1.500902
1.493543
1.503810
1.518624
1.527360
1.504107
1.517322
1.516929
1.500228
1.517379
1.523092
1.511467
1.495828
1.518320
1.511657
1.519713
1.497904
1.520105
1.513136
1.510545
1.500461
1.512240
1.500663
1.526480
1.513870
1.512544
1.497520
1.522456
1.520292
1.515270
1.517732
1.509880
1.521216
1.502356
1.507276
1.502416
1.510285
1.519166
1.524051
1.516280
1.505577
1.526947
1.509614
1.515456
1.492102
1.490406
1.539781
1.503329
1.503215
1.488856
1.501955
1.493665
1.503566
1.500648
1.518931
1.523559
1.504554
1.493198
1.495376
1.495332
1.504223
1.515232
1.507332
1.492554
1.502677
1.504257
1.510899
1.495674
1.512289
1.515268
1.516609
1.506457
1.504233
1.492437
1.497661
1.516238
1.517397
1.495947
1.506981
1.496108
1.513160
1.486530
1.504866
1.500870
1.496224
1.489340
1.495736
1.488036
1.493241
1.498184
1.487450
1.493315
1.501844
1.512189
1.500516
1.497583
1.517197
1.505606
1.516046
1.501640
1.527283
1.495048
1.494762
1.505422
1.489716
1.496798
1.515648
1.499367
1.513281
1.499804
1.504785
1.501191
1.498244
1.505826
1.500448
1.505118
1.485684
1.494177
1.494907
1.497595
1.502245
1.513694
1.512254
1.498621
1.487554
1.504637
1.498805
1.488921
1.498737
1.498391
1.485813
1.513110
1.491768
1.497085
1.484445
1.510403
1.493188
1.513077
1.514793
1.496839
1.502122
1.500539
1.518895
1.495103
1.505050
1.495563
1.509139
1.482472
1.491140
1.500000
1.486945
1.487877
1.505451
1.487317
1.498416
1.494613
1.490691
1.492333
1.505254
1.492235
1.502359
1.498795
1.493258
1.490823
1.502422
1.495853
1.504859
1.497784
1.496306
1.498804
1.495445
1.497061
1.482622
1.493255
1.488795
1.496869
1.503170
