2.304202
2.302881
2.295720
2.290262
2.293881
2.266143
2.247260
2.249779
2.232580
2.208940
2.220846
2.186508
2.164911
2.134516
2.092417
2.030493
1.998544
1.905205
1.880363
1.861326
1.839180
1.821551
1.802444
1.747532
1.743356
1.731015
1.735811
1.713093
1.730225
1.724136
1.665177
1.675065
1.703501
1.672006
1.677430
1.661304
1.639462
1.648972
1.643273
1.634481
1.617648
1.648599
1.646647
1.622841
1.615577
1.608113
1.590324
1.578270
1.613827
1.596300
1.562510
1.548724
1.577868
1.627565
1.582579
1.617679
1.584252
1.566595
1.578111
1.572807
1.614133
1.567874
1.553393
1.592998
1.610325
1.583562
1.562751
1.571543
1.544606
1.589359
1.569080
1.585433
1.535142
1.569121
1.552536
1.539966
1.589988
1.561158
1.554523
1.553498
1.567665
1.527640
1.565798
1.532493
1.535314
1.576317
1.544960
1.545417
1.551617
1.544826
1.579896
1.552374
1.551808
1.521103
1.551020
1.535725
1.529962
1.553148
1.557906
1.526532
1.526725
1.519095
1.544140
1.541513
1.522573
1.569123
1.559226
1.535739
1.547644
1.534975
1.535536
1.550726
1.539561
1.555617
1.527034
1.523983
1.510215
1.537633
1.542596
1.541686
1.539341
1.518159
1.518837
1.516378
1.508613
1.548051
1.538613
1.528301
1.531734
1.536793
1.524350
1.550749
1.510932
1.537874
1.537876
1.511171
1.534432
1.548825
1.511967
1.541910
1.498911
1.518001
1.522361
1.529689
1.516214
1.515863
1.518404
1.514489
1.527279
1.514023
1.525020
1.494566
1.526443
1.514850
1.512776
1.520533
1.505057
1.513948
1.509237
1.514715
1.503333
1.534501
1.535002
1.490076
1.520371
1.497538
1.504919
1.512849
1.503252
1.531449
1.514039
1.527567
1.530360
1.533857
1.542080
1.511680
1.510090
1.498574
1.516700
1.488543
1.510126
1.509215
1.510390
1.520828
1.528139
1.504169
1.524608
1.494139
1.510455
1.534026
1.515489
1.507221
1.500808
1.508856
1.512003
1.513129
1.517799
1.506670
1.507994
1.521876
1.506891
1.495403
1.515873
1.517948
1.507691
1.500232
1.514100
1.517675
1.507579
1.504506
1.516134
1.503084
1.506843
1.507113
1.525806
1.513553
1.495186
1.493194
1.517959
1.491243
1.509695
1.505945
1.499627
1.505566
1.500589
1.512303
1.521019
1.474846
1.509663
1.514079
1.510662
1.497385
1.510940
1.491420
1.511162
1.506886
1.514649
1.520602
1.512025
1.499552
1.497464
1.495511
1.505843
1.500889
1.511358
1.494002
1.505438
1.505481
1.499789
1.492789
1.482936
1.498809
1.488925
1.482400
1.490200
1.507871
1.511750
1.496683
1.508839
1.529096
1.499968
1.491091
1.498295
1.486815
1.507972
1.536931
1.508044
1.495961
1.487829
1.519733
1.490468
1.492183
1.511597
1.481262
1.498202
1.484967
1.484053
1.479237
1.487710
1.530904
1.483591
1.481256
1.498439
1.516799
1.492710
1.510718
1.504126
1.486668
1.522716
1.499843
1.494239
1.497921
1.489830
1.499656
1.514688
1.504413
1.518655
1.499019
1.515113
1.498389
1.493973
1.485957
1.495832
1.515056
1.506629
1.506863
1.487466
1.501786
1.504279
1.520816
1.515161
1.502129
1.494065
1.478169
1.491940
1.487724
1.497661
1.504350
1.493618
1.493435
1.491722
1.486956
1.501328
1.485245
1.507119
1.498430
1.481408
1.501967
1.478886
1.521778
1.488820
1.511880
1.491205
1.491214
1.484249
1.494593
1.508978
1.492043
1.488652
1.490823
1.490788
1.494443
1.486154
1.495490
1.486886
1.495304
1.507223
1.504818
1.513697
1.493737
1.499497
1.484926
1.489001
1.493964
1.486482
1.480678
1.528909
1.497777
1.505080
1.491747
1.508623
1.503966
1.482936
1.486613
1.502438
1.494213
1.487708
1.500884
1.503286
1.507690
1.477738
1.511923
1.498314
1.492756
1.479514
1.485800
1.488316
1.482428
1.489335
1.475160
1.496754
1.502239
1.488499
1.492740
1.486537
1.483734
1.496942
1.503666
1.492323
1.492535
1.483762
1.494221
1.505179
1.476062
1.501579
1.477714
1.505189
1.482836
1.493304
1.506436
1.481812
1.512058
1.503171
1.515196
1.488425
1.493201
1.486217
1.491001
1.481056
1.478034
1.496695
1.500462
1.498373
1.474761
1.487726
1.498949
1.475806
1.487812
1.497512
1.501795
1.489421
1.492104
1.491626
1.489536
1.477648
1.493220
1.479014
1.485161
1.512765
1.480699
1.492342
1.488731
1.485427
1.499691
1.503910
1.482977
1.512650
1.496815
1.505909
1.491854
1.483441
1.498103
1.486213
1.476127
1.498104
1.488667
1.486086
1.491894
1.475162
1.480021
1.492604
1.481587
1.494141
1.515136
1.476320
1.472924
1.480064
1.473822
1.492245
1.473366
1.481318
1.488253
1.488077
1.484687
1.496717
1.479042
1.497819
1.478603
1.514481
1.476724
1.488443
1.482406
1.493980
1.483042
1.510564
1.501987
1.494650
1.480998
1.493402
1.508551
1.495354
1.481847
1.510523
1.492067
1.502451
1.483476
1.489691
1.485190
1.487846
1.493625
1.473274
1.493770
1.487253
1.492409
1.484205
1.505450
1.493517
1.494923
1.481715
1.488288
