2.305517
2.305272
2.304691
2.299615
2.295935
2.285170
2.299986
2.305682
2.307361
2.304674
2.301101
2.286250
2.262770
2.249062
2.256701
2.244685
2.245259
2.244898
2.261347
2.255294
2.256902
2.248456
2.241413
2.191848
2.181597
2.148566
2.101937
2.137040
2.112168
2.080318
2.093429
2.094778
2.121922
2.042111
2.167961
2.138845
1.997343
1.856508
1.785756
1.766996
1.754815
1.786703
1.790338
1.776166
1.833948
1.832526
1.907652
1.922282
1.924411
1.916503
1.824554
1.826980
1.775392
1.746271
1.754466
1.710283
1.677194
1.670464
1.644324
1.641591
1.653314
1.651560
1.688413
1.660256
1.737291
1.730850
1.697319
1.663485
1.700590
1.664222
1.665207
1.716493
1.620163
1.650263
1.642170
1.622797
1.648111
1.622787
1.606455
1.646416
1.619603
1.598879
1.608061
1.616331
1.632277
1.659756
1.645394
1.685197
1.666161
1.622034
1.648730
1.632672
1.615573
1.630670
1.621917
1.610788
1.640519
1.638895
1.587881
1.589831
1.600176
1.647718
1.676183
1.670749
1.687179
1.663411
1.703238
1.693308
1.646016
1.603950
1.628489
1.603933
1.611038
1.632603
1.603155
1.615723
1.650453
1.656566
1.671090
1.638240
1.659264
1.607079
1.593228
1.595871
1.559650
1.590426
1.597774
1.583241
1.584318
1.593765
1.595918
1.616183
1.635240
1.632907
1.625131
1.602134
1.705447
1.693861
1.704812
1.627766
1.663519
1.665739
1.666237
1.643333
1.659971
1.646867
1.614162
1.660926
1.601812
1.603181
1.556354
1.600178
1.580092
1.565183
1.581840
1.616390
1.613419
1.624854
1.585801
1.590372
1.632327
1.588829
1.613346
1.613103
1.605301
1.614703
1.570190
1.573318
1.603924
1.592870
1.588455
1.572639
1.593158
1.639755
1.608650
1.630695
1.654441
1.664062
1.623307
1.643107
1.595534
1.580430
1.584164
1.565700
1.598882
1.586623
1.640355
1.600467
1.563532
1.590499
1.599365
1.590470
1.568127
1.560168
1.561885
1.545936
1.571691
1.576754
1.554199
1.520970
1.555432
1.549284
1.595531
1.553456
1.574760
1.574063
1.586807
1.544586
1.586770
1.613657
1.591424
1.597093
1.563066
1.585656
1.546857
1.558607
1.603898
1.595040
1.583450
1.538279
1.588201
1.569241
1.552872
1.578281
1.551257
1.577790
1.554737
1.540922
1.590735
1.635145
1.561495
1.620402
1.591309
1.619361
1.538554
1.549218
1.565597
1.588036
1.550335
1.552887
1.534877
1.518965
1.543471
1.539753
1.583627
1.550648
1.579807
1.518366
1.562444
1.547439
1.534555
1.537114
1.530578
1.565953
1.589250
1.570821
1.563991
1.550473
1.570948
1.552139
1.552342
1.547553
1.538640
1.528371
1.551803
1.538486
1.546255
1.582627
1.557722
1.556772
1.530164
1.564100
1.528470
1.581624
1.537930
1.551672
1.571107
1.564946
1.564890
1.536618
1.533486
1.557479
1.547710
1.537834
1.533435
1.540897
1.537066
1.525044
1.520396
1.530280
1.537412
1.547720
1.539916
1.567548
1.561723
1.526335
1.558905
1.562765
1.548028
1.555559
1.551889
1.532770
1.552865
1.553251
1.561542
1.556203
1.555341
1.546966
1.521343
1.525234
1.522403
1.564169
1.525829
1.552420
1.516954
1.562792
1.548131
1.511138
1.538942
1.576476
1.526316
1.540594
1.553908
1.557889
1.544736
1.582010
1.566461
1.520391
1.520364
1.511995
1.549415
1.548718
1.541969
1.559541
1.523028
1.542834
1.527216
1.578007
1.529568
1.526111
1.515295
1.532149
1.570746
1.529525
1.548461
1.536114
1.542043
1.529045
1.567096
1.537958
1.571396
1.557294
1.544036
1.554265
1.557481
1.538765
1.558425
1.560266
1.540588
1.548702
1.526212
1.530545
1.514407
1.539356
1.550947
1.519328
1.548445
1.538125
1.536799
1.519833
1.526694
1.519878
1.530301
1.533545
1.535479
1.550417
1.530698
1.523203
1.582735
1.516678
1.545316
1.566100
1.540587
1.531474
1.534189
1.534912
1.535076
1.527508
1.521394
1.538678
1.505925
1.551779
1.529744
1.503006
1.525880
1.521798
1.506658
1.536677
1.518191
1.519956
1.514962
1.545708
1.548270
1.546651
1.564034
1.521293
1.549261
1.552112
1.549592
1.545699
1.538580
1.531877
1.550726
1.535607
1.515867
1.532503
1.545445
1.500462
1.519092
1.532607
1.533995
1.522845
1.537364
1.508972
1.526245
1.525301
1.496969
1.538769
1.542482
1.520971
1.528973
1.541781
1.522192
1.523417
1.533139
1.533175
1.512063
1.503685
1.517758
1.513437
1.523852
1.511954
1.525264
1.522298
1.542607
1.501807
1.513390
1.528603
1.538338
1.545501
1.521822
1.535440
1.527921
1.525020
1.537439
1.525658
1.543476
1.536511
1.534086
1.514650
1.509865
1.509053
1.527793
1.523298
1.526787
1.518914
1.539800
1.538673
1.522004
1.533257
1.524074
1.507594
1.509967
1.525574
1.532977
1.521517
1.534123
1.535791
1.511495
1.515225
1.519767
1.512604
1.494063
1.518249
1.525811
1.522901
1.499792
1.504057
1.507810
1.509390
1.517456
1.523321
1.524565
1.503186
1.514767
1.503460
1.523250
1.532812
1.522954
1.548770
