2.300416
2.291215
2.249038
2.224450
2.187278
2.135828
2.118956
2.096208
2.171293
2.202414
2.301930
2.253353
2.251959
2.364339
2.367978
2.305572
2.271699
2.833472
2.844231
2.785396
2.841197
2.801001
2.809158
2.837619
2.726171
2.836520
2.822597
2.803257
2.814867
2.826977
2.841665
2.766865
2.782882
2.872900
2.809435
2.837062
2.763640
2.728080
2.833752
2.797953
2.784698
2.806622
2.791059
2.805651
2.805974
2.833645
2.832581
2.792190
2.798234
2.820063
2.798716
2.861706
2.736612
2.757460
2.763454
2.728110
2.833804
2.832819
2.819276
2.768656
2.825838
2.810459
2.803896
2.782600
2.811188
2.823953
2.817776
2.766966
2.781852
2.773365
2.820987
2.833283
2.823282
2.794584
2.801016
2.790327
2.773697
2.767094
2.821249
2.831655
2.796878
2.788431
2.753143
2.657587
2.764537
2.786693
2.778056
2.755353
2.691413
2.683891
2.699185
2.724574
2.753337
2.710170
2.721159
2.682144
2.657763
2.730280
2.644764
2.638769
2.629589
2.624306
2.556310
2.534335
2.538666
2.539929
2.517120
2.715872
2.780133
2.777163
2.703567
2.799274
2.736560
2.643888
2.595495
2.587367
2.539384
2.458248
2.412687
2.354332
2.354946
2.306747
2.309186
2.275949
2.245535
2.260340
2.266502
2.286620
2.221185
2.128949
1.961625
1.892087
1.839250
1.794888
1.790718
1.914488
2.096514
2.061769
1.941271
1.812662
1.757785
1.768128
1.734013
1.740653
1.774191
1.722896
1.739473
1.802153
1.715595
1.711979
1.646729
1.717407
1.769070
1.701804
1.737628
1.728171
1.705497
1.647242
1.659607
1.646140
1.643724
1.660000
1.659660
1.676567
1.674040
1.656100
1.678388
1.621631
1.614749
1.668827
1.633403
1.645080
1.652745
1.612230
1.648157
1.657530
1.668585
1.680907
1.650320
1.658219
1.676485
1.719065
1.742626
1.708685
1.685989
1.663835
1.671290
1.638606
1.684060
1.636879
1.625259
1.634979
1.628406
1.632778
1.654239
1.622267
1.626959
1.612962
1.618973
1.594089
1.659628
1.663843
1.687708
1.664391
1.669419
1.673434
1.640561
1.632622
1.664157
1.628615
1.644759
1.617948
1.635574
1.610852
1.634694
1.630917
1.628694
1.621258
1.596764
1.635481
1.633249
1.634123
1.657851
1.634648
1.615467
1.588988
1.587249
1.590276
1.609600
1.599158
1.593352
1.582820
1.623409
1.601012
1.590759
1.599675
1.598221
1.608228
1.609691
1.596888
1.599205
1.607452
1.608336
1.605690
1.600182
1.607118
1.598270
1.601438
1.610955
1.581401
1.610814
1.586435
1.608998
1.594731
1.590470
1.607145
1.577186
1.600307
1.607705
1.607490
1.612023
1.596593
1.599114
1.604888
1.589761
1.598515
1.585838
1.606808
1.586528
1.585239
1.607825
1.644050
1.600084
1.594936
1.600405
1.590488
1.599374
1.620705
1.608641
1.585774
1.589781
1.572830
1.608415
1.583490
1.625894
1.611124
1.613962
1.613179
1.601570
1.614127
1.616871
1.618817
1.602087
1.632534
1.578021
1.604578
1.615082
1.607472
1.611972
1.604145
1.592808
1.595111
1.595345
1.594357
1.600424
1.605277
1.616643
1.589763
1.617378
1.602145
1.572668
1.585537
1.580636
1.589498
1.582318
1.604714
1.569081
1.583884
1.592180
1.588504
1.616919
1.568291
1.608403
1.583058
1.609201
1.578421
1.599839
1.586066
1.582279
1.570666
1.607979
1.585210
1.569809
1.590702
1.589355
1.581356
1.564516
1.587977
1.574318
1.576466
1.565966
1.575932
1.596907
1.597047
1.595086
1.579912
1.600131
1.585710
1.611421
1.582288
1.593072
1.576478
1.580453
1.584853
1.587947
1.582651
1.586454
1.594458
1.584132
1.588094
1.584183
1.571260
1.568147
1.590073
1.583888
1.598441
1.590868
1.579451
1.584327
1.597110
1.617618
1.591057
1.583452
1.582091
1.565758
1.592081
1.588823
1.575364
1.590774
1.591008
1.587240
1.598881
1.594025
1.572630
1.576546
1.558426
1.571517
1.581080
1.602703
1.585244
1.599576
1.589771
1.584695
1.580536
1.592753
1.593253
1.600052
1.604597
1.647178
1.578071
1.593700
1.605583
1.596343
1.576282
1.601610
1.596815
1.584947
1.567291
1.594714
1.586081
1.580006
1.594829
1.584415
1.597956
1.597043
1.611544
1.582167
1.587369
1.581808
1.565454
1.591197
1.577317
1.582506
1.589741
1.579444
1.557932
1.556356
1.585783
1.580916
1.562781
1.576322
1.568164
1.548217
1.581238
1.594212
1.563293
1.577634
1.567476
1.559184
1.586980
1.593041
1.586357
1.586165
1.612413
1.576432
1.563791
1.558261
1.570093
1.567356
1.589325
1.567227
1.562794
1.565218
1.560998
1.569826
1.567638
1.559644
1.580068
1.570572
1.576873
1.581400
1.580517
1.586897
1.597064
1.598970
1.551942
1.566574
1.560953
1.568370
1.578083
1.538004
1.539931
1.566182
1.557047
1.588251
1.564111
1.579259
1.570160
1.543394
1.567573
1.557900
1.581901
1.570222
1.571665
1.539064
1.537648
1.533158
1.562365
1.571795
1.563092
1.550440
1.556020
1.553549
1.601102
1.544620
1.570725
1.587269
1.578881
1.573922
1.567563
