2.399968
2.389820
2.393074
2.381992
2.359765
2.356357
2.335110
2.301405
2.284376
2.258958
2.210316
2.186806
2.144395
2.081512
2.017106
1.963623
1.878623
1.763804
1.709408
1.668540
1.718549
1.794887
1.653931
1.531183
1.657323
1.239983
1.361787
4.343964
1.155817
3.578444
17.237444
9.773268
5.472175
2.534337
2.269211
2.047048
2.079293
2.152488
2.136065
2.137063
2.138849
2.145458
2.121323
2.137980
2.121336
2.128489
2.145258
2.151785
2.118413
2.141822
2.135201
2.128599
2.148338
2.163173
2.157281
2.131725
2.162694
2.148182
2.130822
2.133234
2.139199
2.136091
2.122712
2.117780
2.154999
2.127340
2.115787
2.103839
2.154584
2.142526
2.148823
2.142066
2.121623
2.114752
2.120961
2.074122
2.087048
2.048769
2.054806
2.108850
2.023628
2.033310
2.049478
2.035491
2.049528
1.996844
2.005194
1.963894
1.973027
1.942231
1.868284
1.873461
1.846313
1.798700
1.707636
1.762879
1.670040
1.634365
1.641832
1.588069
1.514855
1.428458
1.515580
1.483263
1.495252
1.678997
1.574620
0.931425
1.307147
1.928658
2.255443
5.524511
36.392544
50.895702
39.390511
19.055210
8.161058
2.108564
2.071224
2.078864
2.051677
2.024120
1.990758
1.946505
1.888167
1.846192
1.799203
1.803911
1.832935
1.814858
1.817870
1.796362
1.755791
1.762269
1.810968
1.756559
1.729357
1.688711
1.722128
1.846151
1.875219
1.808810
1.786997
1.786768
1.802012
1.821629
1.797243
1.723362
1.700263
1.719761
1.754292
1.742002
1.739937
1.663436
1.641544
1.704127
1.779091
1.835221
1.778050
1.620907
1.480535
1.514522
1.518977
1.613340
1.615839
1.491973
1.496054
1.418615
1.419317
1.389094
1.326135
1.248994
1.146420
1.159377
1.553869
1.213490
1.478321
1.375487
1.155950
0.910224
0.960610
0.713813
0.968554
1.517397
1.214029
0.917834
0.718630
0.731769
0.858493
1.636815
1.371362
1.171091
0.937472
0.944633
1.238714
1.239040
1.027033
0.962712
1.044596
1.735137
1.680655
1.750368
1.679361
1.026052
0.852190
1.926182
0.879334
1.945177
2.182980
2.228633
2.252388
2.248630
2.264394
2.265207
2.268792
2.289732
2.257052
2.266317
2.269636
2.272373
2.264744
2.241368
2.257751
2.243651
2.269959
2.230415
2.248660
2.166793
2.252203
2.209051
2.187646
2.214579
2.212718
2.206834
2.167504
2.187646
2.154939
2.158795
2.162696
2.166273
2.140801
2.139954
2.120735
2.120853
2.134054
2.137881
2.119993
2.081738
2.069821
2.127370
2.112904
2.071602
2.082157
2.111476
2.103134
2.094552
2.090106
2.085472
2.085861
2.092881
2.091756
2.117753
2.087281
2.075740
2.082475
2.092468
2.101997
2.078598
2.086032
2.066451
2.074472
2.088398
2.018482
2.033842
2.030523
2.023029
1.998567
2.026870
2.035227
2.078098
2.180830
2.066814
2.108830
1.927484
1.764413
1.689483
1.476174
1.180598
1.308283
0.890236
0.320382
0.964996
1.915279
3.465936
2.161434
1.696693
1.970309
3.495544
2.518147
6.545644
16.110455
4.350849
4.429174
4.483192
4.553948
4.498658
4.352954
4.265528
4.117932
3.932261
3.843722
3.613046
3.684354
3.570033
3.545183
3.508233
3.586992
3.620209
3.503044
3.471658
3.407962
3.256951
3.228132
3.152405
3.015881
2.942655
2.776719
2.660805
2.613745
2.492145
2.360433
2.350003
2.256244
2.219340
2.131791
2.103396
2.023295
1.998343
1.974483
1.945687
1.924585
1.912127
1.889480
1.873821
1.862044
1.865579
1.863904
1.872427
1.879769
1.889878
1.886418
1.915052
1.934456
1.927257
1.944416
1.962875
1.967977
1.971535
1.990269
2.002086
2.016544
2.026507
2.038770
2.050998
2.063476
2.075248
2.085976
2.100443
2.106317
2.123278
2.134883
2.130521
2.141837
2.160988
2.168724
2.175618
2.177996
2.193139
2.195869
2.193269
2.208738
2.220536
2.204012
2.206453
2.213941
2.211810
2.216213
2.208073
2.220815
2.211511
2.197995
2.193387
2.200421
2.194914
2.202766
2.192422
2.189641
2.184303
2.177787
2.178163
2.166197
2.166194
2.160185
2.159506
2.157253
2.145534
2.146532
2.146020
2.138140
2.148793
2.149602
2.156371
2.169043
2.170533
2.177370
2.183597
2.198357
2.210576
2.219827
2.225474
2.226512
2.239127
2.242599
2.248772
2.261111
2.273301
2.278332
2.295945
2.293488
2.291437
2.296884
2.295058
2.286332
2.276664
2.271336
2.261472
2.255628
2.250860
2.237473
2.231842
2.228667
2.219817
2.209003
2.194823
2.194705
2.198438
2.193256
2.187464
2.179714
2.188875
2.181661
2.178878
2.183530
2.195954
2.194763
2.204902
2.201876
2.199426
2.208086
2.220948
2.214345
2.211511
2.224577
2.226711
2.230834
2.228062
2.227302
2.227928
2.228514
2.222348
2.216779
2.214335
2.207721
2.206127
2.206455
2.205740
2.205259
2.198418
2.200394
2.199409
2.202627
2.199526
2.202146
2.195984
2.196210
2.195861
2.194425
2.193558
2.200088
2.198751
2.201758
2.205166
2.211070
2.210821
2.222848
2.227958
2.233711
2.241957
2.242560
2.233009
