2.307251
2.304408
2.304417
2.291585
2.284248
2.276249
2.261929
2.248966
2.248388
2.234570
2.222127
2.207306
2.194973
2.181630
2.184391
2.166162
2.168213
2.155662
2.180517
2.146134
2.139061
2.086071
2.080705
2.049771
2.025521
1.941965
1.934339
1.899176
1.867921
1.825040
1.851564
1.811544
1.871861
1.823101
1.805925
1.799863
1.787275
1.801837
1.805297
1.771919
1.775102
1.736150
1.741328
1.766787
1.777647
1.737045
1.768133
1.737847
1.734064
1.711130
1.696985
1.748390
1.732146
1.744405
1.725787
1.738442
1.747976
1.738351
1.720695
1.743903
1.697822
1.735966
1.672558
1.726014
1.752059
1.682706
1.688728
1.724467
1.682520
1.716059
1.679040
1.725686
1.728360
1.680801
1.657976
1.669423
1.680986
1.707380
1.663731
1.669480
1.684330
1.686455
1.656551
1.709762
1.727174
1.661155
1.676975
1.680045
1.646167
1.683572
1.670209
1.700219
1.679713
1.658368
1.692477
1.659752
1.650787
1.644735
1.660323
1.697242
1.670112
1.637632
1.660642
1.641750
1.652559
1.643792
1.709408
1.646129
1.661111
1.674434
1.682537
1.642934
1.632807
1.635579
1.622133
1.636253
1.626801
1.648646
1.642012
1.641777
1.684741
1.629340
1.614039
1.595101
1.644053
1.592942
1.651440
1.646893
1.660101
1.608226
1.625465
1.628199
1.640921
1.594171
1.609882
1.618659
1.611854
1.595580
1.635868
1.626442
1.643110
1.640535
1.625346
1.603473
1.577008
1.577667
1.644720
1.615613
1.608959
1.625700
1.588567
1.630638
1.609495
1.585929
1.579549
1.620054
1.577156
1.599163
1.603562
1.601598
1.607700
1.596358
1.598872
1.615369
1.603285
1.580401
1.572945
1.584378
1.598782
1.599211
1.621602
1.616390
1.573689
1.591149
1.585983
1.598549
1.584072
1.573116
1.570239
1.581377
1.603700
1.580620
1.630640
1.596313
1.571651
1.600377
1.566051
1.590894
1.608337
1.553108
1.595680
1.590225
1.590984
1.564596
1.552716
1.593286
1.590521
1.578179
1.585860
1.584283
1.571359
1.565564
1.569652
1.574542
1.577622
1.564860
1.561737
1.558031
1.584609
1.560897
1.570428
1.566899
1.570885
1.605903
1.537518
1.560868
1.562461
1.565101
1.561539
1.568380
1.587208
1.591998
1.571389
1.593794
1.543614
1.577366
1.562985
1.548210
1.568836
1.549409
1.572503
1.603911
1.560884
1.565411
1.566401
1.548391
1.542008
1.571066
1.600408
1.531302
1.564656
1.573891
1.521816
1.570143
1.596850
1.569413
1.569879
1.554375
1.551151
1.565408
1.531351
1.539863
1.552078
1.550670
1.538121
1.556057
1.567681
1.550958
1.539139
1.550205
1.549849
1.552278
1.583442
1.578964
1.551591
1.569133
1.565913
1.558118
1.557603
1.551126
1.560491
1.538988
1.543354
1.563132
1.530168
1.548412
1.546021
1.572794
1.544823
1.521575
1.538232
1.544148
1.562721
1.545343
1.548976
1.538489
1.536985
1.561781
1.530221
1.543416
1.557081
1.562815
1.578395
1.529958
1.542193
1.568433
1.551498
1.539790
1.575852
1.557612
1.530018
1.524165
1.546711
1.519188
1.547275
1.536321
1.561413
1.563182
1.551715
1.532470
1.552804
1.527597
1.517492
1.524522
1.539006
1.564483
1.539853
1.548861
1.553873
1.562593
1.530980
1.537251
1.556484
1.523172
1.534499
1.526648
1.519536
1.563854
1.521020
1.552764
1.540622
1.546565
1.514671
1.538322
1.541942
1.532547
1.549607
1.551710
1.535603
1.576716
1.526463
1.539743
1.544196
1.533313
1.525046
1.545742
1.526291
1.523845
1.529627
1.547615
1.548878
1.563177
1.515229
1.561212
1.547627
1.518111
1.499205
1.508268
1.532579
1.548022
1.526384
1.531853
1.521801
1.539738
1.523680
1.523424
1.535129
1.520194
1.541539
1.532467
1.520930
1.539151
1.521653
1.523875
1.536303
1.546560
1.549351
1.536757
1.525950
1.585457
1.532373
1.529270
1.523959
1.543713
1.516744
1.524504
1.541407
1.538985
1.539740
1.530456
1.540699
1.532428
1.527878
1.519854
1.537206
1.521643
1.523920
1.527250
1.548910
1.504036
1.508420
1.517053
1.532379
1.539530
1.517445
1.521593
1.525840
1.534197
1.520966
1.519842
1.549839
1.519289
1.515278
1.514865
1.509656
1.511776
1.513590
1.538944
1.515492
1.531636
1.533565
1.527766
1.519626
1.521784
1.517288
1.503283
1.518993
1.529223
1.539568
1.528784
1.527003
1.528310
1.541550
1.513389
1.536722
1.522104
1.521245
1.530815
1.521735
1.529742
1.501598
1.522208
1.528338
1.510630
1.525128
1.497570
1.512516
1.521378
1.589956
1.504262
1.500844
1.546646
1.508322
1.505909
1.526350
1.528589
1.527394
1.511637
1.533338
1.536077
1.526797
1.504383
1.556961
1.535314
1.510136
1.519054
1.503193
1.532306
1.518588
1.520016
1.506981
1.531149
1.539319
1.517956
1.527243
1.498452
1.536996
1.524335
1.544772
1.509127
1.515180
1.514120
1.523788
1.513286
1.525315
1.525127
1.496204
1.494974
1.505585
1.511570
1.507813
1.516096
1.519032
1.491846
1.534870
1.499678
1.493667
1.504638
1.503017
1.497467
