2.302457
2.300933
2.304088
2.298210
2.297821
2.287816
2.292076
2.292973
2.272650
2.285992
2.278413
2.273611
2.275506
2.254277
2.252536
2.244426
2.242382
2.230725
2.233123
2.212841
2.208164
2.203164
2.203362
2.157622
2.181551
2.154062
2.152247
2.135093
2.114551
2.111562
2.066846
2.074877
2.058073
2.001536
1.997661
1.996626
1.978687
1.905387
1.928124
1.877992
1.878342
1.874494
1.874965
1.852828
1.803098
1.842248
1.835831
1.773013
1.805799
1.773011
1.808614
1.749403
1.777723
1.732585
1.739038
1.744470
1.779536
1.733625
1.733045
1.746953
1.724731
1.716813
1.735757
1.704207
1.692538
1.720906
1.697372
1.705117
1.715555
1.700514
1.714091
1.686936
1.667952
1.694460
1.728779
1.676055
1.688789
1.687559
1.679294
1.687293
1.638414
1.678020
1.672029
1.684531
1.687512
1.671983
1.644944
1.679160
1.671580
1.669517
1.659967
1.655138
1.670607
1.675340
1.650805
1.649240
1.651139
1.642856
1.662235
1.644670
1.660658
1.676461
1.663950
1.648919
1.646802
1.663672
1.678007
1.633119
1.631543
1.622329
1.627274
1.643845
1.644377
1.636544
1.639283
1.623385
1.629453
1.604926
1.645960
1.645948
1.592015
1.634682
1.646682
1.634949
1.617318
1.624135
1.629382
1.646166
1.665239
1.641256
1.592184
1.644173
1.627212
1.618886
1.639109
1.654152
1.652745
1.596576
1.632395
1.629781
1.598560
1.590623
1.596231
1.631485
1.606684
1.615218
1.608241
1.588780
1.618754
1.615916
1.604558
1.601046
1.611756
1.604769
1.581092
1.636338
1.607271
1.620273
1.588048
1.591450
1.608191
1.614199
1.621413
1.597333
1.596272
1.617535
1.587281
1.603719
1.618117
1.608409
1.614072
1.619555
1.599472
1.620866
1.581357
1.579636
1.601810
1.591580
1.576483
1.609499
1.614837
1.574224
1.635743
1.604821
1.586414
1.613277
1.569385
1.601644
1.597979
1.582494
1.630578
1.619212
1.619639
1.580749
1.575482
1.564073
1.569948
1.608054
1.605067
1.623336
1.578187
1.552061
1.639802
1.600738
1.591222
1.587759
1.569792
1.585144
1.562688
1.601050
1.568522
1.545967
1.630770
1.589674
1.586954
1.595913
1.583265
1.592527
1.606141
1.556272
1.574342
1.590123
1.608928
1.579998
1.548062
1.561706
1.614612
1.572727
1.590073
1.559451
1.621600
1.573992
1.586757
1.588244
1.594867
1.557393
1.602393
1.568880
1.607164
1.589890
1.584811
1.566339
1.566606
1.617568
1.551063
1.600225
1.583269
1.574208
1.564873
1.585217
1.575322
1.592648
1.580021
1.574155
1.566847
1.562679
1.555592
1.587638
1.566180
1.604484
1.562785
1.566881
1.571440
1.594750
1.546340
1.572225
1.566523
1.560029
1.558480
1.600492
1.575022
1.563263
1.558897
1.580932
1.569722
1.557946
1.570544
1.596827
1.588546
1.557555
1.583064
1.568467
1.559670
1.583568
1.559518
1.539121
1.599223
1.570368
1.569254
1.567261
1.570862
1.544237
1.587597
1.622328
1.575768
1.565499
1.573307
1.585561
1.570411
1.558155
1.584412
1.564083
1.592886
1.522415
1.571592
1.570159
1.549090
1.566158
1.570312
1.555966
1.567623
1.553450
1.548626
1.595236
1.556696
1.554074
1.547232
1.620083
1.574226
1.595556
1.561626
1.588155
1.568392
1.572115
1.546903
1.572747
1.581242
1.571828
1.568954
1.573491
1.566698
1.551988
1.551075
1.584334
1.540774
1.575118
1.534290
1.560608
1.555989
1.592407
1.572261
1.535949
1.573932
1.571176
1.557440
1.549310
1.549086
1.549865
1.579422
1.573902
1.565616
1.549047
1.571553
1.559711
1.561218
1.566779
1.547714
1.564242
1.588506
1.572661
1.594255
1.569076
1.539675
1.552388
1.548103
1.544967
1.579944
1.541190
1.531024
1.552691
1.534715
1.544836
1.565531
1.572951
1.561863
1.564309
1.593338
1.599988
1.546456
1.552760
1.546374
1.562685
1.584705
1.564271
1.558944
1.558887
1.577132
1.552503
1.566690
1.555104
1.542437
1.539318
1.538119
1.550618
1.570622
1.567399
1.563464
1.551054
1.569495
1.548104
1.591499
1.542530
1.556002
1.584485
1.534798
1.548851
1.559045
1.562600
1.538219
1.547870
1.557494
1.563453
1.549398
1.556147
1.552527
1.573849
1.567544
1.540750
1.529918
1.572726
1.530226
1.558162
1.540457
1.570300
1.557366
1.556652
1.562817
1.576046
1.563949
1.548331
1.573454
1.549664
1.550636
1.549897
1.551275
1.535850
1.546098
1.569408
1.543337
1.570446
1.552781
1.540141
1.557349
1.563457
1.555204
1.563359
1.545685
1.553258
1.553627
1.570766
1.564193
1.539042
1.544751
1.529994
1.556078
1.562430
1.554549
1.540763
1.565338
1.566321
1.546506
1.546049
1.546592
1.573722
1.579803
1.565574
1.533835
1.560679
1.534436
1.530706
1.542937
1.562276
1.555165
1.567751
1.523159
1.547000
1.529795
1.581615
1.528686
1.540929
1.529420
1.553160
1.552109
1.554217
1.534666
1.539744
1.536144
1.547107
1.574518
1.540882
1.557785
1.538089
1.589361
1.509915
1.565072
1.587661
1.555088
1.538888
1.544705
1.548344
