1.500000
1.500000
1.499479
1.417865
1.065000
0.533698
0.854740
0.751771
0.808333
0.593333
0.462396
0.501354
0.479792
0.497083
0.542552
0.563490
0.550260
0.502344
0.455104
0.423750
0.434583
0.465625
0.500833
0.454524
0.455885
0.423229
0.415052
0.448854
0.461094
0.436042
0.420313
0.430729
0.409010
0.417292
0.412656
0.407604
0.394948
0.370417
0.390781
0.426667
0.375052
0.368385
0.361823
0.347656
0.362917
0.385000
0.363177
0.323095
0.341979
0.367344
0.350677
0.335052
0.320521
0.358281
0.329948
0.319740
0.315260
0.291354
0.323385
0.313542
0.297240
0.282188
0.294167
0.291510
0.269844
0.305833
0.277969
0.283177
0.269271
0.313073
0.278698
0.255833
0.298177
0.270938
0.266667
0.272031
0.268125
0.241042
0.262292
0.275417
0.250052
0.245833
0.278802
0.231042
0.253906
0.280938
0.238854
0.269583
0.261667
0.234115
0.276146
0.236250
0.227396
0.242083
0.239896
0.210357
0.242969
0.197292
0.218073
0.226771
0.219531
0.252604
0.241563
0.198125
0.260104
0.234896
0.200833
0.230260
0.220365
0.205990
0.200885
0.222448
0.198906
0.195469
0.227344
0.193438
0.206250
0.220260
0.192083
0.231429
0.216771
0.225417
0.193125
0.216667
0.219479
0.197240
0.202083
0.196927
0.172969
0.158438
0.187083
0.186198
0.191875
0.214219
0.165625
0.228594
0.164167
0.155000
0.202656
0.164115
0.177656
0.168177
0.161563
0.177619
0.184688
0.167188
0.154583
0.163229
0.185156
0.140938
0.173229
0.156198
0.169740
0.168750
0.142604
0.169323
0.192292
0.181250
0.146146
0.184219
0.139375
0.166458
0.169167
0.156771
0.156458
0.156094
0.169427
0.131071
0.200104
0.114844
0.165781
0.162708
0.125938
0.155938
0.179063
0.118385
0.163021
0.166146
0.130469
0.153177
0.157500
0.119583
0.150417
0.139479
0.136719
0.158229
0.157917
0.134583
0.115156
0.145938
0.135885
0.127381
0.133229
0.128333
0.141979
0.134219
0.118385
0.151146
0.133854
0.102188
0.154948
0.146927
0.094688
0.149479
0.112292
0.135833
0.132188
0.131198
0.128802
0.125469
0.141406
0.133385
0.123438
0.150573
0.112813
0.117857
0.147448
0.125938
0.119635
0.114531
0.123125
0.138958
0.102292
0.168698
0.113229
0.129063
0.119063
0.116927
0.159583
0.114115
0.090365
0.151146
0.111563
0.128854
0.142760
0.113750
0.101510
0.148854
0.100677
0.135714
0.128542
0.105781
0.125833
0.101354
0.131667
0.119844
0.123542
0.108698
0.131615
0.121875
0.110990
0.111198
0.096771
0.114844
0.115990
0.108698
0.092396
0.129479
0.126042
0.115469
0.112500
0.122917
0.104844
0.085119
0.096510
0.105104
0.120990
0.115938
0.089896
0.130469
0.085104
0.121563
0.111146
0.110260
0.118646
0.094375
0.096094
0.087552
0.099167
0.112969
0.098073
0.110781
0.096146
0.077031
0.123594
0.108542
0.113646
0.095238
0.092969
0.109479
0.101875
0.104531
0.111667
0.093750
0.100313
0.138698
0.079219
0.100469
0.105625
0.084948
0.114948
0.102031
0.104688
0.110260
0.103646
0.081042
0.101979
0.096979
0.094479
0.098750
0.099063
0.087857
0.096615
0.104792
0.093438
0.099271
0.085573
0.074740
0.111302
0.090156
0.120000
0.080885
0.096094
0.101823
0.091875
0.085313
0.112760
0.085104
0.106927
0.103750
0.090521
0.094896
0.104740
0.089896
0.097448
0.077619
0.082240
0.096302
0.096771
0.081094
0.088490
0.099583
0.088177
0.103646
0.092500
0.080521
0.076146
0.093281
0.082604
0.085781
0.093594
0.090729
0.104010
0.077760
0.096979
0.107604
0.101146
0.099688
0.097500
0.087619
0.109427
0.072656
0.092604
0.093438
0.075365
0.096146
0.086979
0.090781
0.099115
0.098021
0.079844
0.100365
0.080990
0.091042
0.097604
0.092865
0.083594
0.095365
0.067083
0.103229
0.082865
0.067448
0.107813
0.083571
0.079740
0.094063
0.076667
0.070677
0.087813
0.090469
0.083542
0.078698
0.093646
0.086094
0.090208
0.091719
0.086094
0.096510
0.094010
0.103021
0.075313
0.078177
0.094063
0.085990
0.073073
0.093646
0.070990
0.072619
0.108646
0.093906
0.096406
0.069688
0.080833
0.101510
0.081302
0.081927
0.078385
0.090938
0.074115
0.083438
0.095417
0.073750
0.067396
0.070000
0.075313
0.080052
0.080938
0.075156
0.079844
0.078177
0.072344
0.100238
0.097083
0.077083
0.067188
0.074740
0.074010
0.087396
0.093125
0.080625
0.065208
0.088958
0.078229
0.083802
0.091927
0.068906
0.071823
0.094219
0.088125
0.086146
0.087969
0.076094
0.065313
0.085938
0.070000
0.062738
0.084219
0.074792
0.084792
0.095260
0.069010
0.090521
0.090885
0.065990
0.092031
0.061875
0.076927
0.071042
0.078333
0.086250
0.069792
0.089063
0.071406
0.088854
0.089427
0.062865
0.089479
0.084115
0.057031
0.088214
0.064635
0.077031
0.077344
0.066510
0.080938
0.077135
0.080781
0.072500
0.071042
0.094740
0.065990
0.096875
0.073438
0.074740
0.080469
0.076354
0.076563
0.074740
0.077708
0.069740
