2.307055
2.301916
2.309562
2.307930
2.293761
2.275981
2.244754
2.231301
2.295840
2.276066
2.222023
2.208836
2.149180
2.146070
2.074130
2.038507
2.042867
2.053074
2.004631
1.991210
2.081771
2.057400
2.185163
2.196627
2.060536
1.994910
2.001801
2.014963
1.951317
1.898923
1.917864
1.921220
1.910048
1.970851
1.969743
1.825972
1.831695
1.770359
1.820768
1.822879
1.871476
1.873634
1.801950
1.746949
1.731321
1.702569
1.767527
1.714271
1.759354
1.788712
1.834875
1.844559
1.847007
1.782746
1.765784
1.744567
1.730074
1.708732
1.700331
1.724164
1.756453
1.716690
1.728885
1.695340
1.773595
1.786773
1.818990
1.808241
1.746517
1.755700
1.707395
1.674404
1.675930
1.671486
1.667839
1.646212
1.650310
1.686641
1.642244
1.686581
1.694661
1.662986
1.714211
1.744437
1.725583
1.721037
1.705277
1.728671
1.720251
1.688853
1.714699
1.659774
1.660084
1.679865
1.682617
1.657882
1.645954
1.659307
1.691700
1.628392
1.668539
1.652659
1.620927
1.663195
1.656865
1.658953
1.654317
1.651356
1.708375
1.672053
1.656544
1.596245
1.575772
1.644607
1.617810
1.630750
1.606404
1.653322
1.647505
1.633824
1.643528
1.714207
1.651740
1.681204
1.626044
1.679034
1.604540
1.599765
1.588134
1.588622
1.594757
1.622043
1.602751
1.622672
1.613833
1.614667
1.629054
1.646131
1.606398
1.614952
1.607725
1.609763
1.589200
1.594778
1.610523
1.598074
1.599493
1.620905
1.644740
1.664527
1.618999
1.628410
1.598631
1.600876
1.577418
1.576308
1.602140
1.608321
1.585576
1.588467
1.600010
1.588138
1.580558
1.604133
1.595950
1.558596
1.571602
1.595415
1.587223
1.603119
1.589727
1.605548
1.624933
1.620028
1.622838
1.584759
1.557983
1.546950
1.585352
1.547757
1.578351
1.573019
1.607202
1.593021
1.612735
1.578247
1.556574
1.614090
1.558406
1.535852
1.558738
1.622484
1.582382
1.577949
1.580083
1.553215
1.570262
1.560489
1.571599
1.574161
1.568205
1.565477
1.555900
1.559246
1.555503
1.581135
1.560400
1.627167
1.619797
1.576028
1.608923
1.586631
1.551066
1.563401
1.567608
1.548271
1.575000
1.567527
1.582562
1.579146
1.569378
1.588708
1.555620
1.568065
1.537399
1.531547
1.533849
1.570066
1.573285
1.586096
1.558536
1.577040
1.545307
1.560293
1.588171
1.587666
1.555573
1.579928
1.563563
1.548676
1.571598
1.571994
1.553125
1.533184
1.532927
1.537115
1.574012
1.538148
1.535426
1.544785
1.556051
1.586660
1.571073
1.550701
1.558385
1.548078
1.568364
1.546945
1.552247
1.592678
1.545540
1.597890
1.546585
1.527561
1.540095
1.497931
1.540462
1.530199
1.544023
1.540540
1.559996
1.559106
1.569482
1.568470
1.552654
1.526769
1.541784
1.566915
1.542284
1.501609
1.529302
1.562072
1.514304
1.562001
1.573261
1.527275
1.557958
1.549624
1.556747
1.552779
1.543515
1.559392
1.529842
1.521890
1.533897
1.539093
1.540379
1.565522
1.552989
1.545843
1.560476
1.560941
1.563822
1.547376
1.523900
1.530620
1.535268
1.519678
1.544304
1.518983
1.544648
1.561640
1.602691
1.570297
1.524207
1.539732
1.507129
1.526809
1.526745
1.544836
1.547891
1.542770
1.601706
1.602780
1.566034
1.544540
1.536984
1.525140
1.545720
1.531888
1.548964
1.530967
1.532003
1.581200
1.582585
1.535934
1.542824
1.504440
1.513594
1.511496
1.507389
1.577369
1.514927
1.524378
1.548371
1.513802
1.555412
1.567563
1.575418
1.558928
1.546847
1.544913
1.548300
1.549361
1.520672
1.525861
1.526410
1.526130
1.534987
1.534283
1.553025
1.533641
1.514078
1.553850
1.511337
1.545774
1.526633
1.548762
1.537083
1.527897
1.543297
1.529664
1.549296
1.541558
1.528656
1.520331
1.548943
1.529588
1.524776
1.545127
1.516508
1.538720
1.525865
1.534024
1.530488
1.512396
1.517916
1.545029
1.527545
1.543657
1.543719
1.576130
1.523933
1.524273
1.535403
1.536644
1.535148
1.517422
1.527400
1.524028
1.574627
1.533867
1.528340
1.533448
1.525791
1.564252
1.560789
1.555980
1.531555
1.516468
1.528887
1.538641
1.510115
1.534084
1.506186
1.519420
1.537075
1.532428
1.529300
1.513921
1.514722
1.493533
1.518282
1.518805
1.536269
1.550585
1.547729
1.563920
1.581295
1.556530
1.527469
1.504406
1.522195
1.517807
1.526502
1.517515
1.525514
1.535574
1.529889
1.548752
1.561318
1.561493
1.571097
1.518086
1.507277
1.525707
1.526360
1.513483
1.516104
1.528294
1.511981
1.526118
1.504299
1.535333
1.539037
1.508034
1.500570
1.537046
1.581448
1.528659
1.555608
1.525776
1.522362
1.520844
1.528781
1.538017
1.508504
1.520494
1.516819
1.551698
1.528685
1.526161
1.519043
1.500024
1.539498
1.520927
1.527165
1.527486
1.533749
1.520020
1.547781
1.515433
1.522269
1.535408
1.513243
1.516893
1.513762
1.511836
1.533656
1.523808
1.568955
1.540636
1.515457
1.528928
1.517536
1.522654
1.520712
1.508440
1.538948
1.530773
