2.304024
2.293831
2.295113
2.283734
2.274468
2.276994
2.245175
2.253008
2.215033
2.180417
2.208990
2.180518
2.134501
2.030909
1.962800
1.913601
1.892878
1.838785
1.799737
1.793157
1.846861
1.815411
1.772595
1.726766
1.754620
1.742953
1.829908
1.669990
1.720876
1.688064
1.705796
1.649805
1.653457
1.672703
1.690175
1.645594
1.668222
1.659252
1.640326
1.630977
1.697065
1.670781
1.641364
1.620148
1.657673
1.645161
1.635891
1.650783
1.605617
1.663129
1.657437
1.619183
1.657487
1.617618
1.613998
1.664095
1.620387
1.611441
1.688066
1.658746
1.652185
1.597632
1.653305
1.572361
1.567246
1.610107
1.631801
1.612850
1.650378
1.588432
1.613161
1.585276
1.584273
1.635324
1.585981
1.578647
1.595528
1.570470
1.610976
1.599900
1.632867
1.583557
1.569111
1.610748
1.605859
1.595388
1.589103
1.591807
1.622024
1.589627
1.595389
1.578848
1.599896
1.626371
1.623442
1.587524
1.576842
1.579014
1.578771
1.619583
1.588735
1.609391
1.592779
1.617420
1.566127
1.630297
1.573051
1.609964
1.615699
1.592179
1.581366
1.572567
1.592807
1.611966
1.574044
1.604631
1.603647
1.565768
1.564908
1.606649
1.622602
1.595860
1.562739
1.551226
1.621080
1.606653
1.623271
1.541828
1.593682
1.588490
1.535337
1.542929
1.602039
1.577739
1.611631
1.573831
1.613294
1.596944
1.572781
1.613248
1.624688
1.568377
1.614035
1.585358
1.567511
1.584130
1.540537
1.610304
1.605022
1.538038
1.575809
1.571758
1.608371
1.590135
1.579987
1.561501
1.643703
1.576083
1.587583
1.632304
1.607181
1.560992
1.584923
1.540280
1.562963
1.598528
1.586977
1.579247
1.561229
1.583964
1.576562
1.628612
1.609810
1.559426
1.573022
1.556479
1.611260
1.592234
1.599770
1.572011
1.547694
1.561067
1.584682
1.544569
1.580446
1.552514
1.538287
1.573730
1.545198
1.551173
1.566846
1.562734
1.551725
1.575714
1.582158
1.572445
1.564458
1.558356
1.571690
1.592877
1.570122
1.540430
1.566018
1.579227
1.561992
1.618313
1.623265
1.576536
1.592888
1.574814
1.565964
1.618105
1.610882
1.585689
1.583046
1.575884
1.541629
1.568030
1.570676
1.625280
1.564088
1.576384
1.609721
1.543233
1.559948
1.528890
1.569068
1.682267
1.560310
1.601107
1.584081
1.566927
1.536286
1.574314
1.586068
1.520302
1.597730
1.571600
1.584548
1.548606
1.587177
1.564124
1.524171
1.616096
1.551123
1.613696
1.592755
1.543234
1.566587
1.568252
1.590931
1.563413
1.587873
1.623738
1.564101
1.580938
1.540002
1.599091
1.605319
1.546868
1.584216
1.546519
1.570762
1.617011
1.570351
1.551498
1.606606
1.574751
1.544030
1.578324
1.589239
1.572296
1.587430
1.572261
1.580024
1.539672
1.592240
1.571065
1.599013
1.543461
1.574108
1.576805
1.568617
1.555764
1.598501
1.542631
1.564872
1.576359
1.548333
1.579081
1.591852
1.561437
1.578665
1.585865
1.626415
1.611710
1.555429
1.549400
1.534834
1.585617
1.567815
1.603109
1.525250
1.553331
1.581561
1.575775
1.562006
1.589276
1.540522
1.578859
1.559587
1.587630
1.596484
1.587442
1.567929
1.584322
1.560599
1.599127
1.568023
1.572427
1.573077
1.567155
1.553038
1.581401
1.576890
1.566639
1.619852
1.556122
1.602145
1.587708
1.574761
1.590763
1.538823
1.562063
1.561624
1.541999
1.587314
1.551581
1.543836
1.578755
1.577198
1.572428
1.571744
1.591433
1.523886
1.579341
1.577839
1.554114
1.601527
1.565075
1.558880
1.545402
1.554549
1.525799
1.534186
1.527425
1.560050
1.599828
1.591920
1.578785
1.561491
1.579883
1.578824
1.594608
1.575504
1.587567
1.522272
1.566961
1.575741
1.541553
1.582888
1.568192
1.592109
1.563920
1.520332
1.612265
1.582610
1.584955
1.606020
1.605091
1.563105
1.567451
1.554848
1.605155
1.589965
1.576221
1.588403
1.564995
1.581945
1.613687
1.554014
1.563340
1.592824
1.583310
1.558085
1.568667
1.595208
1.543303
1.578229
1.559351
1.554468
1.535644
1.565581
1.571878
1.525964
1.550188
1.543502
1.583472
1.580251
1.545740
1.556106
1.588652
1.589611
1.552202
1.576548
1.572907
1.580329
1.579340
1.550177
1.570985
1.534463
1.538103
1.546668
1.586992
1.597704
1.571620
1.563341
1.559230
1.598603
1.587482
1.546036
1.584919
1.595930
1.562114
1.552859
1.564746
1.572245
1.547958
1.519854
1.581152
1.506442
1.546471
1.584909
1.593104
1.570870
1.564477
1.598194
1.551773
1.562408
1.593881
1.563877
1.589186
1.590994
1.554038
1.572530
1.529993
1.573383
1.566446
1.596876
1.580151
1.549342
1.554533
1.539482
1.604192
1.546201
1.555478
1.573475
1.564232
1.564498
1.569870
1.529367
1.557317
1.546737
1.528037
1.587158
1.566958
1.562614
1.583773
1.524257
1.559938
1.585464
1.582816
1.560138
1.601784
1.570608
1.577546
1.546538
1.571566
1.546120
1.532388
1.622317
1.558129
1.538568
1.602692
1.544065
1.528834
1.562976
1.558433
1.597277
1.589637
