2.300610
2.299785
2.314415
2.292684
2.307346
2.315168
2.299537
2.300587
2.274678
2.253974
2.300930
2.311572
2.320020
2.283931
2.235601
2.217140
2.297429
2.356783
2.324582
2.240683
2.135103
2.094312
2.344446
2.204720
2.290067
2.216724
2.163743
2.517926
2.228047
2.309594
2.542863
2.260088
2.106940
2.232783
2.189312
2.475883
2.481558
2.468503
2.517761
2.483690
2.207582
2.123639
2.349573
2.368570
2.475714
2.504670
2.530149
2.545505
2.576873
2.565478
2.571185
2.490997
2.442196
2.326725
2.254550
2.271234
2.206319
2.255204
2.249696
2.246254
2.174891
2.149484
2.140637
2.141799
2.117496
2.134938
2.144652
2.091477
2.108830
2.081148
2.024268
2.174190
2.173285
2.056993
1.981020
1.908432
1.869101
1.853965
1.859585
1.884154
1.872965
1.835940
1.793083
1.820211
1.835131
1.792587
1.790790
1.839732
1.844929
1.833864
1.773877
1.821862
1.884561
1.747346
1.817662
1.754663
1.738620
1.800438
1.740236
1.733430
1.758083
1.749414
1.743730
1.775581
1.842751
1.800384
1.796079
1.799048
1.729081
1.719868
1.688402
1.723539
1.743746
1.771269
1.775488
1.754522
1.777954
1.733463
1.736215
1.733931
1.779252
1.704459
1.714728
1.737047
1.691323
1.747348
1.809192
1.756033
1.741837
1.787447
1.779527
1.715604
1.717440
1.698640
1.712462
1.741299
1.751851
1.821939
1.885718
1.883577
1.780644
1.848219
1.797416
1.827936
1.763265
1.747346
1.783257
1.733683
1.806389
1.743676
1.765917
1.769976
1.730862
1.706770
1.782537
1.762589
1.742996
1.801959
1.777554
1.774409
1.768769
1.797142
1.872807
1.765895
1.806429
1.819116
1.789379
1.822430
1.847874
1.845681
1.876993
1.801090
1.810114
1.773279
1.814859
1.800770
1.778497
1.775142
1.718993
1.707330
1.819080
1.760515
1.757019
1.783354
1.736602
1.826245
1.789035
1.776288
1.711493
1.696671
1.744090
1.794683
1.721472
1.765008
1.763202
1.757964
1.709056
1.722232
1.729682
1.753577
1.688110
1.718698
1.768726
1.741543
1.755028
1.725593
1.818263
1.809768
1.771565
1.752875
1.714226
1.758071
1.802380
1.769701
1.736014
1.763862
1.719180
1.795946
1.821317
1.769109
1.802240
1.799626
1.780258
1.749367
1.800124
1.819908
1.816340
1.915413
2.070684
2.228270
2.247197
2.250317
2.213438
2.047116
2.047232
2.038203
2.104584
2.137969
2.168445
2.251890
2.322591
2.330999
2.378774
2.415154
2.302938
2.190292
2.102849
2.174003
2.188596
2.180165
2.205239
2.093304
2.068027
2.099917
2.038357
2.059318
2.128135
2.123128
1.989240
2.030454
2.067489
1.992062
2.053470
2.095719
2.168203
2.207070
2.244618
2.200777
2.189425
2.220113
2.165780
2.184344
2.151135
2.174782
2.170681
2.198905
2.171368
2.119520
2.117950
2.077815
2.046683
2.000399
2.055047
2.008408
2.006300
2.042434
2.102338
2.116455
2.129199
2.155037
2.166193
2.161997
2.168250
2.143675
2.161399
2.177513
2.147833
2.110111
2.079622
1.918286
1.931543
2.014529
1.903216
1.968122
1.947211
2.024596
2.103217
2.067653
2.153000
2.100145
2.198180
2.170303
2.177110
2.198787
2.217415
2.164179
2.180537
2.138195
2.170889
2.115192
2.063882
2.105272
2.089899
2.076635
2.087172
2.139215
2.110570
2.131074
2.112291
2.156537
2.170974
2.185552
2.224876
2.144076
2.157721
2.178717
2.148474
2.207876
2.157099
2.103742
2.164419
2.117877
2.151684
2.192220
2.147933
2.235771
2.186807
2.208769
2.188167
2.192984
2.200420
2.208250
2.216358
2.171720
2.227224
2.134560
2.192334
2.108720
2.142689
2.089469
2.070076
2.080686
2.182492
2.185168
2.165432
2.224154
2.214684
2.249288
2.236257
2.125978
2.203788
2.202061
2.185230
2.194489
2.156068
2.130498
2.162712
2.190472
2.124658
2.209746
2.200778
2.194700
2.137735
2.139641
2.166822
2.216783
2.248576
2.238425
2.163447
2.157240
2.093590
2.089795
2.153127
2.199272
2.238194
2.227512
2.210984
2.127064
2.086080
2.113563
2.072332
2.034502
1.981673
2.000598
2.053926
2.124315
2.199315
2.137048
2.151350
2.097936
2.070155
2.061926
2.093570
2.046768
1.993123
2.094940
2.174036
2.179698
2.234595
2.222963
2.270000
2.270103
2.278865
2.290235
2.339021
2.326518
2.300112
2.316888
2.304736
2.278385
2.256894
2.290020
2.310472
2.223649
2.223671
2.196990
2.214485
2.214345
2.202319
2.202820
2.173670
2.267391
2.231548
2.224002
2.243382
2.252491
2.273705
2.215411
2.233086
2.205473
2.262250
2.243504
2.185544
2.208701
2.129019
2.084682
2.038105
2.045157
1.956060
1.904464
1.841238
1.801754
1.696945
1.676014
1.670490
1.682323
1.704938
1.675577
1.651693
1.630570
1.659883
1.601579
1.642179
1.620082
1.624943
1.650784
1.624565
1.632669
1.705421
1.633154
1.647829
1.714589
1.686627
1.669833
1.659882
1.618305
1.610078
1.584303
1.631074
1.620047
1.570112
1.596559
1.615400
1.609281
1.622812
1.605634
1.583978
1.653644
1.626840
1.608964
