2.302734
2.310122
2.294485
2.292948
2.287608
2.280875
2.272575
2.267678
2.277106
2.248697
2.240239
2.236961
2.224545
2.217679
2.218811
2.197338
2.203588
2.183207
2.176115
2.143140
2.133886
2.118991
2.120692
2.100580
2.067967
2.049710
2.027758
1.995813
1.955647
1.946158
1.883877
1.872585
1.877689
1.815608
1.690508
1.671820
1.626735
1.594406
1.396656
1.366197
1.349282
1.232541
1.117294
1.085775
0.961837
0.958054
0.814085
0.883572
0.776166
0.792871
0.599941
0.653216
0.631076
0.618284
0.532251
0.591484
0.512254
0.460673
0.378450
0.539651
0.448533
0.494880
0.411229
0.388937
0.399379
0.421461
0.377486
0.407855
0.462655
0.335822
0.403317
0.354187
0.460476
0.424014
0.317370
0.466211
0.280673
0.285381
0.373499
0.334624
0.302535
0.415190
0.291477
0.355341
0.313083
0.308559
0.472823
0.302941
0.333799
0.372806
0.314598
0.358408
0.451996
0.375323
0.303847
0.300279
0.182052
0.207190
0.373088
0.343031
0.285436
0.282934
0.334726
0.224117
0.275792
0.336961
0.274763
0.211061
0.309946
0.522837
0.255721
0.261407
0.225428
0.246842
0.365114
0.286091
0.314672
0.272507
0.281711
0.211023
0.225532
0.212874
0.310750
0.269729
0.207571
0.175459
0.245135
0.200461
0.225112
0.244287
0.194958
0.350187
0.237877
0.307102
0.149226
0.319131
0.236382
0.381253
0.255568
0.235388
0.366859
0.265158
0.260871
0.327552
0.253328
0.385437
0.241600
0.280122
0.240013
0.198257
0.197717
0.392342
0.238660
0.217805
0.160735
0.232020
0.211868
0.247567
0.240357
0.236372
0.300563
0.227347
0.284636
0.209184
0.228943
0.260413
0.223250
0.155377
0.188963
0.228370
0.231194
0.153685
0.273382
0.193710
0.208890
0.204725
0.203895
0.353706
0.368279
0.336123
0.178607
0.270196
0.298625
0.148055
0.177269
0.209614
0.238266
0.212081
0.267048
0.125023
0.182842
0.222028
0.217230
0.256151
0.100102
0.168560
0.256396
0.241152
0.310636
0.177499
0.122492
0.308183
0.176280
0.206814
0.177261
0.236345
0.123150
0.269663
0.184855
0.200205
0.144661
0.206564
0.183358
0.216932
0.203096
0.206614
0.262459
0.123884
0.149590
0.204114
0.132948
0.274801
0.202202
0.227929
0.322069
0.289561
0.114327
0.219475
0.124650
0.167938
0.243859
0.230819
0.184070
0.143993
0.187870
0.122982
0.274821
0.244434
0.181003
0.246885
0.197159
0.158158
0.198940
0.157333
0.179870
0.179091
0.163654
0.138246
0.132707
0.186848
0.223001
0.166869
0.200578
0.228805
0.083143
0.210536
0.153473
0.171242
0.185795
0.207047
0.180927
0.207998
0.213903
0.190138
0.198839
0.161799
0.172382
0.164108
0.115398
0.229530
0.204429
0.146206
0.275216
0.149344
0.177253
0.104664
0.178119
0.184820
0.315183
0.190776
0.095791
0.085576
0.163551
0.124914
0.157477
0.142469
0.110646
0.149210
0.195250
0.171728
0.153151
0.162411
0.189968
0.159845
0.126507
0.264107
0.081030
0.199817
0.080990
0.142051
0.133310
0.325331
0.142823
0.325428
0.145166
0.135376
0.134852
0.136796
0.233035
0.101981
0.195282
0.114975
0.225420
0.315666
0.105744
0.147457
0.123875
0.201076
0.135963
0.137297
0.169788
0.087177
0.132385
0.193915
0.073741
0.156455
0.143105
0.115145
0.190755
0.065787
0.207380
0.211456
0.194929
0.071616
0.130553
0.186241
0.145800
0.166621
0.220306
0.128996
0.103493
0.284384
0.159643
0.122037
0.172302
0.060411
0.211967
0.211956
0.128191
0.128000
0.093714
0.214420
0.103247
0.176299
0.214883
0.084144
0.095636
0.072162
0.204513
0.149796
0.094232
0.205990
0.101416
0.081995
0.180333
0.099828
0.201058
0.154701
0.169394
0.115618
0.086773
0.077540
0.112653
0.170519
0.257659
0.164437
0.119942
0.153499
0.106138
0.104564
0.090961
0.079233
0.168103
0.185691
0.117942
0.129663
0.159043
0.143873
0.157690
0.117194
0.096380
0.115783
0.107078
0.288162
0.083273
0.104265
0.084131
0.111798
0.112447
0.117620
0.080079
0.093297
0.102001
0.149211
0.125143
0.140768
0.130677
0.135486
0.155351
0.069028
0.125097
0.152471
0.185929
0.080118
0.302476
0.133549
0.142429
0.119873
0.060703
0.156889
0.118553
0.211980
0.078910
0.226642
0.169546
0.072694
0.089224
0.107744
0.103879
0.081940
0.052401
0.092476
0.083108
0.192609
0.144689
0.137400
0.127817
0.210070
0.144192
0.152293
0.119464
0.123322
0.154104
0.105684
0.180558
0.085843
0.101225
0.086354
0.068109
0.109642
0.063604
0.160017
0.163950
0.099286
0.075573
0.112120
0.119737
0.193181
0.091883
0.112255
0.118745
0.126923
0.223006
0.102197
0.099877
0.063140
0.129593
0.095582
0.074810
0.145730
0.112957
0.103432
0.109763
0.135307
0.085142
0.101418
0.092933
0.118267
0.081978
0.108680
0.157065
0.074492
0.106251
0.136455
0.185393
0.072522
0.098521
0.099104
0.106077
0.128416
0.094148
0.129709
0.079764
0.084537
0.124184
0.159138
0.152740
0.149699
0.086226
0.151059
