0.0859
0.6562
0.9688
0.9688
0.9922
1.0000
0.9141
0.9688
0.2188
0.0234
0.3359
0.5312
0.4375
0.2188
0.1562
0.0938
0.0703
0.0234
0.0156
0.0078
0.0078
0.0156
0.0156
0.0078
0.0000
0.0000
0.0000
0.0078
0.0156
0.0000
0.0000
0.0000
0.0000
0.0000
0.0078
0.0000
0.0000
0.0000
0.0000
0.0000
0.0000
0.0000
0.0078
0.0000
0.0000
0.0078
0.0000
0.0000
0.0000
0.0000
0.0000
0.0000
0.0000
0.0000
0.0000
0.0000
0.0000
0.0000
0.0078
0.0000
0.0000
0.0000
0.0000
0.0078
0.0078
0.0000
0.0000
0.0000
0.0078
0.0000
0.0000
0.0000
0.0000
0.0156
0.0000
0.0000
0.0078
0.0000
0.0000
0.0000
0.0000
0.0000
0.0000
0.0000
0.0000
0.0000
0.0000
0.0000
0.0000
0.0078
0.0000
0.0000
0.0000
0.0000
0.0000
0.0078
0.0000
0.0000
0.0078
0.0078
0.0000
0.0000
0.0078
0.0000
0.0000
0.0000
0.0000
0.0000
0.0078
0.0000
0.0000
0.0000
0.0000
0.0000
0.0000
0.0078
0.0000
0.0000
0.0000
0.0000
0.0000
0.0000
0.0000
0.0000
0.0000
0.0000
0.0000
0.0000
0.0000
0.0000
0.0000
0.0000
0.0156
0.0000
0.0078
0.0000
0.0078
0.0000
0.0078
0.0000
0.0000
0.0000
0.0000
0.0000
0.0000
0.0000
0.0000
0.0000
0.0000
0.0000
0.0000
0.0000
0.0000
0.0000
0.0000
0.0000
0.0078
0.0000
0.0000
0.0000
0.0078
0.0000
0.0000
0.0000
0.0000
0.0000
0.0000
0.0000
0.0078
0.0000
0.0000
0.0078
0.0000
0.0000
0.0000
0.0000
0.0000
0.0078
0.0000
0.0078
0.0000
0.0000
0.0000
0.0000
0.0000
0.0000
0.0000
0.0000
0.0000
0.0000
0.0000
0.0078
0.0000
0.0000
0.0000
0.0000
0.0000
0.0000
0.0000
0.0000
0.0000
0.0000
0.0078
0.0000
0.0000
0.0000
0.0000
0.0000
0.0000
0.0078
0.0078
0.0000
0.0000
0.0156
0.0000
0.0000
0.0000
0.0000
0.0000
0.0000
0.0078
0.0000
0.0000
0.0000
0.0000
0.0078
0.0000
0.0000
0.0000
0.0000
0.0078
0.0000
0.0000
0.0000
0.0000
0.0000
0.0000
0.0000
0.0000
0.0000
0.0000
0.0078
0.0156
0.0000
0.0000
0.0000
0.0000
0.0000
0.0000
0.0000
0.0078
0.0000
0.0000
0.0000
0.0000
0.0000
0.0000
0.0078
0.0000
0.0000
0.0078
0.0000
0.0000
0.0000
0.0000
0.0156
0.0000
0.0078
0.0000
0.0000
0.0000
0.0000
0.0000
0.0000
0.0000
0.0000
0.0000
0.0000
0.0000
0.0000
0.0000
0.0078
0.0000
0.0156
0.0000
0.0000
0.0000
0.0078
0.0000
0.0000
0.0156
0.0000
0.0000
0.0000
0.0000
0.0000
0.0000
0.0000
0.0000
0.0000
0.0000
0.0078
0.0000
0.0000
0.0000
0.0000
0.0000
0.0000
0.0078
0.0000
0.0078
0.0000
0.0000
0.0000
0.0000
0.0000
0.0000
0.0000
0.0078
0.0000
0.0078
0.0000
0.0000
0.0000
0.0000
0.0000
0.0078
0.0000
0.0000
0.0000
0.0078
0.0078
0.0000
0.0000
0.0000
0.0000
0.0000
0.0078
0.0000
0.0000
0.0000
0.0000
0.0078
0.0000
0.0000
0.0000
0.0000
0.0000
0.0000
0.0000
0.0000
0.0000
0.0000
0.0000
0.0078
0.0000
0.0000
0.0078
0.0078
0.0078
0.0000
0.0000
0.0000
0.0000
0.0000
0.0000
0.0078
0.0000
0.0000
0.0000
0.0078
0.0000
0.0000
0.0000
0.0000
0.0078
0.0000
0.0000
0.0000
0.0000
0.0000
0.0000
0.0000
0.0000
0.0000
0.0000
0.0000
0.0000
0.0000
0.0000
0.0000
0.0078
0.0078
0.0000
0.0156
0.0000
0.0000
0.0000
0.0000
0.0000
0.0000
0.0000
0.0078
0.0000
0.0000
0.0000
0.0000
0.0000
0.0000
0.0000
0.0078
0.0000
0.0000
0.0000
0.0078
0.0078
0.0000
0.0000
0.0000
0.0000
0.0000
0.0078
0.0000
0.0000
0.0000
0.0000
0.0000
0.0000
0.0000
0.0000
0.0000
0.0000
0.0000
0.0000
0.0156
0.0000
0.0078
0.0000
0.0000
0.0000
0.0000
0.0078
0.0000
0.0078
0.0078
0.0000
0.0000
0.0000
0.0078
0.0000
0.0000
0.0000
0.0000
0.0000
0.0000
0.0000
0.0000
0.0000
0.0078
0.0000
0.0000
0.0078
0.0000
0.0000
0.0000
0.0000
0.0078
0.0000
0.0000
0.0000
0.0078
0.0000
0.0078
0.0000
0.0000
0.0078
0.0000
0.0000
0.0000
0.0000
0.0000
0.0078
0.0000
0.0078
0.0000
0.0000
0.0000
0.0000
0.0000
0.0000
0.0000
0.0000
0.0000
0.0000
0.0000
0.0078
0.0000
0.0000
0.0000
0.0000
