2.303348
2.306022
2.301860
2.303620
2.329687
2.363974
2.328940
2.305120
2.250157
2.279184
2.281222
2.289866
2.293009
2.287414
2.271717
2.260753
2.284829
2.285867
2.285751
2.285972
2.282655
2.284481
2.278554
2.265877
2.252504
2.255217
2.239479
2.248323
2.247086
2.252241
2.253044
2.250517
2.250849
2.239361
2.241674
2.249238
2.233778
2.239853
2.243983
2.240105
2.240764
2.243984
2.246555
2.243039
2.239578
2.253850
2.243659
2.248364
2.239952
2.244895
2.243917
2.240788
2.244486
2.240885
2.245124
2.241498
2.257396
2.249127
2.242652
2.245048
2.243026
2.244892
2.241341
2.246929
2.247118
2.245926
2.242327
2.250085
2.242964
2.243049
2.262179
2.243959
2.246438
2.241606
2.243510
2.248337
2.241843
2.257522
2.242762
2.246513
2.245918
2.247368
2.243113
2.240527
2.249219
2.244124
2.246816
2.251044
2.239445
2.241119
2.252715
2.246143
2.243001
2.246035
2.239892
2.242416
2.249529
2.245365
2.243101
2.247529
2.243590
2.245238
2.246016
2.244854
2.253587
2.245847
2.243793
2.253881
2.238200
2.245294
2.251604
2.243124
2.237226
2.244821
2.240379
2.246640
2.243165
2.244717
2.239795
2.247415
2.237815
2.241418
2.257140
2.242699
2.243065
2.243789
2.251927
2.244545
2.246379
2.244905
2.243442
2.240201
2.250491
2.240931
2.244093
2.246951
2.243556
2.240088
2.243252
2.243207
2.239843
2.241534
2.242739
2.250911
2.251857
2.242176
2.240682
2.241110
2.252451
2.238509
2.243554
2.241722
2.244502
2.242532
2.241901
2.242353
2.245701
2.241263
2.238078
2.242287
2.240982
2.238163
2.244528
2.237711
2.238348
2.242522
2.242841
2.247512
2.249102
2.238878
2.246573
2.239138
2.241961
2.241742
2.245267
2.246715
2.237860
2.243623
2.237661
2.237505
2.239160
2.240381
2.239222
2.234179
2.237419
2.239155
2.239918
2.238560
2.238976
2.238433
2.243289
2.237746
2.246916
2.240829
2.237292
2.239419
2.244448
2.238596
2.240577
2.238477
2.238990
2.241725
2.247618
2.247786
2.239780
2.243368
2.235239
2.236123
2.239655
2.237670
2.245957
2.243690
2.240144
2.240971
2.239486
2.239119
2.239185
2.240906
2.238216
2.235409
2.238236
2.243060
2.240133
2.238408
2.242010
2.237543
2.242263
2.245461
2.238913
2.246629
2.240122
2.240043
2.236804
2.237426
2.236932
2.239718
2.240284
2.241378
2.241181
2.239656
2.240038
2.238755
2.239739
2.242742
2.238520
2.239725
2.238142
2.239851
2.244994
2.242564
2.236436
2.236674
2.235175
2.246910
2.236154
2.239941
2.245059
2.238329
2.240422
2.239565
2.239026
2.236982
2.238712
2.243258
2.236881
2.242523
2.238628
2.246973
2.242904
2.238487
2.240577
2.241698
2.243263
2.238459
2.239962
2.247672
2.240994
2.237837
2.237868
2.251121
2.240548
2.238171
2.239026
2.244425
2.243010
2.241537
2.241849
2.239556
2.237483
2.245809
2.238823
2.241048
2.239698
2.239042
2.239324
2.241106
2.237525
2.237676
2.241186
2.244289
2.237412
2.241415
2.239605
2.241316
2.253231
2.240654
2.241131
2.237995
2.239045
2.238672
2.237734
2.237695
2.240568
2.237345
2.241097
2.239031
2.244954
2.250640
2.238189
2.238516
2.241885
2.247889
2.243309
2.243356
2.239267
2.244220
2.238841
2.239342
2.239027
2.247367
2.245687
2.240773
2.238975
2.241743
2.242784
2.238537
2.246823
2.238436
2.241122
2.243253
2.240631
2.241735
2.241670
2.239323
2.240734
2.242283
2.242985
2.243023
2.240307
2.239723
2.240717
2.241459
2.244384
2.241354
2.238245
2.243077
2.240273
2.240329
2.238923
2.243096
2.239441
2.240379
2.245404
2.252395
2.238009
2.242306
2.239514
2.251734
2.238375
2.241059
2.243403
2.241843
2.239382
2.241044
2.238153
2.242645
2.242949
2.239362
2.244897
2.239357
2.239511
2.238155
2.239256
2.241349
2.253402
2.240431
2.240751
2.242646
2.238472
2.241328
2.240606
2.240779
2.237391
2.237101
2.240805
2.238103
2.241530
2.241037
2.240050
2.239700
2.237752
2.241512
2.248966
2.238858
2.243790
2.238786
2.239827
2.241295
2.241393
2.244355
2.240652
2.249624
2.240494
2.238816
2.244254
2.246987
2.240879
2.234358
2.237966
2.241338
2.241844
2.247295
2.238502
2.240446
2.242874
2.241530
2.244376
2.242187
2.239470
2.243294
2.238056
2.243150
2.235870
2.236722
2.235312
2.239647
2.240262
2.242599
2.239889
2.241739
2.239851
2.241473
2.241040
2.241992
2.239917
2.240453
2.239287
2.239329
2.248059
2.237583
2.240096
2.240412
2.242907
2.238729
2.245707
2.239928
2.240250
2.240924
2.244883
2.241379
2.240554
2.238414
2.247360
2.244179
2.241785
2.239454
2.239162
2.240417
2.241711
2.245387
2.242336
2.241214
2.239594
2.240587
2.238268
2.239128
2.241578
2.242004
2.238570
2.246617
2.241426
2.241879
2.248395
2.243201
2.237263
2.240734
2.242738
2.237363
2.239178
2.239723
2.237781
2.245815
2.241550
2.245078
2.239119
2.239445
2.239929
2.238558
2.237417
2.238293
