2.291134
2.274556
2.245570
2.215406
2.197824
2.160831
2.523082
2.563532
2.430621
2.057516
1.895718
2.051706
2.095803
2.192796
2.132472
2.274564
2.902304
2.900033
2.906262
2.906197
2.918080
2.917996
2.918576
2.919982
2.920931
2.921874
2.920903
2.921653
2.924996
2.912700
2.903869
2.896709
2.883974
2.844442
2.791750
2.767780
2.677879
2.531879
2.475890
2.405357
2.360667
2.333256
2.354604
2.451907
2.551805
2.610315
2.599858
2.498013
2.432221
2.397744
2.374477
2.377334
2.376529
2.392091
2.410827
2.388286
2.329708
2.330169
2.322073
2.361031
2.424565
2.459888
2.385116
2.317545
2.320446
2.343935
2.357025
2.367360
2.372185
2.345916
2.359451
2.434752
2.396021
2.342741
2.328768
2.322833
2.325615
2.391793
2.451250
2.428521
2.393026
2.334607
2.318126
2.315542
2.315294
2.316887
2.356247
2.369831
2.371775
2.374445
2.353431
2.338442
2.332991
2.322539
2.318002
2.314567
2.313734
2.313948
2.318070
2.325593
2.325559
2.332389
2.332530
2.339501
2.337417
2.333504
2.330062
2.321433
2.324342
2.323402
2.322544
2.319160
2.323419
2.320040
2.323931
2.322445
2.326849
2.316955
2.319044
2.325440
2.321398
2.324832
2.320531
2.315221
2.314602
2.325840
2.315170
2.318805
2.316716
2.315345
2.331176
2.314478
2.323363
2.326200
2.326938
2.322834
2.319967
2.321932
2.315717
2.316335
2.318267
2.315294
2.311099
2.326482
2.317596
2.318152
2.324269
2.318357
2.322197
2.322048
2.323017
2.325790
2.315755
2.314354
2.317507
2.317523
2.319532
2.316234
2.320198
2.320203
2.324748
2.317698
2.314939
2.322941
2.316285
2.322523
2.319432
2.321189
2.317079
2.314196
2.328097
2.316234
2.313525
2.318233
2.314106
2.313880
2.312603
2.312304
2.315699
2.315699
2.314111
2.314905
2.315913
2.316503
2.320805
2.318946
2.317366
2.316746
2.315401
2.314195
2.321476
2.323863
2.319758
2.321446
2.317524
2.319310
2.312709
2.315203
2.315097
2.312162
2.317596
2.316054
2.317866
2.318109
2.315593
2.316746
2.315434
2.314188
2.312867
2.312850
2.315845
2.314111
2.318937
2.312726
2.317276
2.317208
2.319105
2.314213
2.311380
2.313295
2.320788
2.312629
2.314572
2.312248
2.314978
2.311898
2.309561
2.318160
2.315789
2.314060
2.311509
2.316673
2.317883
2.317546
2.312355
2.312248
2.307788
2.311313
2.317806
2.313773
2.314922
2.316037
2.313982
2.313564
2.319117
2.311471
2.312867
2.311628
2.316768
2.313103
2.315772
2.314692
2.315964
2.318626
2.310326
2.311206
2.316814
2.315221
2.314409
2.315221
2.320040
2.315260
2.316110
2.315221
2.317596
2.313914
2.316560
2.310372
2.309685
2.309134
2.315333
2.311791
2.311189
2.314354
2.317687
2.312214
2.310108
2.317062
2.313154
2.311859
2.319348
2.312163
2.314179
2.319185
2.316212
2.314973
2.308655
2.314922
2.307895
2.311257
2.317951
2.312248
2.312338
2.313329
2.313098
2.313363
2.313982
2.313098
2.314564
2.313579
2.296126
2.329488
2.314878
2.294130
2.308262
2.283267
2.290569
2.287270
2.289104
2.273704
2.268701
2.267122
2.273054
2.229638
2.254273
2.289039
2.264783
2.228381
2.271408
2.274524
2.267252
2.281873
2.297807
2.295954
2.264626
2.272484
2.228313
2.225988
2.202323
2.285383
2.247237
2.248187
2.221981
2.256523
2.257684
2.265182
2.248408
2.221756
2.232149
2.240492
2.223041
2.255132
2.233362
2.228524
2.253315
2.237148
2.265507
2.258111
2.262638
2.263600
2.269504
2.242167
2.292697
2.260797
2.249653
2.250569
2.264878
2.216921
2.229948
2.242419
2.260605
2.229879
2.208815
2.247736
2.240762
2.269072
2.267527
2.251837
2.244152
2.220120
2.214678
2.247893
2.226917
2.252675
2.218402
2.240037
2.236904
2.209886
2.220385
2.288224
2.229787
2.260403
2.265940
2.247929
2.278433
2.216663
2.264581
2.230872
2.274657
2.219344
2.217340
2.215759
2.267593
2.266486
2.257448
2.216272
2.255577
2.239527
2.261487
2.205107
2.248234
2.207057
2.227761
2.244687
2.220040
2.242615
2.247705
2.218740
2.245587
2.276922
2.233568
2.219132
2.268017
2.249094
2.243209
2.208675
2.236643
2.244852
2.225603
2.225575
2.265698
2.261279
2.223402
2.187730
2.279401
2.269959
2.244436
2.213135
2.233326
2.203460
2.259719
2.246592
2.226349
2.294808
2.195648
2.254836
2.234832
2.244738
2.209861
2.268069
2.277751
2.237651
2.222954
2.258636
2.225427
2.245468
2.258307
2.193156
2.259749
2.206776
2.239063
2.270329
2.246890
2.197580
2.233418
2.187878
2.250197
2.264400
2.253636
2.266306
2.227965
2.297568
2.220629
2.248456
2.215466
2.229261
2.273831
2.218805
2.249500
2.241284
2.228126
2.214747
2.222972
2.220701
2.219511
2.213580
2.230873
2.212992
2.229588
2.262128
2.240180
2.249095
2.241809
2.227069
2.231239
2.263374
2.188483
2.212365
2.231003
2.252851
2.220042
2.235522
2.230473
2.267566
2.211241
2.187394
2.256062
2.255259
2.244596
2.266056
