2.309010
2.313739
2.321920
2.332678
2.318229
2.267105
2.173057
2.061818
1.989779
2.056393
2.236724
2.246891
2.829549
2.502126
2.831531
2.822265
2.784595
2.729545
2.051902
2.044230
2.048188
2.039271
2.024845
2.049383
2.011684
2.012796
2.020566
2.011759
2.003103
2.003496
1.999511
2.001116
2.004194
2.007416
2.069679
2.079943
2.083566
2.067110
2.022823
2.005595
2.006819
2.020844
2.018325
2.049245
2.067194
2.068710
2.067415
2.070526
2.078560
2.077022
2.080154
2.078766
2.079753
2.078220
2.077975
2.076922
2.072877
2.055292
2.024016
2.003071
2.002140
1.998644
1.996991
1.995500
1.992971
1.994322
1.995206
1.993303
1.992721
1.992596
1.990709
1.992032
1.993978
1.996733
1.995823
1.995941
1.994122
1.994993
2.000926
2.003495
2.006354
1.999825
2.000484
2.002878
1.999306
2.002276
1.998415
2.002550
2.005754
2.003597
1.999012
1.999002
1.995804
2.000539
2.003364
2.002104
2.006777
2.009984
2.003251
2.014498
2.011204
2.013821
2.015027
2.017948
2.023400
2.020082
2.024917
2.032278
2.026163
2.027547
2.031530
2.003947
1.959696
1.962658
1.966671
1.966769
1.968561
1.969056
1.968953
1.967006
1.967694
1.967129
1.967377
1.965836
1.966207
1.965147
1.966138
1.964032
1.966138
1.965271
1.965891
1.965643
1.964528
1.964404
1.965395
1.964404
1.964776
1.963785
1.964404
1.964948
1.964473
1.964899
1.964404
1.964149
1.964652
1.964700
1.963709
1.964170
1.962208
1.963519
1.963454
1.963302
1.963371
1.961044
1.959991
1.958806
1.958723
1.957104
1.954852
1.944005
1.893630
1.873532
1.873656
1.873324
1.873408
1.873240
1.873603
1.873146
1.873052
1.873670
1.873737
1.873062
1.872573
1.873398
1.873083
1.873800
1.872253
1.873864
1.872461
1.874228
1.875464
1.879691
1.879176
1.928465
2.152861
2.313535
2.310265
2.306178
2.302833
2.302585
2.302585
2.302585
2.302585
2.303576
2.309133
2.318464
2.327096
2.337271
2.348301
2.363730
2.364403
2.356541
2.341173
2.319323
2.312302
2.295825
2.270841
2.271135
2.265894
2.193763
2.152895
2.132717
2.092675
2.051907
1.979922
1.943220
1.886950
1.893687
1.886519
1.853874
1.847287
1.829468
1.817060
1.810859
1.794496
1.802835
1.783806
1.807447
1.786233
1.799499
1.785704
1.812002
1.792327
1.762503
1.774134
1.774530
1.798182
1.811469
1.823330
1.786893
1.767024
1.813589
1.766723
1.765654
1.777625
1.797656
1.773383
1.765117
1.741999
1.736977
1.733010
1.756432
1.727797
1.762143
1.752664
1.777439
1.742992
1.758290
1.789295
1.809445
1.868528
1.810838
1.806285
1.776276
1.752052
1.789920
1.795473
1.827715
1.826099
1.786250
1.772069
1.764769
1.736426
1.728329
1.720953
1.723782
1.784758
1.805640
1.789913
1.840213
1.780919
1.730428
1.715956
1.751757
1.717674
1.774996
1.806826
1.691902
1.664276
1.657149
1.623152
1.647661
1.624502
1.603664
1.602055
1.599726
1.668345
1.689359
1.697585
1.689759
1.642523
1.644721
1.654738
1.645328
1.643611
1.638998
1.635336
1.693288
1.712014
1.681732
1.598357
1.573061
1.533229
1.534046
1.512518
1.537819
1.584384
1.688710
1.637895
1.622886
1.567325
1.622023
1.605764
1.614353
1.597670
1.606872
1.636276
1.659000
1.771274
1.747291
1.720781
1.652863
1.613412
1.604207
1.560579
1.544101
1.524415
1.574665
1.642057
1.688566
1.761773
1.721504
1.610474
1.506637
1.529774
1.574050
1.587157
1.609807
1.620352
1.625837
1.653082
1.651224
1.675769
1.563424
1.549480
1.569976
1.536880
1.553511
1.545668
1.583233
1.589629
1.604866
1.640791
1.625358
1.606703
1.628344
1.607443
1.554223
1.543805
1.525191
1.537942
1.601291
1.578093
1.629202
1.654438
1.705818
1.585113
1.579108
1.622366
1.618445
1.643602
1.665054
1.632384
1.585124
1.535539
1.549730
1.541448
1.583655
1.594131
1.592571
1.630456
1.646620
1.631827
1.629096
1.591628
1.576809
1.529509
1.536318
1.542709
1.558107
1.553395
1.609008
1.668596
1.648364
1.619397
1.589879
1.539745
1.529940
1.519181
1.526998
1.608575
1.645890
1.683381
1.631086
1.646937
1.640400
1.670988
1.687716
1.707080
1.721678
1.713464
1.737891
1.707860
1.746278
1.726133
1.786259
1.805608
1.763786
1.694817
1.698965
1.700750
1.671105
1.664168
1.738214
1.732248
1.721420
1.788975
1.840389
1.767238
1.718637
1.719320
1.667426
1.695585
1.687647
1.655917
1.701831
1.699686
1.700257
1.712263
1.708691
1.724200
1.710639
1.724639
1.703756
1.694852
1.683723
1.687572
1.708000
1.656740
1.664582
1.676278
1.660582
1.671317
1.673766
1.676072
1.638870
1.670697
1.679922
1.709061
1.674633
1.675944
1.673860
1.691470
1.684366
1.692140
1.678964
1.649176
1.740976
1.704472
1.684140
1.711661
1.682847
1.662891
1.680259
1.658100
1.633539
1.637169
1.644778
1.696896
1.746754
1.719537
1.769684
1.671498
1.673742
1.672648
1.677690
1.688128
1.657484
1.673075
1.651847
