2.303520
2.282428
2.237115
2.181070
2.133714
2.068090
2.024438
2.188077
2.216449
2.268610
2.289607
2.298060
2.308921
2.316203
2.308446
2.307462
2.301235
2.303998
2.302202
2.299910
2.302304
2.304899
2.302637
2.301521
2.301707
2.302046
2.302104
2.302399
2.302768
2.302516
2.302170
2.303106
2.301434
2.302440
2.302381
2.302210
2.302326
2.302483
2.302505
2.303103
2.303202
2.303867
2.302774
2.302705
2.302585
2.302272
2.302010
2.302585
2.302061
2.302483
2.302943
2.302272
2.302432
2.302714
2.302221
2.302279
2.302732
2.302892
2.302858
2.302221
2.302377
2.302702
2.302323
2.302377
2.302224
2.302377
2.302534
2.302235
2.302377
2.302224
2.302377
2.302377
2.303151
2.302859
2.302534
2.303481
2.302221
2.302841
2.302272
2.302377
2.302326
2.302221
2.302381
2.302534
2.302377
2.302600
2.302811
2.302483
2.303987
2.302834
2.302585
2.302268
2.302224
2.302968
2.302330
2.303046
2.303430
2.302534
2.302428
2.303088
2.302825
2.302432
2.302279
2.302534
2.302377
2.303326
2.302170
2.302374
2.302115
2.302483
2.302480
2.302166
2.303394
2.303083
2.302323
2.302326
2.303070
2.302534
2.303202
2.302876
2.302432
2.302483
2.302279
2.302947
2.302735
2.303273
2.302377
2.302829
2.302159
2.302483
2.302221
2.303036
2.302552
2.302684
2.302804
2.303768
2.302377
2.302931
2.302483
2.302224
2.302272
2.302221
2.302483
2.302934
2.302931
2.302272
2.302170
2.302585
2.302217
2.302428
2.302295
2.302272
2.302982
2.302272
2.302720
2.302483
2.302217
2.302862
2.302275
2.302377
2.302534
2.302534
2.302217
2.303036
2.303046
2.302119
2.302892
2.302808
2.302377
2.303403
2.302326
2.302326
2.302663
2.302428
2.302876
2.302224
2.303138
2.302068
2.302268
2.303151
2.302880
2.302428
2.302213
2.302447
2.303383
2.302326
2.302170
2.302326
2.302432
2.302374
2.302224
2.302480
2.302480
2.302374
2.302221
2.303151
2.303046
2.302374
2.302381
2.302428
2.302534
2.302177
2.302534
2.302829
2.302506
2.302665
2.301951
2.302931
2.302428
2.302170
2.302723
2.302585
2.302428
2.302381
2.302786
2.302949
2.302108
2.303205
2.302720
2.302432
2.302432
2.302607
2.302377
2.302326
2.302480
2.302428
2.303313
2.302170
2.302480
2.302166
2.302122
2.302659
2.302279
2.302275
2.303518
2.302221
2.302432
2.302315
2.302061
2.302224
2.302326
2.302272
2.302480
2.302115
2.302483
2.302326
2.302982
2.302480
2.302381
2.302892
2.302381
2.303713
2.302483
2.302377
2.302676
2.302934
2.302374
2.302982
2.302982
2.302323
2.303548
2.302228
2.303088
2.302982
2.302381
2.302483
2.302483
2.302432
2.302224
2.302370
2.302119
2.302607
2.302618
2.302651
2.302377
2.302173
2.302272
2.302934
2.302326
2.302381
2.302326
2.302585
2.302326
2.302326
2.302982
2.302374
2.302272
2.302374
2.302585
2.302428
2.303705
2.303383
2.302825
2.302480
2.302892
2.302825
2.302272
2.302330
2.302432
2.302808
2.303033
2.302399
2.302940
2.302272
2.303033
2.303641
2.302585
2.302534
2.302162
2.302735
2.302428
2.302432
2.302669
2.302483
2.302807
2.302068
2.302483
2.303292
2.302483
2.302593
2.303055
2.302064
2.302432
2.302982
2.302326
2.302221
2.302166
2.302483
2.302326
2.302330
2.302170
2.302432
2.302377
2.302428
2.303224
2.303088
2.302272
2.302940
2.302326
2.302323
2.302829
2.302483
2.302272
2.302800
2.303100
2.302480
2.302432
2.302166
2.302428
2.302221
2.302162
2.302732
2.302480
2.303175
2.302326
2.302428
2.302483
2.302326
2.302934
2.302931
2.302326
2.303038
2.302217
2.302483
2.302932
2.302275
2.302469
2.302480
2.302931
2.302428
2.302428
2.302934
2.302774
2.302480
2.302807
2.302326
2.302428
2.302173
2.302585
2.302585
2.302381
2.302483
2.302480
2.302432
2.302224
2.302534
2.302345
2.302323
2.302753
2.302377
2.303088
2.302272
2.302323
2.302931
2.302880
2.302432
2.303036
2.302753
2.303475
2.302217
2.302275
2.302756
2.302221
2.302428
2.302951
2.302064
2.302585
2.302213
2.302377
2.302736
2.302421
2.302829
2.302432
2.302534
2.302221
2.302483
2.302221
2.303047
2.302480
2.302323
2.302774
2.302432
2.303160
2.303336
2.302115
2.302377
2.302814
2.302268
2.302428
2.302377
2.302483
2.302173
2.304207
2.302272
2.302326
2.302060
2.302499
2.302534
2.302377
2.302506
2.302217
2.302370
2.302326
2.302428
2.302323
2.302272
2.302736
2.302326
2.302505
2.302483
2.302605
2.303088
2.302275
2.302585
2.302571
2.302483
2.302428
2.302275
2.302272
2.302534
2.302982
2.302483
2.302272
2.302428
2.302119
2.302534
2.303993
2.302319
2.302534
2.302323
2.302108
2.303002
2.302428
2.302432
2.303151
2.302630
2.302377
2.302557
2.302064
2.302326
2.302483
2.302352
2.302275
2.302428
2.302428
2.302272
2.302501
2.302432
2.302381
2.302986
2.302559
2.302330
2.302534
2.301739
2.302213
2.302381
2.302177
2.302272
2.302275
2.302221
