2.308020
2.310598
2.314571
2.337856
2.384895
2.395872
2.265300
2.278482
2.300253
2.299814
2.283923
2.286162
2.292364
2.297017
2.303587
2.302374
2.302452
2.302370
2.302534
2.302155
2.302534
2.302428
2.302585
2.302480
2.302585
2.302585
2.302585
2.302585
2.302585
2.302585
2.302370
2.302585
2.302585
2.302585
2.302585
2.302585
2.302585
2.302585
2.302585
2.302585
2.302585
2.303070
2.302585
2.302585
2.302585
2.302585
2.302585
2.302585
2.302585
2.302585
2.302585
2.302585
2.302421
2.302585
2.302585
2.302035
2.302585
2.302585
2.302585
2.302585
2.302585
2.302585
2.302585
2.302585
2.302585
2.302585
2.302480
2.302585
2.302585
2.302585
2.302585
2.302585
2.302585
2.302585
2.302585
2.302585
2.302585
2.302585
2.302585
2.302585
2.302585
2.302585
2.302585
2.302585
2.302534
2.302585
2.302585
2.302585
2.302585
2.302585
2.302585
2.302585
2.303202
2.302585
2.302585
2.302585
2.302585
2.302585
2.302585
2.302585
2.302585
2.302585
2.302585
2.302480
2.302585
2.302585
2.302585
2.302035
2.302585
2.302585
2.302585
2.302585
2.302585
2.302585
2.302585
2.302585
2.302585
2.302585
2.302585
2.302585
2.302585
2.302585
2.302585
2.302585
2.302585
2.302585
2.302585
2.302585
2.302585
2.302480
2.302585
2.302585
2.302585
2.302585
2.302585
2.302585
2.303202
2.302585
2.302585
2.302035
2.302585
2.302585
2.302585
2.302585
2.302585
2.302585
2.302534
2.302585
2.302585
2.302585
2.302585
2.302585
2.302585
2.302585
2.302585
2.302585
2.302585
2.302585
2.302585
2.302585
2.302585
2.302585
2.302534
2.302585
2.303202
2.302585
2.302585
2.302585
2.302585
2.302585
2.302585
2.302585
2.302585
2.302585
2.302035
2.302585
2.302585
2.302585
2.302585
2.302585
2.302480
2.302585
2.302585
2.302585
2.302585
2.302585
2.302585
2.302585
2.302585
2.302585
2.302585
2.302585
2.302585
2.302585
2.302585
2.302585
2.302585
2.302585
2.302585
2.302585
2.303138
2.302585
2.302585
2.302585
2.302480
2.302585
2.302585
2.302585
2.302585
2.302585
2.302585
2.302585
2.302585
2.302585
2.302585
2.302585
2.302585
2.302585
2.302585
2.302585
2.302585
2.302585
2.302585
2.302035
2.302585
2.302585
2.302480
2.302585
2.302035
2.302585
2.302585
2.302585
2.302585
2.302585
2.302585
2.302585
2.302585
2.302585
2.302585
2.302585
2.302585
2.302585
2.302585
2.302585
2.302585
2.302585
2.302585
2.302585
2.302585
2.302585
2.302585
2.302585
2.302585
2.302585
2.302585
2.303033
2.302585
2.302585
2.302585
2.302585
2.302585
2.302585
2.302585
2.302585
2.302480
2.302585
2.302480
2.302585
2.302585
2.302585
2.302585
2.302585
2.302585
2.302585
2.302035
2.302585
2.302585
2.302585
2.302585
2.302585
2.302585
2.302585
2.302585
2.302585
2.302480
2.302585
2.302585
2.302585
2.302585
2.302585
2.302585
2.302585
2.302585
2.302585
2.302585
2.302585
2.303138
2.302585
2.302585
2.302585
2.302585
2.302585
2.302585
2.302585
2.302585
2.302585
2.302585
2.302585
2.302585
2.302585
2.302035
2.302585
2.302585
2.302585
2.302585
2.302585
2.302585
2.302585
2.302585
2.302585
2.302480
2.302585
2.302585
2.302585
2.302585
2.302480
2.302585
2.302585
2.302585
2.302585
2.302585
2.302585
2.302585
2.302585
2.302585
2.302585
2.303138
2.302585
2.302585
2.302585
2.302585
2.302585
2.302585
2.302585
2.302480
2.302585
2.302585
2.303138
2.302585
2.302480
2.302585
2.302585
2.302585
2.302585
2.302585
2.302585
2.302585
2.302585
2.302585
2.302585
2.302585
2.302585
2.302585
2.302585
2.302585
2.302585
2.302585
2.302585
2.302585
2.302585
2.302585
2.302585
2.302585
2.302035
2.302585
2.302585
2.302585
2.302585
2.302585
2.302585
2.302585
2.302585
2.302585
2.303138
2.302585
2.302585
2.302585
2.302585
2.302585
2.302585
2.302585
2.302421
2.302585
2.301928
2.302585
2.302585
2.302585
2.302585
2.302585
2.302585
2.302585
2.302480
2.302585
2.302585
2.302585
2.302585
2.302585
2.302585
2.302585
2.302585
2.302585
2.302585
2.302585
2.302585
2.302585
2.302585
2.302585
2.302585
2.302585
2.302585
2.302480
2.302585
2.302585
2.302585
2.302585
2.302585
2.302585
2.302585
2.302585
2.302585
2.302585
2.302585
2.302585
2.302585
2.302585
2.302585
2.302421
2.303138
2.302585
2.302585
2.302585
2.302585
2.302585
2.301928
2.302585
2.302585
2.302585
2.302585
2.302585
2.302585
2.302585
2.302585
2.302585
2.302585
2.302585
2.302585
2.302585
2.302585
2.302585
2.302585
2.302585
2.302585
2.302585
2.302585
2.302585
2.302585
2.302585
2.302585
2.302585
2.302585
2.302585
2.302585
2.302421
2.302585
2.302585
2.302585
2.301928
2.302585
2.302585
2.302480
2.302585
2.302585
2.302585
2.302585
2.302585
2.302585
2.302585
2.302585
2.303138
2.302585
2.302585
2.302585
2.302585
2.302585
2.302585
2.302585
2.302480
2.302585
2.302585
2.302585
