2.305393
2.302571
2.305270
2.298197
2.297267
2.294932
2.292825
2.297304
2.285468
2.291199
2.285532
2.284535
2.293146
2.279318
2.274759
2.257463
2.267051
2.241860
2.246626
2.240677
2.235517
2.204668
2.207744
2.216820
2.199349
2.199958
2.187618
2.183243
2.175107
2.166669
2.124519
2.138978
2.119250
2.121184
2.101557
2.094171
2.072209
2.055305
2.062681
2.024767
2.046896
2.008576
2.013117
1.968549
1.970979
1.954311
1.948728
1.949203
1.941117
1.916340
1.915229
1.854367
1.880605
1.836040
1.881611
1.811285
1.864974
1.819780
1.809839
1.828710
1.810349
1.773244
1.789592
1.821713
1.782583
1.772217
1.775092
1.727585
1.769550
1.749586
1.744847
1.764103
1.731139
1.734812
1.721448
1.790829
1.713029
1.734406
1.740018
1.715575
1.751292
1.734808
1.700871
1.765365
1.741619
1.694674
1.725955
1.727744
1.709145
1.696551
1.703061
1.680372
1.691239
1.686981
1.746992
1.673737
1.692638
1.689973
1.675899
1.697997
1.684839
1.654494
1.697075
1.679384
1.685125
1.704719
1.667809
1.691957
1.668580
1.654493
1.694199
1.634133
1.706978
1.657995
1.699798
1.658662
1.643153
1.646739
1.654108
1.644717
1.670496
1.627027
1.670591
1.662616
1.639745
1.682699
1.659846
1.652678
1.649412
1.653562
1.660014
1.642787
1.640994
1.644404
1.629553
1.654399
1.632099
1.620807
1.620963
1.631105
1.638977
1.652976
1.646505
1.660700
1.653965
1.653922
1.640417
1.643122
1.600691
1.608682
1.648255
1.636865
1.631562
1.645669
1.587655
1.620609
1.633254
1.645321
1.627383
1.610957
1.610547
1.598331
1.598764
1.681417
1.616506
1.621369
1.617648
1.630988
1.647850
1.637607
1.613421
1.604493
1.608813
1.622511
1.598624
1.570877
1.616103
1.625788
1.593068
1.626140
1.623987
1.603009
1.607760
1.623425
1.606879
1.592004
1.636325
1.598148
1.613457
1.633568
1.647085
1.623837
1.596396
1.600719
1.619403
1.593980
1.578266
1.620269
1.611593
1.581137
1.656193
1.614039
1.604534
1.574103
1.570628
1.631730
1.619794
1.596128
1.577527
1.594075
1.603987
1.578376
1.581128
1.576088
1.549783
1.588058
1.613393
1.590320
1.584861
1.613981
1.589877
1.579330
1.609665
1.593168
1.580320
1.597198
1.601692
1.578468
1.637335
1.607486
1.585430
1.574836
1.583499
1.588476
1.615212
1.592168
1.552331
1.581060
1.602034
1.588368
1.605264
1.570696
1.619867
1.580061
1.582849
1.561943
1.575740
1.583119
1.563943
1.552164
1.575261
1.560948
1.569586
1.582143
1.593764
1.595461
1.591558
1.613845
1.557982
1.573454
1.616217
1.579701
1.588533
1.569488
1.574062
1.595160
1.580316
1.567711
1.596028
1.565609
1.593526
1.562246
1.575178
1.574891
1.594415
1.576142
1.603316
1.582382
1.549065
1.560712
1.566447
1.567605
1.576063
1.579885
1.571249
1.558160
1.556814
1.556471
1.607741
1.576260
1.570139
1.591016
1.598258
1.574924
1.558530
1.575279
1.560188
1.561181
1.559098
1.566809
1.595253
1.567775
1.553998
1.538465
1.553370
1.543772
1.539811
1.560425
1.585572
1.583067
1.555069
1.537537
1.568256
1.577156
1.605245
1.554464
1.571104
1.562783
1.538590
1.552700
1.580837
1.543097
1.592640
1.562896
1.557379
1.558645
1.579448
1.575566
1.575968
1.569978
1.561491
1.531335
1.567109
1.580763
1.569965
1.569943
1.577768
1.532314
1.549805
1.555052
1.562476
1.556278
1.551120
1.562078
1.561593
1.538823
1.534258
1.537943
1.577620
1.535881
1.567765
1.590046
1.575119
1.557920
1.600400
1.561596
1.585258
1.533709
1.566560
1.549187
1.533338
1.539225
1.575286
1.546524
1.530579
1.546778
1.536321
1.531523
1.566984
1.567954
1.550067
1.557469
1.578292
1.535204
1.609747
1.541014
1.536810
1.537233
1.579040
1.546979
1.568844
1.561841
1.565262
1.548874
1.550449
1.567438
1.536162
1.538301
1.532070
1.537547
1.560700
1.530870
1.554071
1.576347
1.579261
1.530267
1.525661
1.571088
1.540475
1.546668
1.502963
1.575236
1.569949
1.557083
1.544370
1.558081
1.540609
1.569274
1.582456
1.576836
1.557627
1.544428
1.531575
1.540700
1.542518
1.526427
1.526503
1.532300
1.533898
1.547523
1.552742
1.514458
1.545998
1.542975
1.545706
1.535702
1.546070
1.544207
1.538103
1.558420
1.537650
1.527538
1.520981
1.546999
1.542120
1.537726
1.530568
1.528966
1.512966
1.534944
1.581150
1.563833
1.540666
1.533315
1.566453
1.567589
1.561807
1.543680
1.550459
1.543938
1.572265
1.575015
1.548702
1.525995
1.552078
1.527764
1.549772
1.566013
1.579120
1.524835
1.542544
1.536334
1.533885
1.554388
1.546606
1.536086
1.538872
1.539167
1.542839
1.545579
1.533824
1.532761
1.527560
1.578365
1.546946
1.554695
1.528880
1.517997
1.520818
1.562145
1.542465
1.557565
1.522562
1.565100
1.526886
1.570072
1.538275
1.528280
1.544014
1.526956
1.510728
1.516171
1.523020
1.504653
1.534576
1.557795
1.553056
1.531978
1.538553
1.530023
