2.332641
2.307913
2.277487
2.285713
2.296602
2.283387
2.287875
2.291625
2.270691
2.260022
2.251468
2.252609
2.239582
2.227946
2.224619
2.212345
2.199795
2.193935
2.172829
2.164696
2.164446
2.148905
2.129142
2.096438
2.113636
2.102401
2.060470
2.047458
2.070289
1.998986
1.998092
1.937031
1.936046
1.904981
1.871327
1.844581
1.781900
1.784418
1.806360
1.720247
1.660147
1.563085
1.594674
1.554445
1.503739
1.531511
1.410932
1.269663
1.340923
1.239326
1.134092
1.166817
1.132302
1.034582
1.060192
0.999694
1.029094
0.942380
0.766169
0.902873
0.810359
0.639304
0.752935
0.808351
0.585280
0.594048
0.615106
0.587504
0.564740
0.577949
0.490890
0.626238
0.441792
0.701237
0.627499
0.485929
0.450521
0.471084
0.489584
0.435503
0.365401
0.549061
0.535913
0.430233
0.423361
0.481844
0.395574
0.401275
0.376582
0.524249
0.434476
0.373444
0.315523
0.299826
0.572298
0.408846
0.249486
0.478563
0.439701
0.391381
0.343827
0.428111
0.365936
0.395190
0.361101
0.426778
0.350250
0.381935
0.480445
0.445532
0.338089
0.438355
0.287291
0.419224
0.430587
0.354961
0.382504
0.319152
0.520596
0.411551
0.341892
0.320904
0.299625
0.458267
0.364404
0.268421
0.447965
0.375306
0.392425
0.431082
0.341811
0.315132
0.450164
0.432715
0.505386
0.270564
0.330697
0.422099
0.303689
0.401424
0.379741
0.405639
0.297274
0.399627
0.260719
0.426238
0.449869
0.371333
0.256985
0.315026
0.355661
0.310199
0.251338
0.343066
0.262078
0.444872
0.507267
0.272445
0.463062
0.375228
0.307729
0.412594
0.426630
0.341183
0.375535
0.285780
0.323777
0.357355
0.402086
0.416065
0.308725
0.318207
0.430283
0.462490
0.313628
0.299138
0.336601
0.367492
0.248210
0.297476
0.298211
0.315011
0.291732
0.368172
0.346615
0.316146
0.321521
0.482284
0.339513
0.331237
0.226860
0.247968
0.286124
0.421980
0.425262
0.325370
0.212598
0.439404
0.331319
0.215791
0.360730
0.223527
0.344132
0.274644
0.376504
0.444181
0.350119
0.306417
0.437927
0.320239
0.197880
0.357370
0.198007
0.349657
0.326601
0.182167
0.337001
0.342473
0.250538
0.190470
0.372573
0.329837
0.313810
0.259391
0.359328
0.301133
0.435883
0.296064
0.276160
0.289786
0.247098
0.310393
0.353706
0.275996
0.203885
0.315727
0.298349
0.409314
0.258903
0.512039
0.302986
0.360499
0.313527
0.363779
0.296549
0.276247
0.252878
0.277674
0.302176
0.275941
0.298840
0.263546
0.418696
0.277703
0.280384
0.266395
0.358425
0.219310
0.465695
0.255204
0.376250
0.259527
0.242706
0.274358
0.255002
0.305874
0.279649
0.246541
0.308719
0.372343
0.225013
0.329278
0.359809
0.310024
0.395846
0.263304
0.299531
0.285502
0.256420
0.365429
0.272418
0.294008
0.323399
0.272207
0.275561
0.355809
0.240281
0.247852
0.404378
0.308470
0.250944
0.282796
0.193783
0.336338
0.225562
0.298142
0.362653
0.376882
0.203191
0.375588
0.236626
0.291138
0.216845
0.286745
0.228201
0.269691
0.378263
0.303412
0.328178
0.249146
0.269216
0.142334
0.284376
0.323941
0.369944
0.287512
0.305372
0.203483
0.272938
0.192982
0.276598
0.209113
0.311254
0.332204
0.266593
0.300694
0.280353
0.371398
0.262393
0.217664
0.216256
0.362622
0.306962
0.221927
0.317029
0.246375
0.236454
0.248281
0.351656
0.223045
0.267421
0.206807
0.205871
0.380771
0.177845
0.292058
0.352419
0.329815
0.208220
0.180836
0.350939
0.397758
0.257265
0.312678
0.270040
0.292031
0.213875
0.284799
0.254490
0.214264
0.257012
0.313406
0.286051
0.264015
0.156867
0.236217
0.234203
0.301340
0.242891
0.268863
0.251266
0.434746
0.179926
0.245333
0.233909
0.246845
0.309971
0.251578
0.202125
0.277998
0.303312
0.285387
0.333006
0.167606
0.224331
0.176781
0.186852
0.176049
0.200354
0.319211
0.277052
0.267139
0.325178
0.310349
0.228640
0.231180
0.227984
0.331259
0.307570
0.317512
0.223238
0.279173
0.251393
0.160801
0.333077
0.236943
0.309347
0.267023
0.276303
0.267477
0.307251
0.199060
0.355938
0.338160
0.268957
0.321102
0.214218
0.212794
0.192342
0.207468
0.393935
0.195035
0.179128
0.161183
0.196157
0.266473
0.198502
0.218360
0.301204
0.291067
0.278692
0.294323
0.177759
0.262674
0.239629
0.382941
0.270021
0.207433
0.220416
0.253687
0.171057
0.206991
0.198595
0.155928
0.324360
0.292872
0.265340
0.225347
0.264248
0.236602
0.212279
0.226776
0.239054
0.210100
0.354199
0.250139
0.244840
0.203679
0.314809
0.279598
0.271616
0.193569
0.195504
0.260337
0.210297
0.229965
0.223969
0.161758
0.215071
0.212679
0.220752
0.250896
0.268155
0.325984
0.251057
0.297393
0.290876
0.177759
0.250551
0.115248
0.276722
0.193686
0.259839
0.274844
0.273757
0.208358
0.188738
0.222066
0.245413
0.241353
0.318139
0.212022
0.220916
0.134857
0.232399
0.223852
0.249043
0.363698
0.208728
0.130642
