2.305303
2.302602
2.300405
2.285545
2.268450
2.257200
2.243450
2.234866
2.250942
2.230729
2.239564
2.243337
2.256281
2.263990
2.272521
2.279927
2.281318
2.275437
2.339290
2.315145
2.293819
2.275499
2.260041
2.317180
2.260742
2.281147
2.245961
2.274827
2.301516
2.286731
2.314974
2.223773
2.235648
2.286191
2.241953
2.274364
2.262951
2.220121
2.193242
2.236112
2.198661
2.156854
2.117791
2.158458
2.175451
2.138293
2.100461
2.241986
2.383256
2.486489
2.507964
2.495575
2.463483
2.411933
2.395169
2.386231
2.404028
2.385688
2.410068
2.403447
2.395137
2.347813
2.302585
2.302585
2.301928
2.290752
2.273567
2.279922
2.291729
2.278658
2.281411
2.245425
2.249464
2.264983
2.268394
2.211907
2.249586
2.233933
2.270746
2.232208
2.272804
2.259391
2.230886
2.247196
2.230572
2.230610
2.251808
2.256361
2.241421
2.236810
2.233209
2.222472
2.233705
2.206733
2.221653
2.200579
2.233829
2.219663
2.225769
2.208191
2.254379
2.225988
2.243108
2.219119
2.198769
2.229055
2.251444
2.216947
2.255474
2.213279
2.217804
2.247634
2.180021
2.223532
2.236898
2.256123
2.267317
2.231743
2.217185
2.238145
2.230183
2.236201
2.217175
2.237715
2.250911
2.237144
2.200083
2.237355
2.235831
2.205716
2.237184
2.211688
2.202485
2.215946
2.228398
2.214955
2.223834
2.232543
2.230332
2.266526
2.263896
2.181725
2.239487
2.215489
2.214460
2.217471
2.220014
2.218004
2.216108
2.232752
2.229589
2.245899
2.168244
2.243508
2.219852
2.194776
2.206048
2.191490
2.205477
2.212917
2.182668
2.240632
2.241841
2.236954
2.241593
2.222320
2.223043
2.209858
2.203408
2.221529
2.225758
2.261418
2.233895
2.251692
2.216927
2.240355
2.238812
2.205514
2.215337
2.218957
2.251110
2.233981
2.243184
2.222482
2.251206
2.258228
2.235753
2.244089
2.233981
2.221071
2.251482
2.200121
2.218366
2.227283
2.252930
2.248243
2.234067
2.228932
2.211954
2.211716
2.223187
2.222110
2.232246
2.241745
2.233981
2.222234
2.206505
2.200665
2.212859
2.217584
2.203037
2.211145
2.210191
2.252215
2.227531
2.196587
2.240345
2.233609
2.227235
2.228598
2.237181
2.247947
2.202255
2.211545
2.251320
2.227445
2.191462
2.246147
2.232085
2.197406
2.252187
2.204685
2.229617
2.227493
2.239278
2.244661
2.234191
2.193891
2.220785
2.188574
2.232209
2.237353
2.213440
2.199636
2.224940
2.213440
2.236315
2.228102
2.215241
2.227160
2.234562
2.256493
2.224320
2.233943
2.222644
2.240516
2.198111
2.232084
2.231961
2.238820
2.259408
2.214621
2.198187
2.193138
2.214497
2.243422
2.259980
2.218252
2.204028
2.214212
2.244213
2.234772
2.197082
2.240964
2.245156
2.227073
2.255760
2.205552
2.214707
2.223539
2.239068
2.212497
2.216146
2.235619
2.203122
2.204065
2.203570
2.235010
2.251320
2.257770
2.246471
2.234219
2.235619
2.218737
2.215651
2.241449
2.170787
2.247538
2.214869
2.210801
2.215155
2.212449
2.197901
2.212783
2.229541
2.204637
2.211992
2.227731
2.217461
2.239440
2.227321
2.229417
2.237354
2.203942
2.202751
2.232085
2.211059
2.228353
2.229506
2.232552
2.220214
2.245108
2.226502
2.232580
2.211592
2.197526
2.252235
2.221425
2.258723
2.216032
2.231781
2.235705
2.236840
2.209895
2.252741
2.253160
2.254227
2.212910
2.199855
2.170140
2.190576
2.177381
2.225341
2.245506
2.195904
2.210761
2.178602
2.187016
2.247033
2.226218
2.249157
2.232854
2.222859
2.241792
2.258285
2.210664
2.234776
2.214303
2.177797
2.181758
2.215745
2.226669
2.223906
2.212489
2.200723
2.210009
2.189367
2.227590
2.236574
2.232290
2.203186
2.189568
2.286104
2.298963
2.186490
2.224722
2.201380
2.218881
2.231313
2.218937
2.245080
2.212631
2.213498
2.218472
2.186460
2.250465
2.179505
2.223445
2.219986
2.194215
2.243012
2.234962
2.245156
2.162849
2.300828
2.268492
2.237087
2.193887
2.228784
2.271899
2.255250
2.237100
2.247530
2.254331
2.198159
2.182992
2.198427
2.215445
2.218853
2.202066
2.217547
2.224626
2.204591
2.204429
2.190693
2.203785
2.198990
2.180602
2.167636
2.232281
2.199943
2.215958
2.185157
2.178306
2.170266
2.155222
2.220206
2.229640
2.189100
2.145989
2.151582
2.239102
2.176885
2.190281
2.200619
2.166949
2.109524
2.189021
2.203640
2.229243
2.243234
2.215692
2.201082
2.162765
2.176880
2.193162
2.157244
2.169285
2.171890
2.212743
2.179726
2.147537
2.198608
2.222282
2.192186
2.163087
2.166903
2.179746
2.203308
2.251243
2.144102
2.172335
2.128435
2.149939
2.207357
2.158817
2.217512
2.183247
2.144217
2.193790
2.198080
2.166263
2.206492
2.154832
2.170626
2.129851
2.154390
2.166757
2.155416
2.180746
2.193006
2.125790
2.197760
2.113168
2.121789
2.108516
2.094635
2.161716
2.135080
2.205514
2.122118
2.175637
2.162804
2.138454
2.160872
2.142789
2.164627
2.193903
2.069355
2.129230
