2.265519
2.269979
2.267614
2.270689
2.271641
2.268433
2.269362
2.265751
2.267062
2.275296
2.264145
2.267406
2.265023
2.266542
2.264490
2.261018
2.260680
2.261649
2.256317
2.257520
2.256406
2.260090
2.256098
2.255362
2.256338
2.246642
2.256684
2.245166
2.244464
2.249811
2.248612
2.243537
2.242766
2.230731
2.251279
2.233378
2.236684
2.226514
2.227901
2.227907
2.232556
2.239707
2.218553
2.211020
2.231318
2.210339
2.233160
2.217901
2.209690
2.201762
2.207146
2.208550
2.194807
2.196168
2.221001
2.218892
2.211122
2.196874
2.194714
2.186516
2.183514
2.183083
2.191815
2.291642
2.192786
2.187645
2.177123
2.217307
2.203277
2.194964
2.186355
2.201659
2.205185
2.190689
2.194565
2.201835
2.221990
2.211044
2.212477
2.223664
2.191898
2.217590
2.211672
2.224705
2.215775
2.242148
2.198189
2.189859
2.217187
2.181958
2.199347
2.217555
2.213295
2.247253
2.244987
2.194740
2.248384
2.222615
2.206144
2.197390
2.188671
2.239096
2.220461
2.241007
2.188597
2.258958
2.179265
2.247654
2.220217
2.188818
2.190613
2.312037
2.246246
2.285890
2.212622
2.270816
2.366750
2.305604
2.240629
2.281226
2.319244
2.363076
2.391200
2.298226
2.395193
2.307101
2.331076
2.374856
2.391633
2.477699
2.464751
2.301001
2.501866
2.561599
2.325492
2.312025
2.291905
2.488828
2.307482
2.399124
2.390123
2.319877
2.327780
2.273131
2.284665
2.350132
2.355949
2.310453
2.312380
2.390782
2.324770
2.344468
2.703186
2.396225
2.419616
2.384446
2.328278
2.346508
2.282323
2.359261
2.303627
2.465767
2.348384
2.268238
2.391070
2.421240
2.343552
2.410136
2.569641
2.361234
2.293677
2.329542
2.254275
2.436549
2.392973
2.281474
2.452049
2.424928
2.419261
2.592233
2.400866
2.275436
2.434089
2.339927
2.346202
2.343831
2.279798
2.364189
2.315240
2.359437
2.327886
2.321630
2.337434
2.393398
2.354656
2.327435
2.385556
2.284177
2.384694
2.439248
2.352027
2.312565
2.277998
2.410448
2.254311
2.229649
2.397939
2.383587
2.228790
2.288546
2.221571
2.331837
2.326249
2.266307
2.336651
2.590134
2.383388
2.341918
2.548631
2.445918
2.374415
2.515445
2.558031
2.395632
2.388919
2.512252
2.535196
2.561492
3.353233
2.807376
2.667202
3.342659
4.383879
4.242082
7.337595
4.682827
4.663402
7.604293
67.207367
73.455032
3.095955
2.317990
2.316332
2.305251
2.308874
2.302634
2.312739
2.304908
2.307236
2.303279
2.301279
2.301949
2.302619
2.300889
2.308082
2.279817
2.312218
2.291150
2.284368
2.281620
2.291740
2.301931
2.290573
2.283401
2.292111
2.287766
2.284285
2.287340
2.286178
2.280416
2.295567
2.279139
2.272703
2.275639
2.275129
2.278553
2.271406
2.267749
2.285835
2.273202
2.279358
2.284646
2.270759
2.276324
2.274884
2.280927
2.280699
2.287512
2.276024
2.276720
2.282996
2.278181
2.291992
2.274765
2.306201
2.299831
2.314022
2.342621
2.314331
2.368396
2.384293
2.414579
2.377512
2.297363
2.305520
2.307700
2.294228
2.284131
2.303932
2.298836
2.278173
2.288322
2.292590
2.282564
2.296540
2.338947
2.297902
2.380233
2.371027
2.368578
2.413653
2.328173
2.347711
2.316162
2.318041
2.299575
2.311967
2.314115
2.327042
2.321613
2.385941
2.432246
2.361039
2.394457
2.421222
2.390194
2.375023
2.382558
2.354023
2.352108
2.334154
2.342304
2.341391
2.365436
2.440322
2.357983
2.353242
2.364024
2.342750
2.355970
2.330586
2.328954
2.321727
2.311011
2.326958
2.331759
2.274907
2.327580
2.327020
2.375061
2.343148
2.348992
2.314042
2.295791
2.329055
2.302786
2.308846
2.276281
2.247572
2.264957
2.281718
2.290316
2.344235
2.318909
2.382927
2.342064
2.402212
2.287623
2.375996
2.346985
2.235444
2.355769
2.272747
2.232744
2.245931
2.217872
2.270946
2.269574
2.338582
2.396921
2.304039
2.293543
2.295502
2.281046
2.288437
2.309814
2.348920
2.385279
2.314871
2.396701
2.444721
2.464680
2.210242
2.285964
2.348352
2.307058
2.286961
2.248230
2.395341
2.397585
2.387074
2.402952
2.161090
2.156157
2.254678
2.301715
2.299871
2.335093
2.297771
2.420614
2.415256
2.437916
2.232255
2.279650
2.297295
2.262228
2.311811
2.156990
2.366131
2.218905
2.404999
2.225122
2.319900
2.214837
2.228405
2.328843
2.197468
2.352595
2.188668
2.189658
2.185162
2.376956
2.360186
2.318373
2.194686
2.218533
2.209942
2.425379
2.388839
2.255019
2.322376
2.432179
2.233845
2.212219
2.139142
2.236178
2.256305
2.311401
2.176516
2.160186
2.197620
2.197541
2.276253
2.232403
2.217840
2.248335
2.294177
2.133938
2.169236
2.209321
2.212970
2.284541
2.236292
2.289076
2.226429
2.172588
2.171016
2.132642
2.178733
2.139358
2.111344
2.256387
2.168617
2.308664
2.361799
2.341481
2.137644
2.157408
2.079631
2.117984
2.126987
2.153896
2.301997
2.310958
2.372663
2.394032
2.302829
2.279142
2.301039
2.255304
2.274879
2.303902
2.223146
2.269612
2.241926
2.163634
2.209980
2.192448
2.188376
2.218259
2.179277
2.217663
2.182995
2.178474
2.202646
2.267360
2.299797
2.262753
2.345701
2.314212
2.238339
2.224106
2.155047
2.209057
2.171701
2.140751
2.116111
2.105581
2.128186
2.100720
2.116059
2.142029
2.143625
2.139473
2.213898
2.231003
2.299900
2.254991
2.305422
2.190940
2.249209
2.260209
2.185173
2.124563
2.130178
2.153157
2.172328
2.161948
2.227390
2.168714
2.134453
2.238859
2.210804
2.187597
2.235741
2.137029
2.184994
2.273614
2.187355
2.164198
2.257594
2.093216
2.104113
2.143878
2.059419
2.113809
2.143884
2.106892
2.114666
2.141258
2.130381
2.174443
2.194778
2.202070
2.202048
2.083969
2.221287
2.242850
2.286609
2.209946
2.141898
2.194398
2.188378
2.208551
2.178905
2.130233
2.125684
2.168669
2.229580
2.210797
2.112491
2.207595
2.162938
2.136319
2.166728
2.185658
2.192932
2.075823
2.069922
2.029147
2.037234
2.097865
2.102249
2.123827
2.101068
2.054731
2.054139
1.984978
2.086267
2.082456
2.075189
2.136369
2.155025
2.160710
2.081959
2.100221
2.150703
2.133641
2.116303
2.128005
2.157429
2.113396
2.118783
2.254679
2.180557
2.081509
2.114831
2.133132
2.124383
2.272129
2.211178
2.156792
2.094832
2.156579
2.190530
2.322649
2.284711
2.179792
2.126693
2.120369
2.291951
2.228388
2.042544
2.108733
2.157875
2.087229
2.284009
2.223937
2.177356
2.101893
2.051177
2.019707
2.146870
2.208966
2.194772
2.058444
2.072678
2.005229
2.119180
2.190012
2.228354
2.109595
2.084325
2.182660
2.052744
2.282753
2.292351
2.151163
2.087759
2.095823
2.114827
2.171170
2.096405
2.058336
2.136064
2.107531
2.052259
2.072583
2.102464
2.236124
2.239191
2.053854
2.021902
2.058497
2.078158
2.121659
2.253417
2.179960
2.241239
2.167571
2.053113
2.183425
2.212365
2.106785
2.216419
2.076533
2.167596
2.254993
2.095519
2.055408
2.150776
2.176591
2.215870
2.184711
2.292346
2.214578
2.360100
2.298854
2.301821
2.148826
2.160610
2.172503
2.159021
2.107709
2.053416
2.091928
2.054034
2.077452
2.026483
2.099870
2.026113
1.980818
2.066245
2.032339
1.980338
2.101721
2.079583
2.087830
2.070230
2.145970
1.993127
2.051827
2.108037
2.144306
2.067956
2.123763
2.071806
2.070497
2.132611
2.124254
2.113503
2.108160
2.192285
2.107111
2.107577
2.091489
2.144938
2.093681
2.111887
2.263885
2.267118
2.065373
2.102184
2.188685
2.110015
2.156310
2.127619
2.149921
2.187500
2.045515
2.116214
2.103665
2.025259
2.046631
2.046519
2.019921
1.937537
2.180499
2.106559
2.077674
1.951925
2.079128
2.378909
2.214262
2.097963
2.026566
2.049010
2.290420
2.234739
2.252000
2.226639
2.174148
2.131689
2.077693
2.233950
2.200518
2.032009
2.058255
2.046721
2.109727
2.076014
2.140834
2.154215
2.201187
2.059920
2.110213
2.137878
2.095654
2.018461
2.048503
2.086072
2.089922
2.078626
2.096875
2.211159
2.177269
2.119213
2.180431
2.095570
2.090258
2.141492
2.176427
2.184710
2.170440
2.167373
2.199175
2.163085
2.295064
2.201172
2.097482
2.152723
2.146597
2.298659
2.180853
2.176956
2.190603
1.996212
2.082500
2.068961
1.982791
1.970398
1.963405
2.103006
1.996064
1.916212
2.059734
1.974401
2.108464
2.120315
2.012523
2.107326
2.111543
2.237143
2.062754
2.139753
2.133468
1.983283
2.116647
2.069312
1.926403
1.962278
2.071698
2.110862
1.982975
1.960547
2.129739
2.094628
2.064631
2.111207
2.095793
2.123492
2.326253
2.252661
2.244387
2.225114
2.107286
2.280971
2.319273
2.056725
1.950152
2.082928
2.052634
2.109573
1.969838
1.951498
2.062693
1.928812
2.138729
2.190581
2.059039
2.038807
2.146233
2.051805
2.114082
2.271567
2.176867
2.004337
2.048033
1.993012
2.069249
2.075139
2.051399
1.899301
1.987587
2.062433
2.085505
2.061421
2.154895
2.192570
2.210388
2.403244
2.470757
2.311460
2.280876
2.248411
2.251585
2.261663
2.168129
2.082245
2.033996
2.000321
1.936666
1.908215
1.966163
1.955932
1.951039
1.976099
1.895554
2.072505
2.041295
1.904952
1.956284
1.974415
2.032460
2.024348
2.044382
2.149510
2.153443
2.190394
2.144035
2.200474
2.095993
2.033023
2.162163
2.157665
2.055406
2.153038
2.149078
2.022816
2.176872
2.123055
2.075566
2.111041
2.097250
2.041488
2.091933
2.061913
2.098675
1.957049
1.885651
1.923971
2.164565
1.967006
2.008357
2.016218
1.965064
1.994001
1.975907
2.026878
2.044360
2.078108
2.112804
2.080095
2.159286
2.213023
2.169152
2.128271
2.171194
2.092065
2.153840
2.144938
2.160574
2.070029
2.081927
2.071748
2.114408
1.948090
1.950963
1.932984
2.054749
2.026576
1.963437
1.938856
1.991459
1.958166
2.084707
2.086658
1.989073
2.156398
2.079229
2.138978
2.017947
2.116334
2.081046
2.042150
1.911836
1.935824
2.105502
2.021233
2.045761
1.958400
1.997119
2.183556
2.040755
2.021124
1.987314
2.006272
2.125408
2.214873
2.173363
2.222903
2.086621
2.049764
2.189458
1.973644
2.104521
2.075538
2.057166
2.016321
2.074721
2.070210
1.988826
2.011598
1.965166
2.020705
2.265471
2.028546
2.142403
2.008842
2.073345
2.293996
2.064562
2.048992
2.028637
2.007997
2.092093
2.176774
2.179363
2.093639
1.921457
1.896132
2.004732
1.954691
1.929561
1.978534
1.953125
2.079703
2.071064
2.041208
2.068082
2.072685
1.961913
1.961075
1.961757
2.018193
2.121962
1.902995
1.929595
1.863502
2.056084
2.057044
1.955885
2.077066
2.002517
2.190230
2.186299
2.256506
2.123532
2.021853
2.166156
2.193911
2.180286
2.151777
2.148310
2.119242
2.123830
2.065726
2.176861
2.165986
2.121230
2.008323
2.005884
2.152810
2.058554
2.009212
1.979452
2.237462
2.232685
2.071501
2.042345
2.119344
2.127664
2.040618
1.990296
2.013816
1.936219
1.857112
2.011620
1.944395
1.923440
1.991958
1.939724
2.028752
1.980180
2.019159
1.935880
1.996011
2.044016
2.053004
2.055379
2.095329
2.223119
2.092553
2.076009
2.138175
2.019020
1.986818
1.990881
2.027644
2.054892
2.024836
1.919075
1.906331
1.934589
2.017416
1.913277
1.815108
1.836307
1.912813
1.896550
1.966197
2.021276
2.035408
1.830022
2.019341
2.041688
2.147069
2.157063
1.962147
2.153640
2.167516
2.139002
2.173109
2.152700
2.058033
2.099388
2.152470
2.065826
2.007031
2.037572
2.022271
1.971719
1.967246
2.006733
1.990490
1.896133
1.919210
2.006420
1.946220
1.992010
2.079918
1.994859
1.970232
2.005427
1.878703
1.914748
2.071211
1.961012
2.144152
2.118166
2.181055
2.162807
2.036877
2.055749
2.117974
2.005989
2.119429
1.939741
2.125643
1.882016
2.042928
2.038936
2.128868
2.013495
2.041661
2.028424
2.034959
1.945382
2.008812
2.258854
2.384651
2.069872
1.959965
1.927311
2.097900
1.982547
2.126976
2.019720
1.984988
1.916271
1.813607
1.968503
2.029782
1.965462
2.173121
2.074239
1.946907
1.939574
1.827247
1.925377
1.887779
1.832114
1.956504
1.920835
1.989340
1.759367
1.886199
1.974157
1.904838
1.979786
1.949841
1.983348
1.954748
1.888037
1.985497
1.942377
2.000399
1.976895
2.047696
1.973129
2.017206
1.987870
1.914030
1.927248
1.962997
2.098306
2.019340
1.992505
2.058361
2.000092
2.114709
2.031644
2.069405
2.164314
2.238465
2.156618
2.199552
2.219486
2.300003
2.143920
2.175148
2.165739
2.151101
2.054170
2.012288
1.995173
1.912647
1.903493
1.938051
1.909478
1.934542
2.066045
1.891167
1.841560
2.081049
1.961703
1.892787
1.972683
2.122060
1.973169
2.021470
2.169327
2.197829
2.133397
1.940851
1.972255
2.032327
1.855090
1.955899
1.854737
1.871977
1.980998
1.985237
1.979105
1.942666
2.050113
2.000195
1.971714
1.999253
2.006346
2.078393
1.966556
2.082008
2.090363
2.146038
2.055515
1.969789
1.992636
2.097921
1.965676
2.071168
2.052314
2.156708
2.112004
1.949363
1.936489
2.066698
1.923177
1.819702
1.875524
1.840798
1.867424
1.874942
1.811462
1.816488
1.710643
1.849009
1.937256
1.927453
1.841068
1.856687
2.020727
1.963808
2.060776
2.061864
2.024725
2.212921
2.057092
2.100024
1.911639
2.096583
2.004606
2.008151
2.111239
2.103586
2.078221
2.062775
2.028461
1.928484
1.924276
1.922148
1.885610
1.890994
1.805782
1.913974
1.859147
2.013897
2.062053
1.801130
1.759662
1.826040
1.835899
1.935343
1.873504
1.930368
1.838172
2.083421
2.023800
2.143633
2.065688
2.184368
2.142638
2.220825
2.124715
2.266353
2.067502
2.156302
2.205705
2.170193
2.046708
2.182416
2.172608
2.118870
2.199900
1.954728
2.123526
1.998572
1.899819
1.858964
1.893082
1.815765
1.865123
1.830265
1.750199
1.778890
1.855906
1.839761
1.895882
1.839760
1.730369
1.966643
1.898917
1.969867
2.070581
1.917750
2.011191
1.878992
1.932800
1.908857
1.910165
2.011822
2.056927
2.068217
1.987988
1.973548
2.010156
1.981756
1.932817
2.054034
2.020357
1.966319
1.974180
1.883773
2.126625
1.988738
2.053304
2.092777
1.933590
2.040830
2.062586
2.160756
2.002687
1.771450
2.037957
1.993999
2.080313
2.050391
2.031351
2.051434
1.991428
2.004252
2.100263
1.913769
2.056753
2.002901
2.027430
1.993946
2.143076
2.063939
2.036843
2.140426
2.162213
2.029532
1.944491
1.983713
1.810646
1.857651
1.768340
1.733281
1.757309
1.846884
1.848467
1.777208
1.884310
1.853089
1.816531
1.836525
1.781496
1.767958
2.035889
1.884161
1.850351
1.906845
1.969022
1.921906
1.937247
1.918731
2.073433
2.108009
2.047786
2.012809
1.976812
2.075697
2.061903
2.061844
2.041673
2.168610
2.078998
2.172702
2.268352
2.264242
2.153844
2.200384
2.198938
2.096416
2.078005
2.161458
2.060174
2.020726
1.953910
1.934968
1.933486
1.972466
2.022990
1.780806
1.851286
1.944582
1.978599
1.966899
1.874718
1.902103
1.997162
2.014153
1.943004
2.102340
1.879214
2.002701
2.070018
1.985198
2.003109
1.935850
1.898999
2.031112
1.862074
1.912364
1.909892
1.787117
1.892153
1.879974
1.817418
1.851470
1.813951
1.965227
1.873639
1.869071
1.880106
1.826246
1.798548
1.931681
1.980433
1.913422
1.919596
2.057659
1.890676
1.937795
1.999388
1.965717
2.080174
2.027560
2.073377
1.957808
1.928558
2.055976
2.104856
2.151250
2.000566
2.011760
1.975579
1.994655
1.911445
2.047795
1.940481
2.029220
1.914936
2.007194
1.861192
1.720413
1.835913
1.823175
1.821577
1.929700
1.956870
2.034471
1.878747
1.985376
2.077759
1.994492
1.913287
1.957344
2.046717
1.973324
2.083354
2.182719
2.108927
2.190758
2.109687
2.131138
2.071071
1.910750
1.926276
1.942358
1.932266
1.925512
1.883513
1.971406
1.873485
1.735575
1.828956
1.729504
1.719569
1.819764
1.679499
1.768368
1.751497
1.781693
1.849405
1.740541
1.927210
1.809355
1.912625
2.001954
1.910828
1.876146
1.929521
2.054368
2.066974
1.993155
1.989182
2.055367
1.917714
1.976922
1.977753
1.988397
1.921976
2.035261
1.976504
1.973875
2.007004
1.940018
1.880025
1.938296
1.947016
1.873065
1.873190
1.944528
1.902633
1.920081
1.834658
1.817632
1.941411
1.956486
1.961621
1.942920
1.950534
1.811478
1.797517
2.004183
1.962993
1.922406
1.904227
1.869512
1.836954
1.881709
1.933169
1.865378
1.841211
2.041593
2.113981
1.865102
2.006331
1.832385
1.840593
1.864105
1.848964
1.865266
1.691938
1.873359
1.853041
1.807311
1.726649
1.840789
1.788846
1.843922
1.776240
1.962118
1.972788
1.951728
2.025695
2.050610
1.859721
1.941856
2.119290
2.071526
2.120616
2.135854
1.994540
1.929515
1.894288
1.944907
2.058165
1.831242
1.731591
1.892929
1.820966
1.881175
1.970369
1.853378
1.853180
1.860548
1.779055
1.761014
1.868052
1.850381
1.933690
1.921156
1.942868
1.985440
1.920017
1.947988
2.097810
2.009693
1.947469
2.026418
2.090473
1.934317
2.015274
2.010455
1.977955
2.012292
1.867418
1.987807
1.869078
1.915675
1.876871
1.888725
1.840540
1.927596
1.804213
1.885152
1.815123
1.848201
1.903833
1.876730
1.820269
1.870659
1.898408
1.986810
1.961344
1.934680
1.909110
1.820456
1.806975
1.922700
1.990541
2.076336
1.790137
1.875530
1.819505
1.853563
1.905160
1.829875
2.005837
1.988408
1.972801
1.986651
1.921204
1.991770
1.939317
1.898425
1.995854
1.911014
1.928441
1.899188
1.840474
1.869242
1.848955
1.762920
1.860223
1.805289
1.792832
1.821318
1.900976
1.889479
1.931440
1.968053
1.955487
2.017906
1.765710
1.908885
1.816386
1.792309
1.713286
1.754872
1.852165
1.835912
1.974535
1.954545
1.914965
1.961378
1.921739
1.962706
1.903005
1.987443
1.864786
1.855909
1.767771
1.862316
1.619239
1.709183
1.824941
1.958623
1.730535
1.788777
1.793232
1.648159
1.877051
1.770798
1.826071
1.764091
1.793952
1.808796
1.949392
1.704203
1.831596
1.881980
1.710230
1.763742
1.863173
1.905449
1.832823
1.823172
1.764365
1.737564
1.893960
1.914633
1.848924
1.795281
1.869058
1.802008
1.978920
1.919866
2.018164
1.980559
2.215408
2.226385
2.107335
2.198052
2.028366
1.993746
2.089934
1.962240
1.805940
1.856871
1.913750
1.957221
1.900923
1.788244
1.836189
1.811584
1.823826
1.679636
1.840534
1.899636
1.902829
1.941900
1.716946
1.758494
1.760705
1.829926
1.925626
1.895654
1.851577
1.865371
1.869050
1.987167
1.933729
1.922215
1.914860
1.862607
1.898054
1.910290
1.914454
2.017173
1.861616
1.927737
1.855424
1.895607
1.880605
1.828967
1.869048
1.729235
1.823334
1.849241
1.905062
1.854128
1.767414
1.825080
1.772336
1.774377
1.951327
1.876211
1.813146
1.829638
2.001735
2.084800
2.041584
1.901596
1.993004
1.751220
1.921368
1.901988
1.923334
1.810021
1.845738
1.837328
1.736574
1.910536
1.689577
1.997907
1.905083
1.866062
1.841326
1.745133
1.776626
1.788084
1.799448
1.799725
1.859753
1.986685
1.875561
1.947563
1.820220
1.815347
1.959744
1.853281
1.799852
1.821289
2.025232
1.748533
1.845011
1.703366
1.859169
1.870298
1.845587
1.896810
1.900731
1.793848
1.838714
1.889977
1.866734
1.839643
1.799593
1.871807
1.869355
1.862754
1.842506
1.919143
1.916930
1.795376
1.926735
1.833478
1.801225
1.845604
2.027261
1.812652
1.716320
1.829280
1.704839
1.786766
1.778200
1.837106
1.912874
1.885489
1.776440
1.737648
1.839885
1.845021
1.779447
1.722884
1.821657
1.756552
1.781164
1.817428
1.843022
1.784583
1.845331
1.831417
1.791125
1.777923
1.885597
1.887594
1.826937
1.735327
1.826794
1.707255
1.978417
1.795411
1.862793
1.807361
1.868452
1.902035
1.796896
1.834051
1.910686
1.894862
1.795276
1.872633
1.903919
1.758004
1.753439
1.857106
1.830824
2.020425
1.874574
1.694507
1.788370
1.817665
1.733227
1.849599
1.751076
1.796386
1.778016
1.856226
1.804953
1.735627
1.865368
1.928485
1.777140
1.606149
1.796022
1.948862
1.864228
1.833395
1.684559
1.770418
1.868233
1.746689
1.757598
1.769337
1.767357
1.856340
1.875698
1.942597
1.722344
1.719173
1.791789
1.727050
1.922845
1.733154
1.743254
1.730253
1.640018
1.741948
1.887901
1.929379
1.830414
1.867085
1.924379
1.747046
1.954003
1.824287
1.797714
1.639898
1.807120
1.682291
1.886914
1.666739
2.065799
1.867378
1.888134
1.811109
1.755078
1.832358
1.821807
1.674082
1.823959
1.628616
1.752058
1.786540
1.774575
1.747585
1.790563
1.894611
1.857211
1.796084
1.817489
1.872288
1.776940
1.902036
1.677783
1.669517
1.773921
1.697338
1.684382
1.941083
1.890749
1.913132
2.110725
1.810962
1.842783
1.762524
1.757621
1.766861
1.765881
1.789854
1.759333
1.639938
1.872509
1.795184
1.637586
1.536952
1.697924
1.724058
1.952964
1.804839
1.842381
1.760327
2.034256
2.199234
2.025254
1.770575
1.746062
1.643569
1.743616
1.794689
2.209867
1.801751
1.656772
1.702042
1.828708
1.924196
1.917249
1.997107
1.916012
1.903489
1.842507
1.660127
1.708219
1.733900
1.713023
1.769113
1.754138
1.836762
1.813876
1.945878
1.907505
1.837753
1.950381
1.703466
1.822566
1.648345
1.768292
1.668292
1.876348
1.879919
1.734288
1.747087
1.580851
1.669349
1.909660
1.810892
1.770707
1.705272
1.889508
1.847897
1.834512
1.745629
1.716331
1.643771
1.754049
1.736898
1.694859
1.757227
1.843327
1.855453
1.941851
1.719987
1.804987
1.696186
1.602090
1.833261
1.627604
1.943900
1.906561
1.936521
1.977687
1.902004
2.095682
1.798854
1.864851
1.858519
1.732748
1.787448
1.722587
1.843481
1.695201
1.718961
1.671769
1.682000
1.728923
1.712449
1.763625
1.735667
1.708413
1.889244
1.953726
1.941412
1.930369
1.856629
1.692644
1.692095
1.635699
1.794245
1.721745
1.783348
1.767160
1.733539
1.759339
1.724336
1.824129
1.744036
1.835765
1.832758
1.751381
1.750103
1.788525
1.934987
1.847886
1.901882
1.637735
1.781336
1.904602
1.906390
1.908484
1.750075
1.714076
1.783288
1.862149
1.636432
1.730409
1.835427
1.834110
1.919091
1.732547
1.683555
1.685714
1.723285
1.859760
1.915083
1.690998
1.674290
1.802001
1.792181
1.871931
1.727987
1.803872
1.765236
1.980625
1.906272
2.187305
1.897747
1.688390
1.690307
1.733163
1.586090
1.760233
1.686213
1.959739
1.836534
1.780391
1.881994
1.747172
1.650159
1.811083
1.731986
1.748099
1.647394
1.831706
1.952220
1.821530
1.868154
1.709316
1.672718
1.787968
1.787753
1.830693
1.805947
1.855983
1.691310
1.612903
1.608192
1.444943
1.876262
1.890892
1.829259
1.894171
1.885300
1.838845
2.117907
2.220766
2.076741
2.028808
1.752096
2.032148
1.776576
1.852890
1.799462
1.730973
1.740514
1.785253
1.794451
1.817262
1.639853
1.695220
1.753046
1.878407
1.852285
2.243284
1.925910
1.859696
1.845727
1.817892
1.709566
1.809692
1.642022
1.583514
1.900873
1.713185
2.174405
2.165003
2.009885
1.836635
1.976136
2.126823
1.793197
1.931781
1.788317
1.627241
1.766047
1.779010
1.724128
1.931417
1.884691
1.775366
1.880436
2.008685
1.812825
2.091742
1.702672
1.808443
1.519066
1.840006
2.086629
1.882918
1.829815
2.511034
1.882075
1.749276
1.783581
1.861048
2.345967
2.373388
2.393984
2.041788
1.780296
1.558930
1.573652
1.455451
1.910753
1.708197
2.017321
2.099805
1.972578
2.218752
2.350899
2.965717
2.076081
1.571892
1.735960
1.972445
1.949724
2.263414
1.853279
2.043752
2.447596
3.011764
3.285441
3.128149
2.242969
1.766308
1.794616
1.964694
1.671497
1.796837
1.799481
1.757922
1.966666
2.115916
2.045877
1.904420
2.094084
2.325342
2.334181
3.258455
2.339867
2.624859
3.034914
4.316736
4.699584
2.785823
1.904215
5.177722
6.767885
3.570490
2.729785
2.018550
7.037251
2.580806
2.794595
2.139775
4.754478
2.829086
2.755549
1.889685
2.173205
1.928793
2.021039
1.987375
2.088199
2.050430
2.096799
2.041077
2.075195
2.070335
2.091896
2.011222
2.080964
2.032441
2.051378
2.097281
2.343960
2.366403
2.040704
1.943971
1.887631
1.818035
2.041814
1.959585
2.021011
1.982670
1.992654
1.904789
2.028202
1.947431
1.852577
1.760823
1.886214
1.865811
1.792417
1.858408
1.826280
1.795757
1.739192
1.787828
1.770994
1.756077
1.717317
1.767346
1.814960
1.703933
1.804291
1.851975
1.825876
1.758421
1.809971
1.847976
1.863475
1.969418
2.001344
2.061732
1.961030
1.930797
1.876968
1.777252
1.862900
1.968570
1.914130
1.968869
1.920750
1.804789
1.884500
1.842072
1.704633
1.624721
1.764632
1.691110
1.795461
1.952727
1.883987
1.862998
1.833694
1.923204
1.834061
1.945093
1.775893
1.897228
1.879019
1.880650
1.933602
1.866271
1.731116
1.773573
1.951514
1.862986
1.751747
1.880237
1.761164
1.703845
1.704787
1.744492
1.804572
1.810443
1.799070
1.902154
1.784575
1.840719
1.886582
1.712733
1.740333
1.722278
1.801356
1.708819
1.888567
1.873795
1.798253
1.778430
1.758224
1.793127
1.580510
1.700860
1.858582
1.715188
1.855508
1.974910
1.823297
1.687542
1.709491
1.790610
1.695904
1.783408
1.726262
1.819320
1.620406
1.663003
1.692081
1.712498
1.818540
1.843466
1.936287
1.886986
1.755288
1.785671
1.641465
1.701943
1.704009
1.696792
1.695395
1.638896
1.921987
1.726671
1.800179
1.809546
1.677900
1.726653
1.823416
1.861890
1.851198
1.815184
1.753938
1.746982
1.916407
1.764249
1.536879
1.665552
1.619015
1.767208
1.747535
1.722308
1.895375
1.757427
1.833640
1.768684
1.839468
1.861683
1.801002
1.701631
1.713389
1.726978
1.779295
1.746726
1.850522
1.772472
1.826554
1.672232
1.748523
1.678830
1.627917
1.657001
1.694664
1.711508
1.707196
1.582745
1.662693
1.578398
1.667186
1.729922
1.757929
1.935380
1.843651
1.906484
2.045286
1.918258
1.770881
1.884781
2.028829
1.895782
1.957675
1.982338
1.691939
1.669282
1.647433
1.680712
1.562353
1.649774
1.832073
1.847704
1.829516
1.779227
1.759394
1.807364
1.909047
1.753747
1.920216
1.931271
1.708488
1.672628
1.609157
1.729829
1.782043
1.628336
1.643979
1.669376
1.665056
1.872558
1.891835
1.802244
1.863748
1.766299
1.753578
1.864307
1.837294
1.842921
1.788032
1.696194
1.690760
1.773766
1.621703
1.680860
1.852208
1.667750
1.818686
1.747887
1.745101
1.727516
1.757149
1.840784
1.699771
1.780941
1.821498
1.703597
1.665515
1.677761
1.787053
1.743504
1.679120
1.657418
1.845708
1.645226
1.629276
1.575396
1.634244
1.790546
1.760007
1.788513
1.750492
1.652384
1.684913
1.717746
1.787849
1.685892
1.869650
1.667135
1.705378
1.713764
1.711772
1.837515
1.801282
1.351672
1.849022
1.705059
1.591480
1.685214
1.756284
1.796331
1.647484
1.762499
1.809982
1.822997
1.603213
1.662120
1.855090
1.861361
1.718606
1.634524
1.667855
1.648040
1.759963
1.800392
1.764987
1.542912
1.767826
1.646272
1.701903
1.733182
1.722064
1.717798
1.761498
1.811050
1.869854
1.591804
1.680469
1.665535
1.523467
1.559997
1.827661
1.793943
1.747519
1.701282
1.693067
1.738315
1.790385
1.727325
1.685627
1.734629
1.755449
1.802637
1.735678
1.664581
1.741297
1.600332
1.710080
1.592016
1.712297
1.905294
1.722942
1.601841
1.702496
1.808460
1.855466
1.785094
1.743258
1.336744
1.716999
1.748996
1.814031
1.849018
1.734398
1.828699
1.732525
1.758513
1.654319
1.802565
1.635718
1.700842
1.681383
1.733932
1.777859
1.642085
1.661214
1.655543
1.637477
1.812123
1.752308
1.635178
1.609387
1.623268
1.627726
1.494060
1.615692
1.823413
1.703301
1.760785
1.595133
1.468092
1.781992
1.934430
1.653056
1.765830
1.619418
1.706097
1.556729
1.867040
1.791697
1.716984
1.569001
1.491471
1.763282
1.806015
1.603640
1.740747
1.465126
1.722504
1.885267
1.890874
1.714498
1.759337
1.616531
1.632221
1.763049
1.715261
1.577437
1.857550
1.784440
1.854253
1.756065
2.040548
2.130575
1.719132
1.658065
1.563728
1.978049
1.662576
1.555573
1.846790
1.617794
1.727157
1.731949
1.726346
1.691951
1.557753
1.694432
1.699188
1.751352
1.745376
1.875400
1.822486
1.611801
1.646792
1.599679
1.626600
1.698748
1.560141
1.693550
1.669002
1.533919
1.625339
1.422473
1.494903
1.636744
1.911828
1.858205
1.741361
1.994181
1.927297
1.970171
1.845486
1.852686
1.876053
1.949842
1.790711
1.768731
1.735020
1.788215
1.629687
1.631249
1.790101
1.712060
1.783125
1.916906
1.910158
1.807413
1.838158
1.706094
1.878390
1.760528
1.871076
1.884588
1.827125
1.866503
1.996551
1.952578
1.980581
1.902937
1.751395
1.758446
1.771954
1.818954
1.728033
1.740049
1.833909
1.727154
1.628826
1.593581
1.817482
1.828815
1.842657
1.937574
1.575692
1.829164
2.055622
1.856736
1.746967
1.608745
2.034229
1.989649
1.683603
1.686060
1.772345
1.683846
1.708724
1.805032
2.356185
1.578773
1.927228
1.838544
1.721690
2.054210
2.181967
1.890485
1.665993
2.213936
2.031009
1.837550
1.850266
1.632639
1.823082
1.645632
1.961931
1.864105
1.857535
1.813890
1.794432
1.880064
1.715534
1.941598
2.007084
1.909465
1.757272
1.861778
2.257238
2.150373
1.934363
1.954170
2.348503
2.031220
1.847857
1.692241
2.264542
2.176918
2.043332
1.922416
2.341234
2.251065
2.053504
1.829632
1.865564
2.290422
2.707473
2.044605
2.022898
3.064739
4.314810
2.710738
2.484657
2.783549
3.362507
3.368695
2.272994
2.369758
3.201224
3.060285
4.350323
3.593410
17.024910
5.850161
3.204451
2.068125
1.915800
1.964995
1.930174
1.953510
2.010941
2.031312
2.032170
2.020296
2.054512
2.038578
2.082139
2.088956
2.120286
2.073165
2.144134
2.086078
2.113027
2.095543
2.133300
2.103425
2.131961
2.168052
2.147059
2.175737
2.214231
2.212067
2.213026
2.190768
2.175874
2.171516
2.250457
2.184132
2.120782
2.122520
2.200269
2.206933
2.183993
2.167760
2.219237
2.215750
2.125295
2.148981
2.178257
2.075166
2.094763
2.065202
2.071176
2.054099
1.978140
2.029645
2.018845
2.024961
2.001913
2.002859
2.024631
2.002223
2.017164
2.082977
2.050848
2.020648
2.076107
2.017997
2.200201
2.104886
2.061748
2.050377
2.127743
2.171176
2.082355
2.132921
2.123461
2.027495
2.038765
2.028412
1.962844
2.033566
1.966140
2.097196
2.045234
2.045576
2.033827
2.010604
2.091985
2.086513
2.056947
2.027543
2.058070
2.047923
1.972042
2.139535
2.013918
2.055649
2.017846
2.001170
2.045796
1.930609
1.967832
2.034924
2.058861
1.952271
2.004268
2.122082
2.105751
2.055951
2.070088
2.109465
2.064172
1.949644
2.010259
2.039397
2.106018
2.061646
1.946977
2.062129
1.989722
1.974252
1.999545
1.999931
2.086912
1.949298
1.956853
1.904399
2.008748
1.898391
1.959834
1.903075
1.721720
1.954484
1.928130
1.965345
1.946216
2.010932
2.000190
1.916179
2.152051
2.079171
2.143670
2.118271
2.091956
2.007244
2.037027
2.140717
1.862591
1.870895
1.930722
1.910769
1.909315
1.850456
1.749065
1.803892
1.767923
1.755579
1.802551
1.794982
1.705621
1.620247
1.745055
1.765522
1.989123
1.956937
2.071401
1.941030
2.101670
1.944644
1.862545
1.904938
1.997183
1.754705
1.786117
1.875096
1.719496
1.791089
1.742123
1.809288
1.778351
1.987251
1.741817
1.871307
1.878929
1.851904
1.877482
1.949197
1.997525
1.849044
1.785662
1.903479
1.833865
1.834246
1.858371
1.968729
1.488314
1.810756
1.884441
1.937369
1.816257
1.827116
1.978154
1.746861
1.885409
1.881908
1.904621
1.627024
1.700629
1.793238
1.870247
1.764641
1.854097
1.821052
1.741594
1.903703
1.830589
1.894124
1.730678
1.727535
1.887559
1.714142
1.881297
1.676797
1.792899
1.677305
1.577609
1.548240
2.019688
1.955459
1.880797
1.848005
1.847018
1.883569
1.731776
1.900148
1.735890
1.753849
1.755409
1.752366
1.837798
1.739894
1.570435
1.643803
1.714781
1.738224
1.812152
1.780733
1.864630
1.752965
1.858392
1.833657
1.930853
1.705000
1.575010
1.671119
1.716527
1.728234
1.687140
1.781093
1.780909
1.656826
1.674143
1.601257
1.624340
1.863734
1.796103
1.775495
1.948621
2.207640
2.202839
2.094084
2.089576
2.156758
2.137382
2.092400
1.860686
1.737872
1.727076
1.689046
1.718716
1.808919
1.808047
1.919177
2.007607
1.893050
1.882966
1.729356
1.706761
1.731755
1.663614
1.769127
1.808062
1.790005
1.814717
1.769938
1.806509
1.765994
1.975839
1.857455
1.904848
2.043687
1.805708
1.786736
1.734519
1.779862
1.754219
1.795179
1.694317
1.841720
1.706838
1.795074
1.807301
1.972937
1.848510
1.850243
1.730706
1.781786
1.933937
1.900366
1.769247
1.664019
1.678719
1.521689
1.538455
1.623203
1.760932
1.879678
1.780864
1.787603
1.773086
1.694960
1.771090
1.731092
1.742415
1.811325
1.940823
1.783490
1.722857
1.668232
1.658733
1.719328
1.863765
1.816221
2.058210
1.869049
1.756284
1.799826
1.698228
1.529127
1.713424
1.601789
1.802983
1.750684
1.638729
1.527238
1.493364
1.733907
1.702835
1.722509
1.794720
1.844077
1.685353
1.585544
1.836201
1.718098
1.845459
1.757172
1.803070
1.753318
1.658513
1.625543
1.928323
1.925847
1.685887
1.839833
1.522800
1.662450
1.792540
1.696116
1.617842
1.685808
1.642740
1.621253
1.718781
1.625448
1.761115
1.669347
1.716404
1.583916
1.714799
1.797570
1.791834
1.872379
1.677479
1.633820
1.443289
1.559860
1.578232
1.548586
1.631691
1.789961
1.721071
1.750164
1.748433
1.871080
1.563811
1.655650
1.632160
1.761938
1.761837
1.781223
1.369006
1.570607
1.759217
1.939229
1.895493
1.855411
1.643606
1.734796
1.694520
1.790821
1.879514
1.797075
1.626472
1.563215
1.655260
1.527297
1.507570
1.608494
1.694978
1.745815
1.741523
1.709782
1.568979
1.728718
1.746383
1.987878
1.960754
1.774951
1.575292
1.668643
1.543500
1.579405
1.581121
1.648274
1.719563
1.586272
1.664225
1.819590
1.764549
1.678734
1.624539
1.693732
1.515096
1.525884
1.537704
1.581481
1.685045
1.880152
1.821776
1.776452
1.635829
1.621075
1.653324
1.671645
1.807810
1.894646
1.661565
1.585580
1.356256
1.474309
1.580168
1.536937
1.739492
1.717906
1.597762
1.778888
1.757710
1.672011
1.902961
1.729864
1.800968
1.773121
1.939410
1.731119
1.758587
1.563196
1.505234
1.445711
1.624916
1.595129
1.849123
1.781151
1.827490
1.597109
1.716243
1.740307
1.821759
1.815172
1.631842
1.595841
1.690184
1.642981
1.843706
1.897807
1.954249
1.986137
2.160542
1.991145
2.074046
2.038936
1.963036
1.850032
1.672840
1.688102
1.495315
1.544858
1.599774
1.587216
1.762922
1.871312
1.722893
1.590378
1.491261
1.653975
1.891078
2.046194
1.831742
1.678224
1.714277
1.637400
1.741929
1.957639
1.854345
1.620446
1.517378
1.545823
1.625498
1.626215
1.856622
1.933088
2.054925
1.760759
1.839661
1.753866
1.697203
1.834429
1.348729
1.724596
1.882700
1.653640
1.486766
1.565956
1.593271
1.872988
1.790008
1.669135
1.672428
1.805444
1.763267
1.690151
1.776756
1.838947
1.646142
1.673307
1.752781
1.729429
1.578754
1.666487
1.567516
1.896441
1.658353
1.745700
1.549330
1.607042
1.777244
1.728284
1.636132
1.747896
1.761122
1.619485
1.745341
1.670043
1.796488
1.672773
1.770330
1.701759
1.688131
1.784796
1.762679
1.861171
1.778500
1.658720
1.531112
1.514902
1.674069
1.620704
1.726850
1.703186
1.611042
1.652353
1.656118
1.492534
1.652737
1.726148
1.673329
1.751619
1.768568
1.700674
1.501969
1.666504
1.636695
1.845643
1.737496
1.567410
1.672944
1.668710
1.603804
1.512379
1.861087
1.931429
1.882283
2.193071
2.027375
2.170153
2.176008
2.105846
2.336659
2.403376
2.491425
2.589041
2.615330
2.476519
2.108779
1.809598
1.651987
1.732898
1.671089
1.793235
1.500485
1.340550
1.543243
1.591457
1.422896
1.615683
1.605589
1.595851
1.586616
1.420239
1.469296
1.920390
1.690843
1.770790
1.665792
1.952249
1.887899
1.719384
1.825638
1.847182
1.886731
1.758251
2.297923
1.797506
1.748467
1.714834
2.184389
2.242431
1.852937
1.628649
2.020916
2.183448
2.667959
1.688245
1.890850
3.462479
2.535636
1.755177
1.734316
2.498861
3.799504
1.775347
2.336392
2.000577
4.381846
2.426734
2.396832
4.295185
3.685498
2.176802
2.762170
5.312717
3.317163
2.692856
2.379199
3.879252
3.390682
3.731680
4.596754
2.483019
4.808013
9.050346
3.434609
18.710556
14.495154
3.899679
2.090354
1.740314
1.839356
1.873779
1.906189
1.957466
2.034013
2.132354
2.292595
2.250727
2.372756
2.334364
2.258593
2.152074
2.118319
2.170205
2.170673
2.199086
2.235961
2.307250
2.340007
2.205634
2.261897
2.166363
2.164816
2.160741
2.150324
2.152921
2.030135
2.033448
2.026855
2.029608
2.006870
2.116067
2.067115
2.217904
2.189885
2.241415
2.180422
2.113883
2.126729
2.154435
2.117145
2.241405
2.235887
2.149586
2.073771
2.143354
2.123773
2.113280
2.173724
2.089753
2.136165
2.015058
1.973604
1.945377
2.041600
1.979571
2.009985
2.039855
2.104966
2.099946
2.101292
2.153979
2.199484
2.264556
2.196546
2.197214
2.135626
2.179662
2.106470
2.152739
2.124304
2.196107
2.139873
2.154493
2.214732
2.160263
2.119424
2.093011
2.125278
2.082861
2.001678
2.053100
1.944516
2.156902
2.151430
2.014314
2.125879
2.057605
2.066985
2.107157
2.159985
2.255213
2.154605
2.224488
2.173568
2.250692
2.143647
2.176066
2.123675
2.098013
2.060803
2.024499
2.085621
2.014223
2.028442
2.095843
2.177450
2.163503
2.187005
2.140981
2.251421
2.241367
2.249067
2.160596
2.089234
2.077508
1.984609
1.999540
2.086258
2.049353
2.054765
2.043261
2.026494
2.131325
2.120683
2.080221
2.112318
2.048720
2.266346
2.049341
2.137595
2.114534
2.276093
2.247538
2.127603
2.062420
2.081412
2.071800
2.151676
2.056739
2.020873
1.984362
2.008392
2.067648
2.104211
1.991119
2.061514
1.961961
1.962081
2.072612
2.026230
2.037600
2.005766
1.900035
1.970785
2.024861
2.054788
1.978298
2.046293
2.026293
2.103271
2.017590
2.043459
2.093043
1.996912
2.122039
2.084294
2.025552
1.989588
1.844811
1.929793
1.976377
2.045825
1.962610
2.137546
2.074695
2.194802
2.138267
2.235145
2.078408
2.055811
2.017766
1.962581
1.894978
1.939524
2.046314
1.984375
2.002631
2.105283
2.170068
2.097125
2.204959
2.140309
2.114469
2.099741
2.074008
2.099288
2.026067
1.951042
1.956191
1.881859
1.896647
1.868383
1.749181
1.828924
1.817664
1.888839
1.841664
1.845660
1.952019
2.018027
1.981830
1.913513
2.165719
2.071462
1.998867
2.123934
1.945281
2.014772
2.285018
2.289230
2.197741
2.070524
2.121539
2.054583
2.052556
2.116363
2.176672
2.239911
2.386972
2.155128
2.275728
2.149289
2.167535
2.023743
2.081831
2.056557
1.959336
1.870262
1.899390
1.939079
1.968555
1.914142
2.009949
2.035728
2.041796
2.080091
2.209196
2.275094
2.339090
2.156871
2.341592
2.140583
1.961218
1.972988
1.907927
2.206426
1.922714
1.986534
1.919933
2.004826
1.986383
2.019768
2.088096
2.099308
2.128907
1.927247
1.845525
1.822549
1.783603
1.861284
1.786800
1.932401
1.928844
1.999520
2.085565
1.986504
2.057384
1.709172
1.832334
1.804946
1.768784
1.831623
1.918442
1.895778
1.982621
1.934569
2.125150
2.070325
2.008985
2.028700
1.999960
1.881943
1.836691
1.848951
1.902094
1.844028
1.795529
1.815352
1.943482
1.899736
2.048831
2.174941
2.103229
2.050726
2.168950
2.222173
2.259197
2.095182
2.088449
2.085137
2.265773
2.164413
1.996718
2.048600
2.057328
1.948448
1.817659
1.903651
1.927792
1.923460
