2.318997
2.315237
2.309556
2.287951
2.283915
2.275326
2.264564
2.252263
2.239946
2.219373
2.211101
2.189986
2.182459
2.155920
2.181673
2.153864
2.135074
2.130703
2.112816
2.093524
2.067200
2.022959
2.001441
2.004606
1.951172
1.910462
1.906871
1.890818
1.815546
1.713556
1.727755
1.622125
1.686732
1.608105
1.494687
1.470520
1.375248
1.392967
1.225397
1.205541
1.045881
1.023268
0.968642
0.912836
0.757471
0.920610
0.766200
0.596421
0.758020
0.534056
0.485848
0.583634
0.580540
0.545929
0.480368
0.494766
0.436585
0.547038
0.450744
0.452368
0.478925
0.332534
0.418459
0.409157
0.482084
0.448349
0.409512
0.407850
0.425895
0.349837
0.449428
0.513957
0.416177
0.468489
0.433010
0.378127
0.338055
0.388440
0.283119
0.285271
0.435531
0.461535
0.350316
0.252932
0.239293
0.333032
0.341876
0.351289
0.375506
0.384790
0.351072
0.318762
0.261087
0.306828
0.233731
0.249839
0.290861
0.451984
0.152641
0.189714
0.291818
0.310637
0.349916
0.216096
0.205267
0.395726
0.215667
0.269498
0.186753
0.176505
0.187453
0.250140
0.317144
0.253431
0.257016
0.309099
0.245030
0.304514
0.247532
0.257444
0.186275
0.340974
0.355011
0.233127
0.177289
0.297163
0.324562
0.212308
0.244000
0.292879
0.274969
0.146355
0.236315
0.174683
0.292160
0.191011
0.158599
0.223616
0.188152
0.199256
0.185095
0.169525
0.133476
0.203278
0.122516
0.235920
0.181027
0.182016
0.278245
0.191069
0.205087
0.243325
0.179060
0.305557
0.233543
0.198495
0.257101
0.263792
0.143042
0.143018
0.158708
0.196111
0.335629
0.159645
0.172882
0.163394
0.239052
0.221376
0.164390
0.191263
0.133687
0.252203
0.194539
0.194894
0.220361
0.130075
0.247720
0.152099
0.191794
0.151428
0.135582
0.229304
0.177718
0.156977
0.139242
0.226583
0.159148
0.124894
0.128987
0.184194
0.243949
0.368652
0.165349
0.166952
0.133669
0.152219
0.171102
0.117211
0.208259
0.190150
0.218225
0.151789
0.195630
0.158400
0.180898
0.151373
0.264898
0.173476
0.220857
0.148112
0.164111
0.149426
0.183237
0.166652
0.163698
0.193199
0.161399
0.186529
0.138997
0.121625
0.119587
0.183572
0.238550
0.087488
0.190448
0.120361
0.126623
0.184381
0.139004
0.184057
0.175049
0.146905
0.152613
0.096663
0.161916
0.150484
0.168794
0.174852
0.199632
0.042327
0.136526
0.140496
0.169114
0.132134
0.135682
0.101463
0.152837
0.111078
0.220871
0.128639
0.181345
0.181523
0.127193
0.146558
0.129936
0.125834
0.214647
0.168992
0.069397
0.187250
0.113874
0.112508
0.163358
0.125209
0.128374
0.169603
0.074563
0.075285
0.157483
0.093608
0.206703
0.101668
0.125408
0.073533
0.143772
0.134168
0.143095
0.144388
0.152685
0.163265
0.126917
0.143455
0.146211
0.084740
0.190082
0.081337
0.239716
0.100239
0.072601
0.148630
0.165090
0.107580
0.122367
0.156813
0.232838
0.121385
0.087952
0.143185
0.106661
0.153956
0.158726
0.195134
0.144681
0.070659
0.094016
0.180583
0.096384
0.068572
0.119803
0.119607
0.121066
0.072674
0.092309
0.107492
0.170749
0.077825
0.070083
0.101606
0.121078
0.125147
0.096010
0.171115
0.109735
0.125803
0.085225
0.185608
0.206316
0.098518
0.124745
0.078729
0.128651
0.134555
0.110296
0.135860
0.122523
0.036797
0.084489
0.141528
0.140401
0.126711
0.105962
0.114473
0.118536
0.086016
0.069786
0.079735
0.090072
0.101054
0.132983
0.112209
0.204941
0.082880
0.097060
0.104838
0.118798
0.214479
0.099495
0.099171
0.091768
0.205438
0.096990
0.090541
0.161134
0.065945
0.120271
0.099193
0.063457
0.141798
0.083704
0.135609
0.111514
0.102443
0.107018
0.114802
0.087128
0.077156
0.104976
0.106564
0.118292
0.080711
0.090576
0.202238
0.130414
0.067991
0.152406
0.097833
0.148821
0.168714
0.089471
0.117489
0.080792
0.066854
0.112623
0.056265
0.112150
0.147489
0.071211
0.136516
0.109226
0.058464
0.102632
0.094747
0.098217
0.135130
0.098133
0.086605
0.059620
0.044898
0.110370
0.144846
0.121834
0.123058
0.113226
0.099774
0.076829
0.146535
0.054132
0.072445
0.074342
0.137554
0.112510
0.087360
0.087350
0.098829
0.077435
0.120454
0.062911
0.085414
0.122726
0.098472
0.054867
0.061150
0.065893
0.058237
0.180757
0.098745
0.079270
0.081355
0.078137
0.091749
0.120444
0.107902
0.086078
0.097098
0.106562
0.069539
0.085753
0.071911
0.115309
0.107460
0.087778
0.061173
0.096538
0.141562
0.074460
0.077400
0.058282
0.088001
0.143831
0.081965
0.074138
0.148818
0.145358
0.146958
0.088261
0.085052
0.075449
0.107192
0.098815
0.107573
0.075877
0.061153
0.074131
0.095095
0.052178
0.052026
0.094807
0.061372
0.121598
0.064570
0.104214
0.065453
0.095105
0.082842
0.045035
0.067212
0.082873
0.118842
0.100562
0.080192
0.106958
0.108431
0.130467
0.059767
0.084280
0.132494
0.068140
0.097730
0.097479
0.078407
