2.303562
2.301166
2.303879
2.303584
2.298836
2.302474
2.297236
2.294591
2.290449
2.295381
2.292201
2.291239
2.286775
2.275224
2.287292
2.284810
2.278927
2.286440
2.273546
2.268241
2.269922
2.270538
2.251135
2.262322
2.255059
2.242011
2.222778
2.239051
2.247081
2.229326
2.215063
2.241723
2.211142
2.198041
2.193203
2.186492
2.220887
2.139981
2.178158
2.150905
2.152850
2.146890
2.168278
2.137394
2.103055
2.100298
2.088797
2.107906
2.079049
2.105639
2.086219
2.065118
2.041776
2.018021
2.033871
2.030430
2.000294
2.018669
2.019744
1.965342
1.949772
1.956258
1.966068
1.943518
1.953685
1.932152
1.932627
1.913114
1.875329
1.902058
1.836495
1.836279
1.861115
1.875633
1.830753
1.823996
1.801474
1.814056
1.808930
1.803142
1.820041
1.820025
1.797191
1.811665
1.795711
1.796179
1.789823
1.798950
1.822612
1.762543
1.768577
1.750420
1.781307
1.771486
1.777580
1.763240
1.756991
1.764211
1.750285
1.762587
1.744012
1.750886
1.739107
1.752579
1.744957
1.752714
1.747004
1.708663
1.714702
1.720241
1.744446
1.720823
1.701570
1.687018
1.719594
1.732533
1.728662
1.717646
1.712341
1.720328
1.718698
1.712907
1.703804
1.694166
1.678591
1.666437
1.695159
1.712201
1.692362
1.720880
1.702602
1.693734
1.682241
1.688048
1.686552
1.671304
1.709803
1.700858
1.724497
1.745380
1.703559
1.716820
1.670387
1.684329
1.673976
1.746502
1.686776
1.703543
1.710134
1.690199
1.694863
1.679304
1.655524
1.669347
1.666283
1.695705
1.674003
1.707463
1.672195
1.713658
1.698289
1.673057
1.673531
1.694865
1.662643
1.656106
1.684200
1.696692
1.642612
1.693494
1.689236
1.657042
1.669125
1.647951
1.655386
1.664002
1.668331
1.668243
1.645150
1.628431
1.624879
1.655629
1.665854
1.660411
1.668278
1.645703
1.654516
1.662864
1.638837
1.658455
1.622183
1.665998
1.639298
1.615396
1.616645
1.659634
1.642696
1.640206
1.658814
1.649452
1.660054
1.670482
1.669322
1.624993
1.630709
1.644773
1.639473
1.613338
1.663360
1.642174
1.632252
1.629378
1.647412
1.636926
1.630531
1.664400
1.626225
1.630957
1.627217
1.634781
1.647374
1.622635
1.653165
1.589721
1.627285
1.628129
1.661261
1.668413
1.597347
1.623424
1.630447
1.646942
1.619446
1.632639
1.630730
1.637017
1.599331
1.595606
1.604741
1.613924
1.617164
1.627123
1.624213
1.624037
1.619540
1.640530
1.632840
1.605599
1.609555
1.602091
1.639423
1.632394
1.638302
1.653945
1.639859
1.610611
1.646201
1.588558
1.628214
1.616263
1.590976
1.631869
1.598962
1.623914
1.614008
1.606597
1.588181
1.600215
1.628300
1.615612
1.621436
1.633135
1.641954
1.627091
1.605035
1.643514
1.631720
1.604176
1.589463
1.607959
1.614389
1.610109
1.597432
1.607519
1.609489
1.609341
1.585736
1.601400
1.578688
1.604993
1.601579
1.591864
1.595258
1.616606
1.620576
1.618738
1.585593
1.588779
1.592265
1.578793
1.642233
1.610219
1.580662
1.627728
1.592047
1.617935
1.558233
1.584464
1.623387
1.599151
1.603063
1.599713
1.581592
1.635353
1.573978
1.606230
1.629822
1.578453
1.592222
1.610422
1.592638
1.579269
1.602671
1.576029
1.607451
1.646125
1.580972
1.574582
1.586705
1.593012
1.569407
1.587368
1.598518
1.592939
1.634371
1.562585
1.604811
1.615212
1.600008
1.594636
1.581551
1.643401
1.561691
1.558881
1.570969
1.565460
1.617047
1.562448
1.577638
1.597268
1.583272
1.576985
1.576102
1.587706
1.608118
1.597817
1.624181
1.588873
1.600468
1.616087
1.587837
1.566442
1.594505
1.602063
1.580545
1.575407
1.577110
1.610275
1.580386
1.566755
1.599990
1.636523
1.581977
1.602220
1.615342
1.592327
1.578224
1.585545
1.580682
1.571663
1.584212
1.575139
1.589122
1.611251
1.581022
1.553326
1.605950
1.563870
1.539374
1.607560
1.579281
1.597929
1.584577
1.574811
1.580071
1.592590
1.591179
1.570989
1.580880
1.603919
1.587747
1.534910
1.552368
1.572614
1.581624
1.608198
1.594093
1.560757
1.579120
1.585353
1.600656
1.566524
1.641897
1.577655
1.566969
1.565832
1.579610
1.588210
1.601668
1.566417
1.580756
1.590133
1.560027
1.593804
1.596197
1.553441
1.579841
1.569766
1.573314
1.583064
1.582670
1.562063
1.579078
1.567437
1.572963
1.589588
1.571343
1.560306
1.601719
1.555597
1.548404
1.586214
1.589857
1.568857
1.592480
1.550929
1.572542
1.570247
1.575809
1.610123
1.550792
1.577071
1.568892
1.568507
1.585900
1.566725
1.618980
1.565486
1.555555
1.546110
1.558169
1.582528
1.552769
1.591680
1.601558
1.564721
1.599695
1.563661
1.556627
1.568612
1.580578
1.582107
1.583703
1.598029
1.586768
1.570720
1.565541
1.587339
1.573024
1.598254
1.610045
1.568712
1.555660
1.541290
1.549077
1.559916
1.553833
1.562773
1.597454
1.545716
1.557344
1.570803
1.540943
1.540956
1.582201
1.573547
1.566548
1.570957
1.563583
1.574186
