2.305568
2.304426
2.291632
2.295429
2.272702
2.280122
2.257352
2.257621
2.212917
2.229680
2.177430
2.182945
2.122996
2.092516
2.035286
1.992307
1.940928
1.815112
1.822323
1.805697
1.793012
1.758848
1.756658
1.750274
1.760352
1.704886
1.699840
1.689613
1.707518
1.657557
1.681293
1.634098
1.659753
1.644772
1.656218
1.650947
1.618530
1.560395
1.604094
1.632002
1.598725
1.588422
1.609174
1.620461
1.582800
1.583885
1.626455
1.572834
1.593474
1.588130
1.567476
1.595142
1.587129
1.565672
1.577922
1.584627
1.581980
1.572804
1.596967
1.540969
1.535730
1.578011
1.576970
1.573065
1.560337
1.579651
1.549823
1.549887
1.546683
1.556840
1.541120
1.558649
1.544854
1.546829
1.551942
1.529832
1.551444
1.565857
1.547892
1.525465
1.528022
1.533198
1.525869
1.568558
1.549306
1.539786
1.534568
1.521726
1.530840
1.565601
1.542191
1.524523
1.535052
1.547642
1.539898
1.535137
1.531028
1.540132
1.523750
1.555866
1.509066
1.525018
1.527130
1.516077
1.513262
1.517001
1.523827
1.519727
1.545257
1.530964
1.516451
1.522662
1.511196
1.551203
1.523276
1.534316
1.520975
1.497270
1.520995
1.524325
1.531712
1.512159
1.518842
1.524468
1.518192
1.517808
1.509750
1.532283
1.522083
1.496482
1.541746
1.497389
1.503799
1.540490
1.509229
1.509459
1.508415
1.533279
1.525660
1.503677
1.514614
1.530091
1.524551
1.499345
1.512402
1.501236
1.492344
1.516934
1.525809
1.500804
1.518654
1.528155
1.514810
1.519180
1.541163
1.512630
1.521268
1.516686
1.516043
1.503345
1.506449
1.512599
1.512429
1.510590
1.508402
1.494969
1.503610
1.505360
1.490134
1.502935
1.508167
1.503547
1.514846
1.502090
1.510352
1.508464
1.487082
1.494162
1.504198
1.498821
1.504086
1.506370
1.514373
1.492137
1.523419
1.497847
1.530926
1.503468
1.502915
1.505535
1.502708
1.507296
1.493568
1.494496
1.505760
1.494718
1.491276
1.501229
1.493944
1.528018
1.489441
1.490480
1.501692
1.505869
1.510406
1.501286
1.499365
1.495352
1.512854
1.491487
1.510369
1.503765
1.501617
1.504705
1.490978
1.489840
1.508492
1.501813
1.510735
1.498815
1.528138
1.494997
1.516258
1.488689
1.496470
1.509159
1.514099
1.507471
1.487548
1.492181
1.522389
1.487610
1.501115
1.503876
1.488541
1.510834
1.496826
1.503947
1.508309
1.500427
1.480156
1.514363
1.485282
1.498322
1.489559
1.488247
1.484189
1.492033
1.497576
1.505540
1.505608
1.484201
1.506957
1.513232
1.493528
1.501389
1.484624
1.494635
1.497489
1.493512
1.519662
1.495397
1.480877
1.501686
1.499649
1.571510
1.501455
1.494285
1.487832
1.488326
1.489447
1.500973
1.484905
1.490529
1.494274
1.504835
1.498795
1.509362
1.503447
1.491247
1.485320
1.504998
1.489035
1.498298
1.483493
1.505858
1.495997
1.493133
1.486960
1.488088
1.497058
1.501806
1.485410
1.476902
1.514840
1.511093
1.487952
1.487727
1.490676
1.494358
1.496166
1.501603
1.492049
1.481697
1.475637
1.486391
1.492693
1.481825
1.487037
1.498143
1.504191
1.501262
1.525888
1.503619
1.502857
1.491108
1.493817
1.498003
1.494243
1.493104
1.480875
1.496094
1.479923
1.492394
1.484795
1.491330
1.495050
1.500028
1.490535
1.482952
1.500197
1.490386
1.482906
1.502669
1.482493
1.487337
1.490079
1.480862
1.485162
1.483976
1.509523
1.487230
1.488317
1.496016
1.496519
1.476224
1.501286
1.496238
1.492297
1.483560
1.500019
1.483338
1.496846
1.484322
1.480517
1.483164
1.498637
1.489899
1.491833
1.483180
1.485239
1.484464
1.491236
1.503992
1.482822
1.487931
1.478950
1.496139
1.485836
1.503745
1.506901
1.483309
1.489814
1.483994
1.500816
1.499993
1.474732
1.497118
1.501969
1.485286
1.492228
1.493973
1.500829
1.485349
1.491270
1.483167
1.492050
1.500007
1.483969
1.489893
1.497716
1.491546
1.490444
1.488540
1.515134
1.486397
1.476183
1.478673
1.488973
1.478728
1.512172
1.495425
1.487671
1.490491
1.494532
1.475161
1.502146
1.475217
1.489381
1.478452
1.486875
1.475821
1.485277
1.498379
1.473228
1.486009
1.481463
1.487568
1.500395
1.483534
1.482719
1.482325
1.475078
1.487826
1.489841
1.487958
1.479578
1.472371
1.497117
1.484153
1.472049
1.481641
1.496362
1.479792
1.504621
1.495586
1.504895
1.498673
1.490580
1.494028
1.475725
1.488514
1.478651
1.481888
1.483924
1.490482
1.485671
1.479957
1.481242
1.476572
1.485912
1.493117
1.479786
1.497449
1.486353
1.476354
1.485958
1.479128
1.495374
1.490265
1.488332
1.493212
1.482049
1.489003
1.470660
1.477745
1.479707
1.481564
1.473950
1.487994
1.484513
1.480886
1.473565
1.480190
1.482406
1.492296
1.476348
1.484638
1.476519
1.489889
1.486008
1.502821
1.491951
1.477030
1.479898
1.492436
1.476676
1.500057
1.496334
1.492072
1.494605
1.495125
1.476459
1.493178
1.481737
1.486147
1.491235
1.480583
1.487996
1.477644
