2.298138
2.253566
2.220417
2.137350
2.061332
2.057984
2.234284
2.280969
2.297215
2.303195
2.306667
2.304490
2.306101
2.305316
2.303475
2.305729
2.304728
2.303070
2.303345
2.302023
2.302480
2.303070
2.302585
2.302534
2.302585
2.303070
2.302585
2.302585
2.302585
2.303070
2.303070
2.302585
2.303070
2.303070
2.302765
2.302534
2.302585
2.302483
2.302534
2.302585
2.303019
2.302585
2.302709
2.302534
2.302585
2.303070
2.303070
2.302585
2.303138
2.302585
2.302585
2.302709
2.303138
2.302585
2.302534
2.302709
2.302585
2.302534
2.302585
2.303070
2.302585
2.302585
2.302709
2.302709
2.302483
2.302585
2.302370
2.302585
2.302585
2.302585
2.302585
2.303138
2.302585
2.302585
2.302585
2.302585
2.302585
2.303070
2.302585
2.302585
2.303019
2.302585
2.302585
2.302585
2.303138
2.302585
2.302585
2.302585
2.302709
2.302483
2.302709
2.302428
2.302585
2.302585
2.302585
2.302585
2.302585
2.302585
2.302585
2.303138
2.302534
2.302585
2.302816
2.302585
2.302585
2.302585
2.302709
2.302585
2.302585
2.302585
2.302709
2.302480
2.302709
2.302272
2.302585
2.302585
2.302585
2.302585
2.302585
2.302480
2.302585
2.302585
2.302585
2.302585
2.302709
2.302534
2.302534
2.302585
2.302585
2.302585
2.303088
2.302534
2.302964
2.302585
2.303033
2.302585
2.302585
2.302585
2.302833
2.302585
2.302585
2.302585
2.302585
2.302585
2.302534
2.302534
2.302585
2.302709
2.302709
2.302585
2.303070
2.302585
2.302585
2.302585
2.303138
2.302585
2.302585
2.303138
2.302585
2.302709
2.302585
2.302585
2.302483
2.302585
2.302585
2.303070
2.302585
2.302428
2.302585
2.302709
2.302585
2.302585
2.302709
2.302585
2.303070
2.302585
2.302585
2.302421
2.302585
2.302585
2.302585
2.302585
2.302585
2.302357
2.302585
2.302534
2.303194
2.302585
2.302534
2.302833
2.302585
2.302585
2.302585
2.302585
2.302585
2.302585
2.302585
2.302534
2.302480
2.302481
2.302585
2.302585
2.303070
2.302585
2.303070
2.302421
2.302534
2.302585
2.302585
2.302585
2.302534
2.302585
2.302585
2.302585
2.302534
2.302709
2.302585
2.302585
2.302585
2.303194
2.302585
2.302585
2.302585
2.302585
2.302552
2.303138
2.302585
2.303554
2.302534
2.302534
2.302585
2.302376
2.303554
2.302585
2.302585
2.302585
2.302709
2.302585
2.302480
2.302585
2.302585
2.302370
2.303138
2.302585
2.302585
2.302534
2.302585
2.302709
2.302585
2.302585
2.302585
2.302585
2.302585
2.302585
2.302585
2.302585
2.302585
2.302585
2.302585
2.302534
2.302585
2.303070
2.302585
2.303019
2.302585
2.302585
2.302585
2.302534
2.303138
2.303070
2.302534
2.302585
2.302585
2.302994
2.302585
2.302480
2.302585
2.302585
2.302585
2.302585
2.302585
2.302585
2.302585
2.302585
2.302658
2.303019
2.302585
2.302585
2.302709
2.302585
2.302585
2.302534
2.302585
2.302585
2.302585
2.302585
2.303070
2.302585
2.302964
2.302585
2.302854
2.302585
2.302585
2.302585
2.303070
2.302709
2.302585
2.302534
2.302585
2.302585
2.303019
2.302585
2.302585
2.302585
2.302480
2.302585
2.302905
2.302585
2.303070
2.302585
2.302585
2.302534
2.302585
2.302585
2.302585
2.302585
2.302585
2.302585
2.302534
2.302585
2.303623
2.302585
2.302585
2.302709
2.302534
2.302585
2.302585
2.302943
2.302585
2.302480
2.302585
2.302585
2.302534
2.302585
2.302585
2.302585
2.302585
2.303070
2.302585
2.302585
2.302585
2.302994
2.302585
2.303070
2.302585
2.303151
2.302585
2.302658
2.302480
2.303070
2.303070
2.302585
2.302585
2.302585
2.302370
2.302585
2.302585
2.302585
2.302585
2.302585
2.302585
2.303138
2.303092
2.302585
2.302585
2.302585
2.302585
2.302585
2.302585
2.302585
2.302585
2.302585
2.302585
2.302585
2.303070
2.302585
2.302585
2.302994
2.302534
2.302534
2.302534
2.302585
2.302709
2.302585
2.302585
2.302585
2.302374
2.302534
2.303070
2.302709
2.302534
2.303202
2.302585
2.302585
2.302585
2.302585
2.302585
2.302585
2.302585
2.303138
2.302585
2.303070
2.302585
2.302585
2.303029
2.302585
2.302585
2.302585
2.302585
2.302585
2.302585
2.302585
2.302585
2.302585
2.303019
2.302585
2.302585
2.302709
2.302709
2.303088
2.302585
2.302585
2.302585
2.303202
2.302585
2.302585
2.302480
2.302534
2.302585
2.302585
2.302585
2.302585
2.302585
2.303230
2.302585
2.302534
2.302585
2.302585
2.302480
2.303138
2.302585
2.302585
2.302585
2.303070
2.302585
2.302585
2.302421
2.303088
2.302585
2.302585
2.302585
2.302534
2.302480
2.302709
2.303138
2.302585
2.303202
2.302585
2.302709
2.303070
2.302585
2.302585
2.302585
2.302585
2.302585
2.302585
2.302585
2.302585
2.302585
2.302534
2.302585
2.302585
2.302585
2.302585
2.302421
2.302585
2.302585
2.302585
2.302585
2.302585
2.302964
2.302585
2.303194
2.302585
2.302585
2.302585
2.302585
2.302480
2.303070
2.302585
