2.310707
2.309747
2.318305
2.319988
2.324842
2.341836
2.355731
2.369361
2.399427
2.407180
2.398335
2.403321
2.418911
2.429651
2.432698
2.471165
2.475253
2.393918
2.396251
2.346809
2.381196
2.382651
2.382698
2.373175
2.381981
2.335758
2.343773
2.326641
2.355881
2.366048
2.332184
2.313569
2.306126
2.331760
2.334538
2.332577
2.342601
2.268192
2.310006
2.325567
2.321856
2.288802
2.319270
2.291490
2.304959
2.308087
2.272474
2.300270
2.333641
2.294192
2.275388
2.294043
2.257851
2.240189
2.255761
2.302641
2.258425
2.275162
2.313115
2.271414
2.252423
2.258818
2.270964
2.282817
2.227782
2.263623
2.261393
2.283766
2.212388
2.230132
2.225446
2.209240
2.254523
2.246545
2.242304
2.268008
2.241870
2.296508
2.285861
2.228366
2.280328
2.279059
2.237290
2.261289
2.245961
2.288995
2.278708
2.282420
2.231076
2.245226
2.259511
2.222094
2.202785
2.241212
2.270825
2.208075
2.228651
2.268487
2.216707
2.243323
2.271312
2.221357
2.116684
1.871781
1.679614
1.675372
1.679759
1.681137
1.606041
1.594400
1.607947
1.681903
1.669217
1.625355
1.604457
1.590100
1.598171
1.583639
1.623780
1.626243
1.581914
1.584810
1.613686
1.591579
1.580462
1.578726
1.549898
1.596892
1.565128
1.573815
1.561436
1.572410
1.542620
1.561428
1.566225
1.570020
1.558176
1.588685
1.517731
1.525890
1.521062
1.547067
1.552515
1.557850
1.561984
1.539246
1.570027
1.550299
1.542380
1.546460
1.528553
1.511015
1.532732
1.574199
1.528316
1.534963
1.529100
1.567108
1.526222
1.507919
1.532815
1.538596
1.540448
1.519372
1.511428
1.522209
1.539263
1.535939
1.526557
1.506988
1.497297
1.533511
1.526261
1.520407
1.524555
1.516495
1.545142
1.535858
1.547388
1.533012
1.528749
1.495885
1.489181
1.496979
1.500767
1.534225
1.513303
1.522088
1.501877
1.529132
1.508534
1.510787
1.516913
1.520775
1.533538
1.525703
1.511374
1.517481
1.502748
1.525881
1.490807
1.508557
1.491660
1.506570
1.510719
1.517887
1.520964
1.527671
1.505170
1.546994
1.511917
1.514688
1.502882
1.512272
1.495310
1.492085
1.497301
1.515796
1.506608
1.512303
1.502051
1.493549
1.526487
1.507921
1.520457
1.504712
1.501850
1.499390
1.493562
1.498319
1.509436
1.503102
1.524229
1.509549
1.515328
1.526161
1.510741
1.504965
1.511607
1.504047
1.491849
1.496589
1.509637
1.521979
1.502408
1.504279
1.497851
1.496350
1.519601
1.483121
1.495865
1.482411
1.499886
1.493113
1.493669
1.496397
1.501861
1.507180
1.510275
1.495993
1.514436
1.509368
1.505916
1.505110
1.511621
1.515916
1.474201
1.508770
1.482125
1.489795
1.494042
1.531083
1.491570
1.509401
1.529583
1.496994
1.505448
1.491641
1.508117
1.482658
1.491475
1.494896
1.505252
1.489765
1.494865
1.507833
1.507508
1.506017
1.490123
1.493211
1.518329
1.496491
1.534490
1.510009
1.512203
1.490803
1.507391
1.485671
1.501406
1.491239
1.477600
1.510769
1.509844
1.499040
1.517317
1.497393
1.502516
1.500145
1.497154
1.495961
1.495012
1.491004
1.490589
1.509243
1.498406
1.494527
1.503123
1.488595
1.475231
1.488335
1.488462
1.483708
1.490679
1.518702
1.496888
1.523153
1.484506
1.505089
1.507223
1.483156
1.482693
1.495266
1.484399
1.489613
1.481118
1.489073
1.480657
1.499399
1.484851
1.492869
1.519262
1.485776
1.489749
1.489265
1.480858
1.486490
1.479063
1.493501
1.481825
1.487020
1.501106
1.486477
1.504754
1.516557
1.492608
1.488122
1.483744
1.495673
1.478363
1.481739
1.490370
1.509127
1.502698
1.505900
1.479222
1.492602
1.500769
1.494608
1.503259
1.480841
1.493824
1.474947
1.489696
1.495341
1.485673
1.486606
1.496680
1.479898
1.489313
1.513589
1.495015
1.505661
1.479448
1.489009
1.486980
1.471740
1.484676
1.473107
1.497795
1.482525
1.498012
1.501891
1.490829
1.484015
1.472857
1.503396
1.486358
1.486598
1.496847
1.487067
1.493201
1.481378
1.487504
1.491251
1.481411
1.493451
1.489381
1.483093
1.497852
1.500165
1.488855
1.488105
1.479193
1.481361
1.483674
1.483129
1.485314
1.489951
1.490688
1.510510
1.481386
1.477890
1.485240
1.479765
1.479043
1.490565
1.486055
1.479236
1.483122
1.485571
1.493705
1.469974
1.488559
1.506640
1.480417
1.497777
1.503808
1.494207
1.487954
1.477904
1.484536
1.470351
1.489065
1.483239
1.495460
1.494697
1.481131
1.482884
1.482537
1.476618
1.489934
1.484682
1.472455
1.488482
1.479729
1.492086
1.476954
1.492560
1.490682
1.480938
1.493498
1.467247
1.497555
1.495820
1.478251
1.485277
1.484612
1.482013
1.472862
1.483252
1.467507
1.487028
1.489392
1.472697
1.493326
1.491572
1.507016
1.490199
1.483088
1.496001
1.483442
1.470013
1.483938
1.482650
1.487540
1.479845
1.481629
1.505817
1.474786
1.485371
1.473561
1.494113
1.469143
1.504927
1.484923
1.498712
1.483364
1.481937
1.487269
1.469815
