2.306766
2.303200
2.308896
2.307519
2.305274
2.305738
2.299805
2.300530
2.301591
2.299097
2.286942
2.266097
2.240359
2.258712
2.285929
2.332446
2.314013
2.343128
2.411999
2.364458
2.303582
2.252294
2.269939
2.368241
2.303580
2.299026
2.299644
2.261841
2.231186
2.230460
2.187713
2.127433
2.086995
1.967502
1.908102
1.874422
1.913125
1.822665
1.845854
1.903066
1.893553
1.860756
1.820169
1.809232
1.815494
1.739161
1.831541
1.763807
1.827489
1.778801
1.834042
1.818114
1.795071
1.753829
1.756175
1.770201
1.744373
1.701673
1.715473
1.751078
1.690025
1.693359
1.753697
1.778287
1.754851
1.710407
1.753099
1.723912
1.669594
1.700845
1.697508
1.650952
1.664555
1.659725
1.691949
1.703208
1.706782
1.736987
1.716894
1.725224
1.720691
1.652699
1.697966
1.697896
1.684329
1.723967
1.694023
1.731435
1.709526
1.666310
1.702756
1.643153
1.687375
1.662370
1.645537
1.646734
1.609601
1.638081
1.646826
1.608818
1.632838
1.643196
1.596484
1.638582
1.614772
1.629691
1.605873
1.621330
1.617946
1.622621
1.622111
1.603511
1.594010
1.651520
1.653376
1.632744
1.606264
1.650479
1.652551
1.605477
1.601748
1.656973
1.624850
1.610701
1.590861
1.638168
1.600416
1.619097
1.619826
1.605487
1.608921
1.629362
1.612101
1.624379
1.604415
1.612350
1.616784
1.608733
1.604773
1.620000
1.627980
1.622537
1.601088
1.600168
1.608284
1.591527
1.614148
1.618308
1.656396
1.678414
1.659614
1.671256
1.683124
1.716333
1.664168
1.669456
1.694985
1.702915
1.657569
1.646235
1.632653
1.625947
1.610856
1.616070
1.619544
1.576432
1.594591
1.628016
1.624136
1.629982
1.626681
1.665288
1.668810
1.675299
1.679204
1.615402
1.594996
1.576982
1.627464
1.576069
1.624609
1.617427
1.660055
1.645452
1.622506
1.596628
1.574523
1.647014
1.582130
1.577299
1.602863
1.684650
1.625293
1.607765
1.594332
1.564584
1.583509
1.565241
1.581708
1.596234
1.602507
1.602324
1.598566
1.602414
1.575841
1.602968
1.560850
1.611139
1.616041
1.587946
1.631385
1.614619
1.593379
1.608262
1.593817
1.565335
1.592518
1.577301
1.610786
1.590395
1.580715
1.590579
1.562883
1.579268
1.560247
1.562759
1.555681
1.606673
1.610219
1.621075
1.587615
1.595535
1.553319
1.566505
1.595612
1.597709
1.569042
1.597382
1.582485
1.577804
1.598887
1.587033
1.565890
1.550321
1.569598
1.559868
1.621446
1.543278
1.538401
1.549167
1.563061
1.595982
1.581136
1.571125
1.573459
1.573206
1.585294
1.565179
1.578658
1.635560
1.572725
1.627839
1.559989
1.541485
1.555414
1.506500
1.542264
1.547141
1.552655
1.556995
1.577824
1.572366
1.562032
1.563340
1.558523
1.543844
1.587473
1.601912
1.566042
1.515307
1.539791
1.564566
1.520303
1.568339
1.588788
1.546264
1.598921
1.586049
1.582816
1.559033
1.543049
1.567706
1.536889
1.538190
1.565413
1.566713
1.564115
1.593117
1.559104
1.547350
1.554976
1.546139
1.571136
1.551769
1.539719
1.544626
1.546693
1.530681
1.553853
1.527682
1.528685
1.551318
1.588268
1.576650
1.532821
1.553083
1.523844
1.547319
1.553719
1.574510
1.578051
1.576678
1.583313
1.573772
1.533086
1.526250
1.541002
1.537826
1.567320
1.555433
1.576487
1.547298
1.541525
1.579723
1.569308
1.526139
1.541592
1.512979
1.524516
1.536903
1.524640
1.594431
1.526470
1.548544
1.561222
1.524894
1.554119
1.554970
1.537558
1.547392
1.542947
1.549838
1.561933
1.553652
1.538484
1.539504
1.544776
1.543265
1.553112
1.551461
1.574387
1.549770
1.523467
1.563650
1.522363
1.549661
1.543176
1.558136
1.554835
1.530680
1.541002
1.528913
1.551612
1.535839
1.518430
1.523464
1.537349
1.530547
1.529389
1.554482
1.530942
1.558024
1.529658
1.535230
1.532821
1.514287
1.516420
1.552416
1.531334
1.561663
1.556402
1.593413
1.539737
1.528934
1.532069
1.530756
1.529347
1.526112
1.530559
1.534731
1.587181
1.545090
1.541167
1.533793
1.523163
1.556508
1.567653
1.566476
1.551111
1.540046
1.545713
1.546589
1.520365
1.539896
1.512819
1.517413
1.531395
1.535980
1.521798
1.511283
1.511767
1.497357
1.522029
1.521390
1.536236
1.564020
1.559128
1.566108
1.572530
1.540762
1.527246
1.511442
1.530621
1.525729
1.530231
1.530589
1.535492
1.540131
1.527052
1.542004
1.541745
1.532665
1.561290
1.511043
1.513414
1.550871
1.550366
1.523261
1.530446
1.539958
1.521503
1.539617
1.520593
1.537272
1.541709
1.506250
1.502279
1.542564
1.552867
1.520477
1.554555
1.524046
1.533751
1.529260
1.535833
1.535614
1.521172
1.524775
1.520600
1.555745
1.527846
1.538474
1.532760
1.514669
1.541796
1.514328
1.526038
1.530232
1.525300
1.526162
1.556460
1.512928
1.529421
1.533836
1.525892
1.525215
1.525801
1.537267
1.545908
1.517683
1.560882
1.531678
1.520844
1.522067
1.524052
1.525609
1.526811
1.513217
1.540944
1.538183
