2.304626
2.299205
2.296567
2.286365
2.286719
2.275175
2.258025
2.241922
2.226378
2.244450
2.178840
2.184780
2.143919
2.105892
2.074141
2.037613
2.007234
1.933121
1.889160
1.849050
1.837635
1.777025
1.777000
1.785886
1.751021
1.768438
1.682207
1.748296
1.703787
1.678333
1.692407
1.643745
1.663077
1.682727
1.647730
1.682272
1.634047
1.645570
1.639022
1.638897
1.658348
1.642206
1.615470
1.601271
1.633195
1.621578
1.619515
1.599699
1.599620
1.607647
1.652970
1.616678
1.578802
1.602079
1.615372
1.592045
1.623537
1.559851
1.568205
1.612437
1.616463
1.600491
1.554566
1.557339
1.603374
1.622662
1.570178
1.629431
1.587238
1.589837
1.549812
1.572104
1.569527
1.601624
1.566753
1.585903
1.602618
1.571701
1.606499
1.557303
1.581007
1.556182
1.575295
1.613750
1.560996
1.562434
1.598939
1.562171
1.569269
1.556557
1.588363
1.566473
1.606779
1.572834
1.568108
1.560700
1.564619
1.568498
1.545720
1.566496
1.571689
1.565776
1.568771
1.587053
1.537294
1.555217
1.561597
1.547710
1.551872
1.593494
1.568567
1.552804
1.554401
1.570431
1.563051
1.568791
1.565453
1.573104
1.574437
1.554186
1.583927
1.549428
1.563226
1.533275
1.555222
1.556129
1.553654
1.592158
1.559915
1.545181
1.560329
1.554482
1.563806
1.532186
1.551007
1.546924
1.555594
1.552487
1.540988
1.539926
1.568221
1.550346
1.549374
1.575940
1.538715
1.540206
1.572486
1.548860
1.564173
1.547837
1.551893
1.557708
1.574390
1.536557
1.531140
1.540666
1.573752
1.552228
1.554948
1.524656
1.534041
1.574417
1.555639
1.547394
1.516530
1.567375
1.534403
1.545126
1.553592
1.542318
1.543297
1.558497
1.560210
1.563689
1.553687
1.538294
1.534502
1.536756
1.567639
1.529353
1.558717
1.515029
1.554623
1.551662
1.556611
1.514522
1.523292
1.522533
1.552624
1.521811
1.520058
1.542769
1.544128
1.563051
1.551999
1.525400
1.574098
1.516944
1.541332
1.530956
1.533418
1.562708
1.530791
1.544265
1.558576
1.545140
1.545712
1.548257
1.511046
1.522200
1.531922
1.526133
1.534427
1.526620
1.528034
1.541705
1.516444
1.527184
1.536172
1.541787
1.538452
1.522849
1.543815
1.532404
1.540156
1.518059
1.516193
1.517690
1.520604
1.507926
1.546522
1.525586
1.543947
1.524388
1.541116
1.553653
1.530251
1.532478
1.533986
1.530306
1.515244
1.518158
1.540284
1.539149
1.526428
1.531816
1.532323
1.536499
1.499452
1.515924
1.528932
1.518439
1.519667
1.541032
1.508568
1.550364
1.533812
1.525806
1.509597
1.516889
1.527053
1.530804
1.534409
1.530898
1.520792
1.519224
1.527354
1.518046
1.504360
1.514631
1.537659
1.542494
1.505976
1.525236
1.533428
1.532760
1.516714
1.515667
1.516635
1.523324
1.517916
1.527841
1.520800
1.511222
1.550752
1.518694
1.541764
1.504504
1.528544
1.505083
1.543961
1.512644
1.499559
1.524261
1.517614
1.525901
1.528691
1.520747
1.533715
1.505815
1.539008
1.519190
1.513304
1.504313
1.516370
1.540921
1.519569
1.520922
1.522126
1.525723
1.502816
1.502489
1.504125
1.528726
1.527182
1.505108
1.511143
1.534841
1.538022
1.495880
1.512354
1.515715
1.503922
1.524173
1.517870
1.518723
1.521290
1.513240
1.537926
1.503662
1.519580
1.495150
1.515454
1.501806
1.538235
1.502643
1.524548
1.513628
1.510361
1.515377
1.552350
1.559215
1.532164
1.502037
1.510878
1.529561
1.515820
1.535612
1.533332
1.513954
1.524940
1.490228
1.493163
1.505459
1.519749
1.504082
1.530661
1.513029
1.514373
1.524385
1.532338
1.511723
1.525633
1.514442
1.518641
1.488206
1.497063
1.524301
1.505377
1.506272
1.516855
1.488605
1.526807
1.514031
1.536215
1.525946
1.507231
1.498668
1.501669
1.518343
1.535373
1.530689
1.495923
1.528354
1.495599
1.506335
1.511019
1.520940
1.500101
1.515295
1.496658
1.505105
1.493474
1.527054
1.503566
1.509558
1.486741
1.522813
1.533090
1.517395
1.547504
1.528803
1.513186
1.490252
1.479854
1.491697
1.510016
1.500833
1.506988
1.495354
1.541873
1.501831
1.500205
1.504768
1.499123
1.524790
1.526071
1.538730
1.497648
1.534818
1.509776
1.502308
1.509926
1.502677
1.503420
1.496165
1.497170
1.516692
1.517523
1.499597
1.521352
1.509884
1.500956
1.541168
1.486378
1.502167
1.528545
1.501769
1.501942
1.509529
1.509114
1.513403
1.492285
1.501037
1.499254
1.540280
1.519578
1.504880
1.523706
1.517595
1.507183
1.507355
1.499234
1.507954
1.505948
1.490203
1.496137
1.500240
1.490089
1.488902
1.502820
1.504647
1.503631
1.525455
1.496560
1.510547
1.525873
1.488437
1.513676
1.521355
1.512699
1.498021
1.497472
1.494146
1.506875
1.525836
1.515384
1.525101
1.515567
1.520308
1.526514
1.518422
1.507828
1.488984
1.494511
1.491412
1.484133
1.501559
1.508027
1.522492
1.510370
1.514205
1.505898
1.485649
1.505406
1.496733
1.494173
1.508947
1.492006
1.504173
