2.305517
2.306549
2.298644
2.283497
2.245046
2.189692
2.100666
2.080888
2.176604
2.255019
2.273197
2.281565
2.294696
2.300378
2.299973
2.300883
2.302557
2.302255
2.302212
2.301808
2.301484
2.302010
2.301426
2.299761
2.298369
2.297296
2.298969
2.296555
2.298778
2.295290
2.299585
2.297717
2.295777
2.294351
2.295343
2.298491
2.294051
2.293033
2.295718
2.297962
2.297264
2.295192
2.295384
2.293319
2.297871
2.295110
2.297562
2.295521
2.295894
2.299481
2.298867
2.297012
2.296071
2.296252
2.297424
2.299389
2.296288
2.295983
2.295834
2.294674
2.296839
2.295212
2.296562
2.295271
2.299119
2.293333
2.296939
2.295299
2.296609
2.296268
2.297532
2.295158
2.298253
2.295465
2.297488
2.298487
2.298559
2.296972
2.296613
2.298643
2.296299
2.297520
2.297498
2.296353
2.295864
2.298035
2.293428
2.296681
2.298179
2.296105
2.296627
2.298212
2.296093
2.296529
2.297677
2.294991
2.297694
2.298024
2.296683
2.294549
2.299491
2.299547
2.296665
2.297885
2.297193
2.298166
2.295151
2.297944
2.297347
2.297122
2.297358
2.296683
2.296104
2.297970
2.297595
2.298307
2.296742
2.298070
2.299699
2.297493
2.296717
2.295163
2.297838
2.299956
2.297547
2.295877
2.297364
2.297244
2.297889
2.298143
2.297954
2.299627
2.293589
2.296709
2.297464
2.296013
2.298458
2.299328
2.300731
2.299949
2.297039
2.295733
2.296642
2.295125
2.297317
2.298747
2.297649
2.298919
2.296987
2.297291
2.298713
2.297718
2.299307
2.300257
2.296832
2.297824
2.299213
2.298941
2.297210
2.299007
2.298690
2.294409
2.297869
2.297957
2.297315
2.297395
2.298697
2.298854
2.296624
2.297596
2.300023
2.296359
2.297398
2.298797
2.297721
2.296202
2.296489
2.298088
2.297838
2.297267
2.297953
2.297903
2.296808
2.298034
2.297495
2.295192
2.297017
2.299279
2.297215
2.298624
2.296751
2.297262
2.298434
2.297569
2.296858
2.297323
2.296833
2.297769
2.298283
2.298946
2.298277
2.299493
2.298452
2.298451
2.298137
2.296434
2.299010
2.295117
2.297933
2.296439
2.296090
2.299149
2.297781
2.298635
2.295282
2.296921
2.298171
2.297971
2.295491
2.296548
2.297487
2.297198
2.295832
2.296132
2.297025
2.299221
2.296918
2.299436
2.297647
2.297462
2.298251
2.297586
2.298052
2.297504
2.296486
2.295817
2.297268
2.298979
2.298868
2.297005
2.298551
2.296255
2.299277
2.298005
2.298481
2.295042
2.297733
2.296841
2.297712
2.297637
2.297743
2.297075
2.296836
2.296062
2.296129
2.299265
2.296541
2.296825
2.296225
2.298195
2.299513
2.295218
2.298247
2.297672
2.296671
2.293105
2.296557
2.298128
2.297516
2.298392
2.298245
2.297396
2.296412
2.296351
2.295996
2.296617
2.298965
2.295452
2.297337
2.297400
2.298552
2.297540
2.298125
2.297694
2.297847
2.297549
2.297961
2.298538
2.298232
2.296268
2.297444
2.298698
2.296137
2.295351
2.295911
2.297286
2.296807
2.296463
2.295792
2.296990
2.295357
2.297515
2.295604
2.295583
2.297428
2.296105
2.297166
2.295333
2.295788
2.298135
2.296825
2.296200
2.296810
2.297090
2.293605
2.292707
2.295966
2.296679
2.296572
2.296413
2.295919
2.297686
2.297095
2.297289
2.295165
2.295751
2.296859
2.296604
2.296628
2.299577
2.296688
2.297057
2.297022
2.296010
2.294246
2.296509
2.295521
2.293176
2.296083
2.296607
2.296098
2.295494
2.298104
2.294868
2.296602
2.295187
2.295605
2.296201
2.296571
2.296674
2.296822
2.296028
2.295455
2.294775
2.295890
2.294912
2.295356
2.296537
2.297004
2.297004
2.296273
2.294666
2.294269
2.296061
2.294704
2.295224
2.296932
2.296983
2.296830
2.294142
2.296169
2.296053
2.297106
2.296467
2.296689
2.298040
2.296332
2.296331
2.297346
2.295795
2.296377
2.297747
2.298431
2.296763
2.297476
2.297963
2.296398
2.293059
2.295664
2.293898
2.296917
2.296849
2.293761
2.296832
2.296540
2.296816
2.295676
2.296099
2.296685
2.294083
2.295153
2.297170
2.295775
2.296046
2.294397
2.295118
2.293482
2.294600
2.295187
2.296511
2.296683
2.294041
2.296898
2.294377
2.295749
2.294919
2.295700
2.293584
2.293934
2.294297
2.297033
2.297193
2.294789
2.294360
2.293427
2.296349
2.293750
2.297135
2.296926
2.294384
2.295151
2.295178
2.296269
2.297708
2.294940
2.294427
2.295474
2.295337
2.293463
2.296162
2.296852
2.294898
2.295544
2.294334
2.297295
2.294870
2.295393
2.296285
2.294542
2.295786
2.296707
2.294469
2.294821
2.295290
2.296449
2.297070
2.296541
2.295076
2.297119
2.294854
2.293586
2.296901
2.293649
2.295681
2.295654
2.294309
2.295851
2.296108
2.295554
2.294979
2.294009
2.293635
2.295457
2.294711
2.295871
2.296284
2.296395
2.295150
2.291165
2.292855
2.293885
2.296284
2.294565
2.295528
2.295972
2.294423
2.296364
2.295902
2.293806
2.293191
2.296395
2.295901
2.295312
2.297860
2.294943
2.296195
2.295316
2.293354
2.296365
2.293599
