2.304260
2.301817
2.293902
2.261261
2.295106
2.296064
2.306428
2.281374
2.247070
2.197977
2.168582
2.101989
2.171825
2.188801
2.271811
2.269442
2.204382
2.156055
2.029091
2.261991
2.476669
2.310428
2.068695
2.176547
2.330721
2.291846
2.390836
2.384093
2.161696
1.917432
1.818187
1.773662
1.764037
1.758626
1.736151
1.743905
1.708138
1.664803
1.717657
1.785338
1.859101
1.884706
1.882838
1.858796
1.821075
1.814645
1.750894
1.775794
1.798095
1.758379
1.736363
1.749727
1.768880
1.752887
1.752660
1.724196
1.743821
1.742361
1.709237
1.722687
1.734927
1.696620
1.727448
1.723731
1.725033
1.708391
1.707329
1.717955
1.709843
1.719403
1.720742
1.709990
1.682463
1.713467
1.717083
1.755682
1.705831
1.696977
1.700334
1.664889
1.689354
1.677494
1.677364
1.658213
1.707668
1.657780
1.680940
1.677593
1.684761
1.647290
1.669231
1.635456
1.668912
1.625122
1.667078
1.654823
1.636317
1.659306
1.661948
1.624120
1.651210
1.634605
1.623384
1.642932
1.634627
1.664858
1.606228
1.642609
1.646193
1.665698
1.593810
1.642070
1.616606
1.634944
1.666966
1.616997
1.605610
1.629274
1.627847
1.649028
1.653487
1.600766
1.619139
1.603493
1.628705
1.604500
1.597922
1.619646
1.611499
1.605959
1.610697
1.602757
1.611741
1.608003
1.629827
1.615458
1.592243
1.624444
1.579352
1.596804
1.576757
1.615994
1.600586
1.634829
1.606686
1.601521
1.608009
1.635688
1.573454
1.566063
1.586358
1.557597
1.615650
1.617273
1.613665
1.604489
1.606228
1.604762
1.598614
1.585570
1.606919
1.583383
1.555778
1.589923
1.584127
1.596015
1.587133
1.592421
1.580002
1.574762
1.573006
1.584655
1.580185
1.561368
1.598243
1.565998
1.547701
1.584070
1.566506
1.546915
1.574833
1.595523
1.595277
1.551391
1.559914
1.580314
1.574289
1.531533
1.575034
1.555242
1.542588
1.570071
1.538893
1.575752
1.556949
1.571599
1.588380
1.557473
1.567492
1.549452
1.569930
1.572902
1.566726
1.559679
1.555811
1.558203
1.548800
1.541533
1.550766
1.576587
1.540338
1.600947
1.528185
1.527775
1.568033
1.552196
1.555661
1.574572
1.549767
1.540286
1.555894
1.561975
1.545660
1.520803
1.563187
1.555691
1.559703
1.559783
1.566613
1.534360
1.562500
1.562829
1.548178
1.574480
1.550390
1.549181
1.551496
1.550303
1.517701
1.530140
1.529596
1.535320
1.549426
1.582745
1.536666
1.531932
1.548229
1.537153
1.538266
1.548832
1.539794
1.524629
1.551900
1.527729
1.538595
1.559816
1.545059
1.532217
1.552474
1.516715
1.520177
1.515532
1.514767
1.533562
1.520695
1.558859
1.554714
1.522691
1.527083
1.524030
1.546935
1.536971
1.539711
1.538153
1.543359
1.522917
1.521798
1.512344
1.539704
1.513147
1.530044
1.525295
1.532414
1.538983
1.523153
1.513796
1.522386
1.524373
1.577775
1.579863
1.526358
1.499649
1.548750
1.534123
1.516675
1.527599
1.541656
1.536084
1.540015
1.524490
1.526126
1.523956
1.505330
1.519059
1.527800
1.517917
1.532871
1.535674
1.518114
1.507878
1.502948
1.543268
1.556922
1.517296
1.523113
1.530682
1.515314
1.534587
1.539515
1.524729
1.531325
1.516405
1.522784
1.547082
1.520551
1.517049
1.510411
1.522975
1.522662
1.517495
1.516508
1.516850
1.544447
1.498484
1.520673
1.530346
1.556852
1.536267
1.510890
1.522887
1.513073
1.532634
1.525627
1.519086
1.518362
1.530379
1.523801
1.494127
1.507590
1.543522
1.493168
1.511084
1.541528
1.525346
1.554493
1.519305
1.519016
1.511548
1.500434
1.527008
1.551112
1.529795
1.510363
1.511428
1.498215
1.512991
1.493557
1.517672
1.502312
1.496005
1.514823
1.516935
1.518165
1.511050
1.514187
1.528301
1.530507
1.523015
1.519902
1.534722
1.530256
1.502723
1.510170
1.513694
1.516819
1.515653
1.527786
1.513507
1.524579
1.541724
1.534126
1.488331
1.497086
1.496616
1.520763
1.507378
1.497385
1.515875
1.499228
1.514650
1.540542
1.515737
1.500875
1.506657
1.522022
1.510867
1.539470
1.533526
1.501041
1.534620
1.507116
1.503691
1.510217
1.535454
1.505126
1.497610
1.524869
1.488427
1.504139
1.519313
1.505355
1.508042
1.515080
1.522672
1.506651
1.504675
1.508006
1.517105
1.498452
1.505338
1.513466
1.537313
1.495350
1.531286
1.519425
1.500553
1.502256
1.503712
1.499099
1.517803
1.511207
1.515134
1.499350
1.497137
1.488922
1.505757
1.496687
1.543944
1.522893
1.528647
1.503283
1.496292
1.491232
1.520694
1.505820
1.497052
1.492029
1.485626
1.507101
1.520059
1.513454
1.506903
1.490590
1.513899
1.506091
1.496368
1.490243
1.505663
1.518127
1.506313
1.511146
1.509492
1.488670
1.512819
1.510202
1.520900
1.490871
1.520404
1.508319
1.495932
1.508610
1.511209
1.486268
1.517912
1.497400
1.516145
1.514475
1.494009
1.511824
1.512816
1.487235
1.507533
1.539799
1.518434
1.490276
1.519120
1.507457
1.521160
1.511716
1.500072
