2.305658
2.292322
2.298379
2.293544
2.295319
2.301870
2.295825
2.287078
2.278269
2.281569
2.278608
2.285991
2.270621
2.284307
2.271707
2.267258
2.267607
2.264328
2.262609
2.253307
2.235054
2.232538
2.221677
2.201573
2.181964
2.188404
2.209313
2.209914
2.204513
2.199017
2.178985
2.138307
2.108014
2.067806
2.012426
1.984096
1.964916
1.941444
1.909768
1.923405
1.908601
1.942835
1.948819
2.001654
1.957303
1.920572
1.893302
1.885304
1.864859
1.854126
1.809936
1.798990
1.829088
1.822606
1.807397
1.840100
1.790397
1.809617
1.799714
1.769405
1.778729
1.807701
1.757936
1.791115
1.786407
1.740915
1.768228
1.756367
1.751119
1.751335
1.762123
1.750737
1.729383
1.733220
1.737116
1.704275
1.679920
1.722624
1.766731
1.720705
1.739472
1.699421
1.704877
1.710894
1.700243
1.689535
1.695784
1.718684
1.702459
1.699926
1.725235
1.686547
1.686906
1.712191
1.725384
1.691190
1.694228
1.690986
1.709312
1.673882
1.684798
1.686080
1.670674
1.676783
1.677954
1.688186
1.657908
1.644836
1.658004
1.717530
1.673301
1.679726
1.667925
1.660679
1.667119
1.655212
1.661837
1.657060
1.676288
1.670171
1.692345
1.663185
1.677509
1.654405
1.642793
1.656608
1.668903
1.644410
1.660047
1.632432
1.682773
1.677688
1.661211
1.661892
1.664934
1.654482
1.634530
1.647319
1.650761
1.644583
1.643807
1.658977
1.632017
1.649717
1.649348
1.648204
1.646953
1.676940
1.669345
1.658680
1.663411
1.631946
1.626410
1.623870
1.659523
1.628137
1.605312
1.638967
1.623751
1.670408
1.621418
1.656644
1.609451
1.622789
1.643111
1.611694
1.633475
1.654148
1.626534
1.608431
1.607078
1.624711
1.622061
1.634721
1.607711
1.613402
1.625147
1.651483
1.635083
1.644372
1.593516
1.631934
1.651676
1.609595
1.627276
1.605475
1.622452
1.617305
1.622685
1.622588
1.603972
1.609692
1.613771
1.640224
1.603523
1.614186
1.611162
1.624083
1.649857
1.634190
1.638043
1.588328
1.602045
1.619344
1.614098
1.625132
1.613117
1.599309
1.595195
1.629960
1.616987
1.587812
1.590110
1.589916
1.608403
1.606120
1.601501
1.595450
1.600916
1.606175
1.624921
1.598476
1.583408
1.568121
1.567317
1.591509
1.600273
1.607348
1.613671
1.583022
1.604582
1.587743
1.594787
1.581574
1.586602
1.577841
1.582883
1.589655
1.591371
1.599552
1.556695
1.568846
1.570867
1.582235
1.588738
1.568197
1.591097
1.619796
1.591770
1.563591
1.584969
1.597611
1.603848
1.565821
1.592229
1.590443
1.599571
1.591680
1.610902
1.600791
1.583348
1.590903
1.594651
1.599986
1.575250
1.583329
1.574758
1.599072
1.571784
1.577538
1.566347
1.580493
1.605985
1.554336
1.575001
1.570561
1.599936
1.561013
1.573149
1.566743
1.546123
1.601071
1.567789
1.582198
1.574121
1.590083
1.565673
1.573088
1.558068
1.604601
1.583063
1.567999
1.570872
1.568739
1.593257
1.580406
1.562300
1.571273
1.593347
1.571087
1.576647
1.556865
1.575274
1.518555
1.577418
1.544044
1.534216
1.596595
1.557163
1.563491
1.579735
1.563218
1.582459
1.589406
1.535626
1.554867
1.573843
1.579681
1.552930
1.572397
1.581384
1.568346
1.554212
1.552184
1.584536
1.547336
1.594998
1.558858
1.552721
1.586020
1.547033
1.539054
1.572899
1.561129
1.574046
1.562956
1.546204
1.557777
1.563066
1.600470
1.559791
1.549954
1.546815
1.564042
1.589279
1.583940
1.544674
1.554047
1.571761
1.539899
1.557705
1.570102
1.552431
1.558629
1.558369
1.541922
1.559352
1.569774
1.561683
1.557729
1.558643
1.562284
1.555494
1.548755
1.545565
1.555877
1.551114
1.529239
1.556404
1.561988
1.560346
1.559609
1.595596
1.559521
1.547483
1.554811
1.560027
1.569144
1.524512
1.529286
1.551671
1.575220
1.560960
1.567778
1.552294
1.564020
1.539780
1.549043
1.565544
1.564827
1.544191
1.550127
1.561541
1.564643
1.539105
1.530770
1.562381
1.567035
1.540027
1.551163
1.531575
1.556571
1.541751
1.544127
1.558841
1.556491
1.535839
1.549883
1.539050
1.542225
1.527838
1.563745
1.551531
1.546456
1.553633
1.565917
1.543651
1.545460
1.532039
1.537020
1.560231
1.570957
1.540245
1.534574
1.540859
1.550631
1.557432
1.544267
1.554896
1.548479
1.530122
1.548338
1.539602
1.553241
1.548860
1.565302
1.548029
1.529429
1.550067
1.532357
1.568282
1.564724
1.540168
1.547614
1.551056
1.533695
1.556288
1.545596
1.522736
1.565913
1.528982
1.537222
1.529743
1.542610
1.538261
1.539164
1.521858
1.562500
1.543734
1.544439
1.520656
1.546252
1.541773
1.545802
1.549903
1.525035
1.545879
1.544685
1.526039
1.560462
1.537552
1.534002
1.553572
1.529766
1.520423
1.537456
1.529085
1.534469
1.532779
1.540920
1.550184
1.532740
1.536037
1.552869
1.529493
1.543285
1.570574
1.531339
1.544688
1.533085
1.531040
1.547611
1.519875
1.562126
1.540086
1.561164
1.516631
1.554047
1.526896
1.522135
