2.308166
2.305145
2.301050
2.296249
2.300189
2.308530
2.303587
2.292875
2.286793
2.267890
2.270870
2.281649
2.261542
2.220503
2.155318
2.109987
2.090005
1.975364
1.953427
1.969246
1.813579
1.786306
1.783799
1.822370
1.831532
1.724178
1.718470
1.681047
1.675580
1.684087
1.624441
1.678152
1.657405
1.681013
1.654270
1.635044
1.586688
1.610274
1.628201
1.595157
1.601601
1.584780
1.604792
1.646457
1.612550
1.616829
1.599825
1.571522
1.596354
1.573241
1.568667
1.557283
1.575256
1.573836
1.594639
1.584840
1.572792
1.584864
1.569821
1.593580
1.572010
1.570682
1.568595
1.566120
1.544459
1.562503
1.564302
1.528640
1.549871
1.557877
1.558275
1.569957
1.564980
1.547513
1.557446
1.565674
1.564783
1.551450
1.547754
1.568523
1.535842
1.558908
1.526543
1.562356
1.556522
1.570665
1.528921
1.535089
1.536250
1.563032
1.540034
1.566400
1.561475
1.534631
1.544472
1.511019
1.547642
1.536782
1.546677
1.545822
1.549474
1.573603
1.534143
1.542709
1.528079
1.527753
1.524344
1.531285
1.518589
1.520900
1.527521
1.525862
1.528497
1.535902
1.531957
1.541361
1.556982
1.551966
1.537472
1.542171
1.540294
1.537707
1.542419
1.532634
1.527492
1.531870
1.518130
1.537948
1.528713
1.537212
1.545173
1.511962
1.528207
1.522839
1.514194
1.519433
1.539655
1.519870
1.540954
1.532364
1.524177
1.528228
1.523779
1.514887
1.526058
1.520380
1.533503
1.516747
1.527645
1.530208
1.525080
1.508294
1.521636
1.518761
1.541924
1.502033
1.529758
1.522735
1.531706
1.519229
1.521391
1.514481
1.513071
1.518179
1.511105
1.524748
1.538044
1.545097
1.538891
1.515818
1.545954
1.532841
1.528597
1.526532
1.511267
1.524705
1.515999
1.522082
1.503783
1.526405
1.513224
1.505174
1.516735
1.540136
1.512074
1.511508
1.508546
1.513493
1.535464
1.521067
1.515937
1.518600
1.514373
1.526559
1.515661
1.507817
1.507717
1.502281
1.512765
1.517403
1.531240
1.525622
1.513152
1.516011
1.527143
1.501297
1.508630
1.512121
1.519919
1.522949
1.522389
1.524162
1.506688
1.528646
1.516942
1.493356
1.505572
1.518488
1.512154
1.511444
1.529274
1.515700
1.527151
1.511506
1.523544
1.516262
1.516590
1.510359
1.515704
1.510919
1.519647
1.502549
1.516099
1.518994
1.510775
1.513271
1.523880
1.513810
1.512132
1.499337
1.500020
1.506862
1.524233
1.511880
1.517322
1.524643
1.510632
1.507839
1.505053
1.509966
1.508207
1.528136
1.522897
1.497650
1.514142
1.518438
1.504982
1.495954
1.520769
1.514690
1.497908
1.505537
1.510009
1.504180
1.516386
1.505762
1.511087
1.511021
1.510115
1.503084
1.507663
1.509984
1.505546
1.500174
1.512420
1.516722
1.516843
1.514516
1.513182
1.510296
1.512791
1.515282
1.498097
1.499232
1.505993
1.514310
1.501262
1.496412
1.501209
1.514642
1.513490
1.498109
1.496375
1.514084
1.524654
1.521640
1.515828
1.513691
1.498762
1.502382
1.530210
1.493477
1.502935
1.505343
1.502216
1.502052
1.492994
1.508407
1.504830
1.514034
1.508889
1.491133
1.497179
1.503157
1.504238
1.501379
1.517995
1.496913
1.511390
1.500494
1.507240
1.507632
1.517783
1.499709
1.494738
1.501527
1.509510
1.532659
1.507208
1.510889
1.511853
1.502696
1.510132
1.521924
1.503960
1.495279
1.519183
1.506008
1.509426
1.494393
1.511001
1.503116
1.505800
1.499456
1.507072
1.500602
1.509031
1.508272
1.510947
1.497265
1.505821
1.503098
1.510511
1.505687
1.498554
1.525512
1.500791
1.504523
1.501866
1.508868
1.508849
1.515888
1.516775
1.504871
1.507686
1.503286
1.513980
1.495895
1.492651
1.533501
1.499121
1.502763
1.494026
1.501532
1.499183
1.501289
1.496734
1.503006
1.516086
1.501371
1.493799
1.493244
1.498808
1.503972
1.509098
1.502852
1.495371
1.501806
1.503173
1.511957
1.496126
1.503517
1.503745
1.506970
1.498802
1.509743
1.494183
1.500850
1.508154
1.515178
1.496924
1.501617
1.494225
1.516927
1.491987
1.499684
1.497759
1.498525
1.494237
1.497685
1.491482
1.492169
1.494311
1.490914
1.490043
1.504291
1.505331
1.500899
1.496428
1.516038
1.499289
1.516996
1.505705
1.519647
1.500149
1.491962
1.502113
1.490672
1.492596
1.518119
1.500838
1.517273
1.501638
1.509480
1.496017
1.501806
1.505227
1.500232
1.504239
1.490916
1.497015
1.494815
1.500511
1.503454
1.510853
1.498608
1.501883
1.492670
1.502798
1.503336
1.494986
1.501299
1.500956
1.493431
1.510236
1.490694
1.500600
1.491102
1.510717
1.495946
1.509869
1.514913
1.498441
1.506226
1.498602
1.512788
1.494196
1.497773
1.500816
1.505898
1.490479
1.499506
1.510157
1.492685
1.497095
1.505439
1.495110
1.501348
1.492457
1.493238
1.496094
1.507849
1.495998
1.502854
1.502986
1.495291
1.497988
1.498945
1.498603
1.512617
1.491670
1.502518
1.501182
1.493477
1.498132
1.484207
1.492519
1.488091
1.499083
1.498677
