2.305317
2.301842
2.301714
2.301866
2.294318
2.294674
2.287642
2.292640
2.280871
2.287480
2.289387
2.299596
2.289804
2.267297
2.207384
2.271588
2.203888
2.088783
2.064009
2.059342
2.079966
2.049571
2.008129
1.974242
1.833928
1.803712
1.754405
1.807844
1.810351
1.823312
1.786817
1.815548
1.814329
1.777064
1.799894
1.789355
1.900505
1.821855
1.804525
1.758644
1.785614
1.755639
1.738675
1.689233
1.680213
1.737919
1.729221
1.723361
1.721254
1.730587
1.707454
1.710762
1.744609
1.730460
1.730838
1.707355
1.716628
1.722322
1.698820
1.681340
1.687750
1.650645
1.633785
1.659863
1.665183
1.662668
1.626169
1.652783
1.632132
1.618601
1.635029
1.648381
1.613714
1.629941
1.624812
1.659575
1.596643
1.626418
1.647799
1.642693
1.576930
1.616148
1.611330
1.611826
1.611282
1.645622
1.599966
1.585192
1.661326
1.589896
1.622883
1.608069
1.581338
1.619670
1.597695
1.615017
1.580155
1.570979
1.593399
1.577881
1.575932
1.600328
1.592531
1.572376
1.593040
1.584452
1.584195
1.558336
1.587484
1.557402
1.554995
1.571101
1.566188
1.565003
1.584476
1.567047
1.562699
1.592762
1.581865
1.561792
1.598274
1.564068
1.568668
1.554568
1.554822
1.561864
1.563336
1.544026
1.541534
1.553805
1.560978
1.579648
1.554498
1.547484
1.550179
1.552698
1.561762
1.592605
1.544949
1.551067
1.565035
1.535622
1.543638
1.570177
1.549963
1.577650
1.548793
1.554365
1.528864
1.541469
1.538295
1.570671
1.560730
1.545504
1.527142
1.541957
1.534735
1.582161
1.525918
1.556455
1.542893
1.541322
1.552797
1.533504
1.552234
1.549264
1.534041
1.552668
1.546567
1.524171
1.525410
1.554844
1.530810
1.519415
1.547700
1.535843
1.549842
1.517323
1.528693
1.523944
1.516391
1.538771
1.545615
1.523595
1.523620
1.521054
1.534601
1.534917
1.542684
1.502228
1.541690
1.528777
1.496951
1.531585
1.532321
1.535401
1.552275
1.520545
1.521552
1.543111
1.540783
1.546297
1.515271
1.535933
1.545664
1.524754
1.505547
1.527621
1.539260
1.522532
1.514379
1.524408
1.524112
1.540448
1.521416
1.537273
1.520551
1.517476
1.527732
1.521862
1.502562
1.518147
1.510590
1.526842
1.516900
1.514424
1.526839
1.519072
1.530235
1.542700
1.534485
1.541959
1.530497
1.516268
1.506766
1.506030
1.515199
1.542362
1.511195
1.505764
1.517576
1.526289
1.515657
1.534915
1.523649
1.517130
1.521635
1.498977
1.521641
1.504856
1.511052
1.515581
1.491554
1.525448
1.516806
1.520516
1.526316
1.506714
1.501779
1.518046
1.527616
1.513669
1.520247
1.501464
1.522169
1.510726
1.495261
1.527714
1.501743
1.515054
1.498304
1.517622
1.526276
1.519961
1.518001
1.518626
1.525111
1.497558
1.522586
1.500524
1.500556
1.505175
1.514902
1.506272
1.506272
1.514646
1.502250
1.505511
1.514752
1.521281
1.503654
1.522560
1.511534
1.520957
1.503505
1.519692
1.534202
1.514515
1.493258
1.500283
1.526154
1.525354
1.493635
1.499149
1.496867
1.518766
1.508032
1.527304
1.502959
1.505572
1.515050
1.513038
1.504659
1.495547
1.507417
1.491073
1.521958
1.503886
1.506448
1.512311
1.522425
1.492149
1.531490
1.490310
1.521617
1.499832
1.510355
1.488263
1.510620
1.509148
1.507377
1.507718
1.505184
1.504454
1.489931
1.508228
1.495535
1.497667
1.519305
1.503034
1.508069
1.509029
1.512546
1.516486
1.500642
1.519633
1.490774
1.500863
1.495653
1.516441
1.508557
1.505669
1.496398
1.502762
1.491607
1.502153
1.500919
1.495067
1.512866
1.489465
1.497495
1.481374
1.490102
1.524822
1.495794
1.501230
1.496833
1.498108
1.500192
1.509031
1.496900
1.489278
1.486632
1.506609
1.497762
1.497710
1.495082
1.490075
1.499271
1.528728
1.496384
1.499596
1.513785
1.507140
1.492854
1.494015
1.527483
1.498130
1.502851
1.497581
1.495979
1.483218
1.483183
1.505151
1.492226
1.502418
1.488529
1.488086
1.491877
1.501526
1.493389
1.501941
1.490247
1.493680
1.487612
1.503633
1.495901
1.496153
1.493551
1.493091
1.484419
1.503101
1.517470
1.478147
1.500270
1.514114
1.486784
1.489422
1.495983
1.498049
1.491996
1.491785
1.489822
1.486243
1.482684
1.487641
1.501586
1.498619
1.511038
1.485158
1.516508
1.496053
1.492509
1.488275
1.487313
1.500501
1.496092
1.481796
1.498264
1.501811
1.488223
1.497501
1.487043
1.490361
1.479969
1.486787
1.492766
1.501288
1.496801
1.505017
1.516810
1.486663
1.494992
1.483634
1.490129
1.498831
1.488562
1.510890
1.483155
1.493526
1.494502
1.483724
1.508028
1.483150
1.474652
1.501432
1.491841
1.492189
1.483044
1.484512
1.498119
1.504086
1.479069
1.483005
1.495541
1.478261
1.502561
1.490969
1.471208
1.498878
1.476984
1.495884
1.491025
1.484948
1.490057
1.490282
1.497940
1.485613
1.485045
1.499156
1.485357
1.474016
1.520238
1.543756
1.486539
1.484866
1.474735
1.491446
1.486231
1.498529
