2.306508
2.305823
2.307418
2.302976
2.305068
2.308120
2.323014
2.340070
2.398046
2.444540
2.461507
2.331132
2.267575
2.239313
2.254613
2.267955
2.262161
2.259829
2.245691
2.260953
2.211653
2.204314
2.174035
2.192858
2.176093
2.208649
2.183826
2.201753
2.144856
2.196730
2.148984
2.111384
2.136164
2.200558
2.252341
2.257492
2.268372
2.275570
2.228709
2.227497
2.212867
2.211880
2.257828
2.220322
2.247372
2.210663
2.229133
2.217894
2.209502
2.183950
2.183795
2.175781
2.205905
2.157975
2.176600
2.133989
2.135438
2.081134
2.061756
2.050582
2.064425
2.099691
2.185728
2.078062
2.072033
2.070243
2.132108
2.208206
2.399148
2.542335
2.528687
2.486550
2.463655
2.413109
2.410666
2.345669
2.356508
2.320451
2.296466
2.310785
2.309680
2.308481
2.316487
2.306817
2.312438
2.309230
2.307540
2.315908
2.331867
2.323044
2.340241
2.403788
2.364546
2.377468
2.417249
2.335465
2.282173
2.149055
2.048986
1.999588
1.976480
1.997869
2.038620
2.039850
2.098629
2.184741
2.082651
2.081245
2.029477
2.196293
2.137673
2.176257
2.171980
2.085701
2.010022
1.963379
2.014596
2.035766
1.982552
1.952937
1.977102
1.904459
1.903773
1.977079
2.134490
2.202516
2.181226
2.036054
2.005558
1.962837
1.970777
1.984282
1.946347
1.922290
1.927123
1.925411
1.909181
1.920308
1.962898
1.947636
1.950913
1.964455
1.953382
1.918158
1.895417
1.895351
1.912553
1.908832
1.909490
1.933266
1.899678
1.919577
1.934619
1.899355
1.845405
1.850943
1.839738
1.848453
1.843735
1.835728
1.844205
1.870007
1.861060
1.890913
1.874327
1.845505
1.839596
1.839769
1.846410
1.847383
1.853979
1.882962
1.832560
1.856199
1.872337
1.854454
1.853186
1.825089
1.810866
1.841662
1.866156
1.846614
1.893143
1.852456
1.815461
1.838310
1.820263
1.834570
1.849275
1.842419
1.852446
1.833225
1.841859
1.812819
1.772217
1.801610
1.788679
1.790649
1.821310
1.837860
1.819070
1.816636
1.799386
1.794861
1.805419
1.773063
1.805666
1.787936
1.783957
1.790881
1.797054
1.796483
1.798903
1.801074
1.757921
1.793680
1.805272
1.817608
1.830397
1.822288
1.810534
1.797938
1.783260
1.779433
1.778911
1.793548
1.795192
1.800020
1.818177
1.805242
1.806744
1.830899
1.784256
1.785617
1.777141
1.771778
1.777539
1.802029
1.816901
1.777150
1.797904
1.797090
1.752676
1.766280
1.784921
1.772829
1.768098
1.770135
1.783633
1.792838
1.786322
1.765697
1.778438
1.757773
1.757633
1.749757
1.773904
1.761961
1.767588
1.773416
1.770870
1.756849
1.799190
1.762117
1.764564
1.764774
1.780181
1.763165
1.775107
1.760830
1.769452
1.744573
1.776504
1.775527
1.745289
1.760492
1.766509
1.780943
1.756961
1.733812
1.750549
1.741974
1.764086
1.758404
1.742267
1.745180
1.745881
1.765084
1.725324
1.765586
1.769693
1.755394
1.767832
1.744243
1.749753
1.764601
1.726541
1.720962
1.793464
1.739555
1.673967
1.673609
1.711115
1.666427
1.674467
1.694794
1.674612
1.701855
1.714077
1.708608
1.710427
1.699310
1.666391
1.646695
1.661865
1.663611
1.687230
1.707383
1.679533
1.740236
1.700065
1.691353
1.700358
1.672875
1.674974
1.679148
1.649435
1.700461
1.657067
1.680371
1.667435
1.689466
1.670446
1.698559
1.686514
1.699315
1.686273
1.696716
1.660611
1.667521
1.674803
1.666400
1.675817
1.701061
1.765163
1.787740
1.774173
1.750416
1.736910
1.718940
1.706250
1.701009
1.687588
1.682053
1.700063
1.668603
1.652937
1.667644
1.700504
1.683258
1.675004
1.717030
1.684233
1.685215
1.720813
1.748564
1.761544
1.715747
1.763303
1.710497
1.668581
1.696103
1.672628
1.690508
1.690760
1.697853
1.668362
1.654927
1.666564
1.695706
1.669844
1.693603
1.701595
1.749600
1.737213
1.746805
1.715998
1.738062
1.713584
1.683517
1.687159
1.703738
1.660349
1.660190
1.665244
1.690574
1.680973
1.640850
1.653814
1.633773
1.638917
1.680107
1.706817
1.698218
1.664889
1.664307
1.665020
1.681273
1.631827
1.645008
1.687178
1.661332
1.683069
1.654911
1.644267
1.672544
1.708256
1.699253
1.641253
1.654909
1.672346
1.669618
1.654856
1.652729
1.647620
1.630411
1.626428
1.651643
1.685274
1.677943
1.661738
1.662823
1.702247
1.668929
1.699903
1.689406
1.695700
1.673722
1.658666
1.639527
1.613052
1.639487
1.618944
1.621705
1.621749
1.662942
1.650248
1.650523
1.707973
1.652468
1.637115
1.669311
1.679387
1.645255
1.675583
1.660486
1.665701
1.639942
1.685668
1.683475
1.671630
1.697650
1.844175
1.837638
1.813784
1.830615
1.722346
1.787083
1.739874
1.770413
1.729674
1.676690
1.696352
1.671560
1.682158
1.659889
1.656548
1.646096
1.681275
1.628795
1.683589
1.691199
1.701336
1.724312
1.696337
1.713839
1.677427
1.699266
1.719364
1.705866
1.702375
1.671191
1.653466
1.624727
1.644320
1.597473
1.592578
1.593094
1.625047
1.653096
