2.299226
2.297466
2.282940
2.286736
2.279818
2.294887
2.226151
2.111833
2.048723
2.012268
1.971114
1.952905
1.879937
1.835950
1.842429
1.800391
1.808854
1.717629
1.746111
1.741847
1.719256
1.690081
1.711382
1.736827
1.674208
1.655395
1.632163
1.652641
1.641217
1.647487
1.671189
1.677284
1.624072
1.592406
1.590443
1.631642
1.619970
1.599204
1.620561
1.632862
1.604987
1.565092
1.600317
1.586061
1.592202
1.580445
1.578808
1.581515
1.589683
1.576459
1.560143
1.562272
1.569682
1.601181
1.557665
1.538083
1.579699
1.573929
1.541730
1.541988
1.541044
1.542462
1.550177
1.569740
1.539943
1.558044
1.551691
1.560302
1.534646
1.556203
1.538713
1.550810
1.556105
1.529651
1.537300
1.552691
1.543663
1.572299
1.538288
1.551010
1.568266
1.556810
1.524899
1.560994
1.545988
1.533127
1.547852
1.532655
1.550357
1.546448
1.542719
1.564738
1.553833
1.537716
1.532515
1.553391
1.606619
1.536089
1.548780
1.578026
1.580061
1.539813
1.536350
1.534706
1.520031
1.530892
1.539587
1.556124
1.535988
1.555945
1.524524
1.530768
1.540336
1.552699
1.525521
1.537550
1.527715
1.563572
1.519135
1.536240
1.511721
1.540191
1.530317
1.511287
1.541803
1.522753
1.551810
1.524892
1.522993
1.521293
1.534722
1.519526
1.539754
1.551622
1.538232
1.518922
1.519919
1.548033
1.517469
1.526450
1.518917
1.544411
1.515737
1.516574
1.513390
1.519414
1.530696
1.542299
1.532971
1.541432
1.560045
1.503921
1.540074
1.527180
1.521107
1.515290
1.534976
1.519071
1.515543
1.520728
1.529725
1.545058
1.530534
1.509655
1.507674
1.511517
1.522163
1.513692
1.526083
1.519617
1.546444
1.524535
1.541313
1.546063
1.521955
1.538760
1.513866
1.508868
1.542851
1.547305
1.519708
1.517779
1.525533
1.510822
1.517866
1.524521
1.532061
1.542541
1.521163
1.520245
1.516421
1.500278
1.515222
1.521904
1.531069
1.533911
1.514289
1.511529
1.512432
1.518966
1.508950
1.534004
1.576223
1.513516
1.537477
1.530767
1.539973
1.544135
1.518147
1.514738
1.511944
1.507971
1.546349
1.535190
1.527197
1.535154
1.524405
1.511178
1.517468
1.529043
1.528546
1.515613
1.554679
1.537223
1.533767
1.513568
1.541290
1.540373
1.529475
1.538376
1.528171
1.552004
1.550331
1.507542
1.537923
1.550876
1.576884
1.559189
1.533973
1.538806
1.517866
1.520060
1.533480
1.547865
1.525518
1.510090
1.533579
1.523981
1.537260
1.511654
1.552933
1.505225
1.508113
1.515093
1.524949
1.498290
1.503024
1.506701
1.506991
1.538796
1.543353
1.511778
1.528141
1.514903
1.534771
1.495468
1.521702
1.519495
1.518405
1.523217
1.510077
1.503896
1.495983
1.513721
1.517515
1.529102
1.532866
1.508638
1.502218
1.500890
1.522558
1.515856
1.495376
1.512435
1.501327
1.503784
1.495524
1.514546
1.500608
1.495427
1.489665
1.526143
1.507073
1.531490
1.502566
1.519847
1.535882
1.527191
1.530706
1.497193
1.491484
1.505742
1.499807
1.490986
1.503288
1.513303
1.508193
1.502252
1.489310
1.514723
1.521453
1.511866
1.504563
1.524781
1.501097
1.504625
1.530357
1.513156
1.523141
1.490149
1.506393
1.507890
1.501505
1.514954
1.514934
1.508699
1.508915
1.517825
1.530571
1.509448
1.524725
1.504549
1.505909
1.496417
1.496134
1.499790
1.515401
1.529526
1.511527
1.497115
1.506606
1.490110
1.520245
1.497169
1.498236
1.503646
1.512008
1.515209
1.506188
1.500624
1.512001
1.502841
1.516974
1.524439
1.517281
1.522026
1.496226
1.502127
1.506264
1.510077
1.514175
1.532606
1.513495
1.516200
1.516216
1.520006
1.505435
1.495585
1.494032
1.523388
1.517492
1.507187
1.508221
1.526740
1.506870
1.492078
1.511436
1.498680
1.508463
1.521306
1.514244
1.517761
1.485455
1.497142
1.493402
1.514378
1.496834
1.498146
1.529074
1.500095
1.501864
1.497370
1.500354
1.496229
1.509389
1.515608
1.510022
1.506391
1.508361
1.519656
1.513860
1.504074
1.515234
1.512037
1.489470
1.505934
1.492455
1.500931
1.497627
1.517702
1.520317
1.492685
1.502820
1.498534
1.511844
1.519754
1.514300
1.487735
1.509284
1.487352
1.509781
1.511386
1.509659
1.511660
1.489961
1.513613
1.522176
1.499595
1.510722
1.511342
1.502494
1.497083
1.515335
1.493792
1.513848
1.527726
1.499384
1.513765
1.528351
1.502306
1.505113
1.530865
1.502718
1.485532
1.512545
1.484271
1.505129
1.504389
1.501677
1.510346
1.501840
1.486343
1.491924
1.493237
1.502869
1.486494
1.497131
1.493077
1.484794
1.485487
1.505013
1.513766
1.498139
1.503803
1.491260
1.486907
1.497268
1.518980
1.498231
1.498441
1.492079
1.484215
1.499723
1.499827
1.502268
1.503698
1.488679
1.512115
1.495235
1.503886
1.495425
1.505406
1.486151
1.504729
1.486375
1.494683
1.487162
1.488266
1.508717
1.507440
1.498952
1.504897
1.505157
1.510296
1.546835
1.494357
1.499035
1.504266
1.502764
1.500637
