2.303345
2.297657
2.282208
2.262928
2.235940
2.229140
2.178036
2.120012
2.102828
2.048766
2.051348
1.995491
2.016334
1.969370
1.941738
1.892468
1.950353
1.947566
1.897439
1.898805
1.890635
1.902293
1.798962
1.791592
1.776987
1.760384
1.772023
1.734113
1.731671
1.659657
1.656884
1.679138
1.658151
1.692832
1.672600
1.616240
1.647868
1.655389
1.649006
1.611583
1.625627
1.635203
1.615509
1.617722
1.612481
1.658595
1.626344
1.639175
1.585069
1.622936
1.619612
1.598375
1.593742
1.610784
1.585343
1.627881
1.595179
1.578434
1.611547
1.602939
1.589131
1.596152
1.607109
1.600642
1.591215
1.589006
1.601386
1.561691
1.586439
1.576552
1.591837
1.582350
1.571186
1.584382
1.616209
1.588989
1.592749
1.600202
1.604218
1.585052
1.591945
1.586534
1.586526
1.601225
1.565054
1.579715
1.586638
1.590983
1.610201
1.600089
1.590408
1.585780
1.575717
1.587067
1.581532
1.568149
1.603746
1.575032
1.586030
1.587749
1.603105
1.581772
1.579135
1.555930
1.581984
1.587678
1.555401
1.575739
1.582468
1.566461
1.548602
1.550956
1.566116
1.561339
1.554990
1.575319
1.584363
1.555850
1.586917
1.557046
1.570308
1.597025
1.578392
1.552372
1.573252
1.589903
1.552993
1.537093
1.582843
1.552251
1.546586
1.550997
1.558288
1.551966
1.556281
1.560616
1.581693
1.563144
1.569253
1.550271
1.561551
1.547757
1.542718
1.567599
1.548199
1.556890
1.553876
1.547130
1.564064
1.556534
1.562165
1.546470
1.543388
1.556422
1.548843
1.577194
1.568415
1.573113
1.563183
1.556450
1.563612
1.558850
1.546998
1.542086
1.563441
1.557297
1.546484
1.550477
1.542441
1.544756
1.541184
1.537127
1.542571
1.537030
1.538466
1.521439
1.535042
1.522879
1.523539
1.553936
1.530317
1.526607
1.522490
1.541878
1.535309
1.555846
1.534050
1.542309
1.539850
1.549431
1.521162
1.533350
1.518798
1.517917
1.526829
1.522812
1.513772
1.509427
1.504299
1.527407
1.528233
1.531331
1.530883
1.525662
1.513117
1.524526
1.512906
1.531576
1.538005
1.522319
1.522908
1.501788
1.530227
1.500168
1.510082
1.517000
1.509766
1.515405
1.498237
1.503470
1.512939
1.535565
1.541237
1.520665
1.517687
1.504391
1.502263
1.511495
1.502018
1.503375
1.514726
1.515755
1.518331
1.504220
1.520159
1.508801
1.518641
1.536830
1.505228
1.507960
1.509487
1.506889
1.537918
1.512020
1.519619
1.508618
1.521805
1.523574
1.501096
1.519727
1.508107
1.521459
1.515230
1.506790
1.527609
1.507980
1.494149
1.507927
1.500774
1.508367
1.495630
1.502451
1.498401
1.494984
1.493605
1.512604
1.507904
1.497241
1.492496
1.505706
1.527418
1.503967
1.490865
1.500714
1.512597
1.500983
1.492929
1.495438
1.488528
1.483405
1.503112
1.502060
1.491721
1.483067
1.488525
1.484670
1.505162
1.488462
1.495629
1.491603
1.492452
1.492763
1.511740
1.532951
1.507312
1.515319
1.516981
1.517933
1.506411
1.516995
1.522229
1.490380
1.497037
1.484147
1.507762
1.482669
1.508638
1.483624
1.515510
1.491601
1.504276
1.493267
1.479804
1.487100
1.486758
1.500790
1.485076
1.484832
1.483486
1.476871
1.475565
1.483005
1.492424
1.501559
1.489359
1.490493
1.495275
1.486492
1.506975
1.499484
1.488833
1.501220
1.500128
1.495247
1.488444
1.490605
1.497771
1.493227
1.496134
1.494096
1.495512
1.502592
1.504123
1.499116
1.506830
1.500633
1.490456
1.479653
1.489669
1.489961
1.485733
1.490287
1.484447
1.505689
1.477668
1.486402
1.485583
1.491799
1.483232
1.493330
1.483212
1.480567
1.480171
1.476741
1.475602
1.482128
1.507586
1.490153
1.481847
1.484538
1.493005
1.474653
1.499985
1.484159
1.488556
1.490906
1.496161
1.471056
1.485759
1.477271
1.477968
1.486745
1.482925
1.485033
1.484879
1.511991
1.488875
1.497468
1.482701
1.479494
1.471918
1.476721
1.486149
1.476374
1.483287
1.485807
1.491472
1.493934
1.479711
1.487025
1.483117
1.480361
1.480630
1.485900
1.472650
1.475311
1.479731
1.474684
1.473306
1.476759
1.489104
1.502222
1.508592
1.489847
1.487033
1.485018
1.493662
1.483254
1.482305
1.469766
1.477085
1.477544
1.483534
1.476183
1.503346
1.498371
1.481231
1.489558
1.489201
1.478657
1.478559
1.504438
1.480003
1.473222
1.486433
1.485628
1.472193
1.483240
1.492876
1.482497
1.473803
1.488011
1.478297
1.485680
1.495615
1.480204
1.491133
1.478799
1.479407
1.489200
1.488653
1.501219
1.481971
1.488569
1.477386
1.489985
1.487732
1.471019
1.484486
1.479532
1.502043
1.493240
1.479547
1.475570
1.475098
1.471700
1.485914
1.486755
1.485649
1.479237
1.494799
1.488475
1.482536
1.489481
1.514444
1.476721
1.478127
1.493179
1.478218
1.484650
1.487996
1.467669
1.483058
1.488492
1.479319
1.479116
1.473389
1.470259
1.478164
1.474208
1.478050
1.480077
1.483235
1.475277
1.474406
1.475616
1.491466
1.476961
1.494181
1.479545
