1.500000
1.500000
1.499740
1.430625
1.156510
0.623333
0.854323
0.590937
0.671615
0.651615
0.551615
0.509635
0.543594
0.542656
0.540104
0.543125
0.488021
0.507031
0.488698
0.474844
0.510625
0.562396
0.561198
0.488095
0.501771
0.489479
0.517448
0.545833
0.506250
0.460000
0.494010
0.483438
0.525937
0.589583
0.521354
0.476927
0.475365
0.476146
0.510833
0.611354
0.666927
0.563542
0.462552
0.416354
0.422188
0.509479
0.594792
0.525238
0.429688
0.524219
0.643750
0.687865
0.540104
0.482135
0.659948
0.641719
0.593802
0.550573
0.561094
0.530000
0.518125
0.467344
0.461927
0.437500
0.429792
0.426667
0.405156
0.433333
0.462917
0.486354
0.455208
0.449405
0.413125
0.424375
0.445677
0.444219
0.527865
0.413854
0.457500
0.452448
0.543958
0.555000
0.457865
0.389792
0.374583
0.376146
0.386146
0.411771
0.420990
0.422969
0.399375
0.445156
0.402708
0.417083
0.446615
0.510595
0.451042
0.435000
0.454323
0.468750
0.420729
0.405104
0.430313
0.392969
0.449740
0.520313
0.513073
0.460469
0.424219
0.441198
0.434792
0.481406
0.373229
0.348958
0.382135
0.428073
0.421250
0.405208
0.419010
0.399286
0.388698
0.380938
0.417083
0.365000
0.395104
0.405938
0.391354
0.367292
0.391615
0.397292
0.390156
0.397760
0.426823
0.382031
0.402292
0.418802
0.400833
0.387083
0.419844
0.372448
0.405833
0.404896
0.414427
0.341548
0.375990
0.361875
0.437552
0.479844
0.391771
0.354531
0.468906
0.503125
0.413281
0.383229
0.348698
0.421563
0.494010
0.401927
0.378698
0.396510
0.397083
0.388802
0.374583
0.387969
0.604531
0.573594
0.412969
0.369762
0.368958
0.379271
0.364948
0.451458
0.462917
0.443594
0.413281
0.400260
0.384115
0.360469
0.356354
0.349010
0.414167
0.568698
0.436771
0.349792
0.321563
0.349583
0.426458
0.371250
0.452396
0.364844
0.396302
0.432143
0.383125
0.445469
0.382708
0.350104
0.394271
0.553073
0.376354
0.336667
0.366979
0.380052
0.468854
0.359688
0.469740
0.383125
0.344688
0.327396
0.393021
0.406354
0.316823
0.411563
0.415885
0.424427
0.404167
0.353571
0.396146
0.382604
0.354792
0.406667
0.382604
0.366875
0.368073
0.441250
0.370156
0.389792
0.368021
0.317552
0.368333
0.354948
0.341146
0.359740
0.338385
0.322031
0.344271
0.360938
0.396198
0.319323
0.326510
0.390000
0.316094
0.349167
0.331719
0.345990
0.320365
0.333438
0.298125
0.332292
0.328854
0.303698
0.346302
0.345521
0.421979
0.426667
0.431042
0.359792
0.331823
0.389323
0.380469
0.383438
0.395990
0.430000
0.346719
0.353452
0.411979
0.463073
0.362240
0.336146
0.361302
0.357656
0.385729
0.321927
0.297292
0.299948
0.327865
0.356042
0.334219
0.365833
0.389115
0.343646
0.343073
0.380469
0.338646
0.343125
0.302656
0.327813
0.429167
0.425476
0.355625
0.384740
0.398646
0.381719
0.364167
0.329375
0.350990
0.364167
0.302604
0.297448
0.336146
0.350938
0.355052
0.357813
0.333958
0.358698
0.429375
0.345052
0.318854
0.318594
0.319740
0.317135
0.355573
0.266190
0.312604
0.296250
0.291354
0.398698
0.415104
0.401458
0.353906
0.320260
0.334688
0.306406
0.322240
0.321771
0.295052
0.305052
0.319583
0.398802
0.471615
0.330938
0.304792
0.301354
0.308646
0.306875
0.332813
0.362143
0.325000
0.366563
0.295469
0.365417
0.351146
0.330573
0.304167
0.313854
0.331771
0.306094
0.354896
0.451250
0.367604
0.371667
0.378542
0.302500
0.289427
0.358073
0.307292
0.285677
0.297708
0.313333
0.352656
0.308333
0.342240
0.350469
0.309688
0.332344
0.401875
0.451302
0.322708
0.292760
0.322448
0.287917
0.304167
0.320417
0.283333
0.311354
0.306302
0.330156
0.348490
0.331667
0.296458
0.285313
0.305052
0.351250
0.404219
0.376310
0.310885
0.265417
0.290417
0.307500
0.363802
0.281094
0.283802
0.330156
0.316198
0.421406
0.329531
0.308333
0.301875
0.305781
0.309740
0.273698
0.266979
0.330313
0.329271
0.301510
0.281510
0.299010
0.335573
0.277262
0.255625
0.304063
0.361510
0.407188
0.373073
0.332656
0.268594
0.273073
0.275104
0.324427
0.314375
0.277448
0.277188
0.323177
0.318802
0.349531
0.350781
0.310833
0.270833
0.290573
0.250677
0.261771
0.323802
0.344762
0.301771
0.278490
0.304010
0.284531
0.292396
0.367917
0.343438
0.346563
0.306042
0.308438
0.354844
0.346979
0.249010
0.265313
0.325208
0.291042
0.340156
0.280208
0.296667
0.270156
0.253906
0.304323
0.357396
0.387024
0.327969
0.285260
0.258750
0.265417
0.288646
0.298229
0.250729
0.313750
0.359948
0.337135
0.270365
0.266094
0.282344
0.345000
0.334479
0.306302
0.266302
0.262917
0.295365
0.312969
0.300365
0.302813
0.265885
0.243452
0.269010
0.283281
0.295885
0.242448
0.267917
0.283021
0.261146
0.243125
0.241302
0.220104
0.227396
0.258802
0.260052
0.247083
0.258125
0.238958
0.243490
0.270052
0.209531
0.225156
