2.309309
2.307400
2.303328
2.303080
2.304939
2.308779
2.302957
2.302833
2.303948
2.309770
2.285239
2.307840
2.334418
2.286918
2.233234
2.238986
2.298551
2.425703
2.448878
2.465186
2.312332
2.224420
2.380421
2.498869
2.552196
2.554451
2.627141
2.565550
2.376483
2.291575
2.307879
2.550503
2.415892
2.148572
2.546647
2.387280
2.659947
2.249889
2.135020
2.710838
2.728670
2.738609
2.747303
2.631068
2.681806
2.567781
2.657750
2.376451
2.293753
2.562657
2.571607
2.286472
1.905500
1.839315
1.844410
1.852939
1.844062
1.808646
1.808438
1.806443
1.800014
1.799549
1.794564
1.772533
1.761756
1.754038
1.743867
1.743109
1.725983
1.720701
1.699165
1.699078
1.690729
1.752707
1.828298
1.893262
1.804089
1.775730
1.742714
1.715289
1.714110
1.710157
1.715412
1.721676
1.714185
1.742421
1.730596
1.751891
1.736894
1.739967
1.754828
1.755652
1.758232
1.700954
1.684506
1.657544
1.652813
1.634992
1.648906
1.682937
1.653438
1.632678
1.662355
1.625384
1.613552
1.654578
1.652152
1.654593
1.636621
1.666984
1.669347
1.659057
1.655572
1.701606
1.670752
1.647944
1.592580
1.624547
1.642130
1.603993
1.610030
1.584248
1.580583
1.606900
1.615577
1.592365
1.596438
1.607725
1.596943
1.640039
1.637864
1.618402
1.639308
1.630183
1.621184
1.665324
1.615949
1.626774
1.590579
1.598626
1.639325
1.623455
1.611078
1.608450
1.608853
1.582188
1.582691
1.605453
1.596193
1.598329
1.598572
1.589735
1.590899
1.602799
1.598747
1.596061
1.593497
1.602481
1.612515
1.596546
1.580630
1.593978
1.606061
1.624735
1.631624
1.613502
1.638300
1.586123
1.585137
1.589043
1.569976
1.587063
1.581582
1.588874
1.586946
1.607417
1.635106
1.629312
1.642874
1.621544
1.632059
1.622849
1.611228
1.603244
1.587165
1.588901
1.595686
1.560421
1.587738
1.550559
1.556637
1.574959
1.548107
1.564440
1.563488
1.560775
1.576415
1.576336
1.587937
1.572991
1.564511
1.596972
1.598767
1.567423
1.571562
1.584936
1.582970
1.574375
1.583369
1.579408
1.588493
1.554058
1.539517
1.525803
1.539876
1.521580
1.539031
1.520810
1.512672
1.531489
1.518563
1.539284
1.525696
1.565249
1.507043
1.539415
1.575995
1.529688
1.548346
1.543893
1.567985
1.574294
1.582998
1.583147
1.567436
1.573572
1.539597
1.526107
1.539156
1.532469
1.510115
1.518856
1.516479
1.522564
1.511223
1.526758
1.504833
1.524914
1.503441
1.510706
1.523058
1.534833
1.538934
1.535714
1.525131
1.505345
1.522053
1.541413
1.503550
1.509489
1.510070
1.528804
1.525075
1.520394
1.510971
1.521816
1.525929
1.500302
1.534455
1.522674
1.520736
1.527071
1.500430
1.502312
1.527026
1.510504
1.521751
1.506240
1.528973
1.510199
1.504022
1.520553
1.518680
1.527955
1.542119
1.514691
1.509347
1.545942
1.512724
1.514670
1.497431
1.501511
1.495624
1.508103
1.500243
1.509468
1.522703
1.490410
1.498617
1.510280
1.509036
1.541065
1.498976
1.494347
1.510794
1.508247
1.517313
1.513363
1.521524
1.502280
1.520831
1.509372
1.509731
1.535655
1.529230
1.494525
1.509563
1.502433
1.495489
1.490989
1.492257
1.502768
1.489535
1.501273
1.507045
1.488315
1.499634
1.491411
1.491602
1.482379
1.528216
1.515046
1.494932
1.522321
1.516702
1.528302
1.513417
1.501421
1.493641
1.494111
1.513143
1.530864
1.499945
1.491391
1.542717
1.483339
1.501933
1.499500
1.496893
1.486516
1.492677
1.495479
1.503224
1.490916
1.508253
1.508453
1.496631
1.491282
1.479660
1.536742
1.493589
1.541900
1.517577
1.490825
1.486222
1.505118
1.494427
1.493519
1.497681
1.496298
1.507590
1.494933
1.520092
1.505252
1.501369
1.494200
1.506688
1.511843
1.504329
1.503992
1.496045
1.513638
1.487319
1.492434
1.518041
1.513086
1.496323
1.498816
1.519201
1.478816
1.488044
1.483055
1.490859
1.485838
1.504135
1.499371
1.487639
1.489770
1.504092
1.479675
1.513530
1.505260
1.488982
1.491542
1.490908
1.483908
1.496329
1.512740
1.494537
1.498927
1.485631
1.490414
1.505068
1.502714
1.486452
1.490512
1.504477
1.475881
1.515354
1.480295
1.507354
1.492617
1.483864
1.494913
1.485635
1.488183
1.488320
1.492099
1.491341
1.490362
1.490811
1.498843
1.495950
1.522767
1.491592
1.502320
1.496467
1.505962
1.483528
1.504140
1.495044
1.496470
1.509008
1.481883
1.504544
1.488198
1.503777
1.507051
1.491695
1.480280
1.490106
1.516558
1.482215
1.485485
1.480757
1.484329
1.490159
1.489051
1.485986
1.489565
1.495473
1.483124
1.488454
1.485603
1.483267
1.504629
1.497203
1.487923
1.496197
1.482363
1.484860
1.481030
1.484135
1.472139
1.485227
1.483828
1.496373
1.519210
1.527421
1.542012
1.580363
1.618189
1.620252
1.642554
1.677140
1.678612
1.661200
1.656427
1.648275
1.632976
1.609019
1.637896
1.645493
1.632904
1.656162
1.638518
1.660475
1.647885
1.642715
1.639602
