2.302140
2.298386
2.266281
2.263477
2.223737
2.200520
2.201826
2.203474
2.158372
2.159608
2.168322
2.182705
2.217153
2.171606
2.144065
2.129910
2.093264
2.057419
2.077056
2.079499
2.062517
1.997279
1.994553
2.009685
1.997480
1.987213
1.947968
1.879133
1.888959
1.829284
1.833238
1.842182
1.822505
1.744424
1.752000
1.749273
1.800652
1.730436
1.752726
1.783937
1.685956
1.714945
1.690274
1.751331
1.689366
1.668259
1.721652
1.694004
1.706135
1.655573
1.656672
1.626866
1.663497
1.614629
1.661639
1.665993
1.641381
1.627213
1.643435
1.644542
1.612284
1.606358
1.623589
1.616687
1.604525
1.639111
1.618408
1.620915
1.608011
1.614767
1.598655
1.623746
1.613153
1.585963
1.628144
1.602547
1.609827
1.591999
1.612095
1.598170
1.615341
1.601581
1.614539
1.586043
1.618372
1.590093
1.610234
1.612820
1.602511
1.607047
1.614772
1.582730
1.614409
1.603113
1.603557
1.593418
1.600943
1.575854
1.615220
1.598961
1.612739
1.601749
1.608646
1.605226
1.608679
1.590221
1.594466
1.596767
1.579241
1.599072
1.580439
1.591618
1.595008
1.598697
1.595714
1.608176
1.608451
1.581992
1.577592
1.592615
1.582511
1.594604
1.607679
1.607220
1.594675
1.601369
1.606007
1.583973
1.601570
1.609377
1.586645
1.578903
1.574638
1.617642
1.585744
1.594905
1.597885
1.587761
1.595262
1.588075
1.581244
1.584887
1.598121
1.590205
1.579238
1.610039
1.573884
1.588579
1.593911
1.601561
1.604134
1.573651
1.566474
1.575158
1.581893
1.589440
1.588514
1.569347
1.582955
1.594417
1.575708
1.591757
1.605039
1.568186
1.591379
1.575750
1.569183
1.587564
1.567955
1.580386
1.580675
1.577259
1.584688
1.600155
1.605521
1.599756
1.570869
1.584152
1.588737
1.576251
1.582564
1.576757
1.583047
1.579799
1.576414
1.569455
1.588900
1.585975
1.572563
1.580155
1.565621
1.586356
1.558710
1.576966
1.558115
1.593388
1.595191
1.562366
1.561274
1.591431
1.558896
1.567034
1.584775
1.583283
1.568108
1.568059
1.577675
1.578708
1.570044
1.565637
1.575780
1.572545
1.566554
1.565503
1.579759
1.584917
1.566876
1.575760
1.568600
1.574393
1.567611
1.547722
1.555673
1.568996
1.551764
1.553832
1.562277
1.567321
1.552274
1.551546
1.554582
1.556674
1.575534
1.548753
1.582168
1.575051
1.568561
1.543317
1.548397
1.566507
1.559355
1.565163
1.547531
1.553477
1.532748
1.534019
1.546007
1.561731
1.563809
1.543046
1.552250
1.551427
1.545196
1.577683
1.560374
1.578440
1.552567
1.527022
1.557562
1.546669
1.551627
1.564677
1.543078
1.529677
1.555571
1.551680
1.550717
1.548285
1.535331
1.527645
1.532905
1.549919
1.546111
1.540796
1.537561
1.550960
1.560629
1.539415
1.557326
1.557001
1.543927
1.557029
1.533091
1.536975
1.543655
1.564088
1.550648
1.548001
1.532627
1.531815
1.556197
1.552749
1.537517
1.565236
1.534979
1.522187
1.541992
1.517851
1.521405
1.548111
1.537443
1.541623
1.529205
1.540094
1.534419
1.518608
1.517722
1.517168
1.515557
1.514595
1.509420
1.514285
1.530174
1.512568
1.511140
1.529027
1.518643
1.518536
1.528166
1.513330
1.525277
1.527358
1.517511
1.547391
1.561708
1.584589
1.567738
1.544757
1.566271
1.573055
1.570427
1.565898
1.557108
1.563148
1.576978
1.564474
1.580037
1.568075
1.573051
1.567584
1.562979
1.570509
1.565414
1.566366
1.563227
1.557498
1.577283
1.558422
1.560399
1.568064
1.573283
1.557959
1.539662
1.545195
1.566089
1.572068
1.550537
1.574145
1.549653
1.548828
1.553636
1.571012
1.571595
1.579331
1.557134
1.555840
1.547849
1.557050
1.552915
1.571789
1.585194
1.567001
1.557407
1.539540
1.562356
1.575473
1.546827
1.540580
1.546543
1.595701
1.558740
1.573919
1.563457
1.555611
1.554459
1.558598
1.547002
1.550438
1.562652
1.557593
1.549123
1.554849
1.536742
1.548887
1.563244
1.564437
1.543790
1.532888
1.563705
1.553849
1.556416
1.544617
1.566947
1.561055
1.587677
1.556126
1.546533
1.547235
1.553807
1.579998
1.558162
1.544465
1.545321
1.542097
1.529439
1.533293
1.521538
1.532558
1.516515
1.534314
1.538080
1.538795
1.553119
1.545751
1.533883
1.551722
1.529017
1.533991
1.529607
1.522725
1.528566
1.531922
1.510863
1.539036
1.528729
1.559504
1.544905
1.520480
1.515697
1.521445
1.515268
1.510998
1.514163
1.502078
1.524693
1.508008
1.495829
1.491441
1.492387
1.495825
1.496648
1.495861
1.504627
1.516894
1.514956
1.494546
1.518093
1.500160
1.498911
1.495438
1.504796
1.506872
1.522589
1.498278
1.498322
1.503000
1.500341
1.514801
1.504343
1.498318
1.496687
1.498976
1.504050
1.502381
1.505625
1.501229
1.491612
1.495852
1.488115
1.506445
1.509267
1.489820
1.491029
1.504901
1.483131
1.510481
1.492064
1.507771
1.559384
1.553375
1.532414
1.525012
1.513633
1.514720
1.545547
1.547061
1.570625
1.547616
1.526254
1.509160
