0.0547
0.1094
0.3516
0.7266
0.8750
0.8828
0.9531
0.9922
0.9062
0.9375
1.0000
0.9219
0.4375
0.1094
0.1328
0.3594
0.5781
0.5859
0.6328
0.5547
0.4375
0.3672
0.2188
0.1406
0.0781
0.0391
0.0469
0.0547
0.0625
0.0234
0.0469
0.0000
0.0234
0.0078
0.0156
0.0156
0.0234
0.0156
0.0000
0.0000
0.0078
0.0000
0.0078
0.0000
0.0156
0.0000
0.0000
0.0234
0.0000
0.0234
0.0000
0.0078
0.0000
0.0078
0.0078
0.0078
0.0000
0.0000
0.0078
0.0156
0.0156
0.0000
0.0078
0.0156
0.0078
0.0000
0.0000
0.0000
0.0000
0.0000
0.0000
0.0078
0.0000
0.0078
0.0000
0.0000
0.0156
0.0000
0.0000
0.0078
0.0000
0.0000
0.0000
0.0000
0.0000
0.0000
0.0000
0.0000
0.0156
0.0000
0.0078
0.0000
0.0078
0.0000
0.0000
0.0000
0.0078
0.0078
0.0078
0.0078
0.0078
0.0000
0.0000
0.0000
0.0000
0.0078
0.0078
0.0000
0.0000
0.0000
0.0078
0.0078
0.0000
0.0000
0.0000
0.0000
0.0000
0.0000
0.0078
0.0000
0.0078
0.0000
0.0156
0.0156
0.0000
0.0000
0.0000
0.0000
0.0000
0.0078
0.0000
0.0000
0.0078
0.0000
0.0000
0.0000
0.0078
0.0000
0.0000
0.0000
0.0000
0.0000
0.0078
0.0078
0.0000
0.0000
0.0078
0.0000
0.0000
0.0000
0.0078
0.0000
0.0000
0.0000
0.0000
0.0078
0.0000
0.0078
0.0000
0.0000
0.0156
0.0000
0.0000
0.0078
0.0000
0.0000
0.0078
0.0000
0.0000
0.0000
0.0000
0.0000
0.0078
0.0000
0.0000
0.0000
0.0000
0.0000
0.0000
0.0000
0.0078
0.0078
0.0000
0.0000
0.0078
0.0000
0.0000
0.0000
0.0000
0.0000
0.0078
0.0000
0.0000
0.0000
0.0000
0.0078
0.0000
0.0078
0.0000
0.0000
0.0000
0.0000
0.0000
0.0078
0.0000
0.0000
0.0000
0.0000
0.0000
0.0078
0.0000
0.0000
0.0000
0.0000
0.0000
0.0000
0.0000
0.0000
0.0000
0.0000
0.0000
0.0000
0.0156
0.0000
0.0000
0.0000
0.0000
0.0156
0.0000
0.0000
0.0000
0.0000
0.0000
0.0000
0.0000
0.0000
0.0078
0.0000
0.0000
0.0000
0.0078
0.0000
0.0000
0.0000
0.0000
0.0000
0.0156
0.0000
0.0000
0.0000
0.0000
0.0000
0.0000
0.0000
0.0000
0.0000
0.0000
0.0000
0.0000
0.0000
0.0000
0.0000
0.0000
0.0000
0.0000
0.0000
0.0078
0.0000
0.0078
0.0000
0.0000
0.0000
0.0000
0.0000
0.0000
0.0000
0.0000
0.0000
0.0000
0.0000
0.0000
0.0000
0.0000
0.0000
0.0000
0.0000
0.0000
0.0000
0.0078
0.0000
0.0000
0.0000
0.0000
0.0000
0.0000
0.0000
0.0000
0.0000
0.0000
0.0078
0.0000
0.0000
0.0000
0.0000
0.0000
0.0000
0.0000
0.0000
0.0000
0.0000
0.0000
0.0000
0.0078
0.0000
0.0000
0.0000
0.0000
0.0000
0.0000
0.0000
0.0000
0.0000
0.0000
0.0000
0.0000
0.0000
0.0000
0.0000
0.0078
0.0000
0.0000
0.0000
0.0000
0.0078
0.0000
0.0000
0.0000
0.0000
0.0000
0.0000
0.0000
0.0000
0.0000
0.0000
0.0000
0.0000
0.0000
0.0000
0.0000
0.0000
0.0000
0.0000
0.0000
0.0000
0.0000
0.0000
0.0000
0.0000
0.0000
0.0000
0.0000
0.0000
0.0000
0.0000
0.0078
0.0000
0.0000
0.0000
0.0000
0.0078
0.0000
0.0000
0.0000
0.0000
0.0000
0.0000
0.0000
0.0000
0.0000
0.0000
0.0000
0.0000
0.0000
0.0000
0.0000
0.0000
0.0000
0.0000
0.0000
0.0000
0.0078
0.0000
0.0000
0.0000
0.0000
0.0000
0.0000
0.0000
0.0000
0.0000
0.0000
0.0000
0.0000
0.0000
0.0000
0.0000
0.0000
0.0000
0.0000
0.0000
0.0078
0.0000
0.0000
0.0000
0.0000
0.0078
0.0000
0.0000
0.0000
0.0000
0.0000
0.0000
0.0000
0.0000
0.0000
0.0000
0.0000
0.0000
0.0000
0.0000
0.0000
0.0000
0.0000
0.0000
0.0078
0.0000
0.0000
0.0000
0.0000
0.0000
0.0000
0.0000
0.0000
0.0000
0.0078
0.0000
0.0000
0.0000
0.0000
0.0000
0.0000
0.0000
0.0000
0.0000
0.0000
0.0000
0.0000
0.0078
0.0078
0.0000
0.0000
0.0000
0.0000
0.0000
0.0000
0.0000
0.0000
0.0000
0.0000
0.0000
0.0000
0.0000
0.0000
0.0000
0.0000
0.0000
0.0000
0.0000
0.0000
0.0000
0.0000
0.0000
0.0000
0.0000
0.0000
0.0000
0.0000
0.0000
0.0000
0.0000
0.0000
0.0000
0.0000
0.0000
0.0000
0.0000
0.0000
0.0078
0.0000
0.0000
