1.500000
1.500000
1.500000
1.495313
1.344427
0.964896
0.684740
0.758698
0.571719
0.670990
0.617083
0.509323
0.526458
0.575521
0.519479
0.500938
0.514375
0.511979
0.492135
0.468333
0.480313
0.462656
0.456563
0.455000
0.446458
0.437708
0.431250
0.427031
0.431927
0.414219
0.401250
0.392656
0.400000
0.395990
0.389792
0.381563
0.367031
0.362917
0.343021
0.357656
0.319427
0.332135
0.343542
0.338698
0.361667
0.341563
0.318698
0.332619
0.306406
0.306406
0.320938
0.320677
0.303698
0.311406
0.296250
0.315417
0.293854
0.294948
0.265313
0.280000
0.292031
0.296146
0.293750
0.281458
0.304271
0.289583
0.247604
0.272656
0.286146
0.265469
0.263542
0.242024
0.263906
0.277083
0.237813
0.251771
0.258281
0.257604
0.248281
0.251250
0.236771
0.263385
0.248750
0.241094
0.250469
0.239531
0.216406
0.233073
0.250729
0.232083
0.222604
0.222656
0.258177
0.235938
0.226406
0.216905
0.232865
0.235417
0.220417
0.244063
0.247604
0.205417
0.201198
0.236927
0.223906
0.193698
0.221146
0.210313
0.190573
0.216354
0.212865
0.219896
0.216250
0.175469
0.228802
0.187917
0.193906
0.197188
0.207917
0.193214
0.177344
0.179844
0.194010
0.185938
0.193698
0.171458
0.213281
0.198906
0.192760
0.179219
0.236563
0.159531
0.182865
0.228385
0.201250
0.206667
0.188021
0.229427
0.211198
0.192500
0.178490
0.198698
0.217500
0.179524
0.185677
0.195156
0.183177
0.172865
0.179063
0.147500
0.170365
0.176719
0.185625
0.177865
0.200990
0.174792
0.183490
0.170156
0.151146
0.177656
0.186875
0.161823
0.146354
0.185469
0.163594
0.178021
0.165990
0.184167
0.196615
0.149219
0.182292
0.195156
0.169271
0.150052
0.157865
0.173177
0.159219
0.161406
0.163698
0.197552
0.159323
0.171302
0.160052
0.167188
0.172604
0.163490
0.185052
0.180573
0.137917
0.164167
0.154479
0.169405
0.127552
0.169375
0.157188
0.173177
0.166823
0.148542
0.167552
0.140938
0.176458
0.154844
0.167552
0.141146
0.153542
0.140313
0.159792
0.139271
0.147135
0.141406
0.140781
0.145052
0.146667
0.146927
0.153906
0.159762
0.145052
0.144896
0.179792
0.133073
0.153438
0.152552
0.142292
0.155781
0.140677
0.151615
0.118646
0.145260
0.135365
0.155313
0.150521
0.139219
0.149635
0.138438
0.151719
0.193438
0.142188
0.137500
0.170469
0.118929
0.150104
0.157604
0.112292
0.168229
0.115573
0.132656
0.131771
0.113958
0.152969
0.126406
0.158125
0.127813
0.147135
0.137708
0.127135
0.141875
0.137031
0.138073
0.125885
0.143073
0.119271
0.122708
0.128333
0.125952
0.126979
0.116146
0.147552
0.126979
0.135052
0.148698
0.141615
0.126771
0.111354
0.130521
0.152760
0.143021
0.117500
0.137656
0.121615
0.133021
0.113021
0.109479
0.141406
0.119271
0.124948
0.115833
0.106667
0.101786
0.129896
0.104063
0.128281
0.119948
0.129323
0.120781
0.122917
0.125000
0.128385
0.126563
0.134635
0.146510
0.118125
0.117083
0.124167
0.097708
0.118125
0.090677
0.126979
0.115573
0.123333
0.107083
0.127083
0.131310
0.116198
0.116823
0.115521
0.106198
0.119688
0.096667
0.117969
0.107240
0.123438
0.102188
0.117969
0.119115
0.102240
0.105885
0.117135
0.125729
0.118854
0.109792
0.123177
0.115938
0.112552
0.088542
0.104010
0.105714
0.108177
0.102135
0.104583
0.102604
0.097865
0.106563
0.101302
0.111354
0.101563
0.105208
0.088073
0.095365
0.104896
0.100990
0.092760
0.070885
0.089323
0.095729
0.099583
0.099531
0.098698
0.120104
0.089583
0.095595
0.080625
0.105104
0.098490
0.118177
0.094167
0.097917
0.090156
0.077969
0.113229
0.119531
0.093698
0.102083
0.103125
0.094479
0.096250
0.106510
0.093594
0.068854
0.098073
0.092396
0.091719
0.099167
0.093698
0.084286
0.100729
0.097188
0.095677
0.114219
0.113385
0.130938
0.096302
0.146354
0.110313
0.135781
0.128958
0.123646
0.101250
0.099219
0.111250
0.125313
0.110365
0.090365
0.105938
0.077292
0.085052
0.099844
0.100313
0.100952
0.094115
0.095677
0.099063
0.101510
0.091927
0.085677
0.102656
0.090000
0.103646
0.090885
0.081927
0.092813
0.102656
0.089740
0.091563
0.084427
0.079167
0.087760
0.093385
0.116406
0.104427
0.106198
0.086719
0.076310
0.100885
0.095677
0.077604
0.089740
0.073333
0.092083
0.120521
0.099375
0.098333
0.094948
0.089583
0.072656
0.081354
0.089427
0.096094
0.089427
0.094323
0.106667
0.114844
0.082448
0.087344
0.080469
0.088594
0.068452
0.092656
0.099635
0.098281
0.079688
0.091771
0.066927
0.104479
0.099531
0.070833
0.080313
0.087344
0.086823
0.087135
0.105677
0.084688
0.113490
0.075313
0.074531
0.090781
0.101042
0.091719
0.085365
0.079740
0.090357
0.107969
0.068646
0.079271
0.101719
0.079792
0.092292
0.083333
0.105990
0.089635
0.077604
0.083490
0.095573
0.113177
0.094010
0.158906
0.106042
0.116927
0.096354
0.112031
0.092760
