2.291403
2.295099
2.297474
2.300189
2.299240
2.305700
2.310496
2.317355
2.322392
2.340371
2.348976
2.369741
2.385533
2.369845
2.383960
2.393074
2.387395
2.383412
2.361782
2.323839
2.302670
2.283069
2.278760
2.269219
2.264144
2.264093
2.252945
2.271880
2.263831
2.248695
2.414138
2.565349
2.677897
2.677849
2.653565
2.592013
2.572184
2.359863
2.277437
2.201931
2.194280
2.179746
2.164772
2.152288
2.133178
2.112195
2.106817
2.098310
2.075334
2.070110
2.061436
2.088649
2.109800
2.096376
2.167061
2.166574
2.093435
2.096483
2.098170
2.085935
2.065967
2.053436
2.057695
2.060533
2.047334
2.032795
2.001272
1.962554
1.951721
1.965442
1.966272
1.944438
1.912921
1.893690
1.893781
1.902340
1.950946
1.966730
1.953649
1.946253
1.946886
1.936057
1.895999
1.881068
1.852774
1.835522
1.825906
1.829860
1.849777
1.837514
1.818411
1.810434
1.823910
1.797726
1.842355
1.874646
1.847675
1.845663
1.807310
1.837198
1.809231
1.825145
1.802584
1.799432
1.805848
1.777142
1.818636
1.826631
1.830727
1.805908
1.793562
1.786950
1.820347
1.773587
1.766711
1.778737
1.775869
1.767791
1.802417
1.818430
1.844407
1.815141
1.803211
1.797093
1.782249
1.748333
1.760805
1.755897
1.792134
1.807725
1.797664
1.816003
1.791705
1.777878
1.785985
1.772392
1.759597
1.758727
1.764062
1.785330
1.774248
1.752518
1.774359
1.796912
1.741698
1.743889
1.779204
1.738770
1.737184
1.742133
1.709351
1.712857
1.702529
1.690697
1.676299
1.673809
1.662340
1.651239
1.666768
1.677591
1.686256
1.664117
1.674588
1.662701
1.678782
1.672098
1.657433
1.666274
1.682907
1.697731
1.652519
1.654628
1.648065
1.676946
1.692302
1.665754
1.691794
1.626345
1.614652
1.644109
1.670055
1.669035
1.635850
1.600223
1.655689
1.644570
1.626512
1.638129
1.628246
1.674478
1.619810
1.672893
1.682428
1.678066
1.701151
1.723991
1.721613
1.725000
1.664830
1.683118
1.646767
1.624953
1.660447
1.654446
1.638881
1.622235
1.628826
1.643748
1.660299
1.636238
1.647983
1.623468
1.625154
1.650346
1.668631
1.708108
1.705080
1.669860
1.686668
1.675988
1.664479
1.640930
1.618760
1.627677
1.603914
1.650859
1.631808
1.613715
1.629483
1.620271
1.641890
1.654676
1.669818
1.638322
1.665056
1.649490
1.631846
1.632402
1.622193
1.627293
1.602444
1.628326
1.637708
1.623324
1.577681
1.598212
1.647843
1.640886
1.662460
1.626396
1.596426
1.592681
1.587857
1.615193
1.603280
1.576817
1.617175
1.597044
1.594439
1.591347
1.567685
1.569474
1.611001
1.598899
1.576028
1.617155
1.606990
1.573637
1.560285
1.566453
1.606968
1.580420
1.580966
1.566864
1.583131
1.593610
1.576378
1.588755
1.587167
1.606594
1.556597
1.582768
1.549892
1.562306
1.549485
1.556012
1.552346
1.584978
1.565618
1.584823
1.575674
1.565905
1.576952
1.568894
1.559841
1.552182
1.589172
1.579268
1.582182
1.555694
1.556011
1.581487
1.590544
1.573788
1.562423
1.572069
1.599588
1.563498
1.570679
1.554794
1.522504
1.563672
1.566735
1.536615
1.561723
1.555423
1.573096
1.574494
1.546367
1.543345
1.552945
1.553821
1.559969
1.588341
1.573320
1.549313
1.559257
1.537164
1.574253
1.553315
1.546477
1.541505
1.574414
1.554288
1.539226
1.564152
1.529069
1.519492
1.535290
1.538971
1.566424
1.519895
1.549436
1.547791
1.568265
1.549698
1.528574
1.560645
1.531809
1.553600
1.567225
1.537423
1.517863
1.562300
1.545436
1.559577
1.534703
1.529795
1.533543
1.556110
1.546900
1.557513
1.538904
1.551442
1.548172
1.517470
1.521872
1.525010
1.529642
1.545424
1.535963
1.531859
1.527605
1.532284
1.516496
1.522223
1.536298
1.546095
1.581557
1.498958
1.521879
1.542265
1.536304
1.518022
1.520113
1.560317
1.536865
1.525638
1.550065
1.549277
1.532847
1.535413
1.572159
1.537134
1.537001
1.545609
1.520618
1.519455
1.553920
1.529556
1.564000
1.530630
1.526333
1.543736
1.530163
1.541571
1.528898
1.528071
1.528303
1.531305
1.531460
1.517875
1.513214
1.535337
1.525469
1.519557
1.529644
1.499099
1.513282
1.513193
1.563501
1.528830
1.536374
1.515800
1.534242
1.510662
1.516820
1.539048
1.532236
1.511378
1.514264
1.517097
1.538792
1.514993
1.535283
1.515279
1.532525
1.514203
1.525818
1.526956
1.540166
1.521808
1.533729
1.554237
1.507505
1.530859
1.533201
1.520737
1.519148
1.522031
1.533135
1.546342
1.528038
1.529301
1.538856
1.525030
1.531104
1.514028
1.547025
1.522642
1.515914
1.521831
1.515468
1.501830
1.530676
1.506928
1.540434
1.527825
1.534159
1.533203
1.557821
1.530384
1.538440
1.533317
1.533638
1.545261
1.535924
1.543692
1.529562
1.527497
1.519500
1.537323
1.533081
1.528948
1.514734
1.535139
1.507132
1.546248
1.535695
1.544864
1.538050
1.550900
1.520805
1.512107
1.523422
1.543123
1.527039
1.527411
1.542333
1.545623
