2.301807
2.304501
2.289130
2.298059
2.291730
2.294820
2.270368
2.257907
2.262324
2.224496
2.203389
2.228850
2.236410
2.225389
2.150317
2.123637
2.091515
2.045038
1.973882
1.914789
1.928592
1.835117
1.817007
1.766202
1.819249
1.768978
1.747479
1.735706
1.723966
1.704607
1.694134
1.693930
1.646361
1.686344
1.679239
1.648260
1.687177
1.623029
1.644646
1.686466
1.626813
1.649050
1.597826
1.626689
1.642541
1.603854
1.652037
1.606958
1.619369
1.624853
1.639334
1.586439
1.578419
1.626587
1.607292
1.598240
1.607939
1.632449
1.597595
1.588750
1.606934
1.617584
1.608369
1.595034
1.579553
1.571490
1.599848
1.568178
1.555333
1.584185
1.575444
1.586591
1.567424
1.563848
1.554160
1.578424
1.559759
1.572340
1.571065
1.573657
1.599737
1.569015
1.580298
1.582121
1.552545
1.562855
1.587008
1.581548
1.544377
1.539345
1.575121
1.559377
1.557027
1.545417
1.549761
1.551619
1.567756
1.555549
1.582494
1.537144
1.566521
1.541047
1.548502
1.565384
1.560472
1.536885
1.571012
1.555830
1.545565
1.532235
1.552919
1.540182
1.555169
1.572670
1.566256
1.550644
1.533741
1.543943
1.567149
1.566035
1.533581
1.532767
1.534673
1.554335
1.542664
1.537452
1.533922
1.531407
1.537039
1.524975
1.535658
1.553359
1.550070
1.538790
1.514712
1.549709
1.530303
1.519575
1.545298
1.548513
1.528520
1.547640
1.556289
1.538126
1.539715
1.521731
1.534873
1.537141
1.513376
1.537691
1.544894
1.503354
1.535205
1.523308
1.525556
1.510630
1.536129
1.522309
1.525911
1.530065
1.546199
1.522593
1.546457
1.512077
1.518996
1.529881
1.532822
1.526684
1.534887
1.539890
1.532738
1.550319
1.537550
1.537719
1.506642
1.513862
1.522625
1.515556
1.513698
1.515458
1.536710
1.539459
1.531613
1.516320
1.527952
1.526871
1.525901
1.530686
1.521333
1.483284
1.511301
1.512962
1.539935
1.510086
1.524013
1.509698
1.496695
1.508897
1.514898
1.534471
1.527210
1.502202
1.515699
1.509054
1.551159
1.521921
1.515512
1.502049
1.517697
1.553403
1.520550
1.526566
1.528148
1.500288
1.515509
1.502472
1.505402
1.509136
1.498801
1.520656
1.512348
1.496246
1.499705
1.513245
1.522079
1.527039
1.497056
1.507907
1.518308
1.518533
1.516862
1.491019
1.496569
1.498417
1.488445
1.527864
1.531019
1.496431
1.505197
1.508039
1.519247
1.504670
1.530486
1.491052
1.519608
1.507425
1.499232
1.502582
1.503724
1.512005
1.497101
1.498897
1.514813
1.496916
1.499667
1.485780
1.515029
1.498842
1.532462
1.515903
1.512223
1.496197
1.496830
1.514782
1.514534
1.498497
1.498113
1.498887
1.501764
1.509896
1.500018
1.521059
1.506897
1.510476
1.494182
1.500619
1.524157
1.516456
1.508095
1.502271
1.489298
1.513007
1.503499
1.487215
1.480314
1.507142
1.506766
1.505325
1.505632
1.495437
1.504650
1.490359
1.482097
1.509173
1.515611
1.491717
1.490247
1.499124
1.507546
1.495181
1.498075
1.503410
1.511902
1.517837
1.502461
1.491417
1.516545
1.496944
1.479151
1.499815
1.507268
1.479740
1.522181
1.511433
1.510460
1.490228
1.515724
1.491369
1.497035
1.492988
1.498924
1.506965
1.488394
1.492848
1.502172
1.489740
1.486376
1.501773
1.487575
1.495587
1.495771
1.493651
1.499323
1.507972
1.510357
1.500952
1.491388
1.496009
1.507458
1.512266
1.493066
1.498519
1.481805
1.494179
1.492263
1.486904
1.496379
1.500217
1.490519
1.509442
1.486531
1.504750
1.493112
1.492362
1.516598
1.503735
1.511234
1.497737
1.509684
1.497068
1.482613
1.513986
1.475314
1.495214
1.498876
1.478746
1.504521
1.497068
1.488375
1.496425
1.480622
1.490131
1.499429
1.504682
1.491307
1.503950
1.498878
1.487217
1.491592
1.526586
1.511330
1.491941
1.487189
1.485696
1.489463
1.497138
1.492168
1.486902
1.494163
1.487485
1.508802
1.497451
1.480879
1.499709
1.476819
1.491537
1.510029
1.490521
1.479942
1.504965
1.478775
1.488640
1.494873
1.507036
1.510441
1.484607
1.512492
1.487875
1.487692
1.504812
1.496478
1.488241
1.487203
1.512145
1.492507
1.494693
1.488192
1.487476
1.488335
1.499001
1.501455
1.503053
1.495383
1.494449
1.494798
1.501996
1.474435
1.482831
1.487728
1.489280
1.478649
1.490812
1.474872
1.489565
1.476049
1.478022
1.480822
1.495890
1.508071
1.500142
1.494262
1.491114
1.485752
1.491920
1.485032
1.485806
1.482840
1.478720
1.511657
1.486204
1.494848
1.494685
1.489344
1.492673
1.516583
1.483763
1.507819
1.476812
1.472680
1.512480
1.476425
1.480879
1.480600
1.488575
1.483308
1.496314
1.508670
1.489954
1.478675
1.489654
1.490317
1.499424
1.481147
1.495169
1.497462
1.483423
1.477333
1.488358
1.514868
1.482224
1.488821
1.495651
1.473466
1.489431
1.495668
1.478761
1.496289
1.487384
1.494280
1.493203
1.474204
1.495764
1.497034
1.487334
1.482691
1.487485
1.495410
1.483600
1.494445
1.484751
