2.304271
2.305658
2.301979
2.302299
2.297485
2.294378
2.289909
2.287367
2.281461
2.276368
2.269905
2.256605
2.257866
2.229492
2.231380
2.214562
2.193021
2.187096
2.167194
2.185486
2.139230
2.111490
2.119685
2.056985
2.029110
2.022227
1.983251
1.968193
1.938877
1.948282
1.938165
1.931970
1.891381
1.879665
1.843487
1.832991
1.815217
1.826797
1.765619
1.786459
1.810905
1.828527
1.813213
1.771841
1.798271
1.737924
1.757575
1.716735
1.740030
1.730538
1.729839
1.736370
1.756935
1.739456
1.764947
1.716676
1.708256
1.736652
1.702023
1.682550
1.733418
1.717496
1.697698
1.725353
1.668535
1.700105
1.698190
1.676593
1.706672
1.712608
1.677006
1.713498
1.680978
1.679046
1.651037
1.639285
1.671720
1.681483
1.675084
1.635028
1.663515
1.674961
1.649327
1.678346
1.697981
1.631982
1.674387
1.665466
1.670016
1.684192
1.632490
1.653467
1.642703
1.640570
1.633890
1.622346
1.644124
1.630673
1.655422
1.629457
1.660275
1.613591
1.641520
1.660035
1.615555
1.651446
1.675887
1.645786
1.639904
1.627453
1.625687
1.622689
1.630286
1.581135
1.641053
1.622312
1.617662
1.682909
1.619640
1.648496
1.611619
1.601654
1.609208
1.635550
1.616311
1.623719
1.644283
1.620102
1.573462
1.613306
1.631325
1.627384
1.603362
1.623247
1.631790
1.602562
1.611872
1.630321
1.594869
1.622155
1.615876
1.620798
1.621871
1.618183
1.619899
1.610913
1.643750
1.612546
1.578080
1.591684
1.557019
1.633117
1.628222
1.592156
1.598329
1.601145
1.620529
1.597481
1.602475
1.629146
1.600164
1.594847
1.613116
1.594980
1.606604
1.587127
1.606614
1.597700
1.587126
1.650354
1.580418
1.569956
1.581690
1.596072
1.596847
1.612838
1.603932
1.577800
1.602576
1.617435
1.561075
1.588853
1.553254
1.588271
1.548107
1.560427
1.568545
1.578598
1.633293
1.590270
1.593100
1.592699
1.601120
1.594083
1.567149
1.574117
1.586461
1.576965
1.608576
1.553567
1.584963
1.584727
1.589587
1.599252
1.598477
1.579123
1.596222
1.549433
1.576321
1.613581
1.564112
1.578369
1.581268
1.562763
1.559244
1.553752
1.569264
1.572470
1.581109
1.560941
1.578784
1.596453
1.543054
1.590311
1.591073
1.600585
1.586568
1.553263
1.583322
1.573394
1.583032
1.575573
1.551004
1.535779
1.573505
1.570757
1.556250
1.567418
1.586480
1.602056
1.554703
1.569816
1.565272
1.578591
1.614637
1.605316
1.581290
1.564360
1.581710
1.559201
1.580346
1.572136
1.549214
1.558802
1.593814
1.569764
1.579517
1.558851
1.536775
1.543779
1.569068
1.539551
1.531021
1.533744
1.546188
1.615196
1.545305
1.542088
1.555985
1.559256
1.540575
1.556113
1.553416
1.554220
1.575486
1.564672
1.544495
1.545459
1.541458
1.551572
1.600965
1.570647
1.567981
1.569988
1.549367
1.539690
1.555315
1.560053
1.578532
1.545161
1.596028
1.565889
1.571210
1.561652
1.548277
1.570866
1.531986
1.577092
1.594559
1.558413
1.551841
1.542467
1.546035
1.560820
1.548131
1.541430
1.537187
1.521035
1.546159
1.575902
1.564219
1.556891
1.541846
1.561229
1.547011
1.545935
1.551402
1.539203
1.552819
1.559767
1.559944
1.536768
1.544175
1.541430
1.548906
1.559992
1.535921
1.563515
1.557293
1.548402
1.539842
1.561304
1.544595
1.566997
1.534310
1.571000
1.550320
1.545435
1.562992
1.549666
1.555202
1.570823
1.536059
1.526624
1.553889
1.532327
1.586198
1.550870
1.543175
1.559880
1.537412
1.538183
1.542095
1.584035
1.553493
1.554753
1.549200
1.542338
1.536354
1.571914
1.577877
1.514745
1.535301
1.529577
1.521422
1.534682
1.548868
1.545269
1.536676
1.544784
1.535505
1.577895
1.526876
1.535625
1.532586
1.553352
1.533822
1.528925
1.544265
1.546529
1.563626
1.524741
1.537069
1.534607
1.533069
1.535764
1.566398
1.547828
1.563345
1.539618
1.534570
1.513716
1.570082
1.537616
1.519518
1.518044
1.536588
1.520767
1.566955
1.556510
1.540679
1.524252
1.551944
1.571743
1.522445
1.545186
1.534653
1.559207
1.550333
1.533450
1.532266
1.530474
1.523454
1.533702
1.537737
1.539700
1.514756
1.572574
1.522935
1.521570
1.545606
1.503656
1.562915
1.540653
1.527741
1.520347
1.531304
1.531675
1.520591
1.549218
1.534258
1.532724
1.545474
1.542020
1.559064
1.512143
1.529889
1.532499
1.541464
1.528486
1.534140
1.520171
1.511521
1.540468
1.533751
1.521804
1.532403
1.527432
1.548367
1.554438
1.545951
1.558666
1.533809
1.546273
1.545076
1.559209
1.518864
1.577009
1.528505
1.530194
1.546083
1.510116
1.549218
1.541949
1.523894
1.531742
1.538387
1.523143
1.505821
1.504543
1.522305
1.532822
1.526074
1.536996
1.514510
1.533038
1.513234
1.534366
1.539041
1.535731
1.525634
1.537189
1.536496
1.525907
1.534551
1.531171
1.551709
1.516862
1.542560
1.556780
1.536768
1.536219
1.503665
1.537678
1.533393
1.510450
1.514677
1.515064
1.526258
1.554057
