2.306498
2.305913
2.307399
2.314893
2.323819
2.329903
2.335436
2.348734
2.353999
2.357802
2.363905
2.372515
2.376666
2.376459
2.369747
2.310611
2.268764
2.280141
2.288618
2.355850
2.416742
2.461970
2.493652
2.484726
2.406154
2.285716
2.314111
2.391432
2.524862
2.619354
2.641953
2.603145
2.551757
2.614355
2.606777
2.414372
2.433756
2.510689
2.574409
2.543280
2.506513
2.439017
2.520840
2.492208
2.450234
2.415633
2.421957
2.443663
2.327836
2.210846
2.282023
2.290229
2.410662
2.479277
2.531061
2.551100
2.234953
2.345351
2.497474
2.589700
2.580503
2.581146
2.545536
2.511676
2.469172
2.454977
2.468350
2.476409
2.454987
2.312752
2.103840
2.200275
2.310329
2.357216
2.429725
2.358697
2.410117
2.183549
2.221066
2.322685
2.441539
2.479404
2.437769
2.344935
2.312415
2.280975
2.386697
2.503338
2.535364
2.280214
2.297904
2.341808
2.446166
2.475830
2.470285
2.439674
2.554505
2.581102
2.586541
2.573120
2.531403
2.496012
2.486948
2.451199
2.378624
2.433485
2.441333
2.447973
2.473682
2.501549
2.513214
2.509413
2.482276
2.406765
2.414059
2.466617
2.480385
2.467124
2.472442
2.489799
2.504325
2.499432
2.453900
2.249870
2.193747
2.219225
2.314271
2.372132
2.429511
2.510422
2.514614
2.529857
2.535170
2.520585
2.542356
2.521768
2.528906
2.539413
2.532042
2.526585
2.492070
2.479864
2.464556
2.447050
2.428897
2.461116
2.459311
2.492127
2.473641
2.463299
2.486485
2.499063
2.506992
2.504693
2.509778
2.451894
2.320866
2.308910
2.389925
2.406282
2.445885
2.460308
2.474239
2.498205
2.492997
2.502165
2.508665
2.529717
2.513987
2.529898
2.515991
2.511323
2.503331
2.512066
2.516785
2.515678
2.530773
2.510365
2.501107
2.539748
2.537346
2.534942
2.507112
2.502761
2.457521
2.434961
2.368230
2.421962
2.432656
2.459023
2.407291
2.285061
2.302071
2.369448
2.389036
2.442518
2.469267
2.493132
2.513686
2.499057
2.513034
2.493306
2.506032
2.512768
2.511098
2.524481
2.505415
2.502016
2.532899
2.521416
2.503013
2.525814
2.516204
2.500613
2.498178
2.470770
2.477480
2.435768
2.363553
2.394791
2.395859
2.461101
2.402302
2.367459
2.413176
2.462028
2.501105
2.511388
2.517916
2.456575
2.232655
1.959946
2.067846
2.139978
2.244285
2.359739
2.474806
2.525606
2.512181
2.538958
2.538302
2.506267
2.454990
2.306144
2.394563
2.455385
2.462215
2.389734
2.420406
2.477299
2.482577
2.473835
2.386989
2.135232
2.204945
2.289580
2.378616
2.442669
2.470173
2.502866
2.517093
2.550433
2.538770
2.525124
2.516896
2.513065
2.492652
2.479931
2.464753
2.480979
2.392720
2.403602
2.432243
2.366166
2.377954
2.408621
2.430284
2.444308
2.487453
2.489452
2.484282
2.356325
2.266744
2.313259
2.337416
2.410992
2.461388
2.491944
2.508987
2.519675
2.547496
2.546790
2.535399
2.508837
2.497338
2.464033
2.449997
2.433182
2.452467
2.460543
2.480857
2.476414
2.470937
2.481482
2.450268
2.366106
2.388064
2.408114
2.431128
2.460928
2.480959
2.498751
2.494682
2.496790
2.480282
2.512285
2.488771
2.438065
2.378725
2.420355
2.417443
2.437878
2.485052
2.477766
2.471965
2.404375
2.227946
2.287461
2.333675
2.421779
2.410338
2.453280
2.471442
2.495794
2.502337
2.510639
2.499778
2.503095
2.512495
2.481505
2.492214
2.479426
2.489297
2.474461
2.494560
2.477688
2.480208
2.477318
2.453959
2.476351
2.444818
2.429161
2.421019
2.403728
2.373319
2.410771
2.370843
2.370524
2.346811
2.365985
2.352062
2.346693
2.358965
2.352861
2.339625
2.340198
2.347317
2.339152
2.318609
2.334157
2.337029
2.329117
2.317986
2.326648
2.320877
2.314907
2.279384
2.158808
2.011733
2.015138
2.077975
2.071727
2.099328
2.161659
2.189596
2.263024
2.296852
2.341096
2.408768
2.419496
2.458114
2.461242
2.454295
2.457031
2.465287
2.471238
2.488710
2.464015
2.468836
2.459527
2.482518
2.466505
2.461329
2.468212
2.456009
2.460568
2.454075
2.457536
2.449411
2.435241
2.398184
2.332901
2.372955
2.361326
2.393208
2.435516
2.435241
2.461697
2.447861
2.447687
2.451924
2.435894
2.443242
2.455070
2.437713
2.449871
2.438047
2.436315
2.452094
2.441599
2.425718
2.417829
2.415049
2.397809
2.409712
2.399903
2.397767
2.399140
2.404888
2.410856
2.406600
2.422817
2.403846
2.370483
2.363945
2.380083
2.405984
2.418100
2.432060
2.416003
2.426048
2.388905
2.334438
2.380714
2.397060
2.387406
2.414324
2.430526
2.437722
2.447342
2.433439
2.464166
2.442793
2.464974
2.453735
2.441437
2.440012
2.452551
2.431908
2.434569
2.449012
2.449423
2.451476
2.434994
2.420178
2.442886
2.444082
2.412768
2.376397
2.394279
2.420666
2.432267
2.367773
2.222340
2.226676
2.235664
2.309507
2.309335
2.338426
2.373812
2.420666
2.432962
2.439782
2.443172
2.441973
2.442870
2.450343
2.469673
2.475586
2.462674
