2.315645
2.302448
2.288234
2.284010
2.291908
2.273183
2.281739
2.265863
2.256340
2.254574
2.251590
2.230910
2.232477
2.207000
2.214878
2.195840
2.195695
2.170372
2.160507
2.122893
2.115652
2.100047
2.100451
2.071565
2.020738
2.000283
1.985434
1.932673
1.925909
1.939393
1.865083
1.859240
1.728529
1.663883
1.507380
1.472607
1.451454
1.348256
1.305812
1.173881
1.184961
1.070561
0.997030
0.848975
0.968310
0.696358
0.735856
0.772918
0.639849
0.635134
0.595482
0.508197
0.484332
0.540643
0.473104
0.316264
0.477677
0.534893
0.532515
0.520020
0.417093
0.392719
0.656288
0.415875
0.284850
0.280866
0.770723
0.298557
0.290092
0.466188
0.420887
0.341528
0.355629
0.387003
0.471346
0.385918
0.285353
0.270241
0.323114
0.404216
0.515990
0.378549
0.341225
0.412452
0.288668
0.306818
0.328299
0.413877
0.382645
0.444592
0.454686
0.300685
0.371753
0.446123
0.336440
0.537936
0.320820
0.347937
0.222352
0.441426
0.311627
0.305825
0.237984
0.349114
0.353732
0.430594
0.368718
0.522372
0.430559
0.353123
0.314859
0.267755
0.133704
0.508413
0.352250
0.428600
0.358837
0.319817
0.304826
0.326759
0.190628
0.190179
0.181751
0.360316
0.293112
0.212295
0.203685
0.386961
0.166419
0.310504
0.403686
0.259111
0.181631
0.312914
0.260409
0.309396
0.212730
0.227404
0.393124
0.306371
0.227695
0.221100
0.350034
0.331651
0.334105
0.258436
0.188078
0.385778
0.171620
0.195327
0.338930
0.288335
0.312235
0.311079
0.300251
0.292185
0.302516
0.178842
0.210454
0.161184
0.348205
0.230857
0.298561
0.101257
0.238117
0.167732
0.245696
0.130114
0.262134
0.252900
0.246962
0.264533
0.313916
0.200254
0.129671
0.220481
0.203378
0.193864
0.315026
0.265045
0.190315
0.092347
0.237252
0.232549
0.231251
0.183034
0.209456
0.286991
0.220590
0.217883
0.178584
0.178987
0.089857
0.157725
0.137196
0.232718
0.197711
0.256475
0.191052
0.207085
0.196616
0.201931
0.114570
0.105620
0.250621
0.189877
0.237913
0.222791
0.160467
0.260948
0.168074
0.176341
0.249493
0.223377
0.174029
0.185960
0.161866
0.211892
0.089908
0.165377
0.259243
0.187588
0.296262
0.239429
0.240585
0.218617
0.153603
0.401534
0.308802
0.228092
0.325836
0.324076
0.133175
0.275131
0.352468
0.152961
0.185300
0.152020
0.157572
0.185323
0.098366
0.163042
0.178485
0.235773
0.125814
0.160257
0.215808
0.225667
0.166723
0.196723
0.135707
0.353844
0.142009
0.441891
0.293018
0.184329
0.090170
0.201037
0.187493
0.267508
0.086612
0.207572
0.196309
0.163133
0.168916
0.182997
0.145496
0.267420
0.217121
0.100444
0.106769
0.115627
0.151242
0.098628
0.098300
0.223040
0.108894
0.157940
0.237540
0.089948
0.149720
0.163753
0.215007
0.111980
0.170494
0.080159
0.121950
0.190316
0.179193
0.137057
0.185540
0.132220
0.142808
0.299057
0.163602
0.099083
0.123551
0.200133
0.146651
0.089366
0.065821
0.192448
0.161917
0.084740
0.140611
0.175277
0.157373
0.078470
0.057455
0.155385
0.117135
0.166842
0.086637
0.089682
0.246500
0.226904
0.145211
0.174655
0.237599
0.121902
0.089711
0.105068
0.062101
0.197546
0.145254
0.180594
0.102861
0.057006
0.110214
0.119110
0.180392
0.133262
0.129343
0.073414
0.161538
0.106582
0.143818
0.161005
0.092779
0.084525
0.051529
0.253041
0.076290
0.106569
0.209224
0.095326
0.175081
0.093249
0.247689
0.119385
0.109657
0.208167
0.292194
0.457911
0.130054
0.640125
0.204548
0.433625
0.207031
0.186153
0.525754
0.064674
0.190942
0.424076
0.387079
0.188616
0.242566
0.176618
0.237594
0.219437
0.129193
0.144843
0.191392
0.120357
0.116075
0.089645
0.148151
0.127381
0.131853
0.050788
0.141737
0.267229
0.196939
0.144409
0.085269
0.210912
0.168267
0.114473
0.115640
0.189799
0.082068
0.089323
0.123035
0.155465
0.098840
0.091023
0.082838
0.066217
0.139099
0.089646
0.090334
0.071672
0.046143
0.119317
0.065842
0.138603
0.089023
0.055258
0.062013
0.113561
0.089182
0.192400
0.031840
0.042659
0.215330
0.091460
0.063183
0.023041
0.140874
0.159551
0.055674
0.078467
0.058392
0.174493
0.201246
0.089916
0.095742
0.081960
0.059200
0.148149
0.159519
0.151848
0.111894
0.058262
0.160630
0.062234
0.063125
0.114630
0.056670
0.047245
0.066443
0.154391
0.037286
0.108829
0.058620
0.070710
0.063663
0.070833
0.146364
0.154277
0.046075
0.031339
0.047645
0.114621
0.118205
0.074529
0.053933
0.110182
0.126302
0.048485
0.079246
0.125021
0.058876
0.193208
0.070371
0.054011
0.089657
0.173211
0.145012
0.110512
0.106839
0.059380
0.091430
0.068401
0.050162
0.110396
0.094721
0.033326
0.124028
0.143073
0.053462
0.102667
0.117011
0.095098
0.141117
0.034320
0.084057
0.164429
0.145017
0.071579
0.064598
0.054688
0.073380
0.129421
0.117250
0.188960
0.179104
0.055770
0.055981
0.040763
