2.308136
2.306056
2.310250
2.308584
2.280762
2.250157
2.247534
2.193390
2.259158
2.286615
2.291338
2.300846
2.302377
2.303090
2.301946
2.296019
2.295645
2.297185
2.298055
2.295686
2.298934
2.297374
2.298823
2.300039
2.300689
2.301449
2.301370
2.301423
2.301489
2.301472
2.300471
2.300808
2.302146
2.301863
2.300711
2.301715
2.302268
2.301780
2.301931
2.302421
2.302097
2.301748
2.302028
2.302237
2.301975
2.301713
2.301934
2.301477
2.302319
2.301934
2.302607
2.302480
2.302534
2.302585
2.302149
2.300756
2.302534
2.301471
2.302130
2.302326
2.300838
2.300992
2.301006
2.301516
2.302059
2.300983
2.301371
2.301607
2.301984
2.300444
2.302272
2.302237
2.302306
2.302078
2.301493
2.302163
2.301275
2.302146
2.301366
2.302035
2.301001
2.303184
2.301261
2.301326
2.302073
2.301610
2.301929
2.301440
2.302534
2.301536
2.301965
2.302161
2.301826
2.302210
2.301574
2.302255
2.301807
2.300682
2.301935
2.302428
2.302078
2.302111
2.302534
2.302095
2.302534
2.302480
2.301904
2.302018
2.302613
2.302056
2.301193
2.301931
2.301878
2.301570
2.302030
2.301949
2.301823
2.300899
2.302585
2.302252
2.301686
2.302008
2.302534
2.302534
2.301594
2.302421
2.301603
2.302213
2.301409
2.302370
2.302217
2.302146
2.300638
2.302534
2.302421
2.302129
2.302150
2.300178
2.302326
2.301687
2.302081
2.301771
2.301695
2.301137
2.301556
2.302205
2.301870
2.302377
2.300954
2.302107
2.302244
2.301382
2.301392
2.301669
2.302480
2.302107
2.302443
2.300884
2.302037
2.301721
2.302142
2.302288
2.302319
2.300765
2.301860
2.302964
2.301658
2.301290
2.301598
2.301489
2.301027
2.301541
2.302735
2.301892
2.302534
2.301390
2.301878
2.301588
2.301521
2.302585
2.302027
2.302585
2.302010
2.301771
2.301821
2.302483
2.301877
2.301708
2.300950
2.302731
2.302814
2.301658
2.301632
2.302201
2.301137
2.301832
2.300522
2.301892
2.302370
2.302255
2.302585
2.300627
2.301884
2.301631
2.302255
2.302625
2.301133
2.302431
2.302056
2.299890
2.301516
2.301277
2.302219
2.301951
2.301385
2.302212
2.302035
2.302534
2.302432
2.301222
2.302319
2.302585
2.301000
2.301649
2.301983
2.300702
2.302480
2.300221
2.301763
2.301020
2.302361
2.302095
2.302183
2.301904
2.302264
2.302035
2.301720
2.301946
2.301318
2.301008
2.301984
2.302414
2.300469
2.301430
2.301588
2.301144
2.301611
2.301209
2.302658
2.302585
2.302288
2.301724
2.302585
2.302483
2.301841
2.302183
2.300670
2.301061
2.303108
2.301403
2.301731
2.301581
2.302449
2.301114
2.300955
2.301273
2.302130
2.302377
2.300460
2.301720
2.301422
2.301281
2.301995
2.301985
2.302210
2.301489
2.301538
2.302237
2.301695
2.300489
2.301826
2.302480
2.302328
2.302428
2.302101
2.301338
2.302585
2.301871
2.301582
2.303261
2.302319
2.302183
2.301865
2.301829
2.301237
2.302381
2.301438
2.301448
2.302534
2.301922
2.301877
2.301744
2.302428
2.302483
2.302201
2.300309
2.302260
2.302480
2.301997
2.301462
2.302658
2.301351
2.302336
2.301141
2.301822
2.301692
2.301929
2.301738
2.302048
2.301874
2.301895
2.302728
2.301737
2.300916
2.302428
2.301916
2.302428
2.302100
2.302603
2.301756
2.302585
2.301257
2.301466
2.301325
2.302381
2.301636
2.301709
2.302217
2.302308
2.301827
2.301529
2.301672
2.302099
2.301519
2.302534
2.302534
2.301015
2.301384
2.301819
2.302421
2.302027
2.301772
2.302319
2.302554
2.301403
2.301600
2.302483
2.302005
2.301333
2.302778
2.301702
2.301290
2.301180
2.301611
2.301351
2.302545
2.301580
2.301756
2.301789
2.301979
2.301283
2.302370
2.301760
2.301413
2.302505
2.300941
2.301324
2.301295
2.302483
2.300842
2.302109
2.301126
2.301826
2.302237
2.302237
2.301279
2.302432
2.301661
2.300739
2.300604
2.302237
2.302095
2.301684
2.300872
2.301598
2.300503
2.302421
2.301913
2.301326
2.301989
2.302480
2.301264
2.301204
2.302361
2.302377
2.301581
2.302326
2.301707
2.301189
2.300972
2.302316
2.300099
2.302257
2.302040
2.302323
2.301918
2.300851
2.302315
2.302483
2.302054
2.302483
2.301720
2.302010
2.302212
2.302171
2.302149
2.302213
2.301560
2.301838
2.301478
2.302377
2.302110
2.299863
2.302658
2.300892
2.302073
2.301651
2.301006
2.302056
2.301435
2.301600
2.302377
2.302081
2.301624
2.301856
2.302237
2.302556
2.301739
2.302392
2.301332
2.301423
2.300806
2.301782
2.302035
2.301301
2.300364
2.301725
2.300339
2.302186
2.301774
2.302323
2.301394
2.301883
2.302088
2.302625
2.300644
2.299026
2.302370
2.302323
2.301512
2.301845
2.301662
2.301870
2.301611
2.301471
2.302585
2.300715
2.301950
2.301735
2.302585
2.301183
2.302091
2.302336
2.302486
2.301756
2.302412
2.302283
2.300669
2.300373
2.302162
2.301298
2.301376
2.302392
2.301678
2.302078
2.301583
2.302326
2.300797
2.302377
2.302315
