2.305799
2.299344
2.304928
2.287681
2.281373
2.288015
2.229861
2.224699
2.162388
2.191476
2.101543
2.046534
2.029856
1.994517
1.929769
1.845295
1.807194
1.773500
1.800673
1.766365
1.722657
1.737405
1.727915
1.712336
1.700177
1.715704
1.714937
1.634158
1.721891
1.663303
1.703750
1.650852
1.684111
1.665908
1.669253
1.680382
1.656520
1.746321
1.658835
1.624254
1.669040
1.641828
1.723946
1.669431
1.628626
1.638848
1.605704
1.555357
1.625686
1.686136
1.606340
1.609041
1.644204
1.621679
1.628938
1.652638
1.630828
1.607742
1.637506
1.596870
1.626410
1.615189
1.638704
1.651346
1.604923
1.680989
1.614577
1.599669
1.636799
1.607437
1.613047
1.600353
1.615182
1.609493
1.644417
1.577144
1.614360
1.618344
1.659241
1.627537
1.531852
1.557907
1.655153
1.595867
1.604622
1.612512
1.553966
1.612388
1.622145
1.562893
1.583817
1.625462
1.629636
1.610633
1.604341
1.588662
1.632582
1.597103
1.597568
1.573766
1.615843
1.600126
1.627652
1.572681
1.573675
1.571888
1.575667
1.568148
1.599950
1.590611
1.587113
1.631762
1.578348
1.613320
1.565375
1.561477
1.610294
1.604841
1.588237
1.608872
1.565219
1.637391
1.567230
1.600977
1.594345
1.561837
1.590720
1.578925
1.598275
1.623438
1.615491
1.594571
1.608074
1.569291
1.574923
1.565398
1.596915
1.556941
1.575730
1.594269
1.580979
1.576628
1.594244
1.574592
1.584198
1.633571
1.588029
1.597294
1.596016
1.583106
1.592616
1.616194
1.598110
1.614638
1.552629
1.583288
1.606898
1.543561
1.608558
1.617753
1.570042
1.564434
1.602198
1.580447
1.545558
1.564543
1.632894
1.612369
1.568331
1.579675
1.532653
1.648029
1.587694
1.569625
1.552655
1.563881
1.581432
1.583153
1.612208
1.600128
1.582942
1.561806
1.645684
1.575808
1.580940
1.624870
1.577366
1.552511
1.622331
1.632271
1.565549
1.592629
1.597436
1.575096
1.584162
1.552250
1.597607
1.566350
1.584317
1.630923
1.633046
1.574626
1.580440
1.614361
1.596217
1.584251
1.585147
1.599728
1.565894
1.570919
1.601162
1.588708
1.588118
1.581651
1.640517
1.622197
1.575148
1.604790
1.580587
1.552996
1.578969
1.576827
1.587055
1.606320
1.562639
1.595750
1.550055
1.543224
1.556431
1.562455
1.593748
1.603856
1.623075
1.543709
1.590299
1.600289
1.560970
1.577751
1.557919
1.611431
1.576555
1.586566
1.566200
1.619207
1.586584
1.578053
1.597593
1.612417
1.565271
1.567882
1.551785
1.574462
1.615164
1.580772
1.590952
1.541327
1.558815
1.575715
1.555733
1.584857
1.568241
1.583249
1.601026
1.611863
1.635588
1.531591
1.610258
1.595041
1.587800
1.579179
1.572456
1.554963
1.604385
1.558256
1.566772
1.591904
1.572903
1.593858
1.549568
1.611305
1.570010
1.562788
1.595948
1.596274
1.590924
1.588006
1.578924
1.579474
1.587955
1.594614
1.586199
1.569730
1.620481
1.652459
1.567429
1.583751
1.596696
1.568015
1.594936
1.581391
1.561749
1.583507
1.553613
1.622709
1.599014
1.573673
1.550929
1.603592
1.653834
1.628897
1.587116
1.590562
1.572989
1.620449
1.607705
1.566539
1.587365
1.596499
1.544059
1.567015
1.570729
1.551183
1.575635
1.612415
1.584735
1.602957
1.580395
1.562264
1.578974
1.560185
1.597962
1.541495
1.594749
1.591435
1.586159
1.606803
1.574640
1.580433
1.587112
1.605656
1.553809
1.622893
1.588776
1.550048
1.588789
1.601924
1.595990
1.583782
1.573934
1.579102
1.571962
1.584100
1.601002
1.622407
1.565518
1.561849
1.625457
1.587907
1.595822
1.606323
1.611200
1.615260
1.609419
1.598163
1.597573
1.623610
1.630033
1.597682
1.604700
1.579710
1.591264
1.585900
1.570616
1.548054
1.619917
1.582421
1.588610
1.564032
1.610844
1.637784
1.596594
1.601078
1.576565
1.585561
1.566641
1.589304
1.537394
1.561637
1.609785
1.581224
1.565394
1.596761
1.549877
1.572068
1.626769
1.546773
1.571131
1.585332
1.596624
1.562954
1.606520
1.613511
1.595880
1.634575
1.610544
1.625007
1.627492
1.580108
1.610352
1.587827
1.608000
1.589463
1.583498
1.630785
1.616145
1.638704
1.582310
1.554573
1.579837
1.594834
1.586937
1.614715
1.572711
1.604543
1.625496
1.620193
1.598113
1.573537
1.584461
1.578136
1.591851
1.604426
1.595337
1.607423
1.626844
1.611863
1.588526
1.583289
1.601772
1.653161
1.629059
1.636102
1.602304
1.636476
1.559754
1.584245
1.564354
1.615527
1.616112
1.598324
1.610456
1.605041
1.588606
1.566507
1.572610
1.632028
1.583393
1.598989
1.639510
1.628108
1.593910
1.583482
1.587621
1.585287
1.588426
1.595000
1.622764
1.561828
1.622549
1.609160
1.571088
1.584235
1.613883
1.583505
1.613399
1.604677
1.603936
1.593857
1.606917
1.560175
1.594848
1.593729
1.596227
1.598668
1.626236
1.627866
1.587070
1.631899
1.581593
1.578603
1.567219
1.627623
1.587340
1.594036
1.579639
1.601420
1.618066
1.570651
1.594253
1.626764
