2.302337
2.297398
2.305108
2.300156
2.300643
2.289139
2.292645
2.284232
2.275052
2.278694
2.262538
2.247462
2.243714
2.222144
2.214685
2.191480
2.163029
2.161634
2.165846
2.088105
2.076256
2.091616
2.047128
2.033006
2.026979
1.985750
1.961412
1.950029
1.963154
1.956034
1.871658
1.867209
1.858566
1.820984
1.857406
1.818171
1.788800
1.772283
1.762690
1.744606
1.743349
1.764517
1.738164
1.727833
1.787099
1.718647
1.706145
1.736779
1.737692
1.713073
1.705801
1.689890
1.710120
1.699231
1.715990
1.722352
1.664193
1.685691
1.692954
1.648214
1.680606
1.665494
1.673182
1.675679
1.641088
1.641365
1.682193
1.632686
1.685280
1.678644
1.638866
1.668861
1.666675
1.656229
1.667640
1.634964
1.623309
1.637936
1.622113
1.644616
1.651573
1.671458
1.661705
1.636979
1.644243
1.626900
1.613203
1.628320
1.621126
1.641247
1.643686
1.640538
1.644612
1.642789
1.630176
1.616116
1.654678
1.703447
1.630854
1.616026
1.619282
1.633649
1.643393
1.617370
1.642153
1.621184
1.621275
1.590341
1.596415
1.616826
1.603881
1.581911
1.636974
1.623758
1.585520
1.618858
1.603663
1.583936
1.623950
1.608578
1.634266
1.615974
1.617207
1.571953
1.641100
1.594204
1.644886
1.630310
1.622071
1.605175
1.604838
1.621186
1.577323
1.595370
1.588643
1.598575
1.617649
1.588065
1.630148
1.601994
1.592098
1.592728
1.593634
1.598151
1.592269
1.577493
1.622614
1.612750
1.607253
1.583354
1.607142
1.554624
1.590866
1.607238
1.628819
1.583192
1.592693
1.582980
1.597486
1.587692
1.591365
1.603920
1.602916
1.626598
1.571873
1.601385
1.615321
1.574345
1.580578
1.590014
1.596623
1.597400
1.563501
1.583609
1.597216
1.571270
1.570442
1.559576
1.608406
1.584512
1.582125
1.575508
1.545730
1.599548
1.575671
1.560095
1.593600
1.580175
1.606785
1.565183
1.611184
1.571866
1.573365
1.573375
1.592989
1.593262
1.584726
1.559834
1.589792
1.555612
1.571956
1.574083
1.576362
1.576203
1.581859
1.603103
1.555848
1.605303
1.583072
1.566976
1.587666
1.577651
1.603471
1.575482
1.574387
1.572206
1.568093
1.616144
1.568112
1.573359
1.564479
1.573079
1.574070
1.585227
1.576659
1.543830
1.538413
1.572495
1.601014
1.545621
1.588604
1.563022
1.572920
1.580791
1.553190
1.602589
1.561757
1.589709
1.586094
1.572909
1.564185
1.558568
1.576974
1.584500
1.588890
1.551766
1.557798
1.555094
1.564893
1.545207
1.543731
1.536445
1.578758
1.541368
1.561333
1.562807
1.573256
1.557868
1.598799
1.554754
1.563240
1.578681
1.587585
1.565636
1.539839
1.567104
1.547018
1.584280
1.593062
1.553984
1.563908
1.546108
1.547807
1.591089
1.564986
1.567858
1.551167
1.549959
1.558107
1.552661
1.576504
1.565804
1.568422
1.537497
1.560795
1.565756
1.569822
1.562812
1.555126
1.576974
1.544366
1.551206
1.564691
1.582939
1.543169
1.531202
1.539118
1.560812
1.560561
1.599805
1.559047
1.582800
1.532475
1.583556
1.560058
1.537289
1.558161
1.567274
1.565748
1.543590
1.586231
1.565691
1.576100
1.528510
1.540857
1.588222
1.559454
1.559650
1.534267
1.565792
1.551512
1.563965
1.563601
1.575734
1.562786
1.563314
1.576504
1.572590
1.541163
1.547669
1.533893
1.546001
1.537114
1.552858
1.563208
1.559513
1.553288
1.535283
1.570332
1.534796
1.547177
1.509417
1.578742
1.534761
1.525529
1.531964
1.559439
1.561016
1.570164
1.531323
1.557449
1.538367
1.544293
1.524541
1.561528
1.540025
1.561067
1.537602
1.552413
1.545584
1.559035
1.550429
1.519180
1.550328
1.552194
1.560154
1.558905
1.601023
1.563806
1.567468
1.522148
1.530595
1.563391
1.553919
1.555087
1.558498
1.553831
1.538063
1.564613
1.550686
1.568606
1.562433
1.551574
1.539022
1.549849
1.547957
1.577663
1.532081
1.551408
1.561803
1.531561
1.547531
1.575607
1.530535
1.540275
1.526550
1.535413
1.546047
1.562136
1.530147
1.541668
1.542769
1.547458
1.537175
1.532020
1.530464
1.544292
1.550043
1.542284
1.539171
1.531146
1.545954
1.567593
1.535113
1.568410
1.540010
1.551847
1.535863
1.531204
1.568170
1.542604
1.531020
1.571055
1.538975
1.553409
1.585351
1.534352
1.511261
1.520278
1.537677
1.530568
1.539964
1.555923
1.516593
1.536937
1.588952
1.563607
1.538842
1.525232
1.528272
1.523853
1.517419
1.542364
1.549020
1.531116
1.532173
1.529390
1.559086
1.536801
1.548284
1.571190
1.538635
1.536737
1.551481
1.548584
1.555992
1.524328
1.545083
1.542843
1.544905
1.536589
1.535170
1.526846
1.545682
1.516126
1.535084
1.564153
1.545012
1.550821
1.535209
1.525757
1.530558
1.538360
1.541246
1.563534
1.524444
1.524830
1.526281
1.548287
1.517122
1.511235
1.561524
1.538925
1.531371
1.555348
1.545923
1.545281
1.516381
1.537580
1.570742
1.561220
1.536209
1.554726
1.524956
1.533744
1.535093
1.528923
1.555321
1.519680
1.558549
