2.303986
2.300654
2.307664
2.304567
2.303080
2.303576
2.303204
2.297983
2.295478
2.303204
2.306673
2.303714
2.249366
2.204571
2.138638
2.099458
2.060680
2.005161
2.027812
1.917920
1.848826
1.873869
1.846509
1.849072
1.853646
1.846881
1.794191
1.800707
1.823302
1.869159
1.792433
1.753523
1.697430
1.670854
1.661285
1.655012
1.681770
1.673925
1.706411
1.742850
1.729013
1.721869
1.777279
1.767816
1.712352
1.729607
1.703169
1.677111
1.651021
1.625800
1.604979
1.606155
1.598213
1.616114
1.611084
1.609304
1.628472
1.620358
1.669611
1.678291
1.640426
1.632730
1.620886
1.614076
1.648608
1.628209
1.596173
1.575229
1.567454
1.572856
1.565533
1.559894
1.571823
1.567702
1.602462
1.693280
1.682068
1.681666
1.705012
1.713790
1.719479
1.692263
1.677925
1.693817
1.679254
1.652045
1.635244
1.635277
1.610927
1.577911
1.563269
1.565732
1.588834
1.590028
1.593937
1.639990
1.639847
1.618597
1.631254
1.623438
1.558779
1.584049
1.569649
1.563262
1.563610
1.575792
1.591700
1.556205
1.564728
1.582669
1.582535
1.587116
1.609441
1.606088
1.624413
1.602611
1.613896
1.568872
1.563693
1.571376
1.570392
1.581824
1.588115
1.631459
1.637699
1.624534
1.627883
1.642214
1.618258
1.596118
1.563623
1.572670
1.557626
1.550914
1.561859
1.561868
1.549678
1.557098
1.546991
1.556077
1.564628
1.575296
1.558130
1.569679
1.608767
1.595379
1.592106
1.580056
1.573225
1.575229
1.559154
1.592749
1.584499
1.572693
1.561328
1.555354
1.574366
1.567166
1.572935
1.565710
1.601055
1.580016
1.574161
1.569269
1.569223
1.569378
1.560603
1.574512
1.579697
1.562419
1.566975
1.567158
1.554487
1.563456
1.564132
1.560416
1.558032
1.555868
1.562477
1.559009
1.549902
1.553063
1.546577
1.555845
1.560722
1.564054
1.560367
1.555634
1.553309
1.564164
1.569335
1.585374
1.603965
1.630183
1.645039
1.661923
1.649639
1.640440
1.651243
1.618513
1.607954
1.587361
1.569866
1.564817
1.573045
1.582452
1.567684
1.572706
1.545979
1.560412
1.553249
1.541060
1.537940
1.528523
1.540927
1.551598
1.553612
1.561341
1.553378
1.547161
1.570120
1.559570
1.566862
1.569842
1.567144
1.552997
1.576265
1.580514
1.606544
1.600220
1.592116
1.615413
1.575888
1.569844
1.575168
1.561678
1.559656
1.546367
1.569307
1.561866
1.564046
1.552380
1.548827
1.536912
1.552834
1.546263
1.527738
1.534642
1.535345
1.534443
1.535468
1.551154
1.553489
1.560739
1.553041
1.558135
1.571154
1.565003
1.559662
1.574120
1.578748
1.563945
1.587950
1.581195
1.581495
1.554865
1.550276
1.565370
1.551108
1.556047
1.569158
1.575856
1.575853
1.565789
1.576799
1.565257
1.584714
1.588030
1.617656
1.611476
1.622837
1.618386
1.603018
1.616392
1.593698
1.588261
1.559457
1.552079
1.570784
1.569053
1.566973
1.551962
1.556064
1.541334
1.567164
1.547967
1.573823
1.552306
1.541390
1.547817
1.548487
1.535169
1.542303
1.523981
1.527561
1.508557
1.526192
1.523021
1.527618
1.520338
1.512513
1.535838
1.517900
1.514199
1.518428
1.525219
1.550282
1.550272
1.556617
1.556064
1.561640
1.563157
1.572794
1.571680
1.571325
1.560650
1.564058
1.584695
1.563689
1.571334
1.582571
1.603585
1.586370
1.589393
1.617188
1.578710
1.568073
1.552978
1.552865
1.560058
1.587985
1.529096
1.544245
1.556127
1.528408
1.526064
1.538945
1.520702
1.510275
1.515987
1.533473
1.507608
1.509577
1.514832
1.515642
1.509785
1.500299
1.513320
1.505240
1.493544
1.504095
1.515380
1.495178
1.503247
1.503139
1.492514
1.512944
1.501033
1.482582
1.493079
1.490538
1.484909
1.487217
1.482689
1.519424
1.506866
1.502670
1.499199
1.489403
1.495224
1.492065
1.488548
1.494141
1.494123
1.482412
1.494643
1.487234
1.500037
1.488848
1.495683
1.495883
1.505522
1.495905
1.512571
1.544761
1.510322
1.517143
1.512796
1.515725
1.500856
1.517377
1.511282
1.507199
1.504165
1.501073
1.502328
1.510819
1.500823
1.495138
1.494306
1.498425
1.511064
1.501298
1.494109
1.485848
1.479437
1.480642
1.474940
1.471243
1.477339
1.478954
1.488963
1.494155
1.488081
1.479909
1.487287
1.490967
1.505055
1.527380
1.504613
1.518232
1.518847
1.522144
1.548068
1.580509
1.553074
1.550247
1.542977
1.573951
1.547429
1.549487
1.548262
1.538897
1.539546
1.546083
1.532077
1.526297
1.524320
1.547530
1.528468
1.500271
1.518348
1.507077
1.520948
1.520476
1.538603
1.506054
1.518856
1.496094
1.493350
1.496799
1.497744
1.519533
1.519717
1.505251
1.502162
1.494293
1.505502
1.513190
1.482475
1.498507
1.492171
1.500278
1.483298
1.490417
1.484995
1.476021
1.484061
1.472722
1.475093
1.476307
1.486781
1.477062
1.487747
1.473518
1.479485
1.479511
1.487064
1.489365
1.488014
1.475363
1.482078
1.476503
1.502671
1.486039
1.478599
1.480558
1.475968
1.496453
1.488690
