2.306766
2.302269
2.308000
2.298358
2.256804
2.262296
2.254498
2.311878
2.311329
2.206691
2.088822
2.046674
2.005667
2.032373
2.022494
2.035242
1.934382
1.970507
2.090312
2.115304
2.190691
2.022307
1.916677
1.912467
1.827988
1.728526
1.746718
1.776560
1.717966
1.691733
1.707584
1.714256
1.699225
1.710589
1.727450
1.668789
1.719806
1.653730
1.683375
1.677547
1.675534
1.674865
1.662805
1.638395
1.621183
1.622432
1.657383
1.623250
1.622954
1.635830
1.633793
1.625862
1.634162
1.608214
1.621857
1.623195
1.639704
1.602571
1.589398
1.609546
1.632318
1.590338
1.612575
1.610018
1.629720
1.607853
1.613782
1.604627
1.580110
1.606045
1.608733
1.590079
1.579015
1.558164
1.594614
1.564948
1.570639
1.594262
1.569406
1.598583
1.601762
1.566630
1.580585
1.578908
1.552912
1.584937
1.588634
1.591969
1.596356
1.560099
1.591154
1.571331
1.593478
1.560002
1.579353
1.550924
1.546729
1.568591
1.576038
1.544985
1.571558
1.587669
1.527010
1.572851
1.559720
1.575523
1.544748
1.565460
1.550957
1.548181
1.573342
1.537353
1.524001
1.554213
1.556849
1.554991
1.549747
1.559446
1.550373
1.543629
1.538146
1.580230
1.538785
1.536915
1.530836
1.556968
1.524607
1.547462
1.551844
1.545279
1.551091
1.554621
1.541873
1.546645
1.550698
1.552961
1.536694
1.546515
1.544883
1.554817
1.566387
1.558888
1.539601
1.539215
1.550613
1.534424
1.539262
1.532324
1.555418
1.538515
1.539613
1.537080
1.526260
1.548822
1.529732
1.532138
1.540126
1.558671
1.536165
1.532987
1.553167
1.539448
1.530031
1.538235
1.547231
1.514547
1.520764
1.536660
1.519706
1.542751
1.524649
1.549434
1.577467
1.556226
1.565724
1.533517
1.525206
1.514374
1.559459
1.514409
1.567378
1.566690
1.651614
1.691871
1.620244
1.548922
1.525175
1.564651
1.531007
1.507758
1.530035
1.581633
1.553405
1.544480
1.548115
1.519572
1.563910
1.557305
1.572690
1.548965
1.538989
1.541257
1.528912
1.528943
1.520479
1.556255
1.519157
1.579393
1.563654
1.536651
1.577279
1.552334
1.530577
1.545220
1.549881
1.528050
1.551188
1.540593
1.549237
1.546728
1.519450
1.535398
1.509636
1.538681
1.522233
1.517381
1.515424
1.578574
1.556919
1.559082
1.542808
1.544673
1.517091
1.525763
1.545804
1.542933
1.517693
1.544971
1.526886
1.523467
1.536225
1.540979
1.533538
1.506721
1.506761
1.502835
1.538323
1.508009
1.507253
1.519020
1.524675
1.548811
1.554801
1.538116
1.541594
1.539396
1.541854
1.522153
1.519911
1.545972
1.510914
1.560341
1.519739
1.514687
1.526424
1.492594
1.515359
1.524328
1.525685
1.531429
1.543755
1.528285
1.524019
1.528160
1.523031
1.499684
1.515718
1.542183
1.515723
1.490316
1.509658
1.537367
1.494190
1.534882
1.559806
1.511507
1.524277
1.523301
1.531478
1.529731
1.523855
1.534127
1.504967
1.501794
1.521706
1.521368
1.512827
1.550844
1.527724
1.510254
1.522262
1.529878
1.537546
1.522976
1.513342
1.520716
1.519228
1.504852
1.527573
1.495506
1.521112
1.527144
1.553987
1.536891
1.502081
1.521484
1.493021
1.517958
1.527936
1.539139
1.533101
1.525428
1.562266
1.540782
1.512179
1.503648
1.515202
1.497141
1.526499
1.514390
1.532413
1.512812
1.505278
1.542468
1.538266
1.503626
1.515323
1.485658
1.501703
1.508307
1.493846
1.564136
1.510613
1.517812
1.524737
1.498144
1.531233
1.519498
1.523461
1.521864
1.520793
1.514040
1.533358
1.534771
1.525881
1.521268
1.520846
1.507914
1.510174
1.497722
1.521377
1.499850
1.487528
1.535805
1.498705
1.527378
1.516717
1.527176
1.513004
1.498206
1.502008
1.494696
1.519440
1.517949
1.497206
1.506116
1.521368
1.511664
1.508676
1.527152
1.503885
1.523965
1.496718
1.516608
1.504762
1.488182
1.507112
1.524301
1.507413
1.516888
1.528269
1.543573
1.500682
1.499125
1.508083
1.509592
1.506433
1.505868
1.512916
1.513647
1.547780
1.515806
1.508760
1.513127
1.509939
1.530300
1.534427
1.522370
1.522870
1.509985
1.524864
1.527683
1.495885
1.516143
1.495148
1.503534
1.513839
1.516797
1.495339
1.499415
1.495600
1.478061
1.512121
1.503397
1.510698
1.543506
1.536084
1.532602
1.543807
1.511806
1.515865
1.484913
1.506243
1.500110
1.511629
1.508747
1.518246
1.517059
1.499371
1.512819
1.511382
1.510298
1.528053
1.491052
1.493301
1.534010
1.519621
1.496920
1.509419
1.515689
1.501352
1.509242
1.494738
1.514540
1.515334
1.489401
1.481972
1.526575
1.542399
1.501229
1.533137
1.503209
1.512754
1.500472
1.504925
1.521408
1.499833
1.503994
1.494766
1.519289
1.522824
1.509099
1.503569
1.496959
1.510845
1.498797
1.504926
1.507680
1.514272
1.493315
1.530573
1.499197
1.514209
1.511893
1.509081
1.506511
1.498036
1.494305
1.512155
1.498183
1.524679
1.509744
1.509647
1.511022
1.521539
1.512203
1.508654
1.501738
1.509906
1.505143
