2.318599
2.309386
2.304595
2.293393
2.293485
2.303008
2.290342
2.323913
2.268096
2.229599
2.152195
2.174612
2.085729
1.967574
1.946208
1.924074
1.903898
1.858835
1.767207
1.725396
1.742910
1.747862
1.716198
1.722451
1.735195
1.669015
1.662871
1.659292
1.651848
1.621342
1.638906
1.660367
1.651934
1.652141
1.636694
1.653347
1.622254
1.615462
1.584780
1.605849
1.588145
1.579447
1.590223
1.594110
1.590608
1.595456
1.563680
1.612686
1.568635
1.597065
1.592097
1.560362
1.571959
1.576140
1.590757
1.562797
1.598612
1.591964
1.563531
1.585528
1.575597
1.558342
1.548708
1.574016
1.586232
1.556474
1.566726
1.575521
1.552189
1.577337
1.570153
1.556688
1.537257
1.552920
1.593248
1.531094
1.548926
1.590180
1.560340
1.558063
1.520625
1.548162
1.523629
1.524047
1.562382
1.546205
1.553946
1.545658
1.558755
1.536621
1.538366
1.529386
1.547248
1.582963
1.546937
1.560054
1.540490
1.543636
1.503348
1.518778
1.539015
1.538979
1.548811
1.554171
1.530666
1.567325
1.511033
1.543345
1.565290
1.559843
1.521599
1.522349
1.548535
1.534988
1.567196
1.558913
1.516847
1.538756
1.565082
1.524459
1.556817
1.555655
1.542546
1.509098
1.562393
1.509766
1.533818
1.513379
1.518862
1.532022
1.530119
1.525719
1.524468
1.553150
1.516595
1.522076
1.534884
1.527814
1.509230
1.522102
1.504647
1.516404
1.538706
1.529672
1.494643
1.522043
1.526513
1.518797
1.538257
1.508429
1.524867
1.505915
1.505858
1.527008
1.501671
1.519394
1.504778
1.514850
1.521530
1.502267
1.535971
1.564858
1.538275
1.516622
1.526109
1.536862
1.514925
1.527827
1.509254
1.505290
1.531582
1.534267
1.495236
1.500816
1.536325
1.487858
1.506545
1.506311
1.516441
1.527100
1.492978
1.500525
1.529841
1.520210
1.507644
1.497731
1.528228
1.504828
1.500578
1.529491
1.525564
1.510012
1.505421
1.516564
1.515459
1.495168
1.511848
1.511710
1.501944
1.513970
1.506164
1.498649
1.497498
1.516306
1.506448
1.522082
1.489956
1.519415
1.545191
1.497112
1.505461
1.504119
1.528955
1.510817
1.508649
1.496505
1.504117
1.499847
1.512645
1.510989
1.525566
1.510153
1.512496
1.511657
1.505057
1.500396
1.498276
1.508277
1.490487
1.502098
1.520706
1.506824
1.508525
1.498888
1.514587
1.491696
1.520762
1.541979
1.521092
1.516894
1.514699
1.507207
1.502722
1.501904
1.512102
1.512060
1.496694
1.511165
1.502459
1.506520
1.498705
1.496373
1.506557
1.516765
1.507831
1.493191
1.489980
1.489941
1.498669
1.500998
1.504883
1.520954
1.498260
1.504453
1.492445
1.521572
1.484325
1.508706
1.504568
1.510157
1.528202
1.515500
1.501788
1.518036
1.497042
1.518315
1.489573
1.502813
1.505021
1.486624
1.494102
1.483647
1.494045
1.531746
1.512828
1.486080
1.494484
1.495115
1.511332
1.482350
1.496139
1.487680
1.495921
1.495861
1.491562
1.505991
1.494783
1.489991
1.503365
1.499241
1.493140
1.508316
1.488582
1.500039
1.490111
1.493051
1.493351
1.503489
1.500507
1.497546
1.495040
1.496494
1.495626
1.485480
1.479407
1.502950
1.504048
1.528264
1.505732
1.491903
1.514644
1.495184
1.488279
1.491776
1.487944
1.503044
1.509647
1.503844
1.494280
1.493883
1.491500
1.512533
1.499993
1.504643
1.503470
1.487793
1.493549
1.509163
1.485420
1.495168
1.488047
1.489733
1.510794
1.486116
1.486540
1.484478
1.491508
1.486295
1.495604
1.492183
1.480749
1.492884
1.505643
1.488139
1.497535
1.483056
1.507652
1.513456
1.495229
1.502766
1.484797
1.494408
1.485110
1.482557
1.505406
1.496580
1.479731
1.497506
1.501240
1.505401
1.494766
1.508516
1.499849
1.498277
1.497277
1.501680
1.497966
1.498235
1.501035
1.487715
1.504708
1.487142
1.491316
1.498946
1.481298
1.500387
1.507551
1.499959
1.498230
1.480302
1.506352
1.493484
1.487421
1.481993
1.495279
1.490723
1.494734
1.508748
1.489424
1.503059
1.482831
1.483689
1.480949
1.478757
1.492093
1.487401
1.498169
1.494610
1.491544
1.487959
1.485552
1.498938
1.503798
1.483600
1.499665
1.497002
1.489626
1.491037
1.490286
1.485177
1.507246
1.485421
1.480636
1.482061
1.489887
1.492543
1.493386
1.489577
1.500489
1.481404
1.476286
1.494938
1.491005
1.482553
1.478148
1.500787
1.481348
1.476479
1.484607
1.494156
1.487600
1.507000
1.485251
1.510156
1.508806
1.501744
1.487315
1.503572
1.486559
1.484865
1.513221
1.484730
1.503370
1.498302
1.477409
1.498648
1.499595
1.498821
1.491972
1.483889
1.491356
1.489462
1.496973
1.480940
1.495285
1.489263
1.486083
1.483401
1.475156
1.488764
1.499769
1.476908
1.489430
1.484659
1.481445
1.485230
1.497869
1.485168
1.493734
1.492160
1.485852
1.487974
1.484974
1.486179
1.498745
1.485080
1.483629
1.500574
1.493184
1.503099
1.487067
1.474819
1.485684
1.473362
1.484407
1.481396
1.486812
1.489006
1.486129
1.483449
