2.303276
2.300936
2.305855
2.302130
2.299549
2.291672
2.294194
2.292089
2.286726
2.280510
2.271371
2.263700
2.257883
2.249221
2.247855
2.229089
2.192778
2.212536
2.167410
2.160166
2.161962
2.109819
2.099918
2.061907
2.049401
2.014498
1.958933
1.944214
1.909967
1.898844
1.866104
1.829334
1.797317
1.800960
1.770155
1.763030
1.787105
1.735955
1.726913
1.730301
1.756256
1.764220
1.718600
1.691036
1.716399
1.681844
1.669558
1.693323
1.673089
1.658891
1.651946
1.662520
1.664436
1.682069
1.653188
1.643171
1.655204
1.641646
1.667736
1.678499
1.643927
1.654612
1.651066
1.662158
1.635531
1.641352
1.620459
1.618676
1.644410
1.621800
1.634051
1.618320
1.618550
1.631911
1.634016
1.650337
1.629562
1.617961
1.634408
1.641881
1.619542
1.596112
1.601856
1.609537
1.608211
1.647086
1.660823
1.598317
1.597042
1.616774
1.643321
1.583761
1.606108
1.619660
1.630650
1.606790
1.613571
1.580907
1.594526
1.598970
1.599400
1.611012
1.608408
1.611592
1.628676
1.583984
1.565412
1.604877
1.585046
1.602193
1.618497
1.599610
1.579168
1.578776
1.624473
1.611518
1.564619
1.590863
1.599276
1.600734
1.563038
1.602650
1.561145
1.578643
1.599701
1.574505
1.603633
1.626323
1.581044
1.582756
1.568273
1.587821
1.580330
1.596388
1.585519
1.574490
1.584919
1.582660
1.612675
1.593464
1.575580
1.587562
1.584214
1.590327
1.577515
1.569389
1.563761
1.622251
1.569786
1.609751
1.575071
1.551225
1.576329
1.574608
1.583012
1.602526
1.574422
1.587522
1.556652
1.541665
1.578681
1.560936
1.576954
1.572507
1.581772
1.555294
1.554737
1.567900
1.577347
1.575271
1.568281
1.584723
1.607708
1.624449
1.578469
1.574215
1.567264
1.548895
1.561057
1.557947
1.551476
1.561060
1.581936
1.552713
1.554118
1.589186
1.559873
1.561186
1.567142
1.583331
1.542411
1.551252
1.551334
1.574904
1.553459
1.543088
1.555293
1.555053
1.572135
1.594475
1.574077
1.561790
1.556687
1.531968
1.582142
1.581716
1.544044
1.538538
1.573308
1.541590
1.554869
1.558462
1.571683
1.526629
1.523929
1.603925
1.566908
1.563243
1.559327
1.553167
1.580687
1.577876
1.566973
1.564849
1.561764
1.543799
1.543954
1.565900
1.541117
1.558473
1.547846
1.544078
1.540869
1.559874
1.573538
1.559689
1.530207
1.566127
1.545302
1.547209
1.555239
1.547754
1.550315
1.558622
1.551715
1.570964
1.553161
1.552754
1.555166
1.537479
1.558884
1.528087
1.546968
1.581442
1.572468
1.518475
1.565409
1.581182
1.556465
1.543527
1.549686
1.569529
1.546344
1.571906
1.560647
1.564029
1.553335
1.575230
1.548487
1.552740
1.539222
1.559630
1.547583
1.526179
1.548085
1.519202
1.566076
1.556065
1.533864
1.538383
1.530219
1.548832
1.543316
1.556347
1.560128
1.563991
1.561567
1.552699
1.560648
1.543859
1.546064
1.553076
1.556210
1.528766
1.552313
1.548853
1.523204
1.555424
1.546923
1.553241
1.539954
1.544634
1.565025
1.523831
1.522271
1.555061
1.536406
1.530812
1.514983
1.543480
1.564504
1.560751
1.552315
1.535438
1.530096
1.554995
1.546701
1.552739
1.563119
1.562283
1.539844
1.542375
1.554589
1.537103
1.536069
1.561318
1.515966
1.538494
1.538081
1.552374
1.556062
1.539670
1.542325
1.515778
1.534420
1.543058
1.568454
1.518516
1.552850
1.564192
1.523633
1.530914
1.538913
1.541808
1.530994
1.542903
1.544883
1.506745
1.564913
1.517574
1.556739
1.532319
1.528986
1.548684
1.524874
1.523038
1.547058
1.542284
1.560272
1.507922
1.561531
1.538161
1.544987
1.533409
1.531710
1.546844
1.530684
1.556067
1.539077
1.556828
1.553041
1.520486
1.522965
1.543563
1.535470
1.555149
1.563792
1.501574
1.549230
1.548517
1.535165
1.523189
1.543623
1.510709
1.579634
1.547162
1.536505
1.537734
1.526914
1.560457
1.556222
1.541630
1.528443
1.562175
1.525538
1.547937
1.533985
1.504636
1.524702
1.536241
1.543149
1.521682
1.536209
1.523583
1.535164
1.487950
1.554291
1.513589
1.516403
1.535518
1.538793
1.546303
1.505964
1.530189
1.540029
1.526928
1.538529
1.580317
1.540911
1.553367
1.549002
1.555914
1.548597
1.528308
1.510303
1.529213
1.511698
1.522465
1.526997
1.514577
1.503982
1.536199
1.512605
1.521627
1.539124
1.535913
1.541792
1.533409
1.533454
1.542897
1.528140
1.527754
1.522597
1.527368
1.548226
1.524626
1.511796
1.549314
1.510453
1.534597
1.537049
1.536983
1.528790
1.529833
1.545950
1.539131
1.530647
1.541894
1.544121
1.498601
1.527358
1.549434
1.525265
1.542698
1.541298
1.548076
1.505268
1.520966
1.513469
1.523140
1.542086
1.515819
1.533500
1.524911
1.523111
1.506194
1.534676
1.522797
1.522834
1.512112
1.571207
1.522250
1.529819
1.524768
1.514720
1.514661
1.520924
1.538779
1.538115
1.533270
1.533409
1.526435
1.509606
1.553811
1.517125
1.535073
1.528310
1.531417
1.526913
1.549084
