2.255244
2.245614
2.235702
2.214669
2.183844
2.143450
2.090519
2.025748
1.943274
1.840472
1.730446
1.618402
1.517982
1.517505
1.598754
1.919413
1.873066
1.695515
1.496913
0.989093
3.705165
1.328300
2.564791
0.875555
48.401863
68.210381
45.121445
11.108503
3.346637
2.527199
2.410303
2.380522
2.378527
2.358235
2.399511
2.367475
2.349257
2.342036
2.325161
2.324564
2.342941
2.468775
2.541203
2.623650
2.623516
2.568533
2.611611
2.733759
2.789034
2.680881
2.694670
3.031929
3.224209
3.186448
3.275847
3.189437
2.882199
2.805027
2.905609
3.133291
3.365091
3.444700
3.573081
4.108241
5.203129
5.652956
5.647896
5.439977
5.085628
4.914086
5.400965
4.855249
5.541684
6.405157
8.474227
8.320991
11.782755
10.989325
12.844137
15.287186
12.920326
11.525807
27.215021
49.951485
70.478012
25.632568
9.668246
12.411245
4.709809
5.121976
5.706236
3.915561
4.969103
5.928932
4.748519
4.896371
5.118085
5.208389
5.262174
5.454003
5.546480
5.452287
5.434905
5.426288
5.453589
5.333660
5.202277
5.040722
5.007055
4.955323
4.853114
4.889405
4.923740
4.869225
4.895020
4.931227
4.976042
5.001459
4.990182
5.110586
5.256253
5.500387
5.683171
6.006546
6.175206
6.564774
6.787144
6.908379
7.049728
7.252778
7.737741
7.825745
8.270455
8.774396
9.121114
9.753993
9.930134
9.934248
10.170144
10.929736
11.262956
11.351981
11.344887
12.702310
12.757348
14.281028
20.258858
22.188799
22.825590
17.282848
24.130209
40.063839
54.237946
133.504227
206.824524
343.713379
397.387543
715.119202
1968.746582
5483.368164
11864.941406
21397.123047
23521.458984
43732.871094
47723.050781
12511.239258
14.301171
0.914263
24.043940
3.406946
3.528582
2.731633
1.874233
0.611271
0.615172
1.033517
2.640284
3.560408
4.331093
4.915668
5.146209
5.459001
5.676278
6.007119
5.950774
6.015158
6.028777
5.841959
5.839240
5.783982
5.447903
5.535812
5.172388
5.148629
4.863691
4.804035
4.669343
4.535433
4.423221
4.311487
4.067756
3.856426
3.895938
3.680175
3.508741
3.434609
3.266750
3.174722
3.088744
2.962510
2.890757
2.833449
2.743912
2.723531
2.601146
2.610814
2.551068
2.525019
2.493755
2.437623
2.451315
2.445230
2.424338
2.441979
2.431047
2.460662
2.532159
2.551463
2.565806
2.586872
2.589603
2.567302
2.562009
2.543763
2.516850
2.490139
2.450272
2.428576
2.417626
2.382061
2.400315
2.405017
2.363495
2.334299
2.342748
2.305101
2.276904
2.283930
2.301552
2.296126
2.291276
2.242350
2.198765
2.146337
2.123234
2.110807
2.091076
2.071900
2.077054
2.064990
2.070862
2.085963
2.100385
2.115113
2.121178
2.141394
2.154886
2.175082
2.191293
2.208701
2.217925
2.223718
2.231218
2.241344
2.247722
2.256116
2.263202
2.266884
2.279873
2.284508
2.285407
2.295155
2.292562
2.288955
2.304512
2.307575
2.320050
2.331913
2.339264
2.337404
2.343938
2.362137
2.353325
2.361393
2.347882
2.345164
2.331232
2.326701
2.326654
2.322607
2.315021
2.319847
2.303100
2.298309
2.303087
2.309637
2.317151
2.322486
2.327386
2.322487
2.327245
2.341524
2.359239
2.349761
2.371444
2.397572
2.396676
2.375864
2.406108
2.402012
2.406513
2.397406
2.393444
2.378306
2.352448
2.339293
2.317350
2.304849
2.295209
2.269634
2.240818
2.220463
2.208318
2.199882
2.196716
2.202859
2.210509
2.219556
2.245649
2.280625
2.311878
2.350425
2.371854
2.391606
2.413821
2.413836
2.424348
2.412142
2.394825
2.373740
2.353521
2.321049
2.320815
2.284951
2.266901
2.249964
2.250953
2.239485
2.258931
2.286418
2.319311
2.346726
2.374877
2.423075
2.445405
2.465863
2.458044
2.439044
2.413759
2.379860
2.362490
2.362302
2.345616
2.341964
2.315881
2.306804
2.296257
2.286934
2.291254
2.257171
2.260458
2.289186
2.315510
2.333499
2.368180
2.367200
2.407129
2.402977
2.370355
2.551379
2.482332
2.395959
2.342318
2.266394
2.399878
2.521961
2.449494
2.342640
2.256579
2.177593
2.086058
2.016667
1.978859
1.981012
2.010962
2.066472
2.119567
2.192645
2.273091
2.335432
2.339798
2.299602
2.195322
2.129264
2.076797
2.048750
1.931898
1.858127
1.824191
1.841339
1.899594
2.065139
2.211172
2.332208
2.397487
2.391203
2.417259
2.389010
2.273734
2.136156
1.966933
1.816784
1.740250
1.707037
1.838783
1.991003
2.084348
2.177310
2.234333
2.291700
2.283036
2.203912
2.110229
2.026986
1.953949
1.911258
1.897694
1.928159
1.911878
1.929614
1.964465
2.012726
2.017437
2.020985
2.063745
2.090838
2.137140
2.145540
2.121798
2.061447
1.989867
1.920040
2.089952
2.150473
2.094089
2.035096
1.989712
1.934523
1.923556
1.931277
1.966461
2.021080
2.082051
2.141400
2.169763
2.065090
1.962406
1.885434
1.854405
1.879405
1.924454
1.970850
2.001988
2.005497
2.007394
2.008145
1.987081
2.002872
2.036115
2.050784
2.022915
2.023901
2.013097
2.026839
1.996650
1.992796
2.003042
2.022245
2.010660
1.993613
