2.293585
2.278341
2.251525
2.239266
2.202813
2.152290
2.119698
2.076470
2.038563
1.999653
1.968347
1.965822
1.925885
1.930077
1.923239
1.917292
1.936773
1.835411
1.781937
1.712128
1.721627
1.705516
1.697331
1.693527
1.659517
1.644433
1.635213
1.608588
1.627202
1.571026
1.591257
1.608832
1.596893
1.585727
1.573120
1.547516
1.578523
1.636414
1.557720
1.589993
1.566031
1.551681
1.560197
1.549855
1.564591
1.553159
1.546595
1.578074
1.555423
1.542615
1.543058
1.580822
1.534342
1.519857
1.522218
1.558164
1.530725
1.520107
1.546749
1.540233
1.532990
1.533893
1.502156
1.542737
1.524114
1.534747
1.543489
1.514393
1.511152
1.505173
1.513593
1.540659
1.507338
1.517168
1.518885
1.533742
1.527439
1.518241
1.536071
1.500877
1.538144
1.528811
1.528453
1.522594
1.499446
1.491807
1.520957
1.510629
1.504938
1.524024
1.499713
1.511203
1.507136
1.516246
1.506299
1.519287
1.507073
1.510521
1.518539
1.502139
1.523251
1.509805
1.518155
1.506252
1.531265
1.519267
1.512437
1.515850
1.521277
1.528014
1.495302
1.517346
1.505873
1.496184
1.500098
1.493185
1.508505
1.511233
1.499311
1.503391
1.494287
1.507555
1.506799
1.514830
1.515569
1.509762
1.511163
1.504397
1.511971
1.498894
1.497569
1.502012
1.496920
1.492591
1.490392
1.493262
1.481322
1.508013
1.498580
1.513621
1.515493
1.509062
1.510538
1.508740
1.506896
1.492188
1.481530
1.496118
1.489323
1.511241
1.502416
1.520828
1.502230
1.498924
1.492036
1.489424
1.491076
1.501949
1.498955
1.519017
1.491817
1.499472
1.501650
1.506868
1.499331
1.483064
1.485487
1.505217
1.490831
1.487036
1.497957
1.473621
1.501559
1.482376
1.505201
1.502934
1.513395
1.499792
1.487267
1.482972
1.486548
1.509869
1.486837
1.493982
1.507254
1.504360
1.489406
1.483507
1.491304
1.501688
1.495472
1.492141
1.482990
1.516686
1.475886
1.497425
1.489673
1.499963
1.505135
1.498295
1.490239
1.490185
1.514894
1.494056
1.501606
1.476744
1.495491
1.487632
1.483843
1.485711
1.474763
1.486671
1.487061
1.495883
1.481714
1.486728
1.489402
1.521631
1.488050
1.492525
1.486639
1.487265
1.479593
1.500610
1.489502
1.499773
1.476640
1.474277
1.490624
1.482052
1.489695
1.484337
1.481927
1.501322
1.477194
1.499790
1.475084
1.496313
1.500617
1.484810
1.487460
1.491638
1.479976
1.497758
1.483707
1.481870
1.498717
1.485423
1.488799
1.487378
1.490727
1.485725
1.486821
1.493830
1.494091
1.480090
1.482543
1.469096
1.496651
1.500551
1.479247
1.498547
1.475662
1.477587
1.478267
1.480739
1.505798
1.480417
1.490649
1.477899
1.492788
1.483244
1.485078
1.474465
1.485774
1.476908
1.494605
1.473112
1.478252
1.495830
1.477793
1.472455
1.478140
1.484431
1.486897
1.494131
1.492221
1.480698
1.478091
1.508007
1.486583
1.481422
1.485590
1.469018
1.475150
1.502264
1.484051
1.477905
1.490504
1.480808
1.498527
1.485683
1.488056
1.486678
1.499840
1.479260
1.475931
1.485200
1.497351
1.470959
1.475686
1.478872
1.476914
1.477247
1.494851
1.483229
1.485597
1.478399
1.502319
1.471403
1.469832
1.489513
1.505342
1.479707
1.472552
1.487733
1.488407
1.478958
1.481779
1.471470
1.468089
1.493690
1.487025
1.494613
1.483046
1.477575
1.486118
1.485651
1.477020
1.491407
1.471133
1.480756
1.472763
1.476050
1.480973
1.491229
1.488624
1.500613
1.491036
1.477578
1.491755
1.476001
1.482129
1.485617
1.484619
1.488734
1.479471
1.482177
1.479695
1.471789
1.480345
1.478405
1.471881
1.485541
1.471101
1.476741
1.487053
1.473499
1.476599
1.481876
1.476791
1.469690
1.476809
1.484370
1.492131
1.474364
1.494874
1.477726
1.475742
1.488113
1.473785
1.479330
1.486134
1.477584
1.473588
1.478804
1.485196
1.469452
1.488460
1.489990
1.475633
1.477738
1.483229
1.473331
1.477951
1.482146
1.476480
1.475590
1.471579
1.467383
1.472450
1.478860
1.492093
1.494693
1.508782
1.484636
1.478330
1.471992
1.478725
1.489944
1.483341
1.474133
1.478787
1.478226
1.475516
1.480278
1.488349
1.465854
1.486024
1.471283
1.479952
1.470135
1.469725
1.467898
1.467052
1.472677
1.483416
1.476288
1.489336
1.485932
1.499479
1.474679
1.477861
1.486060
1.471045
1.477951
1.475108
1.474264
1.478264
1.476583
1.467937
1.473217
1.482741
1.483991
1.483600
1.473745
1.482346
1.469297
1.473678
1.488520
1.474056
1.483474
1.471006
1.497571
1.471229
1.483547
1.467655
1.492074
1.475136
1.477962
1.479638
1.474936
1.480733
1.476352
1.477703
1.485536
1.483449
1.484601
1.466330
1.482550
1.490514
1.477975
1.479578
1.467818
1.485428
1.480478
1.479179
1.475474
1.479137
1.472071
1.483045
1.474537
1.467597
1.477679
1.470688
1.476857
1.482564
1.475020
1.473158
1.475985
1.469349
1.472637
1.471819
1.474764
1.485486
1.471475
1.471558
1.481777
1.483348
1.472947
