2.306553
2.298331
2.237031
2.298138
2.262803
2.259892
2.230514
2.287048
2.172120
2.421125
2.441675
2.542167
2.461623
2.095335
1.885049
1.855785
1.873636
1.831462
1.825589
1.891363
1.908827
1.925614
1.918532
1.927405
1.923843
1.918051
1.924678
1.930369
1.896864
1.841347
1.825722
1.825722
1.825722
1.833534
1.833534
1.825722
1.833534
1.825722
1.831707
1.827616
1.826177
1.863680
1.906384
1.908456
1.884660
1.868883
1.838981
1.856179
1.882442
1.871353
1.864848
1.827237
1.841245
1.841347
1.833534
1.825544
1.840907
1.842088
1.825638
1.825292
1.825722
1.832477
1.833283
1.825722
1.826369
1.825722
1.833534
1.825722
1.849159
1.825638
1.833451
1.825544
1.833367
1.833534
1.833534
1.841347
1.833534
1.825638
1.841179
1.825638
1.826218
1.825638
1.825554
1.833273
1.833273
1.825554
1.825638
1.825386
1.833189
1.833451
1.833189
1.824926
1.825386
1.825544
1.825376
1.840907
1.841001
1.840592
1.824695
1.832518
1.824705
1.823342
1.822231
1.843685
1.817227
1.815656
1.822787
1.814669
1.814219
1.829656
1.814136
1.821102
1.819232
1.824838
1.803809
1.793004
1.747952
1.715541
1.717897
1.717223
1.726260
1.726498
1.711295
1.714016
1.711553
1.708633
1.667552
1.651625
1.663446
1.667930
1.671194
1.672226
1.683636
1.670393
1.684370
1.682594
1.669735
1.683618
1.671510
1.672680
1.685022
1.677495
1.669184
1.670285
1.683673
1.684650
1.676518
1.676642
1.682751
1.669487
1.670161
1.683604
1.671138
1.669184
1.670464
1.670657
1.670409
1.678115
1.684774
1.683247
1.670354
1.677936
1.677440
1.673602
1.669982
1.670409
1.677014
1.693526
1.673354
1.677812
1.672005
1.669858
1.670959
1.670409
1.671331
1.670464
1.678293
1.672184
1.672735
1.672239
1.671207
1.683426
1.678169
1.677193
1.672308
1.685394
1.682642
1.679339
1.688022
1.684100
1.672060
1.673588
1.684610
1.673836
1.694255
1.673781
1.678665
1.683138
1.676657
1.691765
1.683316
1.675061
1.684184
1.690719
1.680153
1.684734
1.678432
1.676409
1.685835
1.682587
1.678680
1.684789
1.692866
1.685711
1.683153
1.688533
1.684006
1.687749
1.707331
1.705337
1.697245
1.714654
1.745110
1.822734
2.234592
2.429933
2.414200
2.362295
2.303452
2.302585
2.302585
2.302585
2.302585
2.302585
2.302585
2.302585
2.302585
2.302585
2.302585
2.302585
2.302585
2.302585
2.302585
2.302585
2.302585
2.302585
2.302585
2.302585
2.302585
2.302585
2.302585
2.302585
2.302585
2.302585
2.302585
2.302585
2.302585
2.302585
2.302585
2.302585
2.302585
2.302585
2.302585
2.302585
2.302585
2.302585
2.302585
2.302585
2.302585
2.302585
2.302585
2.302585
2.302585
2.302585
2.302585
2.302585
2.302585
2.302585
2.302585
2.302585
2.302585
2.302585
2.302585
2.302585
2.302585
2.302585
2.302585
2.302585
2.302585
2.302585
2.302585
2.302585
2.302585
2.302585
2.302585
2.302585
2.302585
2.302585
2.302585
2.302585
2.302585
2.302585
2.302585
2.302585
2.302585
2.302585
2.302585
2.302585
2.302585
2.302585
2.302585
2.302585
2.302585
2.302585
2.302585
2.302585
2.302585
2.302585
2.302585
2.302585
2.302585
2.302585
2.302585
2.302585
2.302585
2.302585
2.302585
2.302585
2.302585
2.302585
2.302585
2.302585
2.302585
2.302585
2.302585
2.302585
2.302585
2.302585
2.302585
2.302585
2.302585
2.302585
2.302585
2.302585
2.302585
2.302585
2.302585
2.302585
2.302585
2.302585
2.302585
2.302585
2.302585
2.302585
2.302585
2.302585
2.302585
2.302585
2.302585
2.302585
2.302585
2.302585
2.302585
2.302585
2.302585
2.302585
2.302585
2.302585
2.302585
2.302585
2.302585
2.302585
2.302585
2.302585
2.302585
2.302585
2.302585
2.302585
2.302585
2.302585
2.302585
2.302585
2.302585
2.302585
2.302585
2.302585
2.302585
2.302585
2.302585
2.302585
2.302585
2.302585
2.302585
2.302585
2.302585
2.302585
2.302585
2.302585
2.302585
2.302585
2.302585
2.302585
2.302585
2.302585
2.302585
2.302585
2.302585
2.302585
2.302585
2.302585
2.302585
2.302585
2.302585
2.302585
2.302585
2.302585
2.302585
2.302585
2.302585
2.302585
2.302585
2.302585
2.302585
2.302585
2.302585
2.302585
2.302585
2.302585
2.302585
2.302585
2.302585
2.302585
2.302585
2.302585
2.302585
2.302585
2.302585
2.302585
2.302585
2.302585
2.302585
2.302585
2.302585
2.302585
2.302585
2.302585
2.302585
2.302585
2.302585
2.302585
2.302585
2.302585
2.302585
2.302585
2.302585
2.302585
2.302585
2.302585
2.302585
2.302585
2.302585
2.302585
2.302585
2.302585
2.302585
2.302585
2.302585
2.302585
2.302585
2.302585
2.302585
2.302585
2.302585
2.302585
2.302585
2.302585
2.302585
2.302585
2.302585
2.302585
2.302585
2.302585
2.302585
2.302585
2.302585
2.302585
2.302585
2.302585
2.302585
2.302585
2.302585
2.302585
2.302585
2.302585
2.302585
2.302585
2.302585
2.302585
2.302585
2.302585
