2.306780
2.306729
2.324848
2.351915
2.341130
2.311949
2.347854
2.468851
2.461445
2.541540
2.647597
2.769463
2.843103
2.867077
2.898455
2.907368
2.932756
2.929934
2.933059
2.938809
2.940887
2.939899
2.881324
2.869566
2.863358
2.860777
2.859173
2.858263
2.857203
2.853178
2.842866
2.803192
2.764548
2.758498
2.755189
2.750916
2.744399
2.712843
2.645987
2.559008
2.470612
2.438754
2.413581
2.413688
2.408845
2.381343
2.360189
2.344085
2.304939
2.302585
2.302385
2.311086
2.316701
2.312191
2.308285
2.301386
2.302585
2.302585
2.302585
2.302585
2.302585
2.302585
2.302585
2.302585
2.302585
2.302585
2.302585
2.303328
2.302833
2.304319
2.307912
2.315345
2.317912
2.323103
2.331818
2.337009
2.345097
2.349288
2.351578
2.348019
2.363714
2.406440
2.421475
2.416256
2.463078
2.501717
2.524797
2.507122
2.509333
2.498856
2.460559
2.435086
2.463044
2.503267
2.485047
2.397184
2.388633
2.414973
2.458107
2.534656
2.577611
2.616630
2.590430
2.450180
2.326426
2.308480
2.361066
2.433391
2.473270
2.359929
2.356601
2.337395
2.323521
2.311752
2.307912
2.307169
2.307788
2.306797
2.310389
2.317383
2.348875
2.378397
2.390663
2.393850
2.393265
2.407003
2.423014
2.448047
2.493409
2.480672
2.454599
2.378325
2.343349
2.312726
2.313115
2.325114
2.344724
2.396343
2.437708
2.425682
2.328007
2.304319
2.312743
2.327237
2.345323
2.348544
2.357430
2.356472
2.335042
2.315221
2.306302
2.304072
2.305434
2.318824
2.414880
2.492814
2.507250
2.508173
2.471969
2.373803
2.351005
2.330835
2.324213
2.323329
2.333414
2.356077
2.370148
2.381397
2.376357
2.385847
2.375025
2.374304
2.350475
2.336405
2.307169
2.315840
2.322265
2.322884
2.320548
2.311009
2.310018
2.317451
2.316955
2.323768
2.309770
2.306301
2.305063
2.306549
2.305310
2.306549
2.309770
2.319432
2.323396
2.321786
2.320655
2.321223
2.321735
2.318442
2.323999
2.326370
2.331944
2.333802
2.339253
2.341804
2.339484
2.348200
2.344056
2.338661
2.335824
2.336443
2.331274
2.321983
2.329839
2.322034
2.322901
2.320603
2.323892
2.318301
2.312709
2.319680
2.320672
2.315221
2.317203
2.313239
2.318813
2.310637
2.314849
2.319680
2.317822
2.320300
2.312743
2.316673
2.318959
2.327096
2.315575
2.319292
2.322512
2.322778
2.314478
2.321662
2.322355
2.321415
2.325503
2.328459
2.312991
2.317434
2.319185
2.313363
2.321291
2.317822
2.316583
2.317822
2.315221
2.319877
2.316268
2.312743
2.312619
2.311752
2.310761
2.314353
2.315221
2.316955
2.318565
2.315469
2.312495
2.313982
2.313734
2.315097
2.316708
2.317575
2.315840
2.313611
2.321279
2.305930
2.319432
2.310265
2.312991
2.313858
2.316195
2.316955
2.315345
2.314230
2.318070
2.315789
2.312991
2.315345
2.312743
2.314725
2.317079
2.311380
2.308779
2.307788
2.309399
2.311628
2.311876
2.310513
2.314939
2.315469
2.318548
2.318762
2.311876
2.316443
2.316583
2.312991
2.319770
2.315717
2.314213
2.312000
2.317451
2.313487
2.310266
2.312743
2.311876
2.315840
2.311381
2.314849
2.312602
2.310018
2.313858
2.310265
2.311116
2.311983
2.307045
2.309646
2.314230
2.311009
2.314725
2.309398
2.314478
2.313239
2.313115
2.312495
2.313363
2.313469
2.316414
2.319647
2.313115
2.312231
2.314602
2.309027
2.311876
2.314229
2.312000
2.310761
2.311752
2.312495
2.309522
2.310761
2.307169
2.310390
2.309398
2.310513
2.314106
2.309894
2.312991
2.307912
2.311876
2.311504
2.306797
2.310018
2.305930
2.307292
2.310018
2.310885
2.308903
2.310266
2.307540
2.309894
2.312619
2.308626
2.316336
2.316459
2.309027
2.316746
2.317203
2.319061
2.311983
2.313115
2.317169
2.314657
2.318689
2.314601
2.312371
2.313982
2.309275
2.310266
2.310761
2.312000
2.308655
2.309894
2.306780
2.310885
2.311257
2.308160
2.312619
2.310018
2.307169
2.311876
2.307647
2.315068
2.308160
2.309274
2.307912
2.307169
2.320300
2.307788
2.313982
2.310513
2.311752
2.308779
2.310142
2.312743
2.310637
2.312360
2.312495
2.308531
2.312495
2.313486
2.306426
2.312619
2.310586
2.308531
2.311009
2.313115
2.309629
2.308019
2.310513
2.312124
2.311876
2.315964
2.310142
2.309027
2.312991
2.312248
2.311876
2.309173
2.308531
2.310390
2.308284
2.310513
2.305806
2.305930
2.307788
2.305434
2.307540
2.308903
2.309027
2.308656
2.310142
2.307664
2.307292
2.306797
2.314601
2.307912
2.310513
2.312000
2.310761
2.309877
2.311859
2.310513
2.309151
2.310761
2.308655
2.309561
2.305682
2.306673
2.308036
2.307540
2.305930
2.309438
2.311009
2.310018
2.307788
2.308903
2.312124
2.314230
2.312586
2.308159
2.310513
2.307540
2.310018
2.309398
2.309398
2.309274
2.308036
2.307664
2.307416
2.310266
2.308160
2.309894
2.310265
2.311133
2.311009
2.307293
2.310360
2.311009
2.308160
2.309894
2.306797
2.308036
