2.309271
2.308776
2.308862
2.306563
2.304901
2.308820
2.304101
2.317752
2.325806
2.294426
2.294684
2.321768
2.261346
2.220970
2.182042
2.125340
2.281202
2.405864
2.531382
2.516049
2.503510
2.408899
2.470535
2.381272
2.223368
2.210574
2.387759
2.403806
2.281152
2.374923
2.369138
2.188542
1.942229
1.963255
2.061692
2.231737
2.341422
2.300560
2.017603
2.043417
2.124119
2.195546
2.062087
1.917082
1.795402
1.756810
1.749584
1.745303
1.727597
1.735710
1.724733
1.714787
1.746841
1.711082
1.746809
1.752379
1.750102
1.776228
1.766084
1.801619
1.781765
1.812832
1.818625
1.813983
1.856265
1.805663
1.794212
1.804164
1.763272
1.753774
1.742569
1.763070
1.711644
1.708877
1.747511
1.712921
1.725860
1.730910
1.680244
1.714586
1.698275
1.704945
1.665447
1.666091
1.713636
1.699059
1.733295
1.704948
1.674693
1.691633
1.687376
1.704888
1.672295
1.658568
1.675874
1.697104
1.690778
1.701772
1.717375
1.678929
1.684037
1.672805
1.674833
1.651960
1.672117
1.665258
1.643076
1.656383
1.655429
1.655076
1.686458
1.658455
1.624231
1.707690
1.649894
1.624226
1.639633
1.644094
1.626614
1.633890
1.678039
1.658093
1.626482
1.636682
1.613137
1.613484
1.650099
1.657099
1.650177
1.605603
1.669299
1.624432
1.647466
1.618683
1.647533
1.624336
1.641268
1.621359
1.604981
1.619130
1.648734
1.627344
1.641662
1.582599
1.603568
1.648983
1.619144
1.595005
1.648389
1.623389
1.585158
1.582815
1.600398
1.607447
1.590897
1.600984
1.626006
1.652175
1.617522
1.630972
1.603897
1.613544
1.592843
1.601827
1.614055
1.593896
1.610625
1.570565
1.606989
1.556529
1.614180
1.607757
1.565214
1.594217
1.585382
1.589362
1.603692
1.603812
1.618443
1.602687
1.605819
1.605645
1.584963
1.597437
1.586426
1.600780
1.593643
1.594219
1.617819
1.587048
1.569693
1.571254
1.619258
1.579846
1.599618
1.599338
1.575803
1.609295
1.611496
1.565740
1.604406
1.591992
1.571673
1.592418
1.571131
1.554322
1.598732
1.571663
1.580744
1.573977
1.572483
1.579289
1.593983
1.584230
1.590673
1.588819
1.563992
1.620131
1.588533
1.572549
1.591140
1.646296
1.587460
1.587500
1.637084
1.589925
1.580674
1.553898
1.583685
1.610467
1.570000
1.583935
1.591421
1.569145
1.569917
1.559748
1.575776
1.568758
1.567913
1.586526
1.607062
1.617350
1.562413
1.553997
1.572390
1.574014
1.589676
1.580273
1.560555
1.588363
1.562508
1.596568
1.533438
1.724839
1.943776
2.068283
2.056336
2.077148
2.140455
2.109955
2.150577
2.197774
2.133765
2.191409
2.124370
2.027272
2.094325
2.098421
2.125748
2.118699
2.146486
2.081003
2.068723
2.177950
2.155720
2.171617
2.122680
2.106495
2.164072
2.134169
2.138827
2.164126
2.108315
2.127172
2.045016
2.149304
2.146498
2.108208
2.083436
2.114065
2.055072
2.094675
2.156687
2.112294
2.124593
2.078501
2.087488
2.124973
2.049785
2.101533
2.073288
2.058573
2.009022
2.033873
1.944489
1.879846
1.827646
1.756900
1.724397
1.706078
1.662959
1.663075
1.640822
1.619128
1.626866
1.633633
1.619933
1.621198
1.613653
1.636634
1.628799
1.662345
1.629471
1.659189
1.698360
1.666632
1.679877
1.676141
1.698018
1.784000
1.670388
1.711358
1.746725
1.702535
1.734241
1.670088
1.699148
1.700268
1.684481
1.677553
1.680269
1.693467
1.660358
1.703749
1.701169
1.711865
1.674105
1.685901
1.650467
1.699550
1.709356
1.662737
1.663948
1.673651
1.677213
1.691837
1.674323
1.670319
1.680760
1.666704
1.696582
1.700017
1.707074
1.742382
1.679469
1.630416
1.653577
1.662052
1.684811
1.644215
1.681380
1.670821
1.616972
1.637808
1.623378
1.684407
1.676114
1.669789
1.674622
1.662351
1.681919
1.710815
1.665400
1.673519
1.651986
1.645745
1.623987
1.645350
1.602102
1.689597
1.649087
1.638807
1.633642
1.654811
1.674829
1.670700
1.723901
1.694062
1.685115
1.737181
1.709688
1.692391
1.668205
1.675492
1.670058
1.644120
1.661317
1.628030
1.601344
1.591319
1.627087
1.639613
1.633414
1.631778
1.631673
1.709513
1.691718
1.697719
1.664263
1.728936
1.718282
1.739053
1.703024
1.715937
1.665743
1.654149
1.689698
1.708982
1.676990
1.703122
1.692936
1.677372
1.663458
1.695192
1.628036
1.649569
1.606363
1.637362
1.632583
1.669386
1.603209
1.638758
1.665153
1.652583
1.684199
1.613501
1.651166
1.675882
1.672798
1.670341
1.624967
1.683244
1.660434
1.676093
1.687226
1.650844
1.650424
1.688079
1.674744
1.672872
1.690312
1.685692
1.673868
1.677346
1.676692
1.677872
1.681211
1.704752
1.641816
1.675722
1.680710
1.653862
1.641472
1.628266
1.632867
1.639696
1.657489
1.609789
1.719196
1.621867
1.705181
1.632396
1.636904
1.662862
1.681177
1.684833
1.625057
1.647984
1.629413
1.676934
1.682821
1.611499
1.651938
1.607866
1.626046
1.668985
1.638661
1.678947
1.635543
1.702387
