2.311407
2.304065
2.302585
2.302585
2.302585
2.302585
2.302585
2.302585
2.302585
2.302585
2.302585
2.302635
2.302982
2.303180
2.302833
2.303328
2.303873
2.306599
2.302932
2.302734
2.302585
2.302585
2.302585
2.302585
2.302585
2.302585
2.302585
2.302585
2.302376
2.302428
2.287552
2.273071
2.274385
2.279118
2.291675
2.299928
2.302585
2.302734
2.303427
2.307633
2.291892
2.264259
2.246083
2.245320
2.241890
2.261443
2.254195
2.247062
2.246975
2.262635
2.253955
2.153361
2.265967
2.201250
2.118544
2.057090
2.007127
1.979906
1.913281
1.815777
2.161656
2.291220
2.312762
2.230075
2.162103
2.042534
1.917383
1.789645
1.688862
1.645485
1.655537
1.695758
1.670250
1.707930
1.818965
1.870484
1.915981
2.006497
2.097966
2.019419
1.925093
1.815043
1.734860
1.691095
1.695442
1.686062
1.676134
1.723352
1.724660
1.687260
1.632954
1.634837
1.605111
1.591526
1.563871
1.538486
1.553679
1.550866
1.575943
1.588360
1.603689
1.567885
1.605303
1.600660
1.680535
1.647018
1.686967
1.730172
1.671951
1.690979
1.709877
1.675373
1.670995
1.697120
1.687243
1.673741
1.755835
1.701596
1.647870
1.650135
1.647145
1.619263
1.608818
1.589683
1.576810
1.564071
1.554976
1.559232
1.566646
1.517233
1.551735
1.553083
1.540124
1.535274
1.561646
1.516026
1.539669
1.537405
1.536144
1.564397
1.544637
1.559100
1.559469
1.566629
1.635300
1.622142
1.594978
1.627547
1.632477
1.624820
1.649790
1.658101
1.660675
1.639547
1.641243
1.600128
1.613597
1.608403
1.596533
1.561553
1.575309
1.565242
1.576091
1.582379
1.573167
1.578382
1.603902
1.591990
1.543447
1.560155
1.568620
1.539882
1.536371
1.563056
1.553915
1.558601
1.598463
1.574650
1.554649
1.609587
1.603559
1.566860
1.600967
1.612303
1.619828
1.598321
1.607669
1.602632
1.586664
1.621266
1.580002
1.609280
1.584394
1.582488
1.589683
1.556376
1.545050
1.591312
1.593687
1.561686
1.586000
1.576553
1.571040
1.610896
1.547936
1.584431
1.606494
1.558985
1.578647
1.580551
1.609875
1.603648
1.592006
1.573646
1.594087
1.581129
1.595837
1.596246
1.591012
1.579191
1.588700
1.635982
1.586149
1.589325
1.604877
1.589311
1.592158
1.549485
1.558550
1.539981
1.552051
1.529721
1.542620
1.555054
1.557102
1.548441
1.577056
1.580116
1.585891
1.614681
1.617762
1.629371
1.608177
1.584442
1.546469
1.629122
1.548810
1.607918
1.580648
1.585838
1.560560
1.578300
1.548160
1.554807
1.521372
1.526749
1.519604
1.504733
1.520513
1.500565
1.508359
1.522565
1.517599
1.498081
1.512920
1.529546
1.513573
1.526019
1.561787
1.525033
1.545637
1.527254
1.560494
1.576555
1.561152
1.543824
1.562544
1.549186
1.571612
1.573143
1.608273
1.589467
1.562610
1.548726
1.558389
1.557019
1.563250
1.608318
1.529327
1.570004
1.544814
1.537393
1.562510
1.556190
1.563276
1.537618
1.553478
1.524167
1.542235
1.554561
1.572936
1.536154
1.537600
1.547477
1.532168
1.516994
1.535412
1.528358
1.552850
1.504060
1.572134
1.560174
1.582996
1.531970
1.571983
1.568905
1.534292
1.537053
1.547908
1.536041
1.534071
1.529848
1.532823
1.545556
1.531274
1.551865
1.572793
1.541612
1.555542
1.533555
1.543196
1.555745
1.541334
1.538318
1.521087
1.541693
1.520809
1.535856
1.552040
1.541908
1.550148
1.543030
1.541414
1.518623
1.558264
1.540686
1.538476
1.545729
1.546472
1.511876
1.554618
1.544959
1.541746
1.533874
1.555391
1.529285
1.521306
1.529801
1.537015
1.559859
1.539758
1.529067
1.528334
1.543842
1.537974
1.527464
1.554790
1.550172
1.545753
1.523476
1.548241
1.533325
1.548318
1.537893
1.552508
1.535223
1.549946
1.526912
1.535738
1.542953
1.536213
1.536311
1.522674
1.575787
1.568911
1.549121
1.519861
1.566443
1.547275
1.525436
1.517690
1.505364
1.514816
1.552568
1.540491
1.541354
1.542719
1.543243
1.572968
1.548754
1.557041
1.569099
1.566491
1.558393
1.562364
1.570519
1.558419
1.572446
1.559229
1.557171
1.541327
1.546458
1.565271
1.561624
1.550508
1.543786
1.545626
1.534129
1.549792
1.537159
1.559855
1.532496
1.528451
1.552667
1.526507
1.576278
1.528293
1.550678
1.542431
1.564877
1.551087
1.560187
1.531428
1.533453
1.527176
1.577955
1.545439
1.523252
1.534472
1.529813
1.566333
1.559381
1.565106
1.522203
1.533488
1.541297
1.520236
1.555571
1.532540
1.545745
1.571849
1.516701
1.553769
1.581715
1.557412
1.564884
1.550393
1.540324
1.571015
1.546732
1.564310
1.539635
1.534673
1.553334
1.540755
1.563245
1.536500
1.541887
1.557494
1.569054
1.565048
1.558270
1.535962
1.547858
1.531865
1.542168
1.516069
1.534306
1.537417
1.545072
1.534182
1.532499
1.538021
1.555315
1.557595
1.552552
1.531727
1.570639
1.545453
1.553784
1.576167
1.534152
1.549433
1.520029
1.562980
1.554220
1.543630
1.553724
1.518584
1.543555
