2.302550
2.302648
2.306708
2.303955
2.303607
2.304794
2.304036
2.298908
2.296190
2.285282
2.286487
2.285123
2.286843
2.280457
2.291403
2.289747
2.280930
2.300570
2.291004
2.278407
2.263969
2.248243
2.259402
2.211583
2.212089
2.195950
2.156958
2.169729
2.146844
2.127330
2.102703
2.102266
2.115680
2.141761
2.072718
2.107114
2.054154
1.991536
1.982442
1.985522
1.978483
2.004792
2.039724
2.121225
2.107019
2.134224
2.160445
2.208411
2.098413
2.058285
2.114515
2.038224
1.968783
1.915729
1.877026
1.815512
1.829249
1.767184
1.813052
1.836399
1.818475
1.817012
1.820693
1.800050
1.839723
1.824995
1.823462
1.774247
1.792934
1.776681
1.775640
1.754881
1.740833
1.813309
1.777614
1.782797
1.852461
1.863729
1.961229
1.972241
1.925780
1.956765
1.863633
1.936592
1.947981
1.875085
1.913446
1.939358
1.895035
1.867990
1.857947
1.835706
1.770610
1.739619
1.737982
1.722725
1.742435
1.734550
1.722442
1.722582
1.747182
1.778341
1.725079
1.772232
1.788739
1.776957
1.748227
1.777074
1.779764
1.767857
1.735482
1.735863
1.740475
1.773119
1.766245
1.769935
1.769999
1.736063
1.751872
1.763147
1.764394
1.772057
1.751331
1.774528
1.747947
1.812729
1.747007
1.742147
1.682308
1.745668
1.741315
1.712287
1.721350
1.708710
1.732720
1.716473
1.701714
1.700240
1.720488
1.728751
1.733358
1.682827
1.726207
1.750234
1.728572
1.722724
1.740751
1.711901
1.709142
1.693089
1.744185
1.683104
1.673432
1.710079
1.713371
1.681772
1.695649
1.683347
1.709568
1.730507
1.677607
1.681135
1.736871
1.686025
1.711646
1.687890
1.693424
1.687028
1.677389
1.670687
1.690168
1.708814
1.714670
1.668916
1.715846
1.707655
1.727332
1.669879
1.710675
1.713618
1.691819
1.697970
1.663720
1.715105
1.732207
1.697311
1.690968
1.762676
1.709103
1.783477
1.710001
1.738893
1.703180
1.676727
1.689225
1.726585
1.699011
1.687778
1.729009
1.669149
1.679781
1.656304
1.679873
1.662293
1.669853
1.663043
1.705964
1.686959
1.677606
1.706856
1.659822
1.687392
1.658553
1.653271
1.685930
1.677562
1.670325
1.720819
1.682611
1.625243
1.698933
1.699266
1.700920
1.651671
1.666671
1.661724
1.677037
1.672277
1.656757
1.670552
1.620643
1.665321
1.689500
1.676498
1.719218
1.642841
1.687748
1.674851
1.636150
1.677348
1.649883
1.680719
1.648207
1.665999
1.679628
1.664526
1.676704
1.624818
1.672037
1.656341
1.641016
1.648748
1.652806
1.651671
1.686468
1.668690
1.692590
1.695140
1.685866
1.637937
1.665293
1.642389
1.681595
1.662426
1.666399
1.672888
1.646521
1.631206
1.656064
1.643468
1.652497
1.656483
1.672541
1.658427
1.634736
1.659323
1.680766
1.658607
1.614054
1.686078
1.683512
1.663368
1.664835
1.611006
1.645871
1.627488
1.684702
1.636593
1.657976
1.644252
1.660912
1.660918
1.614180
1.647935
1.633008
1.660245
1.659925
1.615511
1.658178
1.636736
1.645128
1.602567
1.660602
1.630971
1.649392
1.626327
1.662674
1.663238
1.647317
1.694254
1.684685
1.636553
1.661566
1.646169
1.656789
1.653330
1.611307
1.640206
1.627186
1.642645
1.622543
1.635057
1.665491
1.626400
1.637133
1.637293
1.613075
1.579224
1.630105
1.601293
1.644273
1.638190
1.637891
1.644014
1.624703
1.594641
1.620912
1.656564
1.654219
1.640676
1.613505
1.654199
1.663607
1.622333
1.637849
1.632981
1.602391
1.625640
1.594824
1.594596
1.605530
1.625313
1.619755
1.652954
1.611893
1.673792
1.613210
1.625781
1.644644
1.664358
1.641497
1.634963
1.622882
1.664387
1.625709
1.631409
1.653748
1.620995
1.622134
1.639546
1.632602
1.628764
1.621642
1.602358
1.634819
1.598192
1.585393
1.613108
1.622207
1.567158
1.616452
1.631196
1.585324
1.623186
1.637173
1.591026
1.622603
1.618641
1.641451
1.647836
1.602584
1.637238
1.616611
1.625983
1.604246
1.585194
1.621626
1.619551
1.621305
1.600508
1.648852
1.584443
1.617005
1.601602
1.602091
1.616479
1.595332
1.615933
1.589527
1.630041
1.646821
1.597084
1.590101
1.602596
1.605930
1.612456
1.618963
1.626021
1.606520
1.622257
1.630558
1.614658
1.631431
1.590022
1.624223
1.602551
1.667137
1.616292
1.571338
1.596711
1.599410
1.621464
1.601519
1.596534
1.601596
1.647125
1.616287
1.618421
1.605826
1.639043
1.602239
1.615206
1.602318
1.592556
1.619648
1.599660
1.585211
1.581058
1.610074
1.590828
1.593007
1.583782
1.576931
1.577100
1.608626
1.576305
1.585643
1.591489
1.578853
1.629886
1.616068
1.582395
1.595330
1.625635
1.572028
1.602970
1.629321
1.590552
1.607674
1.595323
1.591623
1.605518
1.591085
1.645667
1.607366
1.578871
1.567268
1.570382
1.578760
1.622154
1.611399
1.590330
1.619579
1.554542
1.572181
1.612914
1.623453
1.613347
1.590694
1.607069
1.629075
1.577709
1.576165
1.612471
1.578606
1.594959
1.583007
1.610364
1.584731
1.601250
