2.298362
2.291210
2.279980
2.297412
2.287390
2.255581
2.225925
2.212388
2.292863
2.220634
2.180001
2.125441
2.211999
2.152206
2.048207
2.051122
2.285424
2.171244
1.973876
2.018209
2.043339
2.354760
2.415336
2.284241
2.010600
1.875291
1.803087
1.812289
1.815302
1.906008
1.936042
1.900723
1.848253
1.869332
1.837442
1.789215
1.840100
1.789153
1.747108
1.798324
1.805599
1.813379
1.842614
1.785267
1.961994
2.060895
2.121961
2.215690
2.243941
2.235589
2.124407
2.148790
2.027621
1.889104
1.745928
1.718736
1.645384
1.654060
1.683703
1.624017
1.651674
1.617717
1.701608
1.649647
1.670264
1.622638
1.744405
1.701683
1.698535
1.776025
1.665537
1.691049
1.672955
1.699303
1.620216
1.676536
1.607217
1.647769
1.624927
1.628735
1.611381
1.668851
1.688934
1.681054
1.633533
1.620726
1.644964
1.632710
1.663280
1.616888
1.639597
1.625057
1.647266
1.654257
1.648538
1.640891
1.606835
1.628056
1.644006
1.619405
1.591887
1.580145
1.596886
1.577039
1.666134
1.632535
1.594242
1.623767
1.674617
1.590286
1.577012
1.589163
1.589351
1.652588
1.617036
1.607897
1.611592
1.585677
1.609047
1.557759
1.589797
1.606169
1.566232
1.609586
1.573333
1.595043
1.683079
1.585032
1.640469
1.579689
1.630369
1.623177
1.614189
1.597055
1.578596
1.563223
1.626784
1.598991
1.622446
1.600781
1.600788
1.594417
1.598526
1.647898
1.582281
1.618566
1.629969
1.627493
1.595647
1.650278
1.589676
1.593828
1.580803
1.587613
1.605215
1.595900
1.585150
1.593348
1.618678
1.611197
1.606915
1.601747
1.560972
1.569632
1.615356
1.621971
1.579705
1.554500
1.605660
1.563434
1.596223
1.589927
1.623611
1.551263
1.621910
1.557366
1.559965
1.564410
1.609354
1.584645
1.576055
1.615209
1.577285
1.601677
1.555709
1.591259
1.615242
1.596505
1.546008
1.609691
1.552105
1.617802
1.570593
1.569719
1.558740
1.541287
1.589002
1.596527
1.615441
1.576598
1.561907
1.555228
1.595154
1.581286
1.568502
1.591609
1.569946
1.534863
1.578894
1.576661
1.564696
1.597924
1.615483
1.602556
1.610443
1.602512
1.585157
1.569807
1.570991
1.541406
1.558591
1.549802
1.593658
1.579400
1.575201
1.520491
1.556254
1.591332
1.603486
1.604446
1.594983
1.569156
1.599686
1.536707
1.549170
1.587920
1.558080
1.540574
1.563181
1.564254
1.544306
1.608548
1.652334
1.598261
1.579990
1.592567
1.565891
1.611453
1.588502
1.579853
1.557786
1.530686
1.572762
1.539832
1.571081
1.548072
1.584398
1.599077
1.536776
1.585746
1.577345
1.524465
1.581028
1.568271
1.521894
1.606422
1.558921
1.582721
1.600136
1.522148
1.570205
1.554018
1.548803
1.581027
1.561551
1.546937
1.532873
1.613792
1.549203
1.573960
1.578195
1.533959
1.557473
1.568589
1.564850
1.539101
1.542671
1.565578
1.590388
1.566919
1.554973
1.574159
1.558044
1.601764
1.569852
1.546784
1.555037
1.566306
1.579999
1.572724
1.558375
1.570801
1.542126
1.562092
1.553484
1.548356
1.541354
1.582567
1.554670
1.598026
1.550562
1.545137
1.580202
1.550911
1.532625
1.561171
1.576868
1.571514
1.587282
1.563176
1.541499
1.543412
1.538125
1.561197
1.574857
1.554131
1.554064
1.558664
1.555365
1.545920
1.544563
1.513855
1.546033
1.567944
1.549024
1.546930
1.569782
1.613410
1.562953
1.579634
1.567375
1.580209
1.558644
1.560537
1.584200
1.559028
1.536291
1.549113
1.540748
1.521242
1.549635
1.554695
1.557646
1.553893
1.520865
1.551762
1.552411
1.550272
1.560362
1.557938
1.569340
1.550837
1.534110
1.562815
1.580102
1.559863
1.546635
1.521768
1.560111
1.566973
1.547075
1.597861
1.546446
1.546631
1.592826
1.566004
1.587142
1.560515
1.539655
1.542131
1.540754
1.554521
1.577730
1.572554
1.536931
1.542762
1.532748
1.553951
1.529130
1.563368
1.570385
1.553368
1.545224
1.554732
1.528360
1.530295
1.537405
1.569223
1.537116
1.561596
1.556552
1.546517
1.537545
1.584027
1.583686
1.552436
1.561926
1.523921
1.533646
1.562634
1.566425
1.598081
1.562031
1.519341
1.601702
1.569918
1.531659
1.519153
1.520434
1.562789
1.551279
1.525645
1.547613
1.553581
1.553474
1.546775
1.545727
1.566643
1.537182
1.560124
1.562596
1.552282
1.552961
1.587404
1.597770
1.576404
1.555652
1.582253
1.538872
1.567992
1.530996
1.550901
1.556104
1.540693
1.509941
1.561684
1.551145
1.565990
1.556423
1.536906
1.519962
1.525867
1.587039
1.550680
1.507809
1.557830
1.560562
1.519630
1.536699
1.583056
1.529652
1.552908
1.539490
1.509502
1.551223
1.569218
1.576181
1.553298
1.574633
1.555596
1.549551
1.532661
1.556504
1.553148
1.542774
1.553292
1.511606
1.520798
1.527131
1.540609
1.547579
1.578277
1.548322
1.568577
1.566117
1.519492
1.563867
1.549807
1.549876
1.574261
1.539322
1.540450
1.568894
1.532693
1.548493
1.551475
1.529149
1.542534
1.524084
1.526636
