2.303212
2.301769
2.298449
2.290274
2.284193
2.277858
2.276928
2.251678
2.238496
2.225253
2.208111
2.183140
2.171024
2.119860
2.124660
2.143254
2.106901
2.079104
2.057246
2.001595
2.002484
1.939581
1.912877
1.869945
1.861137
1.830679
1.785724
1.787874
1.745513
1.773948
1.770956
1.743132
1.736147
1.713253
1.721205
1.719218
1.694897
1.721327
1.746593
1.682113
1.680476
1.658485
1.713638
1.671747
1.631915
1.648795
1.650689
1.656676
1.678008
1.668699
1.659833
1.641017
1.621059
1.604552
1.622228
1.657063
1.601961
1.607935
1.640873
1.638932
1.603206
1.651126
1.617395
1.585076
1.618014
1.578272
1.585633
1.614567
1.628455
1.643857
1.596821
1.630677
1.595393
1.603728
1.622406
1.626865
1.578732
1.620264
1.594574
1.572140
1.570334
1.597583
1.570404
1.593231
1.562990
1.581775
1.556491
1.622232
1.612190
1.571923
1.601459
1.629319
1.590459
1.608911
1.590065
1.557611
1.580530
1.607212
1.588830
1.590513
1.565467
1.584933
1.561206
1.571321
1.554392
1.578854
1.576242
1.546976
1.585932
1.563201
1.587264
1.603750
1.562133
1.565022
1.532233
1.574397
1.576681
1.553373
1.573089
1.554875
1.573357
1.570043
1.565374
1.531866
1.572691
1.552578
1.537262
1.540288
1.551844
1.555169
1.556573
1.564004
1.542638
1.556100
1.570163
1.567045
1.572912
1.581101
1.564081
1.566526
1.567001
1.569322
1.576146
1.557004
1.554069
1.536408
1.591225
1.527438
1.526805
1.566160
1.547884
1.525793
1.569964
1.545839
1.563079
1.571387
1.545461
1.561862
1.551028
1.539015
1.527272
1.566416
1.534314
1.524423
1.549639
1.534009
1.529515
1.533380
1.533279
1.556612
1.570254
1.551390
1.535038
1.523787
1.542333
1.526916
1.547243
1.539729
1.531282
1.532582
1.564975
1.542596
1.546575
1.564549
1.539605
1.547903
1.547204
1.517901
1.518667
1.529273
1.558488
1.536713
1.520996
1.535220
1.526089
1.541384
1.529126
1.534569
1.510412
1.534698
1.534978
1.519242
1.537052
1.539871
1.511971
1.534125
1.553610
1.520684
1.535336
1.530493
1.535857
1.571390
1.525463
1.538828
1.526980
1.522740
1.538120
1.511787
1.526891
1.580995
1.545820
1.544107
1.545226
1.514462
1.549619
1.495452
1.514739
1.513737
1.518980
1.550408
1.545390
1.507092
1.496757
1.545379
1.514513
1.510845
1.519056
1.553541
1.532341
1.511517
1.545373
1.549330
1.506480
1.526993
1.544747
1.530713
1.497487
1.555917
1.513914
1.512039
1.548483
1.524738
1.503827
1.532091
1.516415
1.523192
1.508217
1.527994
1.497323
1.535062
1.510519
1.508694
1.544593
1.494050
1.529924
1.534976
1.534808
1.511333
1.508147
1.519106
1.550378
1.521918
1.503392
1.515752
1.531083
1.520523
1.547583
1.502422
1.527354
1.507252
1.521643
1.524144
1.532528
1.518706
1.522696
1.506595
1.514419
1.501922
1.534322
1.528890
1.504379
1.528223
1.538855
1.521683
1.508671
1.511592
1.510644
1.512915
1.506348
1.498551
1.498537
1.503274
1.505872
1.548555
1.523734
1.494805
1.525643
1.517976
1.543976
1.488190
1.498123
1.493147
1.514342
1.513724
1.500996
1.536803
1.513909
1.532914
1.485572
1.505855
1.522256
1.544278
1.511884
1.517822
1.530442
1.503980
1.506132
1.516168
1.497340
1.543382
1.511299
1.519288
1.498802
1.494995
1.508748
1.498490
1.516744
1.500961
1.518721
1.494710
1.522128
1.490921
1.497174
1.492881
1.496469
1.503112
1.496106
1.507292
1.499101
1.536432
1.502958
1.526788
1.498269
1.517540
1.501137
1.497754
1.501661
1.508319
1.522194
1.500767
1.498872
1.503544
1.511516
1.498366
1.503690
1.504615
1.494289
1.503866
1.484759
1.520981
1.512921
1.500848
1.502420
1.516798
1.510730
1.520836
1.515061
1.528388
1.522823
1.499860
1.494939
1.499891
1.502833
1.506855
1.487685
1.519666
1.505949
1.507656
1.495978
1.498452
1.496910
1.521987
1.531351
1.509835
1.505276
1.523119
1.508567
1.503828
1.491451
1.506211
1.498381
1.504111
1.519854
1.512544
1.483449
1.486410
1.522112
1.504436
1.504702
1.493611
1.489551
1.503511
1.491794
1.489099
1.479006
1.504614
1.519369
1.496817
1.497146
1.530756
1.489758
1.527182
1.487860
1.488156
1.499716
1.511119
1.502119
1.486806
1.494993
1.496191
1.516239
1.487953
1.490075
1.500324
1.508795
1.505166
1.501977
1.503235
1.503175
1.499491
1.502457
1.503258
1.499701
1.520182
1.505741
1.493677
1.504449
1.496430
1.490612
1.508157
1.489883
1.494319
1.500122
1.485492
1.483701
1.491997
1.499673
1.511386
1.519150
1.504556
1.479758
1.491391
1.521215
1.486600
1.506974
1.520580
1.493145
1.485573
1.489616
1.489824
1.497605
1.495959
1.487121
1.515495
1.486871
1.501510
1.510322
1.509831
1.500812
1.500609
1.480655
1.493953
1.491058
1.495629
1.484505
1.501442
1.479242
1.504490
1.502845
1.511810
1.496254
1.495189
1.469556
1.505973
1.484684
1.501833
1.504552
1.482881
1.490349
1.496939
