2.305882
2.300911
2.298639
2.288488
2.266670
2.267188
2.313022
2.357093
2.408237
2.404217
2.359879
2.232381
2.176310
2.166370
2.148247
2.051515
2.029266
1.973028
1.958235
1.941845
1.978788
1.934073
1.861275
2.025186
2.133542
2.134621
1.941402
1.836022
1.802873
1.798775
1.798277
1.871645
1.913523
1.836120
1.784710
1.813180
1.766387
1.817460
1.829463
1.789729
1.817542
1.778818
1.804073
1.805218
1.819169
1.807070
1.771551
1.790220
1.816073
1.784525
1.807745
1.736644
1.730234
1.735390
1.732012
1.790971
1.785231
1.759037
1.786765
1.807339
1.768762
1.756213
1.781287
1.748978
1.734186
1.751015
1.712264
1.714023
1.711025
1.698619
1.765776
1.801202
1.787856
1.797776
1.739910
1.750005
1.749371
1.718270
1.729936
1.720351
1.719717
1.731051
1.778329
1.730444
1.717132
1.713167
1.726913
1.674812
1.678102
1.687102
1.703395
1.717482
1.714903
1.690720
1.697465
1.695452
1.680875
1.684663
1.717492
1.695908
1.707334
1.696448
1.693062
1.664361
1.669118
1.677731
1.688177
1.670988
1.693879
1.688412
1.710487
1.685748
1.680741
1.652807
1.656451
1.676266
1.654982
1.678944
1.685404
1.700239
1.677803
1.675527
1.658977
1.677879
1.675324
1.660515
1.655786
1.675482
1.664356
1.647480
1.687082
1.724207
1.670281
1.667808
1.648430
1.672068
1.652289
1.698698
1.670404
1.665296
1.656027
1.631452
1.666325
1.691481
1.700419
1.692306
1.669536
1.663434
1.647312
1.657995
1.684437
1.669115
1.681188
1.642347
1.658508
1.656642
1.660785
1.692737
1.655026
1.683282
1.667906
1.651642
1.643667
1.657191
1.651755
1.661957
1.647001
1.659151
1.662095
1.638554
1.652610
1.652085
1.698830
1.696725
1.663805
1.635531
1.633823
1.638265
1.651459
1.660687
1.668650
1.664467
1.664853
1.664271
1.652105
1.653553
1.630038
1.630164
1.639049
1.654965
1.651851
1.618443
1.642007
1.639135
1.685669
1.665423
1.665074
1.669887
1.629508
1.634395
1.694818
1.669546
1.632456
1.614982
1.620241
1.611350
1.653916
1.628673
1.624711
1.652067
1.656068
1.673491
1.628668
1.626033
1.653408
1.664923
1.645335
1.626375
1.613715
1.620985
1.622171
1.661202
1.636469
1.647180
1.616489
1.619657
1.602589
1.611300
1.610025
1.605475
1.619884
1.633261
1.628172
1.661062
1.622884
1.628075
1.609613
1.619328
1.617456
1.611397
1.686744
1.663033
1.647060
1.623318
1.623083
1.628553
1.614255
1.685213
1.620231
1.615394
1.619492
1.621025
1.631492
1.641958
1.646541
1.639455
1.627629
1.593629
1.624768
1.614485
1.614266
1.613150
1.597606
1.605786
1.652401
1.620281
1.633054
1.631677
1.613124
1.619483
1.602950
1.613730
1.609184
1.617340
1.615756
1.630658
1.651951
1.644937
1.613295
1.612519
1.596139
1.597995
1.601423
1.595074
1.619898
1.650627
1.642008
1.633381
1.610513
1.635246
1.614144
1.587909
1.590076
1.598637
1.593124
1.617333
1.622023
1.621489
1.616663
1.611542
1.611773
1.633987
1.620166
1.615132
1.595615
1.602208
1.605114
1.612892
1.638457
1.631463
1.631365
1.634534
1.592361
1.605077
1.601985
1.621189
1.607622
1.609580
1.677393
1.617939
1.622498
1.627397
1.616225
1.602772
1.613099
1.628165
1.619299
1.618693
1.605220
1.619105
1.613014
1.598731
1.601615
1.599455
1.597407
1.632838
1.607311
1.602426
1.608066
1.593147
1.619899
1.590616
1.596719
1.612505
1.615652
1.615864
1.605235
1.602640
1.609624
1.610296
1.598318
1.610590
1.602153
1.611053
1.596046
1.629177
1.614825
1.638995
1.606810
1.591077
1.619354
1.621558
1.609833
1.637302
1.604994
1.603113
1.605315
1.602295
1.602539
1.611008
1.603419
1.606827
1.607656
1.622729
1.613836
1.594428
1.597930
1.599275
1.589520
1.646110
1.610040
1.602619
1.629551
1.606868
1.623762
1.600554
1.589341
1.624722
1.617507
1.640219
1.600537
1.590651
1.614007
1.614379
1.607740
1.609168
1.610530
1.602295
1.592734
1.609786
1.599161
1.610917
1.606650
1.607982
1.607827
1.619902
1.605259
1.631949
1.600922
1.624634
1.588758
1.597850
1.602315
1.609019
1.614976
1.603697
1.592235
1.592880
1.589743
1.593734
1.604644
1.587483
1.626304
1.591138
1.589690
1.598638
1.596016
1.613767
1.615665
1.617050
1.592863
1.575120
1.584284
1.575128
1.601000
1.580695
1.593443
1.601873
1.586382
1.588858
1.565438
1.584362
1.581941
1.586740
1.574295
1.570979
1.568508
1.579303
1.586538
1.581773
1.593315
1.568934
1.582863
1.564642
1.561062
1.574319
1.575485
1.599023
1.589381
1.574102
1.564737
1.558829
1.581528
1.578411
1.588313
1.595044
1.593317
1.592530
1.620909
1.569991
1.586853
1.609019
1.572615
1.598327
1.600855
1.583681
1.580847
1.581400
1.584450
1.581887
1.589885
1.567773
1.574942
1.587427
1.583367
1.573410
1.586075
1.604803
1.569313
1.567189
1.556994
1.587891
1.565283
1.535887
1.555408
1.563179
1.565767
1.551605
1.560321
1.529681
