0.0938
0.0781
0.1328
0.1797
0.2031
0.2344
0.2656
0.2656
0.2344
0.3516
0.5156
0.4531
0.5000
0.5938
0.3125
0.3906
0.5859
0.6016
0.5469
0.5859
0.5781
0.6094
0.5312
0.6328
0.7031
0.6016
0.5469
0.5938
0.6875
0.7344
0.7109
0.7578
0.7891
0.7344
0.7812
0.7578
0.7578
0.6875
0.8281
0.7578
0.7344
0.7500
0.7969
0.7891
0.7969
0.8047
0.8125
0.8672
0.7656
0.8594
0.8516
0.8438
0.8047
0.8672
0.7344
0.8438
0.8594
0.7969
0.8281
0.8203
0.8281
0.8516
0.7969
0.8438
0.8438
0.8750
0.8125
0.8281
0.8047
0.7656
0.8828
0.8438
0.8594
0.8750
0.8984
0.9375
0.8594
0.8516
0.8672
0.9062
0.8594
0.8359
0.8984
0.8828
0.8281
0.9062
0.8750
0.8750
0.8438
0.8672
0.9141
0.9062
0.9453
0.8984
0.9141
0.9453
0.8984
0.9141
0.8750
0.9062
0.8984
0.9062
0.8828
0.9141
0.9453
0.9297
0.8359
0.8438
0.9219
0.9297
0.8828
0.9219
0.8828
0.9375
0.9375
0.9375
0.9141
0.8672
0.9062
0.8828
0.9453
0.9297
0.9219
0.9062
0.9375
0.9453
0.8828
0.9219
0.9531
0.9141
0.9297
0.8984
0.9609
0.9375
0.8828
0.9531
0.9297
0.8750
0.9375
0.9297
0.9141
0.9219
0.9219
0.9453
0.9062
0.9375
0.9219
0.9453
0.9531
0.9062
0.9688
0.8438
0.8906
0.9453
0.9453
0.9531
0.9219
0.9609
0.9609
0.9219
0.9531
0.9375
0.8984
0.9531
0.9297
0.9531
0.9375
0.9453
0.9375
0.8984
0.9766
0.9531
0.9766
0.9531
0.9297
0.9531
0.9141
0.9766
0.9141
0.8906
0.9609
0.9297
0.9688
0.9297
0.9688
0.9688
0.9453
0.9844
0.8750
0.9062
0.9141
0.9609
0.9453
0.9766
0.9609
0.9219
0.9453
0.9297
0.9219
0.9609
0.9453
0.9297
0.9297
0.9219
0.9453
0.9531
0.9297
0.9688
0.9531
0.9375
0.9688
0.9531
0.9609
0.9766
0.9766
0.9688
0.9297
0.9453
0.9609
0.9688
0.9453
0.9531
0.9688
0.9531
0.9531
0.9297
0.9375
0.9844
0.9609
0.9609
0.9688
0.9453
0.9688
1.0000
0.9531
0.9609
0.9688
0.9609
0.9375
0.9297
0.9453
0.9453
0.9531
0.9453
0.9453
0.9219
0.9453
0.9609
0.9609
0.9531
0.9766
0.9453
0.9844
0.9375
0.9375
0.9453
0.9297
0.9297
0.9688
0.9844
0.9688
0.9609
0.9922
0.9766
0.9688
0.9219
0.9844
0.9766
0.9688
0.9609
0.9609
0.9844
0.9609
0.9766
0.9453
0.9766
0.9766
0.9688
0.9453
0.9688
0.9453
0.9609
0.9375
0.9609
0.9609
0.9844
0.9609
0.9844
0.9453
0.9844
0.9375
0.9531
0.9609
0.9844
0.9766
0.9375
0.9688
0.9609
0.9375
0.9688
0.9688
0.9844
0.9844
0.9688
0.9609
0.9688
0.9844
0.9766
0.9688
0.9453
0.9609
0.9531
0.9766
0.9609
0.9609
0.9922
0.9609
0.9766
0.9844
0.9609
0.9609
0.9844
0.9922
0.9844
0.9766
0.9609
0.9922
0.9453
0.9609
0.9766
0.9688
0.9844
0.9766
0.9375
0.9766
0.9531
0.9609
0.9531
0.9297
0.9531
0.9531
0.9219
0.9688
0.9844
0.9844
0.9609
0.9453
0.9688
0.9531
0.9688
0.9688
0.9688
0.9766
0.9375
0.9609
0.9688
0.9688
0.9844
0.9766
0.9531
0.9297
0.9844
0.9844
0.9453
0.9766
0.9688
0.9609
0.9766
0.9609
0.9844
0.9766
0.9844
0.9609
0.9609
0.9922
0.9688
0.9766
0.9844
0.9922
0.9844
0.9766
0.9766
0.9609
0.9766
0.9688
0.9609
0.9688
0.9766
0.9609
0.9766
0.9609
1.0000
0.9453
0.9609
0.9766
0.9922
0.9922
0.9922
0.9531
0.9531
0.9609
0.9922
0.9688
0.9609
0.9766
0.9844
0.9844
0.9453
0.9766
0.9844
1.0000
0.9766
0.9688
0.9844
0.9766
0.9688
0.9922
0.9375
1.0000
0.9922
0.9688
0.9844
0.9609
0.9844
0.9844
1.0000
0.9922
0.9844
0.9922
0.9609
0.9531
0.9688
0.9609
0.9688
0.9609
1.0000
0.9922
0.9766
0.9922
0.9922
0.9688
0.9766
1.0000
0.9609
0.9453
0.9844
0.9844
0.9609
0.9766
0.9453
0.9766
0.9453
0.9844
0.9531
0.9609
1.0000
0.9844
0.9453
0.9844
0.9766
0.9609
0.9922
0.9688
0.9609
1.0000
0.9609
0.9531
0.9766
0.9922
1.0000
0.9844
0.9922
0.9922
0.9688
0.9922
0.9766
0.9844
0.9609
0.9688
0.9844
1.0000
0.9766
0.9766
0.9766
0.9844
0.9766
0.9688
0.9844
0.9766
0.9453
0.9766
0.9453
0.9844
1.0000
0.9766
0.9844
0.9922
0.9922
0.9766
0.9453
