2.331132
2.352919
2.312607
2.313685
2.312277
2.281621
2.282106
2.262935
2.260799
2.236547
2.245814
2.241437
2.228577
2.227574
2.184244
2.170047
2.181232
2.167635
2.129321
2.171781
2.127661
2.100145
2.105175
2.031571
2.035212
2.020056
1.993595
1.912519
1.895880
1.745910
1.841451
1.727397
1.622858
1.718649
1.568748
1.505059
1.393423
1.373867
1.280313
1.155893
1.215779
1.050667
1.039279
0.893333
0.832990
0.985197
0.812813
0.830443
0.886602
0.713277
0.581774
0.542902
0.671355
0.717601
0.516696
0.430856
0.591800
0.461407
0.525087
0.418097
0.515032
0.573988
0.425271
0.594776
0.426640
0.416748
0.346142
0.442203
0.506507
0.514393
0.333953
0.353414
0.344721
0.396003
0.376095
0.342168
0.551087
0.321538
0.341732
0.243975
0.289080
0.367727
0.299460
0.316600
0.272632
0.359706
0.292901
0.307087
0.360493
0.315578
0.415941
0.282827
0.305215
0.280138
0.347937
0.235243
0.268505
0.409811
0.225168
0.406677
0.283991
0.241130
0.234671
0.192176
0.154548
0.250723
0.383220
0.208325
0.247696
0.253682
0.375451
0.347188
0.190683
0.198042
0.315113
0.263062
0.222993
0.394585
0.252202
0.252041
0.258287
0.342311
0.319926
0.181595
0.213669
0.278904
0.219610
0.206078
0.274412
0.171943
0.252099
0.231598
0.262010
0.240155
0.260036
0.249803
0.227191
0.246325
0.206646
0.181621
0.205848
0.153143
0.199565
0.060881
0.144451
0.180192
0.179888
0.322861
0.207708
0.183589
0.255576
0.218085
0.212370
0.202806
0.229945
0.260776
0.205419
0.249421
0.199666
0.225799
0.219970
0.214649
0.188077
0.172046
0.112150
0.254268
0.063904
0.135469
0.241241
0.229913
0.225687
0.163016
0.291550
0.182691
0.111780
0.206394
0.117393
0.146864
0.123690
0.265792
0.290163
0.118210
0.186240
0.200682
0.158452
0.154038
0.120650
0.257850
0.149558
0.096550
0.124595
0.179786
0.107272
0.171312
0.121223
0.189690
0.134965
0.147675
0.163039
0.169083
0.117894
0.101733
0.236498
0.172144
0.159529
0.107311
0.136738
0.142963
0.224026
0.201543
0.230866
0.198264
0.114521
0.193605
0.080843
0.346056
0.101931
0.128680
0.181009
0.125454
0.146026
0.192870
0.080543
0.268605
0.192268
0.081726
0.238383
0.164927
0.176037
0.156888
0.089936
0.161184
0.106391
0.058605
0.099720
0.099222
0.175861
0.139988
0.172948
0.135613
0.198586
0.074933
0.103715
0.130712
0.132617
0.089645
0.172893
0.198619
0.102510
0.072190
0.139946
0.145586
0.114487
0.079710
0.138683
0.120042
0.165266
0.148909
0.143929
0.173515
0.138508
0.156494
0.130207
0.072342
0.080847
0.183016
0.131780
0.098543
0.060207
0.128391
0.109185
0.134369
0.077154
0.100745
0.084011
0.103045
0.154897
0.096832
0.100344
0.200982
0.073472
0.097379
0.125060
0.109739
0.153603
0.131508
0.244383
0.140651
0.245513
0.175381
0.155410
0.093009
0.083075
0.052771
0.086959
0.062245
0.125557
0.173427
0.084609
0.086715
0.085788
0.075194
0.082052
0.061152
0.170519
0.143350
0.074879
0.160206
0.068082
0.163714
0.147591
0.065249
0.105847
0.083294
0.111835
0.079183
0.120961
0.141437
0.102159
0.147897
0.097332
0.101265
0.108880
0.141818
0.115075
0.103411
0.111049
0.050475
0.052088
0.095286
0.083064
0.087071
0.225693
0.125684
0.073889
0.103409
0.078314
0.183615
0.093499
0.087371
0.137524
0.122535
0.099854
0.079587
0.142212
0.104918
0.067838
0.115969
0.078626
0.064531
0.105253
0.077586
0.101065
0.071325
0.125997
0.134795
0.125175
0.047601
0.066053
0.094388
0.155256
0.055974
0.073864
0.146557
0.120853
0.171645
0.086839
0.148617
0.079593
0.061298
0.050448
0.082894
0.044459
0.071428
0.168409
0.058929
0.140342
0.080880
0.090319
0.107364
0.095908
0.044988
0.061979
0.124053
0.142803
0.075735
0.085337
0.063035
0.098604
0.120198
0.115428
0.096176
0.080798
0.105567
0.078695
0.068072
0.114813
0.079992
0.115137
0.063985
0.055039
0.092613
0.152208
0.017062
0.101276
0.117160
0.058055
0.046552
0.055712
0.077841
0.095230
0.053467
0.108378
0.046623
0.078345
0.079707
0.147335
0.076768
0.138643
0.076567
0.048552
0.056566
0.073828
0.091014
0.084009
0.144218
0.035548
0.048961
0.178544
0.066069
0.118835
0.047467
0.055313
0.055047
0.057386
0.052551
0.040893
0.134242
0.082530
0.084558
0.042085
0.061183
0.081807
0.056742
0.094007
0.126788
0.048830
0.071426
0.124227
0.034071
0.087582
0.100611
0.098973
0.161331
0.096796
0.142270
0.089637
0.098966
0.026813
0.079000
0.086947
0.062503
0.057491
0.114234
0.103377
0.068864
0.073036
0.099455
0.103253
0.076818
0.065964
0.117037
0.045510
0.066472
0.058299
0.116731
0.031157
0.045260
0.090685
0.090765
0.026599
0.086563
0.035286
0.039771
0.099399
0.043147
0.102385
0.073074
0.030944
0.115128
0.127289
0.062019
0.064227
0.101712
0.069245
0.159441
0.050921
0.120107
0.052756
0.107772
