2.465489
2.469564
2.486757
2.525911
2.566291
2.613581
2.663619
2.723465
2.781585
2.783494
2.963771
3.155205
3.427803
3.416104
3.722070
3.938546
3.749239
3.956520
4.097753
3.874953
3.641560
3.419608
3.244570
3.161319
3.083022
3.134587
3.211909
3.314665
3.419140
3.525262
3.593716
3.513204
3.361535
3.178054
3.038233
3.101219
3.146032
3.187035
3.210158
3.242439
3.257285
3.274849
3.144060
3.032850
3.050428
3.080628
3.091413
2.974178
2.901543
2.942172
2.971289
3.010134
3.045378
3.100811
3.004973
2.917442
2.833216
2.773369
2.823503
2.871108
2.812505
2.846588
2.795513
2.743826
2.684535
2.738570
2.785763
2.847501
2.767821
2.696247
2.628357
2.565201
2.512846
2.555717
2.618243
2.688623
2.766731
2.715513
2.575543
2.450362
2.400115
2.352595
2.313243
2.412480
2.534128
2.513346
2.461082
2.403221
2.348606
2.304650
2.274423
2.220018
2.184052
2.180209
2.166670
2.196619
2.183677
2.240928
2.234328
2.100122
1.983718
1.876173
1.801856
1.729532
1.659325
1.655860
1.624606
1.582538
1.484527
1.438297
1.310739
1.288079
1.204781
1.214250
1.249620
1.233050
1.315100
1.195606
1.131682
1.123900
1.119680
1.074850
1.091677
1.055688
1.081805
1.054635
1.086593
0.917995
0.824725
0.465921
0.326741
0.268285
0.328538
0.493017
0.717936
1.048084
1.006946
0.896305
0.571765
0.217352
0.178240
0.188646
1.082470
1.409176
0.863846
0.253009
0.126819
1.007087
1.713588
0.820606
0.173026
0.014083
4.644400
2.664441
0.061557
3.377658
0.009298
0.518928
2.963637
0.044127
15.300641
12.204309
22.196165
19.321329
8.296935
1.874631
1.609056
1.641662
1.747750
1.821461
1.882705
1.916541
1.974626
2.021171
2.032708
2.064612
2.074035
2.088267
2.101066
2.099695
2.124317
2.124404
2.122115
2.120970
2.119345
2.117176
2.111674
2.115727
2.124588
2.109014
2.101417
2.102515
2.080745
2.065817
2.069380
2.050205
2.041653
2.006642
1.995573
1.988175
1.951158
1.939232
1.923738
1.897727
1.883719
1.852070
1.832777
1.810243
1.774280
1.764301
1.710106
1.716390
1.691908
1.613472
1.611806
1.615441
1.558354
1.525440
1.492662
1.427753
1.425761
1.410490
1.380026
1.301477
1.280082
1.234729
1.177550
1.152366
1.039306
1.101454
1.024871
0.973975
1.057748
0.975639
0.945735
0.948304
0.903493
0.817149
0.835811
0.915862
0.841087
0.729411
0.781277
0.684114
0.696034
0.724755
0.695465
0.664707
0.697499
0.662500
0.576405
0.612216
0.558408
0.497312
0.618360
0.457941
0.524492
0.575343
0.460343
0.433321
0.457931
0.416030
0.576247
0.502853
0.789263
0.558383
0.721981
0.778007
0.558716
0.637180
0.534581
0.649925
0.695871
1.594539
0.636418
14.563362
5.193280
10.164974
225.766098
0.098083
323.615417
18.941874
3.853230
5.123135
5.464199
5.135061
4.890745
4.131879
3.388058
3.014211
3.009933
2.943536
2.888594
2.867057
2.914572
2.802131
2.698870
2.600351
2.642213
2.650970
2.557057
2.537019
2.594995
2.488833
2.447755
2.420248
2.402382
2.393717
2.409394
2.415324
2.419442
2.439836
3.151822
2.764645
3.240002
3.218868
2.602332
2.309776
2.153832
2.142806
2.072336
1.998571
1.954351
1.918160
1.792650
1.800011
1.674345
1.596115
1.565738
1.465129
1.431442
1.877781
1.115735
1.015746
0.891511
0.766064
0.845020
0.669165
0.613076
0.624011
0.548084
0.717245
0.814567
0.871409
0.859104
0.854171
0.926327
1.168504
0.985974
1.023501
1.395296
3.588547
0.741767
1.025015
1.377716
1.356085
1.075990
0.795411
0.643427
0.462493
0.629194
0.527289
0.625299
0.711271
0.616074
0.683317
0.712556
0.804992
0.847644
0.838063
0.869234
0.727617
0.888013
0.709309
0.670168
0.817921
0.748825
0.661072
0.424327
0.271100
0.309003
0.304986
1.279061
1.996944
1.215676
0.581925
0.435980
0.469004
1.070041
0.449903
0.395437
1.106775
3.198169
0.459036
0.367990
1.569791
0.732233
1.343356
2.863859
1.531203
0.568284
0.739652
1.385660
12.623364
2.750060
0.528539
117.234024
133.883041
22.140842
0.056275
0.116060
22.445814
28.141893
16.089695
6.975755
4.841982
4.561801
3.307195
2.562930
2.525730
2.528151
2.529245
2.536403
2.536585
2.539750
2.549253
2.554616
2.562193
2.557607
2.567027
2.563179
2.570851
2.577907
2.582155
2.579645
2.575332
2.577906
2.587504
2.580812
2.581823
2.578202
2.582226
2.593027
2.576003
2.571839
2.570270
2.555604
2.546890
2.553095
2.550589
2.542462
2.542030
2.540068
2.522659
2.528873
2.527636
2.509727
2.495775
2.475755
2.481557
2.487674
2.524345
2.535721
2.507781
2.511133
2.457290
2.449290
2.451430
2.447323
2.459171
2.582794
2.694925
2.581114
2.465546
2.438058
2.427944
2.498341
2.797612
2.462026
2.490129
2.458994
2.443773
2.505040
2.939250
2.518836
2.421301
2.403608
2.405971
2.489767
2.668248
2.524373
2.416485
2.443754
2.624279
3.128675
2.465053
2.377134
2.372631
2.365657
2.389954
