0.1250
0.2656
0.4922
0.6719
0.4609
0.4375
0.5234
0.3750
0.5625
0.5547
0.7188
0.6484
0.2344
0.1016
0.2891
0.4688
0.5078
0.4922
0.2812
0.3281
0.2344
0.1562
0.1250
0.0391
0.0859
0.0469
0.0156
0.0703
0.0312
0.0391
0.0547
0.0234
0.0547
0.0391
0.0078
0.0469
0.0156
0.0000
0.0234
0.0547
0.0234
0.0391
0.0703
0.0312
0.0391
0.0312
0.0312
0.0469
0.0391
0.0156
0.0234
0.0156
0.0391
0.0312
0.0234
0.0391
0.0625
0.0234
0.0312
0.0703
0.0547
0.0156
0.0703
0.0234
0.0469
0.0391
0.0156
0.0312
0.0469
0.0156
0.0234
0.0391
0.0469
0.0234
0.0312
0.0469
0.0391
0.0391
0.0469
0.0547
0.0312
0.0391
0.0156
0.0234
0.0781
0.0312
0.0234
0.0859
0.0391
0.0312
0.0547
0.0234
0.0391
0.0391
0.0391
0.0234
0.0312
0.0312
0.0234
0.0469
0.0312
0.0234
0.0625
0.0391
0.0234
0.0312
0.0625
0.0391
0.0312
0.0156
0.0234
0.0312
0.0156
0.0312
0.0547
0.0703
0.0312
0.0625
0.0312
0.0625
0.0312
0.0234
0.0234
0.0391
0.0391
0.0234
0.0078
0.0156
0.0312
0.0156
0.0391
0.0312
0.0781
0.0234
0.0391
0.0391
0.0234
0.0469
0.0547
0.0234
0.0391
0.0156
0.0312
0.0625
0.0625
0.0703
0.0234
0.0312
0.0234
0.0234
0.0234
0.0312
0.0234
0.0234
0.0469
0.0547
0.0078
0.0312
0.0938
0.0234
0.0391
0.0312
0.0469
0.0234
0.0156
0.0078
0.0469
0.0469
0.0391
0.0625
0.0391
0.0078
0.0703
0.0391
0.0312
0.0703
0.0312
0.0234
0.0547
0.0391
0.0312
0.0156
0.0312
0.0391
0.0312
0.0391
0.0312
0.0391
0.0234
0.0312
0.0391
0.0391
0.0625
0.0391
0.0156
0.0078
0.0234
0.0469
0.0234
0.0391
0.0469
0.0312
0.0625
0.0391
0.0469
0.0312
0.0469
0.0391
0.0391
0.0312
0.0547
0.0156
0.0234
0.0234
0.0156
0.0312
0.0547
0.0391
0.0391
0.0625
0.0234
0.0469
0.0469
0.0547
0.0547
0.0391
0.0234
0.1094
0.0234
0.0156
0.0156
0.0312
0.0469
0.0547
0.0547
0.0391
0.0312
0.0547
0.0391
0.0469
0.0781
0.0312
0.0391
0.0312
0.0234
0.0469
0.0469
0.0391
0.0547
0.0391
0.0469
0.0156
0.0391
0.0234
0.0312
0.0312
0.0547
0.0234
0.0391
0.0547
0.0391
0.0469
0.0547
0.0156
0.0156
0.0469
0.0156
0.0156
0.0000
0.0391
0.0234
0.0625
0.0078
0.0703
0.0391
0.0391
0.0234
0.0312
0.0469
0.0391
0.0547
0.0156
0.0234
0.0625
0.0703
0.0469
0.0547
0.0312
0.0469
0.0391
0.0234
0.0156
0.0312
0.0625
0.0625
0.0000
0.0234
0.0547
0.0234
0.0234
0.0312
0.0625
0.0469
0.0781
0.0312
0.0469
0.0312
0.0703
0.0469
0.0625
0.0312
0.0156
0.0312
0.0469
0.0156
0.0234
0.0469
0.0391
0.0625
0.0391
0.0547
0.0625
0.0391
0.0312
0.0234
0.0391
0.0391
0.0625
0.0234
0.0312
0.0469
0.0234
0.0312
0.0156
0.0078
0.0547
0.0234
0.0547
0.0234
0.0625
0.0391
0.0625
0.0234
0.0391
0.0469
0.0625
0.0234
0.0547
0.0547
0.0547
0.0547
0.0703
0.0312
0.0625
0.0469
0.0391
0.0312
0.0234
0.0547
0.0391
0.0156
0.0156
0.0625
0.0391
0.0234
0.0547
0.0391
0.0078
0.0312
0.0391
0.0391
0.0156
0.0391
0.0312
0.0312
0.0000
0.0391
0.0547
0.0234
0.0312
0.0156
0.0078
0.0156
0.0312
0.0312
0.1094
0.0469
0.0547
0.0234
0.0156
0.0469
0.0469
0.0781
0.0625
0.0234
0.0781
0.0625
0.0469
0.0312
0.0234
0.0469
0.0469
0.0469
0.0547
0.0234
0.0469
0.0625
0.0391
0.0156
0.0234
0.0234
0.0078
0.0156
0.0391
0.0391
0.0391
0.0234
0.0312
0.0781
0.0234
0.0469
0.0391
0.0391
0.0703
0.0469
0.0234
0.0078
0.0391
0.0625
0.0391
0.0156
0.0547
0.0312
0.0156
0.0703
0.0312
0.0312
0.0391
0.0234
0.0469
0.0625
0.0312
0.0000
0.0469
0.0547
0.0312
0.0312
0.0469
0.0312
0.0391
0.0000
0.0469
0.0391
0.0547
0.0234
0.0625
0.0547
0.0156
0.0859
0.0391
0.0078
0.0469
0.0078
0.0547
0.0547
0.0391
0.0391
0.0312
0.0547
0.0312
0.0391
0.0312
0.0625
0.0547
0.0234
0.0391
0.0234
0.0625
0.0312
0.0703
0.0469
0.0391
0.0391
0.0469
0.0312
0.0547
0.0156
0.0234
0.0703
0.0547
0.0234
0.0234
0.0234
0.0312
0.0469
0.0391
0.0312
0.0391
0.0469
0.0469
