2.304877
2.302502
2.303145
2.308488
2.321729
2.324977
2.305691
2.299256
2.314585
2.339074
2.345306
2.498898
2.623236
2.750458
2.476975
2.294169
2.264188
2.232938
2.248563
2.217313
2.240751
2.225126
2.240751
2.248563
2.225125
2.279813
2.225126
2.248563
2.248563
2.279813
2.232938
2.295438
2.326688
2.279813
2.264188
2.201688
2.232938
2.295438
2.225126
2.240751
2.248563
2.318876
2.201688
2.240751
2.209501
2.248563
2.248563
2.256376
2.256376
2.256376
2.217313
2.264188
2.264188
2.232938
2.256376
2.287626
2.279813
2.256375
2.287626
2.186063
2.225126
2.240751
2.256375
2.256375
2.303251
2.256376
2.248563
2.295438
2.232938
2.225126
2.225126
2.264188
2.225126
2.272001
2.264188
2.373563
2.264188
2.240751
2.272001
2.248563
2.240750
2.272001
2.256376
2.256376
2.209501
2.209501
2.287626
2.264188
2.240751
2.256375
2.318876
2.209500
2.256376
2.287626
2.186063
2.295438
2.170438
2.256376
2.303251
2.209501
2.201688
2.217313
2.264188
2.256376
2.295438
2.357938
2.272001
2.209501
2.264188
2.256376
2.225126
2.264188
2.256376
2.217313
2.264188
2.240751
2.264188
2.248563
2.287626
2.240750
2.287625
2.232938
2.272001
2.217313
2.311063
2.287626
2.209500
2.311063
2.240751
2.256376
2.256376
2.225126
2.272001
2.248563
2.264188
2.264188
2.272001
2.303251
2.209501
2.225126
2.279813
2.256376
2.217313
2.264188
2.248563
2.217313
2.272001
2.193875
2.232938
2.256376
2.209501
2.201688
2.256376
2.193875
2.240751
2.232938
2.287626
2.264188
2.256376
2.240751
2.256376
2.279813
2.256376
2.256375
2.201688
2.272001
2.232938
2.225126
2.287626
2.264188
2.256376
2.186063
2.264188
2.248563
2.248563
2.272001
2.217313
2.248563
2.264188
2.256376
2.240751
2.279813
2.256376
2.264188
2.287626
2.303251
2.264188
2.248563
2.225126
2.248563
2.279813
2.209500
2.217313
2.248563
2.264188
2.240751
2.295438
2.279813
2.272001
2.279813
2.232938
2.248563
2.225126
2.201688
2.303251
2.272001
2.225126
2.303251
2.217313
2.240751
2.225126
2.256376
2.272001
2.295438
2.232938
2.225126
2.256376
2.248563
2.287626
2.264188
2.193875
2.279813
2.264188
2.240751
2.232938
2.240751
2.232938
2.311063
2.240750
2.272001
2.303251
2.225126
2.248563
2.178250
2.303251
2.209500
2.272001
2.248563
2.232938
2.264188
2.248563
2.256375
2.334501
2.256376
2.272000
2.248563
2.248563
2.232938
2.248563
2.240751
2.295438
2.240751
2.209500
2.256376
2.217313
2.240751
2.287626
2.240751
2.311063
2.279813
2.232938
2.193875
2.264188
2.232938
2.264188
2.217313
2.256375
2.248563
2.264188
2.248563
2.240751
2.240751
2.193875
2.178250
2.287626
2.279813
2.225126
2.248563
2.240751
2.264188
2.272001
2.240751
2.264188
2.248563
2.232938
2.240751
2.240750
2.240751
2.256376
2.248563
2.272000
2.256376
2.279813
2.256376
2.193875
2.240751
2.264188
2.256376
2.248563
2.303251
2.357938
2.264188
2.232938
2.264188
2.272001
2.225126
2.186063
2.272001
2.287626
2.272001
2.225126
2.279813
2.287626
2.240751
2.186063
2.264188
2.256375
2.256376
2.287626
2.232938
2.232938
2.209500
2.311063
2.240751
2.279813
2.264188
2.256376
2.217313
2.287626
2.248563
2.240751
2.232938
2.225126
2.256375
2.295438
2.240751
2.209500
2.279813
2.225126
2.279813
2.272000
2.248563
2.256375
2.318876
2.240751
2.209501
2.248563
2.272001
2.256376
2.225126
2.334501
2.201688
2.240751
2.272001
2.232938
2.287626
2.240751
2.193875
2.326688
2.311063
2.264188
2.225126
2.240751
2.248563
2.272001
2.248563
2.201688
2.256376
2.232938
2.295438
2.217313
2.225126
2.248563
2.295438
2.264188
2.201688
2.232938
2.287626
2.225126
2.217313
2.264188
2.240750
2.225125
2.217313
2.264188
2.264188
2.287625
2.256376
2.256376
2.295438
2.248563
2.272001
2.264188
2.232938
2.248563
2.248563
2.256376
2.350126
2.232938
2.248563
2.217313
2.264188
2.217313
2.272001
2.240751
2.225126
2.303251
2.256376
2.311063
2.225126
2.295438
2.217313
2.209501
2.248563
2.217313
2.232938
2.217313
2.232938
2.279813
2.225126
2.279813
2.272000
2.225126
2.248563
2.201688
2.217313
2.162625
2.209500
2.248563
2.240751
2.295438
2.225126
2.303251
2.225125
2.248563
2.248563
2.248563
2.256376
2.225126
2.240750
2.303251
2.232938
2.248563
2.232938
2.326688
2.162625
2.279813
2.240751
2.334501
2.272001
2.240751
2.272000
2.295438
2.279813
2.287626
2.248563
2.225126
2.342313
2.240751
2.248563
2.217313
2.225126
2.311063
2.279813
2.287625
2.264188
2.256376
2.264188
2.256376
2.217313
2.225126
2.264188
2.248563
2.225126
2.225126
2.342313
2.248563
2.217313
2.240751
2.272001
2.232938
2.186063
2.232938
2.232938
2.272000
2.240751
2.264188
2.272000
2.272000
2.279813
2.240751
2.232938
2.272001
2.170438
2.303251
2.193875
2.318876
2.248563
2.248563
2.248563
