1.500000
1.500000
1.500000
1.444323
1.179219
0.690469
0.850677
0.633542
0.689583
0.596563
0.498958
0.547656
0.522813
0.486927
0.507240
0.520677
0.489844
0.508229
0.501927
0.468490
0.465677
0.466667
0.468750
0.446071
0.433750
0.435365
0.434219
0.419271
0.434115
0.415469
0.410000
0.399115
0.382188
0.382552
0.357917
0.361198
0.378698
0.351302
0.348906
0.356823
0.341823
0.334219
0.323750
0.341979
0.333333
0.313177
0.335208
0.307857
0.334010
0.332656
0.304063
0.293542
0.289740
0.299115
0.301979
0.297552
0.279531
0.300313
0.288854
0.299896
0.265938
0.265000
0.254219
0.273802
0.273333
0.249063
0.245313
0.257240
0.272448
0.272500
0.258125
0.260238
0.232396
0.280573
0.252865
0.236875
0.233698
0.246875
0.224271
0.227135
0.227500
0.225625
0.222760
0.231979
0.258698
0.218229
0.211719
0.214740
0.220625
0.217760
0.227396
0.206042
0.220521
0.190677
0.216771
0.173690
0.191146
0.191719
0.202917
0.180469
0.201563
0.193229
0.185990
0.230000
0.202396
0.209010
0.180052
0.181354
0.175781
0.167396
0.207031
0.196354
0.192656
0.212083
0.189010
0.183906
0.184167
0.162083
0.176250
0.226429
0.156927
0.182865
0.190521
0.162969
0.181927
0.182760
0.167552
0.181719
0.171875
0.147448
0.162396
0.162240
0.153177
0.158125
0.157500
0.183698
0.154063
0.147135
0.150156
0.153490
0.169479
0.142865
0.153125
0.179881
0.160885
0.169219
0.147917
0.152969
0.158438
0.158958
0.153594
0.164583
0.152188
0.136458
0.124271
0.110260
0.118073
0.114010
0.132188
0.144115
0.138490
0.161563
0.142656
0.113698
0.146615
0.144531
0.132969
0.137262
0.118958
0.134635
0.118177
0.142344
0.140573
0.140000
0.145469
0.125313
0.142031
0.118125
0.117813
0.128542
0.124323
0.104583
0.128438
0.121979
0.135885
0.134896
0.097031
0.109375
0.120781
0.144635
0.112500
0.129405
0.117031
0.103802
0.141979
0.116823
0.119115
0.102240
0.122031
0.114479
0.103125
0.092708
0.107500
0.119115
0.103333
0.110156
0.118385
0.123385
0.112396
0.120052
0.102760
0.135625
0.112760
0.112552
0.105104
0.152143
0.093073
0.092031
0.103802
0.117083
0.119375
0.110938
0.100677
0.110313
0.116354
0.106042
0.092552
0.121042
0.092135
0.126042
0.114271
0.115677
0.104115
0.089271
0.115573
0.106146
0.113021
0.099219
0.096875
0.100714
0.093646
0.119792
0.094531
0.097083
0.092240
0.090885
0.100990
0.112031
0.072135
0.106719
0.089063
0.113750
0.102500
0.093594
0.104688
0.113333
0.082240
0.125000
0.086458
0.103750
0.095990
0.109635
0.080521
0.091667
0.097500
0.104792
0.096823
0.104323
0.099167
0.107656
0.084583
0.085573
0.096823
0.107083
0.090677
0.094635
0.094896
0.104115
0.095365
0.093333
0.075313
0.078438
0.088177
0.102031
0.088229
0.096042
0.100208
0.073214
0.116823
0.124219
0.093958
0.076927
0.072552
0.082813
0.114688
0.088958
0.075781
0.081979
0.093802
0.088229
0.090781
0.089583
0.112188
0.094792
0.082552
0.078646
0.092188
0.088646
0.081667
0.080365
0.072865
0.089524
0.083281
0.078750
0.097813
0.089531
0.108333
0.089219
0.083281
0.087344
0.068854
0.088698
0.073073
0.081510
0.083594
0.085365
0.084844
0.077969
0.090990
0.077292
0.071667
0.105000
0.086198
0.097604
0.093698
0.098333
0.089635
0.071406
0.083646
0.082708
0.081146
0.081042
0.086719
0.064948
0.070365
0.085365
0.088021
0.105625
0.082500
0.091146
0.110677
0.074010
0.080000
0.080521
0.079844
0.066198
0.098125
0.087760
0.076719
0.062857
0.059167
0.090365
0.100156
0.083646
0.081406
0.078594
0.082552
0.089427
0.095313
0.080313
0.064635
0.072396
0.087240
0.086302
0.090417
0.075469
0.071406
0.069948
0.084896
0.079010
0.076042
0.078802
0.075990
0.057024
0.068594
0.089688
0.073177
0.086042
0.066094
0.110156
0.073906
0.076615
0.084583
0.066823
0.090938
0.071250
0.078438
0.055000
0.060781
0.096302
0.098073
0.073594
0.074063
0.076146
0.074792
0.072344
0.082344
0.041190
0.075417
0.059010
0.065000
0.079219
0.065938
0.085417
0.077240
0.073125
0.080885
0.066250
0.073490
0.062656
0.077396
0.088177
0.069740
0.074010
0.077396
0.089948
0.083958
0.069271
0.073542
0.072500
0.070573
0.070119
0.080156
0.066979
0.073594
0.087448
0.075938
0.077083
0.067969
0.074583
0.068542
0.049427
0.080938
0.073646
0.082865
0.064688
0.073385
0.071719
0.065677
0.105990
0.067865
0.057552
0.069219
0.066302
0.077552
0.085833
0.076667
0.056458
0.059531
0.063281
0.070365
0.055469
0.068802
0.071979
0.065625
0.064479
0.067865
0.087604
0.067188
0.067604
0.070000
0.073906
0.073438
0.067500
0.077708
0.072760
0.066354
0.081979
0.081354
0.061905
0.071510
0.082552
0.052240
0.083542
0.062865
0.070781
0.066771
0.054792
0.068958
0.084323
0.084531
0.074010
0.072188
0.053229
0.072552
0.056510
0.059948
0.067448
0.065000
0.060260
