2.304767
2.299546
2.297124
2.292093
2.292679
2.278465
2.291620
2.239075
2.238591
2.237937
2.232343
2.202501
2.177509
2.245342
2.240924
2.198655
2.191878
2.077355
2.066966
2.204022
2.246158
2.264639
2.190231
2.085029
1.988324
1.966850
1.863155
1.906142
1.887376
1.990757
1.991332
1.920127
1.856542
1.878388
1.886639
1.848464
1.817132
1.815423
1.785697
1.826358
1.800628
1.856491
1.931271
1.955805
1.902627
1.874235
1.821251
1.763388
1.739596
1.764895
1.770717
1.730892
1.708070
1.752562
1.756455
1.793124
1.753770
1.770492
1.849578
1.833897
1.805719
1.835693
1.835791
1.851718
1.771637
1.823961
1.781659
1.779282
1.731920
1.756164
1.694034
1.700937
1.743013
1.695129
1.697643
1.712480
1.678409
1.675386
1.692171
1.721597
1.703548
1.735216
1.733398
1.699213
1.695641
1.734979
1.751674
1.659975
1.723025
1.713755
1.728208
1.726684
1.672909
1.751056
1.728940
1.698541
1.701044
1.696520
1.687039
1.684809
1.662160
1.684438
1.743654
1.685235
1.681112
1.674688
1.690115
1.690841
1.686170
1.685534
1.702403
1.654764
1.696686
1.599540
1.665038
1.667147
1.678495
1.649158
1.669195
1.677344
1.667983
1.732628
1.686039
1.702271
1.654361
1.630235
1.644626
1.645967
1.641573
1.660171
1.664693
1.648910
1.642590
1.658131
1.669124
1.601362
1.673733
1.667916
1.688581
1.629968
1.696966
1.635857
1.642999
1.632582
1.661912
1.646048
1.640285
1.638563
1.626111
1.642033
1.646115
1.600274
1.625554
1.631915
1.686568
1.632729
1.597398
1.618904
1.610093
1.630592
1.639386
1.631091
1.612288
1.665209
1.610462
1.629623
1.635374
1.650227
1.652812
1.608034
1.650554
1.584603
1.619293
1.621673
1.615767
1.629361
1.653951
1.609736
1.594009
1.617663
1.625141
1.613137
1.630227
1.582176
1.627400
1.615365
1.613804
1.595506
1.619583
1.590613
1.587351
1.637131
1.616314
1.603825
1.599614
1.590653
1.586662
1.607736
1.615061
1.665950
1.643252
1.644497
1.637948
1.606750
1.636285
1.638425
1.608186
1.586361
1.611113
1.610260
1.597286
1.603632
1.581171
1.634323
1.616101
1.617058
1.599506
1.610029
1.613164
1.621333
1.606664
1.639346
1.578602
1.562318
1.560102
1.580265
1.591853
1.581332
1.553921
1.584098
1.594254
1.597955
1.579168
1.621762
1.578446
1.616915
1.596555
1.574609
1.559894
1.585911
1.605254
1.624071
1.627504
1.630992
1.617652
1.621622
1.587693
1.602482
1.618356
1.613799
1.584345
1.610558
1.578659
1.574115
1.579416
1.581470
1.570074
1.601517
1.633088
1.587839
1.620610
1.591127
1.632209
1.586552
1.591372
1.564692
1.559514
1.566237
1.602528
1.639858
1.592371
1.660005
1.606246
1.595088
1.620049
1.589313
1.615088
1.575861
1.592227
1.575167
1.602605
1.588018
1.593809
1.559228
1.567717
1.625648
1.593762
1.567304
1.614331
1.581689
1.602076
1.568847
1.584362
1.596043
1.582806
1.583979
1.562429
1.573205
1.579066
1.552686
1.632232
1.571055
1.596075
1.563407
1.602046
1.541231
1.601007
1.608236
1.592040
1.583406
1.592832
1.588334
1.555507
1.610410
1.568284
1.579822
1.553903
1.547334
1.555465
1.592145
1.582597
1.611345
1.556000
1.596752
1.609853
1.566617
1.563425
1.578111
1.587348
1.587244
1.587284
1.576280
1.565776
1.545389
1.633237
1.579482
1.599382
1.597441
1.600163
1.533819
1.579668
1.553558
1.546756
1.584573
1.558436
1.564185
1.636679
1.594435
1.558888
1.597848
1.569252
1.572227
1.562139
1.609921
1.589907
1.600135
1.590845
1.602307
1.557854
1.601222
1.571122
1.558913
1.553038
1.550071
1.560380
1.571843
1.580656
1.540129
1.560334
1.578532
1.562892
1.603383
1.594059
1.590006
1.557431
1.591720
1.602942
1.575130
1.581207
1.565325
1.521285
1.571817
1.566572
1.590114
1.563949
1.569281
1.530885
1.583258
1.552295
1.543651
1.553445
1.589185
1.586133
1.561059
1.618403
1.561478
1.593238
1.595266
1.579588
1.584395
1.609652
1.561869
1.577787
1.583663
1.573822
1.569384
1.537090
1.574314
1.601111
1.621767
1.546156
1.577509
1.562976
1.535399
1.572704
1.564472
1.582719
1.577733
1.591568
1.587361
1.583626
1.584725
1.575883
1.565683
1.597621
1.565171
1.545519
1.584875
1.539842
1.562975
1.552738
1.560676
1.567029
1.532251
1.577191
1.561261
1.567773
1.564032
1.584535
1.576683
1.584060
1.554748
1.567270
1.544981
1.564507
1.567053
1.539685
1.571735
1.614101
1.560512
1.568875
1.571769
1.572627
1.568032
1.595836
1.570600
1.612122
1.550510
1.593017
1.571232
1.600601
1.562514
1.572533
1.553661
1.533036
1.526781
1.596606
1.600000
1.549793
1.561951
1.564098
1.553891
1.573694
1.609176
1.555370
1.575748
1.558187
1.551367
1.552241
1.573611
1.578453
1.581925
1.560932
1.552391
1.561371
1.561164
1.583665
1.557609
1.587595
1.542535
1.567259
1.569484
1.553723
1.585565
1.611818
1.538942
1.581262
1.520218
1.552578
1.568716
