2.302585
2.302585
2.302585
2.302585
2.302585
2.302585
2.302585
2.302585
2.302585
2.302585
2.302585
2.302585
2.302585
2.302585
2.302585
2.302585
2.302585
2.302585
2.302585
2.302585
2.302585
2.302585
2.302585
2.302585
2.302585
2.302585
2.302585
2.302585
2.302585
2.302585
2.302585
2.302585
2.302585
2.302585
2.302585
2.302585
2.302585
2.302585
2.302585
2.302585
2.302585
2.302585
2.302585
2.302585
2.302585
2.302585
2.302585
2.302585
2.302585
2.302585
2.302585
2.302585
2.302585
2.302585
2.302585
2.302585
2.302585
2.302585
2.302585
2.302585
2.302585
2.302585
2.302585
2.302585
2.302585
2.302585
2.302585
2.302585
2.302585
2.302585
2.302585
2.302585
2.302585
2.302585
2.302585
2.302585
2.302585
2.302585
2.302585
2.302585
2.302585
2.302585
2.302585
2.302585
2.302585
2.302585
2.302585
2.302585
2.302585
2.302585
2.302585
2.302585
2.302585
2.302585
2.302585
2.302585
2.302585
2.302585
2.302585
2.302585
2.302585
2.302585
2.302585
2.302585
2.302585
2.302585
2.302585
2.302585
2.302585
2.302585
2.302585
2.302585
2.302585
2.302585
2.302585
2.302585
2.302585
2.302585
2.302585
2.302585
2.302585
2.302585
2.302585
2.302585
2.302585
2.302585
2.302585
2.302585
2.302585
2.302585
2.302585
2.302585
2.302585
2.302585
2.302585
2.302585
2.302585
2.302585
2.302585
2.302585
2.302585
2.302585
2.302585
2.302585
2.302585
2.302585
2.302585
2.302585
2.302585
2.302585
2.302585
2.302585
2.302585
2.302585
2.302585
2.302585
2.302585
2.302585
2.302585
2.302585
2.302585
2.302585
2.302585
2.302585
2.302585
2.302585
2.302585
2.302585
2.302585
2.302585
2.302585
2.302585
2.302585
2.302585
2.302585
2.302585
2.302585
2.302585
2.302585
2.302585
2.302585
2.302585
2.302585
2.302585
2.302585
2.302585
2.302585
2.302585
2.302585
2.302585
2.302585
2.302585
2.302585
2.302585
2.302585
2.302585
2.302585
2.302585
2.302585
2.302585
2.302585
2.302585
2.302585
2.302585
2.302585
2.302585
2.302585
2.302585
2.302585
2.302585
2.302585
2.302585
2.302585
2.302585
2.302585
2.302585
2.302585
2.302585
2.302585
2.302585
2.302585
2.302585
2.302585
2.302585
2.302585
2.302585
2.302585
2.302585
2.302585
2.302585
2.302585
2.302585
2.302585
2.302585
2.302585
2.302585
2.302585
2.302585
2.302585
2.302585
2.302585
2.302585
2.302585
2.302585
2.302585
2.302585
2.302585
2.302585
2.302585
2.302585
2.302585
2.302585
2.302585
2.302585
2.302585
2.302585
2.302585
2.302585
2.302585
2.302585
2.302585
2.302585
2.302585
2.302585
2.302585
2.302585
2.302585
2.302585
2.302585
2.302585
2.302585
2.302585
2.302585
2.302585
2.302585
2.302585
2.302585
2.302585
2.302585
2.302585
2.302585
2.302585
2.302585
2.302585
2.302585
2.302585
2.302585
2.302585
2.302585
2.302585
2.302585
2.302585
2.302585
2.302585
2.302585
2.302585
2.302585
2.302585
2.302585
2.302585
2.302585
2.302585
2.302585
2.302585
2.302585
2.302585
2.302585
2.302585
2.302585
2.302585
2.302585
2.302585
2.302585
2.302585
2.302585
2.302585
2.302585
2.302585
2.302585
2.302585
2.302585
2.302585
2.302059
2.299975
2.287848
2.287796
2.281963
2.294050
2.294357
2.297380
2.294763
2.294244
2.280901
2.294135
2.295320
2.273240
2.284654
2.276009
2.259390
2.270408
2.251598
2.252118
2.263390
2.250426
2.262553
2.275581
2.239205
2.256946
2.216553
2.234755
2.233479
2.198026
2.212884
2.204931
2.203697
2.169483
2.175042
2.186942
2.135929
2.160253
2.130403
2.130123
2.112151
2.086890
2.123957
2.084166
2.082669
2.115511
2.057412
1.996192
2.038096
2.064124
2.004475
2.058601
1.976729
1.984966
2.036407
2.011926
1.946836
1.963161
1.940250
1.940720
1.901007
1.868106
1.925419
1.839001
1.924240
1.850116
1.873963
1.878254
1.820577
1.871971
1.826012
1.844674
1.800937
1.824790
1.786626
1.779111
1.767508
1.783521
1.788815
1.779932
1.779159
1.789655
1.777123
1.743040
1.759501
1.768184
1.736055
1.741639
1.700677
1.754601
1.758560
1.702428
1.770736
1.721798
1.733568
1.707242
1.699419
1.750756
1.732065
1.746705
1.673120
1.663926
1.685170
1.684880
1.675577
1.690067
1.711898
1.703650
1.656560
1.682005
1.718897
1.658131
1.667003
1.678259
1.701412
1.686686
1.690564
1.677753
1.640041
1.682144
1.617077
1.668662
1.658950
1.654573
1.699345
1.632777
1.678867
1.653888
1.635986
1.685876
1.658413
1.630649
1.704246
1.697518
1.671534
1.633071
1.644513
1.644968
1.664686
1.644283
1.627986
1.638767
1.647620
1.641119
1.622079
1.643357
1.636527
1.639895
1.664106
1.651404
1.657919
1.645948
1.643336
1.633119
1.643635
1.622863
1.613618
1.633204
1.613623
1.621970
1.619956
1.632992
1.645406
1.643891
1.634571
1.632046
1.610871
1.640524
1.616883
1.623496
1.591761
1.620876
1.630201
1.571128
1.625067
1.625997
1.620674
1.609359
1.603630
1.582113
1.583938
1.621670
1.635340
1.605146
1.670736
1.638950
1.632128
1.622624
1.627959
1.598097
1.583437
1.641482
1.613961
1.605204
1.638843
1.618401
1.581842
1.561930
1.608878
1.591596
1.589624
1.624669
1.611285
1.593772
1.614841
1.606078
1.589824
1.648170
1.620102
1.576153
1.582904
1.597314
1.605913
1.583035
1.579183
1.626093
1.633526
1.607981
1.615752
1.622415
1.588668
1.604132
1.585343
1.587316
1.611589
1.622908
1.598743
1.581475
1.575358
1.589579
1.564208
1.604979
1.609500
1.579376
1.603478
1.580142
1.594952
1.579551
1.599329
1.607237
1.561123
1.571780
1.563454
1.593082
1.590305
1.591055
1.590570
1.604477
1.561891
1.597829
1.580177
1.590474
1.595507
1.588267
1.598562
1.592849
1.599824
1.614862
1.567047
1.546482
1.580287
1.596239
1.576147
1.580646
1.617473
1.583465
1.606763
1.587202
1.578669
1.555860
1.580950
1.592843
1.574356
1.578869
1.575542
1.558640
1.559303
1.622986
1.556032
1.565168
1.606065
1.570716
1.559631
1.555373
1.578573
1.601332
1.622777
1.556839
1.573717
1.575620
1.570602
1.593566
1.594138
1.550762
1.558297
1.535813
1.612180
1.575486
1.563001
1.570657
1.562548
1.570052
1.574135
1.570867
1.590889
1.562037
1.571424
1.545026
1.566980
1.563295
1.579116
1.576811
1.580150
1.565614
1.580371
1.566786
1.549172
1.611236
1.539848
1.569138
1.552165
1.583281
1.586257
1.568937
1.563084
1.590399
1.562224
1.546467
1.559596
1.563580
1.565602
1.568327
1.542092
1.567627
1.584914
1.543746
1.573515
1.567921
1.546982
1.564211
1.573323
1.564230
1.574398
1.566925
1.537964
1.541289
1.570499
1.575072
1.574361
1.571300
1.580809
1.563981
1.553621
1.542519
1.552050
1.551041
1.591972
1.531059
1.550512
1.566835
1.555008
1.542729
1.580288
1.566710
1.544876
1.535737
1.544983
1.553126
1.547961
1.572880
1.545866
1.559909
1.537037
1.551247
1.566970
1.574110
1.522981
1.547371
1.530653
1.564829
1.550875
1.571853
1.547649
1.563861
1.550994
1.572484
1.554066
1.552433
1.572077
1.548409
1.569401
1.564626
1.548692
1.546147
1.561620
1.524394
1.553790
1.542020
1.536410
1.546372
1.544511
1.551012
1.567318
1.553506
1.541074
1.587797
1.532165
1.530827
1.559077
1.526597
1.559969
1.551119
1.546811
1.519415
1.557422
1.537708
1.542486
1.546424
1.532071
1.538617
1.549144
1.528996
1.567753
1.545487
1.544842
1.553436
1.558384
1.569431
1.540492
1.575142
1.549526
1.535170
1.540188
1.526936
1.542769
1.564467
1.530672
1.547046
1.547306
1.545391
1.533642
1.554557
1.553697
1.521892
1.538588
1.586232
1.582878
1.518665
1.541886
1.532679
1.536585
1.558705
1.550770
1.516405
1.548011
1.540258
1.508836
1.542017
1.549522
1.533710
1.526378
1.552202
1.537224
1.532052
1.543992
1.544024
1.533826
1.549903
1.554885
1.545691
1.556193
1.552924
1.536906
1.515924
1.529299
1.522033
1.566787
1.537628
1.534188
1.522529
1.543678
1.564905
1.564755
1.553313
1.539096
1.534343
1.534248
1.514020
1.536895
1.519114
1.551170
1.531016
1.504341
1.525293
1.531998
1.557651
1.532277
1.525485
1.539355
1.550863
1.526884
1.531502
1.531827
1.512753
1.538088
1.560313
1.523488
1.538510
1.566202
1.512314
1.514752
1.551682
1.547194
1.527032
1.543889
1.548356
1.510412
1.560599
1.530791
1.560339
1.543151
1.524632
1.519363
1.531610
1.537003
1.530531
1.535958
1.536775
1.550265
1.531327
1.504297
1.541170
1.545284
1.550295
1.527011
1.521998
1.524843
1.522842
1.516744
1.504640
1.518867
1.523559
1.554620
1.515738
1.526964
1.552375
1.533354
1.542188
1.537800
1.517955
1.530277
1.519523
1.524646
1.515538
1.524914
1.507875
1.537660
1.538313
1.547692
1.528118
1.525781
1.530214
1.536149
1.514876
1.513518
1.554262
1.520319
1.529267
1.549173
1.564958
1.521620
1.540936
1.516119
1.507913
1.532578
1.543732
1.527203
1.538286
1.526252
1.507923
1.525454
1.530901
1.543404
1.525124
1.511211
1.520072
1.514678
1.543443
1.528981
1.496572
1.542523
1.526700
1.518153
1.522267
1.498621
1.535153
1.549966
1.531152
1.543803
1.534588
1.518157
1.521669
1.518492
1.522546
1.520431
1.547515
1.527146
1.523872
1.552613
1.544946
1.504147
1.513390
1.527607
1.522334
1.535337
1.541831
1.519150
1.522281
1.495783
1.527520
1.505148
1.543450
1.518479
1.546371
1.507874
1.500410
1.539137
1.517894
1.531617
1.551249
1.559262
1.559363
1.505922
1.534252
1.528729
1.526084
1.526348
1.508864
1.528511
1.521339
1.502877
1.508257
1.527764
1.539799
1.522199
1.525217
1.501698
1.515135
1.509759
1.506585
1.508409
1.526631
1.515445
1.500280
1.511452
1.518635
1.527146
1.538438
1.545018
1.525480
1.508445
1.513000
1.519312
1.518970
1.529254
1.524453
1.497618
1.530368
1.516062
1.517483
1.491313
1.505392
1.518530
1.542256
1.539751
1.520907
1.520565
1.531655
