2.318402
2.276484
2.270693
2.241166
2.220075
2.315696
2.274393
2.167827
2.096934
2.136421
2.028031
2.558966
2.465423
2.312532
2.316430
2.140620
1.842297
1.639443
1.627304
1.710399
1.748910
1.796404
1.910888
1.915187
1.732238
1.622676
1.637594
1.655708
1.654322
1.638532
1.650820
1.670911
1.690677
1.674719
1.644108
1.621915
1.635571
1.532056
1.615703
1.601696
1.597418
1.651102
1.607966
1.576901
1.549911
1.571103
1.564600
1.594538
1.620353
1.588404
1.580991
1.637170
1.621173
1.647519
1.634851
1.724419
1.729955
1.662243
1.698506
1.751649
1.708968
1.628501
1.645211
1.676776
1.649922
1.664482
1.677341
1.665039
1.670714
1.669983
1.622947
1.690111
1.614638
1.584771
1.665280
1.567011
1.634300
1.616515
1.644869
1.606291
1.605119
1.592097
1.567768
1.649544
1.598841
1.597340
1.630678
1.614990
1.608971
1.608191
1.575927
1.571737
1.545550
1.558364
1.579745
1.594908
1.575439
1.586604
1.552624
1.611395
1.582993
1.558920
1.575419
1.555492
1.554858
1.550873
1.576203
1.558719
1.611283
1.550480
1.554188
1.569059
1.573581
1.578821
1.534728
1.561664
1.585656
1.583044
1.575890
1.552258
1.519726
1.549729
1.557786
1.555676
1.524479
1.541812
1.550808
1.533884
1.577188
1.547752
1.524710
1.537572
1.574094
1.534535
1.560405
1.548599
1.560904
1.558041
1.576942
1.549218
1.513123
1.603749
1.572198
1.557732
1.551205
1.533904
1.531238
1.523937
1.588891
1.556810
1.584302
1.540386
1.586851
1.529003
1.580652
1.571861
1.574473
1.540236
1.555601
1.550768
1.588399
1.574689
1.590129
1.548430
1.579096
1.579978
1.554719
1.558130
1.559004
1.537798
1.538041
1.534807
1.541811
1.537696
1.538072
1.556772
1.546270
1.559958
1.544829
1.531467
1.585639
1.536904
1.505998
1.519648
1.544791
1.541567
1.537624
1.529011
1.559149
1.542830
1.564360
1.556190
1.533865
1.532665
1.533210
1.560498
1.529737
1.542179
1.528659
1.531537
1.524036
1.570260
1.549348
1.522212
1.535268
1.534971
1.586084
1.562362
1.560503
1.526446
1.518316
1.509738
1.540152
1.515395
1.545275
1.517174
1.561181
1.558266
1.526056
1.558900
1.531893
1.526760
1.544475
1.548182
1.510254
1.544850
1.518981
1.564474
1.560920
1.548959
1.542189
1.536439
1.540244
1.554796
1.536077
1.539264
1.526084
1.530646
1.528493
1.552223
1.523201
1.567325
1.550331
1.573859
1.527285
1.571071
1.524832
1.525349
1.516834
1.510153
1.544288
1.551811
1.531421
1.535197
1.558404
1.579139
1.517609
1.530970
1.508294
1.536619
1.504322
1.553130
1.536232
1.571152
1.539621
1.514226
1.535450
1.555276
1.510986
1.528878
1.516398
1.515487
1.522232
1.516985
1.559301
1.531578
1.545301
1.558132
1.519876
1.537863
1.505823
1.506627
1.523438
1.519746
1.544749
1.504778
1.548085
1.528516
1.554751
1.538588
1.534431
1.524244
1.519728
1.541390
1.574397
1.534051
1.510515
1.540853
1.543235
1.542937
1.540845
1.543510
1.528822
1.539871
1.538970
1.543566
1.533433
1.552604
1.570074
1.533599
1.551767
1.583293
1.561059
1.580122
1.533378
1.504016
1.537753
1.549235
1.542753
1.536850
1.517674
1.553892
1.554639
1.530103
1.513617
1.544485
1.514823
1.519172
1.515407
1.511782
1.486628
1.523608
1.525602
1.516291
1.503709
1.512057
1.509254
1.514873
1.533457
1.514603
1.548750
1.518708
1.506673
1.539642
1.563356
1.524460
1.554937
1.540832
1.523658
1.512144
1.524967
1.540299
1.519504
1.518437
1.540476
1.502409
1.533870
1.532443
1.523076
1.509005
1.529749
1.548864
1.539529
1.513289
1.552110
1.519681
1.561870
1.528978
1.529927
1.530150
1.530332
1.524581
1.535757
1.526895
1.536597
1.548647
1.526779
1.567128
1.507960
1.513282
1.542556
1.541349
1.515984
1.512506
1.531483
1.488066
1.497659
1.509708
1.535461
1.506542
1.534396
1.510152
1.528097
1.539296
1.517359
1.512410
1.520280
1.501522
1.502900
1.528457
1.535076
1.536496
1.521948
1.511120
1.531888
1.523970
1.507399
1.507276
1.525590
1.537909
1.513870
1.517401
1.533312
1.539199
1.560133
1.527888
1.536372
1.519658
1.523695
1.547889
1.549660
1.510470
1.559003
1.526397
1.532552
1.520275
1.536668
1.537219
1.540030
1.507276
1.546847
1.535369
1.497994
1.518085
1.542041
1.539583
1.524270
1.544889
1.516750
1.491054
1.511671
1.514970
1.508661
1.504764
1.531136
1.496851
1.501995
1.502690
1.490630
1.529832
1.553347
1.514766
1.547938
1.509089
1.539396
1.528293
1.511124
1.541895
1.542721
1.537619
1.512315
1.506653
1.516539
1.530271
1.489318
1.532341
1.487323
1.532241
1.506007
1.497910
1.522439
1.510722
1.520433
1.526608
1.500688
1.525486
1.543336
1.560326
1.508875
1.525030
1.511789
1.508294
1.523180
1.499404
1.498247
1.531492
1.568959
1.517988
1.515929
1.535989
1.517027
1.535488
1.512660
1.556559
1.552130
1.540667
1.524212
1.512192
1.551288
1.535713
