2.294579
2.310867
2.275534
2.292670
2.270937
2.258479
2.240674
2.198718
2.202883
2.188160
2.150915
2.111749
2.091862
2.076383
2.036985
1.965650
2.006708
1.957092
1.823628
1.861133
1.810851
1.728653
1.699729
1.613161
1.501439
1.562407
1.483926
1.442025
1.387056
1.178460
1.270776
1.183421
1.101254
1.102262
1.094629
1.070401
0.937280
0.939071
0.959709
0.940220
0.798068
0.754348
0.774177
0.717154
0.782545
0.799291
0.768550
0.713990
0.794882
0.698721
0.658524
0.456755
0.599709
0.567882
0.654736
0.715360
0.603520
0.676508
0.635147
0.856856
0.518587
0.489462
0.623238
0.555217
0.439407
0.580978
0.428972
0.437985
0.645962
0.632595
0.455252
0.577276
0.598066
0.473908
0.479476
0.578212
0.478467
0.606597
0.530564
0.549647
0.575954
0.389099
0.530968
0.464592
0.582268
0.586178
0.432208
0.531148
0.456577
0.398282
0.505577
0.367313
0.384409
0.403885
0.454479
0.501674
0.317162
0.537522
0.395746
0.478181
0.442851
0.543281
0.596304
0.428867
0.406632
0.440438
0.384838
0.390518
0.466218
0.341231
0.428339
0.370139
0.451140
0.434266
0.510142
0.342488
0.303126
0.341697
0.313768
0.496810
0.408756
0.442636
0.391847
0.321021
0.599478
0.395309
0.575880
0.640290
0.348848
0.274473
0.368668
0.237279
0.385580
0.431620
0.391942
0.482925
0.443359
0.506773
0.429606
0.353982
0.266772
0.336897
0.400994
0.398833
0.469073
0.405114
0.376532
0.296903
0.300130
0.349426
0.378597
0.392030
0.318907
0.372253
0.399383
0.443005
0.284508
0.560657
0.364723
0.366352
0.580811
0.278159
0.430976
0.319561
0.215318
0.304581
0.302739
0.392270
0.292921
0.381155
0.347425
0.435972
0.348900
0.304703
0.373061
0.350741
0.302285
0.266965
0.363187
0.388379
0.297562
0.376513
0.348560
0.332171
0.408583
0.350664
0.380726
0.265648
0.261334
0.197602
0.253931
0.339913
0.301235
0.372813
0.282338
0.263667
0.375227
0.482819
0.407101
0.469249
0.225542
0.299690
0.240542
0.304421
0.326153
0.179347
0.354831
0.160481
0.459980
0.342060
0.395996
0.307136
0.259099
0.300504
0.264715
0.278630
0.238596
0.279888
0.288475
0.243304
0.365136
0.267921
0.307947
0.290634
0.263948
0.260128
0.209116
0.617784
0.221106
0.309937
0.294567
0.303093
0.242656
0.340619
0.337908
0.434795
0.317863
0.226240
0.237425
0.400164
0.272089
0.353579
0.225848
0.295943
0.229928
0.381324
0.252111
0.245935
0.260092
0.208447
0.227950
0.303243
0.268810
0.224763
0.319101
0.329033
0.269770
0.230472
0.202173
0.222243
0.240789
0.322310
0.212220
0.333606
0.346654
0.462290
0.298767
0.229932
0.165803
0.242859
0.305897
0.318105
0.290779
0.311226
0.327181
0.329332
0.243412
0.255973
0.185742
0.289459
0.243394
0.279558
0.340515
0.216136
0.302039
0.264713
0.284566
0.269859
0.213568
0.245639
0.352024
0.220503
0.205850
0.234618
0.231789
0.227278
0.280087
0.298039
0.216947
0.255900
0.290810
0.198315
0.264754
0.251436
0.288985
0.237348
0.363010
0.280747
0.302615
0.269477
0.315683
0.260987
0.205155
0.151801
0.243552
0.221117
0.293234
0.183932
0.262141
0.234729
0.157921
0.139159
0.324408
0.244595
0.220974
0.367444
0.229715
0.372602
0.251850
0.175254
0.214838
0.252364
0.235604
0.208154
0.242587
0.205209
0.163732
0.242262
0.196986
0.385899
0.282970
0.219779
0.200751
0.268764
0.227701
0.210625
0.299007
0.225134
0.228190
0.202811
0.161797
0.203592
0.188000
0.235797
0.395003
0.202861
0.339148
0.320267
0.189206
0.142022
0.213449
0.269438
0.204554
0.295229
0.274710
0.183302
0.260289
0.207241
0.166938
0.374426
0.344927
0.224163
0.310592
0.145659
0.217748
0.221324
0.140103
0.290753
0.230808
0.327487
0.229083
0.141101
0.299118
0.216063
0.179540
0.309868
0.182112
0.224509
0.326022
0.202303
0.269408
0.372434
0.277467
0.215630
0.205749
0.325043
0.217573
0.346930
0.108025
0.227646
0.162756
0.224483
0.212006
0.164879
0.128806
0.202329
0.326249
0.179593
0.168454
0.252913
0.180257
0.237667
0.184390
0.208127
0.136664
0.131166
0.180942
0.263134
0.312429
0.277630
0.202258
0.201188
0.264880
0.194911
0.131482
0.182331
0.258124
0.228372
0.294278
0.232016
0.106855
0.209092
0.231227
0.273579
0.131483
0.194629
0.104749
0.142520
0.177224
0.214506
0.315374
0.223204
0.210142
0.228133
0.174928
0.313012
0.198454
0.216684
0.316161
0.198481
0.224909
0.178128
0.192065
0.194670
0.333403
0.212331
0.153620
0.183559
0.204629
0.268942
0.227049
0.166402
0.149431
0.189912
0.225739
0.153685
0.114816
0.217288
0.171033
0.278950
0.177141
0.234320
0.144771
0.220003
0.247420
0.165551
0.249099
0.236101
0.306634
0.318811
0.219235
0.153896
0.223320
0.196382
0.150380
0.102933
0.236301
0.225932
0.253043
0.228436
0.232507
0.156961
0.173697
0.217457
0.229110
0.207027
0.198042
0.150205
0.215649
0.186083
