2.298138
2.292079
2.264206
2.235441
2.228588
2.180516
2.163668
2.120215
2.067939
2.049066
2.058102
2.089510
2.204087
2.255899
2.263757
2.247804
2.280299
2.717940
2.730273
2.228712
2.216003
2.213076
2.210627
2.171646
2.172422
2.155369
2.117277
2.104782
2.102031
2.095650
2.093640
2.089988
2.084150
2.117233
2.146246
2.211709
2.170345
2.071281
1.980073
1.896930
1.871289
1.903219
1.960747
1.998857
1.993128
1.980576
1.997132
2.006352
2.003782
1.971495
1.940042
1.947483
1.949359
1.955156
1.951779
1.910623
1.950253
1.933470
1.829155
1.779062
1.751214
1.748642
1.711914
1.697105
1.686548
1.690641
1.711970
1.686821
1.737563
1.722962
1.751171
1.730465
1.722382
1.711527
1.681323
1.721441
1.723512
1.722710
1.712519
1.708613
1.718144
1.670254
1.612494
1.618760
1.598520
1.612246
1.621859
1.607616
1.621594
1.591679
1.595525
1.601206
1.618212
1.594031
1.620465
1.600907
1.628360
1.668704
1.717189
1.707640
1.710399
1.601347
1.570912
1.581381
1.580829
1.605413
1.591801
1.603533
1.613145
1.586547
1.591249
1.599462
1.624381
1.561231
1.557454
1.566828
1.572789
1.581757
1.621781
1.629878
1.644485
1.579979
1.565848
1.565467
1.557736
1.561536
1.568846
1.575480
1.574682
1.567420
1.573458
1.579114
1.610209
1.591997
1.597645
1.575617
1.555868
1.562865
1.562558
1.564682
1.567340
1.557896
1.590984
1.586408
1.556717
1.575238
1.562559
1.568781
1.558496
1.561902
1.579268
1.553089
1.561750
1.565884
1.568029
1.575979
1.561882
1.565291
1.579763
1.574292
1.581536
1.559646
1.563459
1.559416
1.563168
1.585395
1.563692
1.577296
1.562162
1.553777
1.565572
1.556890
1.562056
1.566046
1.563738
1.562796
1.571080
1.563491
1.567227
1.550031
1.557780
1.556742
1.562578
1.570078
1.571835
1.569854
1.579921
1.570489
1.558317
1.569700
1.571525
1.569349
1.561977
1.551764
1.563239
1.551011
1.553474
1.575376
1.582656
1.579441
1.561488
1.560294
1.565908
1.570113
1.552540
1.551857
1.562973
1.554689
1.553926
1.575651
1.561951
1.549924
1.573663
1.561097
1.571668
1.564209
1.565514
1.569108
1.575974
1.570234
1.563755
1.566279
1.562316
1.557497
1.550465
1.555216
1.559820
1.585438
1.573180
1.554444
1.556227
1.550130
1.548864
1.570030
1.565221
1.568669
1.559336
1.566505
1.561598
1.562678
1.567109
1.580874
1.573094
1.576876
1.551522
1.570315
1.564715
1.562872
1.559974
1.554895
1.562540
1.554346
1.568366
1.553104
1.561439
1.568300
1.557467
1.562286
1.557985
1.561035
1.557553
1.563899
1.562081
1.565641
1.564270
1.567074
1.560395
1.573995
1.548544
1.562285
1.553054
1.567510
1.581216
1.558868
1.554087
1.575489
1.552765
1.555512
1.551537
1.573590
1.557347
1.560252
1.554801
1.560184
1.580585
1.563910
1.560133
1.563389
1.552736
1.546684
1.552136
1.554425
1.579087
1.561293
1.577297
1.568857
1.555084
1.546043
1.562583
1.556229
1.547744
1.570795
1.570748
1.560897
1.558548
1.570303
1.558725
1.559551
1.555828
1.561400
1.560901
1.560564
1.552444
1.570434
1.557076
1.561108
1.560858
1.550399
1.550147
1.562511
1.551562
1.569611
1.548965
1.563445
1.561016
1.546765
1.565156
1.573628
1.562459
1.561877
1.553353
1.563367
1.568781
1.567519
1.563222
1.563640
1.548825
1.570796
1.553329
1.572542
1.558927
1.559259
1.555262
1.568886
1.565023
1.552571
1.550535
1.562003
1.570066
1.550894
1.573118
1.565959
1.543060
1.550980
1.548024
1.538401
1.550643
1.543964
1.569572
1.550432
1.546560
1.557830
1.552254
1.542823
1.540562
1.542923
1.544659
1.539914
1.551316
1.544285
1.558625
1.548473
1.552840
1.551190
1.570721
1.536640
1.542225
1.538980
1.585697
1.548419
1.537495
1.546794
1.550861
1.563268
1.530218
1.555197
1.541608
1.540259
1.534706
1.541897
1.560809
1.536046
1.554148
1.532928
1.553193
1.536391
1.516355
1.544714
1.532235
1.531321
1.530736
1.531279
1.519929
1.532394
1.523605
1.539655
1.526394
1.524639
1.531489
1.542714
1.525487
1.516890
1.531193
1.523933
1.557464
1.512160
1.512030
1.523559
1.515049
1.520469
1.534497
1.521905
1.520920
1.504215
1.541998
1.519349
1.514625
1.531594
1.523022
1.533153
1.556021
1.540475
1.514844
1.496375
1.496580
1.487400
1.490496
1.481712
1.484774
1.490189
1.496218
1.483956
1.494473
1.496353
1.492616
1.500058
1.516943
1.512260
1.496484
1.511735
1.501346
1.501923
1.483776
1.505448
1.500247
1.494203
1.493481
1.508430
1.501149
1.501090
1.507913
1.507908
1.509137
1.504153
1.504612
1.513860
1.524027
1.518201
1.510491
1.522622
1.505606
1.524485
1.521512
1.516005
1.541334
1.514865
1.540148
1.524395
1.539149
1.535725
1.528006
1.513990
1.526781
1.519746
1.529309
1.523350
1.515669
1.519741
1.525291
1.508579
1.509015
1.506105
1.512115
1.520518
1.515961
1.511137
1.490729
1.499341
1.500388
1.503092
