2.299958
2.304677
2.298446
2.292562
2.288301
2.285897
2.295747
2.290755
2.264727
2.256621
2.267389
2.226560
2.236779
2.248915
2.216582
2.200582
2.206580
2.160295
2.179387
2.156506
2.154294
2.099638
2.104991
2.023199
2.008955
1.953650
1.972989
1.904278
1.859115
1.847252
1.824903
1.797316
1.766102
1.790911
1.758983
1.799461
1.728353
1.776128
1.728978
1.739461
1.775346
1.710128
1.736359
1.713835
1.703866
1.654145
1.693238
1.703340
1.681957
1.669187
1.655592
1.659150
1.650328
1.653318
1.662633
1.652412
1.644747
1.659198
1.643115
1.643363
1.670856
1.636575
1.661312
1.670835
1.636038
1.621299
1.632828
1.614856
1.652638
1.595996
1.624144
1.627530
1.584294
1.630725
1.631134
1.619774
1.645039
1.602862
1.593706
1.612623
1.600367
1.603989
1.611261
1.624030
1.643790
1.604648
1.604500
1.601166
1.589121
1.574943
1.635395
1.609065
1.567560
1.595986
1.622697
1.580759
1.581448
1.579151
1.586987
1.599427
1.587560
1.579195
1.556328
1.570715
1.595463
1.629532
1.596191
1.552210
1.552382
1.566906
1.579838
1.584674
1.561000
1.572408
1.559327
1.610124
1.597291
1.605062
1.557984
1.567530
1.583926
1.559496
1.588374
1.571108
1.568369
1.558502
1.575357
1.561353
1.569174
1.579954
1.571493
1.591885
1.550028
1.579376
1.547320
1.586878
1.563604
1.555070
1.551053
1.550399
1.555600
1.551861
1.541204
1.550004
1.537849
1.556940
1.546497
1.544631
1.561279
1.541265
1.553620
1.512277
1.570724
1.546895
1.578998
1.533619
1.540579
1.551802
1.540594
1.556809
1.571840
1.535425
1.551544
1.533543
1.532583
1.556043
1.539378
1.560231
1.535543
1.541799
1.553027
1.556586
1.587263
1.550467
1.522121
1.532798
1.546570
1.530698
1.526818
1.546128
1.556953
1.542609
1.538040
1.555904
1.521273
1.522675
1.540916
1.544049
1.542093
1.582173
1.554731
1.564387
1.560859
1.534962
1.516537
1.517866
1.525145
1.545514
1.522013
1.512263
1.552037
1.547951
1.569652
1.516632
1.536994
1.522902
1.530837
1.537149
1.521661
1.548450
1.517046
1.538511
1.544633
1.519583
1.544194
1.527789
1.520263
1.523328
1.540460
1.524018
1.540375
1.533585
1.527954
1.530608
1.514768
1.547611
1.524947
1.515378
1.528527
1.523988
1.519914
1.532920
1.504400
1.529114
1.531257
1.534933
1.526860
1.536323
1.510505
1.514086
1.524850
1.529399
1.524630
1.510009
1.534310
1.513996
1.503280
1.528007
1.515167
1.520111
1.519732
1.531016
1.528370
1.518133
1.518783
1.540773
1.521578
1.515615
1.509611
1.534902
1.524299
1.510024
1.523287
1.560459
1.526053
1.529475
1.514656
1.513246
1.528817
1.509716
1.498531
1.521271
1.540451
1.523649
1.516269
1.516552
1.550565
1.529385
1.516027
1.529901
1.519529
1.508875
1.508609
1.510387
1.510596
1.508634
1.503406
1.501044
1.549034
1.492782
1.532443
1.527118
1.511293
1.524218
1.521618
1.511749
1.514573
1.494825
1.500643
1.497340
1.534769
1.503685
1.507677
1.501989
1.510832
1.521457
1.502874
1.482797
1.512065
1.511167
1.514715
1.525643
1.517743
1.503917
1.525774
1.521168
1.531279
1.512579
1.504166
1.510271
1.514854
1.494759
1.507415
1.506650
1.513960
1.509319
1.485982
1.514950
1.511711
1.520767
1.521891
1.506972
1.512224
1.506651
1.506392
1.493249
1.518114
1.519271
1.537491
1.507737
1.492311
1.493695
1.506167
1.501569
1.508130
1.514041
1.505271
1.509618
1.529140
1.514532
1.511895
1.509063
1.501617
1.533884
1.485775
1.503411
1.492427
1.508567
1.517204
1.510202
1.498333
1.499804
1.505964
1.501537
1.493130
1.502377
1.504695
1.526224
1.490877
1.521012
1.490069
1.502065
1.516081
1.496796
1.502551
1.517018
1.503229
1.496346
1.518204
1.514501
1.506863
1.513242
1.496796
1.489179
1.497965
1.500049
1.492705
1.527303
1.497418
1.496609
1.500461
1.507661
1.490995
1.508212
1.491482
1.510206
1.522041
1.504207
1.514962
1.511835
1.508000
1.507667
1.483770
1.496860
1.519146
1.498775
1.510853
1.482767
1.513945
1.518626
1.495580
1.527520
1.499964
1.499506
1.519449
1.494764
1.496779
1.491890
1.530167
1.492184
1.519665
1.485277
1.509776
1.512112
1.501572
1.526612
1.509917
1.492817
1.504585
1.504621
1.492146
1.502854
1.501483
1.493947
1.491253
1.503061
1.504222
1.489106
1.499735
1.499467
1.491019
1.513389
1.482461
1.498592
1.492764
1.499264
1.518805
1.505087
1.493901
1.492052
1.504600
1.491849
1.492712
1.485615
1.509775
1.500600
1.497708
1.506587
1.493105
1.488223
1.497726
1.504511
1.495900
1.486146
1.489877
1.484585
1.498317
1.512607
1.509158
1.511492
1.501240
1.493974
1.507390
1.478817
1.489038
1.503960
1.493592
1.503059
1.535323
1.504734
1.497664
1.486187
1.503543
1.492387
1.518793
1.492093
1.492782
1.491001
1.511962
1.511104
1.486750
1.488746
1.495953
1.494471
1.495546
1.490691
1.514994
1.490492
1.511810
1.508718
