2.306167
2.309314
2.315070
2.322962
2.343022
2.350679
2.338173
2.316396
2.277667
2.241291
2.236613
2.271006
2.291293
2.280012
2.275022
2.281932
2.292610
2.297791
2.298254
2.300945
2.300436
2.301633
2.301523
2.302279
2.302122
2.302503
2.302712
2.302221
2.302421
2.302323
2.302272
2.302534
2.302450
2.302212
2.302585
2.302585
2.302483
2.302045
2.302323
2.302585
2.302585
2.302326
2.302534
2.302534
2.302428
2.302483
2.302428
2.302501
2.302377
2.302480
2.302377
2.302217
2.302307
2.302377
2.302323
2.302377
2.302483
2.302534
2.302213
2.302323
2.302357
2.302534
2.302272
2.302498
2.302483
2.302272
2.302323
2.302275
2.302326
2.302275
2.302057
2.302217
2.302421
2.302326
2.302022
2.302170
2.302017
2.302017
2.302224
2.302275
2.302057
2.302428
2.302264
2.302122
2.302013
2.301915
2.301684
2.302075
2.301966
2.301870
2.302173
2.301500
2.301047
2.301601
2.300333
2.300381
2.298792
2.297156
2.295203
2.274512
2.253081
2.261311
2.263302
2.281562
2.255440
2.257774
2.264075
2.283034
2.293318
2.286171
2.269021
2.260559
2.247923
2.265274
2.252316
2.248553
2.260808
2.270790
2.262582
2.252876
2.240758
2.245609
2.243895
2.238919
2.241667
2.251577
2.247565
2.242989
2.238131
2.219549
2.219485
2.236124
2.212959
2.211652
2.239568
2.217865
2.219486
2.217996
2.205947
2.214696
2.211405
2.231086
2.208852
2.225082
2.197716
2.182621
2.222602
2.211404
2.224166
2.216483
2.202460
2.204767
2.195184
2.230075
2.201312
2.234944
2.222710
2.208097
2.219507
2.200948
2.214814
2.193600
2.238810
2.193182
2.195450
2.207089
2.216738
2.211842
2.183535
2.167729
2.148139
2.143912
2.170833
2.154858
2.157935
2.133287
2.151824
2.130323
2.175051
2.137243
2.143592
2.155785
2.167145
2.154902
2.166765
2.138098
2.159476
2.159435
2.154917
2.163110
2.137541
2.151134
2.151005
2.132851
2.133868
2.149945
2.193671
2.140912
2.141256
2.128122
2.130344
2.138054
2.099713
2.129308
2.173740
2.111735
2.108881
2.097232
2.076532
2.106001
2.092530
2.095310
2.101800
2.169625
2.130892
2.170862
2.201811
2.194463
2.200067
2.207662
2.201076
2.202026
2.193252
2.200201
2.207139
2.199851
2.230095
2.240027
2.240830
2.232608
2.221565
2.211438
2.191233
2.191816
2.177453
2.221461
2.179054
2.150425
2.110343
2.131420
2.145862
2.125265
2.160361
2.142740
2.170324
2.161261
2.145325
2.140397
2.134599
2.140785
2.157002
2.123372
2.139782
2.175297
2.237409
2.308892
2.416960
2.497522
2.433993
2.258990
2.217260
2.206786
2.219264
2.213627
2.215383
2.206976
2.204222
2.196856
2.187253
2.172316
2.154854
2.145961
2.139725
2.128642
2.125619
2.152294
2.151906
2.149340
2.134009
2.122733
2.126670
2.145788
2.160762
2.159314
2.169854
2.173493
2.174495
2.178612
2.177433
2.206032
2.248263
2.286682
2.272270
2.264984
2.279221
2.171824
2.157148
2.128079
2.100979
2.106706
2.118677
2.100251
2.129460
2.155888
2.130749
2.158319
2.172167
2.186182
2.353914
2.264066
2.122266
2.117258
2.150549
2.142746
2.143029
2.133153
2.158927
2.204591
2.116876
2.123833
2.124876
2.152109
2.149065
2.150613
2.148229
2.143077
2.122577
2.133858
2.118478
2.119029
2.094752
2.074017
2.077905
2.077597
2.069780
2.087616
2.098694
2.094647
2.112931
2.116993
2.126186
2.129525
2.088926
2.093770
2.068418
2.057859
2.069802
2.045540
2.070225
2.142429
2.102981
2.050106
2.093651
2.108632
2.126318
2.125227
2.118753
2.111777
2.086104
2.084702
2.093457
2.099137
2.094030
2.121406
2.049850
2.034790
2.029588
2.027402
2.026788
2.026267
2.052384
2.063539
2.067270
2.105124
2.071462
2.121688
2.082074
2.032657
2.027968
2.022513
2.020371
2.017738
2.012191
2.017363
2.028575
2.015615
2.044349
2.057506
2.038485
2.054353
2.032403
2.018620
2.024269
2.025027
1.997657
2.017542
2.018234
2.018053
2.014334
2.036017
2.031702
2.038151
2.035284
2.005543
2.002116
2.003620
2.028981
2.013476
2.019655
2.025851
2.033223
2.009888
2.037541
1.999771
2.021921
2.008765
2.012007
2.027669
2.008847
2.006115
2.004351
2.010689
2.009476
2.007768
2.013713
2.041998
2.002676
2.009495
2.024803
2.029260
1.997579
2.008842
2.014412
2.011963
2.025854
2.031852
2.015627
2.022731
2.020013
2.023414
2.001735
2.007758
2.011834
2.008686
2.001336
2.035279
2.030189
2.012753
2.006415
2.006630
2.026989
2.007248
2.011741
2.022256
1.988274
2.014381
2.014873
1.995917
2.002347
2.012140
2.005565
2.005988
2.017857
2.016067
1.997778
2.014157
2.016711
2.006242
2.010058
2.013129
2.004014
2.020036
1.996742
2.005618
1.989579
2.019417
2.018283
2.017321
2.025216
2.018997
2.007739
2.011588
2.016246
2.010831
2.014197
2.006783
2.009202
2.006889
1.999836
2.008626
2.002878
2.021793
2.016259
2.008833
2.020367
2.003491
2.001869
2.020952
1.992947
2.007825
