1.500000
1.500000
1.499740
1.492813
1.354427
0.993958
0.683854
0.768177
0.493802
0.665625
0.652917
0.542813
0.565521
0.591771
0.482552
0.457917
0.441406
0.463542
0.492292
0.493542
0.543594
0.506146
0.477083
0.421667
0.389323
0.392188
0.404219
0.420417
0.503073
0.487292
0.469063
0.420938
0.365469
0.355260
0.368646
0.355990
0.395313
0.406823
0.387552
0.391510
0.355260
0.331042
0.330156
0.330938
0.305938
0.331510
0.350313
0.345238
0.324792
0.353021
0.305833
0.296406
0.291250
0.292188
0.301042
0.307760
0.299115
0.287031
0.325990
0.321042
0.344063
0.280677
0.248490
0.287031
0.306615
0.317604
0.291979
0.300417
0.306563
0.276146
0.238229
0.260952
0.264635
0.284167
0.272500
0.291094
0.255208
0.229375
0.269948
0.246979
0.252292
0.262188
0.245625
0.211042
0.219635
0.257917
0.226198
0.251198
0.281042
0.234740
0.248698
0.210938
0.240625
0.267396
0.268698
0.230476
0.262969
0.219427
0.240313
0.233073
0.242500
0.270417
0.262396
0.200781
0.254115
0.242240
0.226250
0.241979
0.270521
0.227760
0.201198
0.231667
0.232865
0.212917
0.220833
0.263125
0.248698
0.185260
0.193750
0.211190
0.220260
0.219948
0.243281
0.234479
0.206510
0.193750
0.178958
0.191719
0.213281
0.231823
0.224688
0.191406
0.248542
0.242396
0.204010
0.195990
0.199010
0.215729
0.204844
0.203646
0.207135
0.189427
0.190365
0.188810
0.195938
0.182500
0.207240
0.211094
0.179792
0.186927
0.164635
0.185833
0.193906
0.201563
0.166406
0.170625
0.193021
0.177396
0.191302
0.201094
0.213229
0.189167
0.183646
0.190000
0.189688
0.184583
0.191615
0.164048
0.186719
0.183438
0.212188
0.190938
0.156823
0.166406
0.174167
0.167552
0.208854
0.215521
0.167448
0.206927
0.184323
0.177708
0.208906
0.173906
0.133490
0.159531
0.152188
0.200938
0.165156
0.175677
0.185208
0.126190
0.157760
0.184740
0.160000
0.149271
0.169271
0.148542
0.152917
0.165990
0.160521
0.178906
0.166458
0.153490
0.197240
0.162552
0.182865
0.154010
0.162448
0.174688
0.190885
0.168229
0.161302
0.174948
0.175052
0.141429
0.179063
0.151563
0.160260
0.160625
0.184271
0.169740
0.146927
0.138854
0.165365
0.130625
0.120625
0.140208
0.171510
0.156563
0.156146
0.148906
0.124219
0.136094
0.148646
0.137656
0.161823
0.123958
0.144323
0.150476
0.143490
0.145260
0.121042
0.113073
0.150208
0.142760
0.131823
0.171875
0.147448
0.143750
0.135104
0.151510
0.128646
0.112604
0.150781
0.155417
0.126927
0.127188
0.160052
0.106406
0.112135
0.149271
0.139896
0.108571
0.127813
0.136719
0.124948
0.116042
0.122396
0.127552
0.121667
0.133750
0.127135
0.110729
0.125208
0.124375
0.115417
0.107917
0.156458
0.150573
0.130625
0.148906
0.120156
0.150260
0.117917
0.124896
0.106771
0.154881
0.143646
0.121823
0.125000
0.136146
0.119583
0.144531
0.142396
0.125885
0.137083
0.126250
0.132500
0.145729
0.154635
0.135417
0.144010
0.121510
0.142135
0.098802
0.123750
0.129479
0.112656
0.136979
0.126458
0.104405
0.145260
0.135313
0.110573
0.113021
0.149375
0.109115
0.118281
0.130313
0.120729
0.118750
0.138646
0.124271
0.131510
0.124010
0.108021
0.103177
0.104115
0.105677
0.105625
0.098958
0.094219
0.102500
0.125469
0.096429
0.106875
0.116510
0.112031
0.115260
0.119896
0.103438
0.128958
0.095052
0.097292
0.115365
0.102865
0.116719
0.118177
0.103385
0.109583
0.107917
0.109688
0.098490
0.124219
0.113594
0.102656
0.102083
0.128802
0.087857
0.116823
0.131354
0.096719
0.097708
0.093594
0.093646
0.119115
0.127656
0.087135
0.117135
0.117917
0.096823
0.110469
0.099479
0.095677
0.115990
0.105000
0.108125
0.097396
0.111771
0.112240
0.117031
0.106823
0.087143
0.091719
0.121198
0.110104
0.092135
0.089323
0.096458
0.106302
0.088854
0.109740
0.108698
0.110260
0.093698
0.108906
0.104688
0.098594
0.110990
0.105729
0.093958
0.128490
0.087500
0.109896
0.103438
0.092292
0.093929
0.096094
0.106354
0.092656
0.100313
0.128333
0.103906
0.093385
0.088073
0.098906
0.107552
0.095469
0.085260
0.084583
0.110625
0.095156
0.095781
0.105469
0.094792
0.107292
0.094167
0.104479
0.075521
0.100885
0.075357
0.087604
0.085781
0.084583
0.097396
0.080260
0.109323
0.097917
0.083229
0.106927
0.093125
0.088177
0.096406
0.096979
0.106458
0.090938
0.097656
0.097344
0.087240
0.089219
0.086302
0.099219
0.080781
0.105521
0.105476
0.089844
0.101302
0.093594
0.086094
0.086198
0.109844
0.095365
0.086667
0.116823
0.085417
0.118125
0.092031
0.103177
0.112604
0.079531
0.083438
0.101458
0.096927
0.091927
0.070625
0.086354
0.102292
0.106250
0.088929
0.077396
0.106406
0.093958
0.080000
0.085260
0.085365
0.084792
0.103906
0.084635
0.092708
0.086562
0.092813
0.094219
0.097031
0.080885
0.087135
0.106458
0.088438
0.103229
0.089479
