2.303418
2.301146
2.300199
2.297764
2.295431
2.290237
2.290371
2.285980
2.283883
2.292194
2.274067
2.266979
2.264218
2.254123
2.251514
2.260384
2.252029
2.249521
2.242282
2.228743
2.225385
2.201638
2.206459
2.161379
2.172041
2.184430
2.130125
2.143829
2.116226
2.089742
2.071391
2.015778
2.031733
2.015921
1.957593
1.986641
1.926476
1.918699
1.905961
1.873545
1.895361
1.868805
1.823096
1.812202
1.831419
1.804396
1.788319
1.764195
1.772130
1.758968
1.802947
1.790035
1.735879
1.753111
1.748791
1.726212
1.754237
1.696672
1.698020
1.752691
1.769619
1.742617
1.703832
1.715567
1.739918
1.755951
1.692511
1.724743
1.709018
1.744765
1.668263
1.700593
1.697231
1.710379
1.695183
1.686290
1.730052
1.686355
1.727872
1.687919
1.675512
1.659850
1.680036
1.735914
1.674477
1.673767
1.701883
1.685141
1.658683
1.651499
1.680204
1.667285
1.698959
1.674428
1.670939
1.650448
1.642866
1.660919
1.642207
1.658408
1.679338
1.655945
1.659950
1.685445
1.611762
1.654404
1.632293
1.627098
1.629565
1.682638
1.658185
1.637983
1.650522
1.639642
1.631366
1.644842
1.657645
1.657527
1.650243
1.645749
1.646771
1.632732
1.632912
1.606746
1.630854
1.633684
1.642726
1.652454
1.648534
1.629549
1.637385
1.629289
1.626718
1.607235
1.624593
1.627169
1.639803
1.625452
1.622341
1.608906
1.647849
1.611819
1.617826
1.636844
1.604210
1.599247
1.632718
1.592371
1.625370
1.604527
1.611820
1.623352
1.635435
1.600087
1.587930
1.582171
1.627333
1.629005
1.618152
1.594718
1.591002
1.642954
1.614538
1.608881
1.563290
1.619901
1.585453
1.606079
1.606508
1.608446
1.602774
1.632711
1.615152
1.611803
1.613717
1.584547
1.601676
1.592511
1.622819
1.583097
1.626330
1.573350
1.599496
1.600068
1.603732
1.568989
1.581282
1.569688
1.588329
1.571738
1.563062
1.591335
1.597775
1.625138
1.607714
1.569309
1.636312
1.555474
1.606223
1.583129
1.583249
1.628755
1.577549
1.595067
1.598218
1.593250
1.587986
1.599435
1.576651
1.557573
1.574386
1.574060
1.585325
1.560959
1.576864
1.594060
1.560598
1.565557
1.588904
1.591136
1.588403
1.562082
1.593731
1.586720
1.573155
1.560394
1.556664
1.560446
1.572113
1.546407
1.599903
1.562563
1.573201
1.570335
1.588027
1.601611
1.573121
1.573810
1.578062
1.581290
1.545565
1.554886
1.579261
1.599742
1.563841
1.578726
1.578768
1.571580
1.543664
1.547486
1.578248
1.558354
1.566706
1.600621
1.558344
1.586362
1.579482
1.556981
1.560443
1.556060
1.563443
1.574609
1.579674
1.571833
1.552569
1.550407
1.555413
1.546159
1.547011
1.555819
1.589379
1.586998
1.541388
1.564497
1.583745
1.570028
1.552347
1.566823
1.546363
1.557881
1.556025
1.565715
1.548230
1.541521
1.586437
1.564844
1.580601
1.552641
1.571514
1.554754
1.586791
1.554984
1.535569
1.567164
1.554863
1.565673
1.555184
1.560329
1.566571
1.547272
1.571693
1.556756
1.538539
1.538759
1.547334
1.577352
1.560217
1.561580
1.561844
1.569743
1.532785
1.528312
1.535498
1.557115
1.579236
1.547314
1.544079
1.568456
1.570051
1.521956
1.541255
1.569072
1.539257
1.549214
1.549200
1.551672
1.554472
1.545558
1.572275
1.537151
1.551760
1.529463
1.554481
1.532853
1.572755
1.535936
1.556473
1.546551
1.539268
1.543782
1.579047
1.591606
1.572531
1.528417
1.540113
1.561094
1.543199
1.583087
1.564404
1.550735
1.550585
1.521448
1.520110
1.526078
1.552488
1.528480
1.560914
1.546569
1.537119
1.546410
1.570709
1.538106
1.558196
1.537979
1.547997
1.520880
1.531396
1.555278
1.537166
1.539706
1.542127
1.506102
1.563474
1.552497
1.568132
1.555538
1.545081
1.529166
1.529821
1.563124
1.556989
1.578772
1.519888
1.559280
1.528334
1.537622
1.549744
1.555819
1.534961
1.554727
1.521205
1.535733
1.520219
1.554427
1.524230
1.545162
1.511020
1.550200
1.569532
1.541549
1.569593
1.549363
1.538261
1.519722
1.507228
1.525185
1.537100
1.529062
1.532004
1.522675
1.567301
1.521326
1.522247
1.529514
1.519559
1.541212
1.544046
1.569423
1.527917
1.563591
1.534376
1.525255
1.540862
1.528797
1.524752
1.525145
1.518599
1.529755
1.548639
1.525296
1.561819
1.530540
1.525229
1.556525
1.517835
1.526885
1.555579
1.525235
1.527314
1.525535
1.538290
1.537750
1.515351
1.525774
1.516020
1.563129
1.539615
1.537362
1.538536
1.531948
1.530774
1.534867
1.525059
1.537179
1.525647
1.514909
1.521130
1.518425
1.509571
1.504886
1.522787
1.529553
1.527033
1.552631
1.512468
1.534819
1.553441
1.503747
1.537316
1.540928
1.536432
1.519067
1.511733
1.510426
1.533386
1.545785
1.548602
1.548802
1.544055
1.528821
1.547409
1.534184
1.533622
1.508825
1.503970
1.512854
1.506943
1.522296
1.525783
1.542479
1.523528
1.531692
1.519285
1.504436
1.526390
1.509961
1.512341
1.528036
1.505324
1.523140
