2.312879
2.308979
2.312163
2.308884
2.312250
2.253503
2.194885
2.188830
2.096667
1.992621
1.964870
2.042768
1.873264
1.789243
1.844889
1.820297
1.787163
1.792601
1.827041
1.782448
1.742438
1.731250
1.734081
1.606861
1.659217
1.721536
1.681041
1.631703
1.614912
1.628497
1.653693
1.622748
1.621489
1.570588
1.603298
1.585457
1.578315
1.576342
1.626476
1.583154
1.584341
1.597073
1.574216
1.567457
1.578096
1.577389
1.611691
1.557847
1.556938
1.555077
1.594055
1.578081
1.544156
1.542019
1.550025
1.568610
1.576180
1.576480
1.567471
1.529049
1.575151
1.583201
1.566992
1.553262
1.541020
1.563672
1.558102
1.537621
1.538819
1.585203
1.561160
1.544510
1.570566
1.508855
1.504243
1.505997
1.549144
1.549411
1.557760
1.540482
1.534251
1.503987
1.506859
1.530340
1.519174
1.498327
1.490185
1.495573
1.502365
1.504204
1.532669
1.527653
1.507601
1.509716
1.485667
1.510593
1.517471
1.530913
1.526184
1.506268
1.501599
1.505951
1.493316
1.503260
1.503615
1.530240
1.499252
1.507801
1.496609
1.489100
1.496678
1.514895
1.496490
1.494653
1.471713
1.484412
1.505325
1.501070
1.496310
1.516049
1.502601
1.499750
1.497005
1.512219
1.488570
1.507620
1.505069
1.485395
1.501631
1.496460
1.485081
1.496047
1.498925
1.495028
1.490412
1.511571
1.503678
1.478813
1.499278
1.484872
1.480798
1.492625
1.487947
1.514927
1.493759
1.500457
1.486971
1.497498
1.503445
1.491210
1.488333
1.478794
1.490480
1.503478
1.500952
1.478809
1.485674
1.500312
1.494431
1.503725
1.493616
1.492825
1.494427
1.478441
1.494093
1.483528
1.481882
1.518152
1.502527
1.488750
1.488388
1.506732
1.482399
1.485570
1.475994
1.485706
1.484054
1.481095
1.498450
1.487198
1.483169
1.480261
1.495288
1.510352
1.512395
1.482005
1.488802
1.501179
1.483169
1.476458
1.483813
1.487418
1.496400
1.494501
1.492074
1.470839
1.490220
1.480277
1.494014
1.498056
1.476600
1.480892
1.494692
1.491506
1.484178
1.483485
1.486973
1.504354
1.479380
1.480434
1.484720
1.490276
1.499062
1.487122
1.488646
1.477697
1.490585
1.478194
1.484933
1.488331
1.480348
1.487544
1.472516
1.479114
1.475260
1.481518
1.486365
1.484975
1.481625
1.496420
1.487720
1.489932
1.487854
1.507612
1.478576
1.474543
1.503271
1.494248
1.482610
1.501457
1.480160
1.482709
1.473495
1.491606
1.479282
1.479448
1.491505
1.479977
1.500458
1.480389
1.469322
1.479642
1.469567
1.491839
1.480610
1.491667
1.500515
1.480890
1.505147
1.479107
1.489399
1.484305
1.477601
1.467479
1.468964
1.492836
1.479063
1.495689
1.472734
1.488955
1.479221
1.493805
1.479116
1.477729
1.474039
1.485093
1.481855
1.479503
1.466609
1.483834
1.494847
1.479092
1.486199
1.482378
1.501268
1.481534
1.474671
1.491794
1.470679
1.480548
1.481350
1.487148
1.471230
1.470477
1.493508
1.473737
1.487535
1.479837
1.479994
1.486600
1.472329
1.485988
1.482716
1.476855
1.482172
1.475626
1.474234
1.481346
1.493830
1.480069
1.478299
1.485699
1.475636
1.475731
1.488403
1.481952
1.470596
1.490790
1.483290
1.475137
1.482121
1.472863
1.473399
1.488595
1.478517
1.473546
1.485156
1.486878
1.470529
1.489787
1.470399
1.474127
1.476819
1.468694
1.492263
1.467162
1.480682
1.480528
1.483862
1.468266
1.475443
1.487808
1.482580
1.474876
1.483375
1.482576
1.484559
1.468140
1.475935
1.477590
1.475536
1.472171
1.481897
1.479926
1.475253
1.475232
1.476939
1.494224
1.479158
1.483096
1.487802
1.473350
1.478498
1.476409
1.472775
1.473638
1.469403
1.477424
1.467679
1.481262
1.481409
1.481529
1.481789
1.481251
1.474199
1.475431
1.479529
1.479967
1.474149
1.487493
1.476043
1.482734
1.473644
1.472176
1.467807
1.480754
1.477538
1.477469
1.470384
1.472315
1.475776
1.479576
1.490721
1.483252
1.494550
1.472497
1.468161
1.479417
1.492688
1.469179
1.482158
1.475460
1.470128
1.476953
1.475119
1.474692
1.478618
1.482425
1.484661
1.495130
1.478217
1.470791
1.475571
1.478179
1.471599
1.479592
1.477561
1.485930
1.479380
1.485902
1.466104
1.467768
1.474911
1.475549
1.472727
1.471666
1.474685
1.483911
1.476027
1.473248
1.473493
1.470997
1.480916
1.473058
1.470071
1.469113
1.482729
1.484316
1.469791
1.465991
1.487007
1.489647
1.470577
1.483781
1.470404
1.484859
1.469887
1.476112
1.473981
1.470243
1.469487
1.473211
1.481257
1.473354
1.475095
1.470132
1.487316
1.472641
1.475808
1.468762
1.477665
1.468723
1.468513
1.470688
1.473212
1.467836
1.476133
1.475633
1.486589
1.471768
1.467656
1.486294
1.479011
1.477687
1.487438
1.471832
1.467624
1.469677
1.480421
1.465525
1.481169
1.473397
1.478148
1.477251
1.468684
1.474898
1.467680
1.470467
1.475175
1.483283
1.475184
1.475736
1.474447
1.469878
1.473439
1.478843
1.470175
1.480856
1.472909
1.473910
