2.303091
2.302471
2.302547
2.302833
2.302709
2.302585
2.302709
2.302833
2.302585
2.302709
2.301928
2.302585
2.302709
2.300613
2.300079
2.299842
2.296555
2.294049
2.298565
2.297698
2.298851
2.300385
2.305988
2.309651
2.303601
2.316969
2.316294
2.305678
2.317076
2.309274
2.291993
2.272360
2.287519
2.229930
2.238825
2.270316
2.252031
2.268049
2.269548
2.213336
2.183618
2.195577
2.181598
2.214776
2.150907
2.132428
2.112540
2.101518
2.128291
2.149781
2.117709
2.122952
2.137950
2.245441
2.234391
2.261630
2.219884
2.271135
2.207742
2.241275
2.227315
2.215409
2.201978
2.227725
2.265806
2.179260
2.192369
2.181599
2.129040
2.141300
2.127910
2.092110
2.114094
2.078076
2.082549
2.119168
2.084088
2.081187
2.038981
2.042959
2.036768
1.988765
2.040232
2.033050
2.013539
1.999761
1.989573
2.037834
2.011144
2.096961
2.029979
2.030604
1.994300
2.041465
2.053914
2.025747
1.950635
2.067233
1.962028
1.972045
1.996739
1.946819
1.998053
1.915999
1.926393
1.890632
1.955888
2.030950
2.042934
2.037521
2.086173
1.994309
2.081730
2.066099
2.043375
1.970847
2.022992
1.972512
1.959343
1.962009
1.970685
1.936024
1.852047
1.888609
1.859103
1.840090
1.817343
1.877934
1.877550
1.875476
1.866923
1.924608
1.903822
1.904277
1.954474
1.995467
1.967003
1.957237
1.925086
1.988635
1.883812
1.876716
1.919526
1.895314
1.875913
1.832814
1.867044
1.870438
1.815080
1.827821
1.897939
1.875133
1.930187
1.943688
1.958136
1.882394
1.907012
1.840035
1.871054
1.926503
1.891539
1.925085
1.929693
1.881662
1.950877
1.921034
1.872114
1.897976
1.807590
1.816661
1.857871
1.824679
1.849418
1.896245
1.884029
1.940104
1.916528
1.894717
1.918316
1.945556
1.876533
1.879224
1.920502
1.848246
1.850240
1.873098
1.880687
1.861735
1.828509
1.861583
1.854676
1.881779
1.888428
1.856817
1.882780
1.878251
1.907760
1.926067
1.876310
1.867771
1.900691
1.866777
1.893746
1.871870
1.832983
1.887544
1.864484
1.822738
1.841087
1.816760
1.821804
1.835299
1.844352
1.846995
1.832391
1.821587
1.890634
1.892423
1.818859
1.822528
1.798942
1.935054
1.873871
1.903350
1.821153
1.817593
1.920640
1.821832
1.833888
1.905678
1.924681
1.954860
1.980650
1.909902
1.928548
1.881636
1.838947
1.830334
1.840468
1.814459
1.777966
1.785115
1.753898
1.755726
1.738580
1.759525
1.739331
1.767135
1.773342
1.744355
1.806884
1.769874
1.780506
1.785414
1.782588
1.764057
1.841872
1.872617
1.985983
1.908548
1.849962
1.870793
1.842992
1.898532
1.910286
1.880077
1.890222
1.874854
1.937556
1.840914
1.889836
1.840271
1.850183
1.920675
1.889430
1.868352
1.896977
1.929190
1.879257
1.813100
1.871153
1.907016
1.872299
1.878270
1.842925
1.766392
1.733427
1.720999
1.751393
1.673442
1.674945
1.651135
1.671155
1.744870
1.741538
1.771416
1.798465
1.824331
1.851356
1.801226
1.794247
1.865129
1.802475
1.788478
1.807210
1.789227
1.900289
1.759294
1.864307
1.877849
1.849669
1.868023
1.834381
1.844717
1.924536
1.819447
1.904794
1.883945
1.805460
1.857618
1.902079
1.861437
1.898768
1.892660
1.886646
1.815657
1.849130
1.879376
1.872019
1.855042
1.796464
1.852105
1.880545
1.874903
1.784319
1.794050
1.802797
1.787354
1.796125
1.702327
1.746800
1.746019
1.730871
1.726455
1.755813
1.741812
1.764629
1.747600
1.782601
1.786661
1.771281
1.759898
1.817441
1.824283
1.817397
1.925780
1.882026
1.844208
1.857301
1.882518
1.863004
1.850326
1.844773
1.812137
1.837376
1.848533
1.911325
1.813992
1.866464
1.835654
1.903633
1.803747
1.821914
1.847000
1.757766
1.756967
1.775774
1.841420
1.756283
1.790110
1.773560
1.780507
1.702514
1.758566
1.732003
1.763363
1.810968
1.774827
1.804652
1.841326
1.808641
1.839390
1.798682
1.803878
1.840286
1.890539
1.921539
1.861089
1.880373
1.792247
1.846816
1.843123
1.850095
1.844843
1.818074
1.838844
1.810161
1.873424
1.901944
1.911449
1.800212
1.821009
1.831893
1.821397
1.786049
1.778387
1.821399
1.791705
1.750254
1.772584
1.787363
1.672389
1.681535
1.668955
1.654018
1.667045
1.656367
1.639832
1.647342
1.716574
1.683571
1.668281
1.735278
1.708846
1.770055
1.730636
1.770316
1.820176
1.814671
1.838362
1.845907
1.837253
1.879700
1.847349
1.905862
1.818141
1.867854
1.844701
1.831248
1.915462
1.788224
1.864471
1.838060
1.800826
1.854409
1.845182
1.797503
1.802667
1.806767
1.831812
1.800029
1.844912
1.836988
1.744550
1.829481
1.776642
1.811150
1.778803
1.711161
1.766852
1.730466
1.720339
1.704172
1.693459
1.670929
1.700857
1.705577
1.682844
1.710833
1.693122
1.664806
1.655406
1.664235
1.674796
1.675703
1.721453
1.690624
1.665958
1.654840
1.674163
1.704238
1.737130
1.721935
1.726877
1.802306
1.727429
1.773061
1.804351
1.838400
1.978597
