2.305734
2.308390
2.305218
2.300437
2.299370
2.295994
2.295787
2.293826
2.292463
2.285492
2.272721
2.260248
2.249257
2.244564
2.230470
2.205616
2.190074
2.202517
2.174156
2.156320
2.186699
2.163537
2.133710
2.151017
2.115399
2.097229
2.072360
1.962432
1.942439
1.946154
1.978047
1.918954
1.904732
1.851485
1.812010
1.844383
1.800053
1.773213
1.792178
1.824582
1.840499
1.866760
1.808305
1.756858
1.741541
1.735810
1.707318
1.724676
1.713667
1.765427
1.747233
1.734583
1.729797
1.733936
1.693025
1.699319
1.678622
1.675711
1.671823
1.691399
1.715201
1.726340
1.708222
1.719321
1.675770
1.678271
1.675389
1.683824
1.673703
1.663740
1.616974
1.640149
1.660770
1.644572
1.662175
1.690058
1.632393
1.669446
1.652305
1.619924
1.664358
1.658899
1.654565
1.624951
1.665770
1.615062
1.619102
1.622277
1.631375
1.616553
1.652404
1.600757
1.622241
1.613566
1.650029
1.634405
1.621953
1.611040
1.628044
1.601479
1.627364
1.636800
1.588866
1.589396
1.601312
1.640146
1.629963
1.631031
1.586768
1.629046
1.637472
1.618552
1.601718
1.587274
1.619564
1.590028
1.585981
1.603761
1.608821
1.597932
1.627445
1.594166
1.612801
1.589180
1.631926
1.588869
1.628286
1.596025
1.598404
1.553627
1.588705
1.573724
1.570020
1.602364
1.591857
1.578881
1.585102
1.631111
1.589086
1.588229
1.612661
1.593275
1.619538
1.591345
1.617884
1.579387
1.626891
1.597566
1.546793
1.552457
1.561064
1.564320
1.561813
1.604913
1.557686
1.588625
1.583019
1.606506
1.562909
1.568249
1.587331
1.565414
1.586415
1.577074
1.605677
1.546495
1.617099
1.533487
1.569012
1.565939
1.596320
1.572407
1.580615
1.542422
1.598752
1.565316
1.620176
1.607939
1.553107
1.555189
1.568017
1.599620
1.600709
1.568284
1.599733
1.588885
1.544303
1.555104
1.550303
1.555472
1.552390
1.589288
1.572609
1.593472
1.576882
1.547193
1.577928
1.612701
1.574327
1.552106
1.568090
1.541363
1.585202
1.621423
1.554238
1.597613
1.564316
1.599528
1.523615
1.588721
1.560274
1.545723
1.548685
1.523762
1.566497
1.546027
1.605220
1.556004
1.599710
1.567263
1.545714
1.530530
1.546906
1.556071
1.555697
1.529916
1.540938
1.533470
1.547856
1.547652
1.536062
1.574275
1.579262
1.545296
1.560872
1.583156
1.550135
1.580837
1.557988
1.532302
1.547736
1.519104
1.571597
1.558783
1.566053
1.532883
1.569395
1.565614
1.547358
1.565382
1.566923
1.549677
1.531936
1.586955
1.586392
1.573620
1.550792
1.556074
1.535717
1.568044
1.564721
1.559017
1.538388
1.520885
1.543816
1.557686
1.559519
1.526626
1.565363
1.532923
1.566430
1.537023
1.561689
1.548050
1.537481
1.546091
1.543682
1.534278
1.556407
1.538102
1.566228
1.533975
1.533852
1.566993
1.526028
1.547895
1.528414
1.554487
1.561625
1.550440
1.564114
1.556636
1.580680
1.563013
1.552615
1.553541
1.532324
1.539732
1.539243
1.522198
1.542321
1.551895
1.514409
1.563901
1.516629
1.555489
1.542314
1.581695
1.567228
1.559195
1.546419
1.585483
1.526022
1.539965
1.564984
1.499880
1.548864
1.560403
1.524266
1.515385
1.515077
1.523441
1.544373
1.559259
1.546202
1.518291
1.514606
1.539794
1.538941
1.514092
1.538788
1.557224
1.513070
1.549875
1.550822
1.528807
1.549500
1.516198
1.518100
1.516625
1.527966
1.525086
1.557074
1.510517
1.538159
1.542762
1.519474
1.581601
1.535637
1.538029
1.514672
1.544660
1.534926
1.523421
1.535189
1.542178
1.503747
1.527117
1.546283
1.545003
1.537153
1.511361
1.529390
1.571002
1.526689
1.518690
1.531747
1.521318
1.542708
1.527614
1.545667
1.529362
1.510643
1.542866
1.546214
1.544662
1.529666
1.519954
1.504669
1.501243
1.533635
1.537041
1.538551
1.532843
1.522803
1.540837
1.538590
1.507885
1.539418
1.506907
1.509964
1.525912
1.504617
1.527747
1.520048
1.531579
1.535491
1.538758
1.492481
1.515396
1.555027
1.539548
1.514295
1.539387
1.533372
1.527911
1.544505
1.525532
1.528771
1.497631
1.545572
1.540219
1.506778
1.517418
1.516610
1.531579
1.504929
1.537490
1.539279
1.524922
1.533681
1.521722
1.552344
1.502972
1.528519
1.506976
1.504415
1.533832
1.518782
1.513149
1.527534
1.536139
1.499849
1.523562
1.508137
1.516284
1.507234
1.513026
1.534540
1.525581
1.517935
1.527298
1.518339
1.525162
1.522727
1.538358
1.518543
1.553404
1.521417
1.505193
1.541525
1.519807
1.515396
1.535769
1.508970
1.508272
1.510034
1.517707
1.540221
1.513951
1.528248
1.526541
1.508006
1.519303
1.504218
1.523252
1.519807
1.517075
1.526971
1.525419
1.520699
1.535727
1.512571
1.512739
1.528775
1.501541
1.520863
1.515612
1.508612
1.527277
1.521815
1.516651
1.532217
1.513943
1.492808
1.515715
1.547045
1.497506
1.509296
1.515555
1.547343
1.520366
1.539936
1.494701
1.492092
1.497217
1.515086
1.515203
1.502934
1.516393
