2.303472
2.302998
2.303634
2.300510
2.303677
2.303662
2.302423
2.298795
2.301780
2.299697
2.291509
2.282252
2.285921
2.273267
2.258775
2.251452
2.240009
2.240828
2.239869
2.224230
2.228173
2.206532
2.194769
2.187924
2.177753
2.150911
2.149196
2.157609
2.121780
2.152323
2.130927
2.065620
2.097286
2.061108
2.060544
2.025784
1.993485
2.035228
1.981076
1.989384
1.966349
1.963875
1.931198
1.890721
1.903262
1.875009
1.847254
1.860153
1.835517
1.819841
1.856114
1.815317
1.834444
1.804736
1.813417
1.785162
1.760135
1.785408
1.773199
1.743567
1.725559
1.732045
1.747250
1.765786
1.738457
1.745442
1.741650
1.719192
1.698224
1.711367
1.751337
1.729457
1.715552
1.697148
1.739929
1.675534
1.736279
1.698629
1.710747
1.730220
1.676597
1.673043
1.686459
1.703399
1.732486
1.727519
1.690217
1.686482
1.701639
1.723467
1.700422
1.667489
1.684074
1.651071
1.670142
1.658371
1.681186
1.668165
1.687762
1.741576
1.654265
1.640107
1.647360
1.691718
1.640268
1.662568
1.662963
1.678640
1.665502
1.651901
1.660254
1.694484
1.667253
1.666984
1.675995
1.618026
1.670211
1.677663
1.663141
1.629484
1.657783
1.632583
1.632365
1.625302
1.659588
1.655410
1.650576
1.691759
1.632594
1.624023
1.635322
1.635885
1.645045
1.627357
1.693202
1.636902
1.621485
1.651844
1.657650
1.635189
1.622756
1.644654
1.624686
1.631558
1.646612
1.634266
1.672613
1.612630
1.615065
1.651853
1.647434
1.638180
1.639022
1.627995
1.611842
1.677891
1.633128
1.594861
1.613824
1.637026
1.632331
1.593071
1.663545
1.635014
1.606402
1.580125
1.653632
1.583877
1.622921
1.599069
1.631806
1.591407
1.598125
1.616642
1.609548
1.635560
1.642438
1.595351
1.580829
1.624120
1.615300
1.603710
1.589465
1.599256
1.620496
1.606215
1.585261
1.674492
1.610110
1.614212
1.610048
1.632582
1.620864
1.583892
1.608211
1.581132
1.591600
1.634156
1.603852
1.590179
1.582971
1.607936
1.600306
1.591009
1.599788
1.596739
1.574670
1.600268
1.576945
1.577194
1.620533
1.603034
1.599660
1.628135
1.601372
1.583847
1.591053
1.593385
1.602700
1.561037
1.635370
1.611340
1.591505
1.593184
1.602197
1.580078
1.553033
1.618999
1.586322
1.563974
1.589595
1.551499
1.593210
1.605885
1.582800
1.586636
1.559729
1.593041
1.593500
1.606030
1.607777
1.599834
1.585635
1.566024
1.577853
1.590820
1.546729
1.583013
1.577858
1.573080
1.619667
1.579650
1.563906
1.572736
1.586757
1.565802
1.585756
1.568723
1.570437
1.578263
1.597865
1.572781
1.578932
1.550579
1.608045
1.612254
1.605580
1.566837
1.593371
1.563358
1.560129
1.583212
1.576555
1.574198
1.570261
1.612059
1.556324
1.589804
1.572515
1.543976
1.546875
1.584112
1.591083
1.565271
1.564363
1.556899
1.601863
1.556197
1.563285
1.571280
1.547816
1.573677
1.555699
1.586472
1.569518
1.531272
1.562456
1.577886
1.567347
1.557672
1.546410
1.582668
1.573577
1.563883
1.564054
1.556046
1.574114
1.542594
1.568455
1.552990
1.568856
1.584866
1.546179
1.573743
1.567563
1.555648
1.566552
1.562589
1.571522
1.589214
1.574522
1.558352
1.570964
1.569536
1.548104
1.577641
1.564539
1.556357
1.546665
1.529569
1.579522
1.605308
1.573032
1.532581
1.596069
1.569025
1.550036
1.559714
1.536315
1.568691
1.543480
1.532508
1.570772
1.584881
1.619871
1.555023
1.567391
1.555749
1.549949
1.539739
1.563229
1.549549
1.552105
1.574852
1.560986
1.549146
1.575566
1.551473
1.534334
1.571484
1.576777
1.525827
1.532932
1.549627
1.594297
1.547521
1.537282
1.538331
1.540982
1.560995
1.559438
1.579422
1.561631
1.541101
1.552796
1.561091
1.517131
1.526219
1.539144
1.527738
1.538276
1.564635
1.527090
1.564815
1.518374
1.520337
1.531591
1.572069
1.547644
1.598532
1.533805
1.550199
1.543542
1.523149
1.536224
1.557013
1.530766
1.533642
1.577030
1.573884
1.551847
1.555175
1.539599
1.542718
1.554166
1.555527
1.531708
1.559950
1.521990
1.540981
1.562968
1.534694
1.582921
1.539898
1.569371
1.545212
1.531677
1.591345
1.515795
1.535359
1.548287
1.513637
1.555039
1.551825
1.537459
1.551473
1.548830
1.524897
1.558427
1.554639
1.538937
1.518770
1.517501
1.519573
1.535943
1.539432
1.550104
1.559635
1.544737
1.570758
1.558297
1.541103
1.571122
1.544371
1.556358
1.548579
1.578105
1.532998
1.554925
1.545071
1.542210
1.538120
1.525278
1.546925
1.523590
1.534993
1.529797
1.517663
1.549049
1.563671
1.550159
1.530574
1.531075
1.528716
1.542864
1.539850
1.532446
1.529603
1.529355
1.558982
1.534585
1.551032
1.549217
1.532373
1.518799
1.522509
1.542653
1.522103
1.515091
1.546565
1.556256
1.525973
1.537383
1.548484
1.544528
1.553715
1.529263
1.540341
1.542507
1.540110
1.527167
1.538509
1.561567
1.540816
1.538036
1.534895
1.534012
1.540831
1.561896
1.526460
