2.308883
2.303505
2.302322
2.300768
2.287187
2.262382
2.231315
2.204643
2.176718
2.189358
2.170851
2.156369
2.093614
1.969376
2.009191
1.992422
2.034320
1.902258
1.869697
1.858895
1.894684
1.841491
1.878875
1.803356
1.762292
1.771428
1.766251
1.799038
1.837648
1.863148
1.787161
1.766859
1.745659
1.701486
1.671189
1.660402
1.644869
1.642209
1.663028
1.690057
1.703526
1.761906
1.718398
1.690603
1.661529
1.693572
1.754647
1.782035
1.759718
1.656723
1.768557
1.709834
1.688069
1.672181
1.704328
1.616948
1.639835
1.605170
1.637619
1.576846
1.613874
1.617172
1.568378
1.592347
1.596632
1.547033
1.565843
1.622242
1.584620
1.593218
1.581208
1.633970
1.609797
1.610631
1.634234
1.561427
1.593415
1.559275
1.548754
1.573210
1.556654
1.568892
1.545914
1.561831
1.539368
1.567612
1.540383
1.566565
1.555152
1.573262
1.554610
1.528613
1.547807
1.556270
1.549549
1.601337
1.539487
1.546511
1.573472
1.545747
1.552488
1.572932
1.567147
1.557199
1.575967
1.536422
1.526516
1.536194
1.557590
1.541468
1.520468
1.534118
1.539824
1.531651
1.537856
1.535950
1.552891
1.542435
1.527249
1.532417
1.549088
1.547034
1.514058
1.537043
1.547459
1.526636
1.511272
1.539348
1.545581
1.522949
1.535576
1.515482
1.545306
1.553217
1.525015
1.532865
1.517572
1.509404
1.544206
1.536180
1.560306
1.525875
1.518587
1.571579
1.526457
1.543896
1.519755
1.538428
1.530363
1.520258
1.526088
1.537482
1.531873
1.528445
1.528372
1.531405
1.527742
1.515146
1.525544
1.511872
1.506424
1.517495
1.508016
1.524060
1.526158
1.522841
1.510453
1.538047
1.518666
1.518840
1.532326
1.544607
1.538221
1.506138
1.496470
1.524296
1.507524
1.516439
1.504568
1.516120
1.514819
1.524247
1.532383
1.517487
1.516348
1.498891
1.537691
1.504760
1.514930
1.517962
1.501201
1.534744
1.514996
1.511493
1.517048
1.519383
1.510244
1.540173
1.514162
1.511651
1.508015
1.502396
1.495741
1.533895
1.506301
1.516208
1.528474
1.512011
1.516459
1.520686
1.510721
1.514587
1.497317
1.499715
1.531799
1.508698
1.506209
1.498886
1.513867
1.514235
1.503058
1.509557
1.518057
1.526311
1.502882
1.525567
1.513113
1.508949
1.505299
1.500848
1.497493
1.513063
1.517500
1.509854
1.502229
1.494003
1.518458
1.499799
1.514986
1.490610
1.495714
1.502040
1.498477
1.508173
1.505908
1.515371
1.517904
1.493229
1.505708
1.487818
1.522348
1.511717
1.500778
1.509601
1.486860
1.521269
1.493551
1.495008
1.497724
1.501974
1.527143
1.516976
1.503045
1.517913
1.490669
1.509878
1.501667
1.507416
1.488937
1.495440
1.509857
1.494386
1.516499
1.515347
1.501587
1.495489
1.492747
1.510565
1.488319
1.499655
1.507806
1.516034
1.498082
1.496601
1.517011
1.489528
1.501574
1.501542
1.498140
1.505933
1.507497
1.490258
1.518391
1.507691
1.496886
1.508703
1.489172
1.495028
1.496407
1.486284
1.490104
1.503776
1.521163
1.508919
1.493199
1.503633
1.496813
1.492997
1.509391
1.494953
1.500244
1.486642
1.504539
1.493731
1.494016
1.503582
1.509280
1.484986
1.506722
1.484000
1.487326
1.497184
1.495580
1.488921
1.501094
1.483396
1.513064
1.517115
1.507817
1.485410
1.485265
1.506014
1.491288
1.490111
1.510548
1.491387
1.500219
1.499956
1.492877
1.499692
1.492877
1.490000
1.509583
1.494091
1.497221
1.504279
1.500273
1.506217
1.498839
1.484002
1.480969
1.489602
1.481494
1.489851
1.508611
1.497468
1.489531
1.491856
1.495382
1.512018
1.492716
1.509391
1.503451
1.489301
1.486488
1.498378
1.497493
1.502873
1.485260
1.486108
1.495297
1.483755
1.487740
1.489630
1.493512
1.516573
1.489529
1.498011
1.481332
1.502584
1.494298
1.484167
1.491768
1.479089
1.484473
1.505801
1.480680
1.477282
1.493575
1.498996
1.497116
1.492923
1.492083
1.515837
1.494449
1.497137
1.483345
1.489490
1.489789
1.488189
1.491344
1.496507
1.507827
1.481870
1.478058
1.492838
1.489666
1.492482
1.485655
1.481826
1.482578
1.474510
1.486686
1.487898
1.503459
1.498739
1.491816
1.479455
1.495378
1.496199
1.492560
1.491832
1.482332
1.495928
1.501182
1.490155
1.482354
1.490781
1.490230
1.503227
1.490916
1.474384
1.473469
1.480244
1.492967
1.484494
1.478797
1.490493
1.492065
1.484854
1.495862
1.494568
1.497055
1.495517
1.482865
1.478152
1.486069
1.493937
1.508386
1.486991
1.490519
1.498950
1.479145
1.498482
1.497159
1.483598
1.490258
1.490090
1.471971
1.486212
1.513666
1.480886
1.491853
1.485412
1.506709
1.478664
1.481545
1.494846
1.481209
1.482419
1.480442
1.475621
1.501050
1.496909
1.486472
1.479983
1.499239
1.479609
1.485486
1.485688
1.495741
1.483259
1.480885
1.492964
1.482904
1.497448
1.492812
1.496868
1.485150
1.491974
1.488274
1.476433
1.485458
1.481106
1.476950
1.487349
1.490623
1.475359
1.492880
1.479738
