2.301563
2.286740
2.303251
2.296173
2.290276
2.284685
2.279711
2.274794
2.276385
2.254791
2.235886
2.234970
2.235347
2.218394
2.199948
2.197376
2.186340
2.184688
2.156662
2.155930
2.117871
2.114860
2.110700
2.082270
2.066908
2.012706
1.998376
1.968120
1.939668
1.942155
1.875227
1.815719
1.798908
1.734243
1.712389
1.645195
1.489676
1.415731
1.374910
1.302281
1.217439
1.078052
1.025851
1.006525
1.000849
0.795503
0.776205
0.812927
0.714185
0.828309
0.692828
0.592791
0.633459
0.582583
0.536875
0.625391
0.634373
0.570927
0.454566
0.395307
0.474825
0.494891
0.357786
0.488321
0.419281
0.613169
0.409923
0.531229
0.415153
0.576220
0.365143
0.479634
0.380872
0.438348
0.510809
0.226203
0.363583
0.500946
0.390620
0.448996
0.435424
0.428270
0.553807
0.307658
0.207584
0.296586
0.402654
0.284554
0.392077
0.343479
0.432763
0.350059
0.448372
0.217217
0.330489
0.351701
0.368665
0.360205
0.588571
0.295540
0.298510
0.279499
0.329671
0.385492
0.354491
0.314577
0.271572
0.276000
0.393780
0.318471
0.217579
0.438220
0.280779
0.335650
0.228454
0.258591
0.300845
0.318953
0.327600
0.348337
0.422128
0.295944
0.301622
0.517815
0.220902
0.300175
0.375932
0.247672
0.431478
0.136333
0.279035
0.226088
0.305496
0.310449
0.323310
0.332376
0.206524
0.305611
0.221626
0.255237
0.223647
0.256990
0.258371
0.314682
0.291588
0.315060
0.266742
0.345315
0.287722
0.164132
0.209860
0.181651
0.336916
0.248656
0.204597
0.350992
0.270379
0.409550
0.196612
0.206998
0.361939
0.182597
0.149593
0.379600
0.310186
0.195189
0.199885
0.194181
0.259161
0.146114
0.335325
0.239330
0.166762
0.164553
0.205148
0.360007
0.255158
0.321890
0.165205
0.205275
0.158251
0.208229
0.359632
0.242186
0.154759
0.132204
0.185788
0.244055
0.251054
0.107757
0.234010
0.227050
0.180644
0.222354
0.173794
0.300761
0.186338
0.182000
0.204322
0.273029
0.191059
0.287823
0.170667
0.165167
0.204952
0.306133
0.281090
0.175321
0.273961
0.242037
0.327844
0.151990
0.219707
0.263031
0.186668
0.143433
0.141152
0.178540
0.137271
0.205915
0.147890
0.179445
0.206278
0.119647
0.336819
0.136680
0.095061
0.188187
0.108293
0.287588
0.240889
0.079872
0.292493
0.275008
0.128216
0.176763
0.250782
0.139353
0.201915
0.291452
0.168799
0.176794
0.216448
0.097509
0.129448
0.206216
0.197682
0.278777
0.161337
0.232602
0.230084
0.198813
0.210777
0.059395
0.097947
0.098541
0.162311
0.139236
0.129907
0.223511
0.174959
0.201287
0.120549
0.185958
0.236087
0.100468
0.102127
0.311972
0.224275
0.169109
0.249518
0.123389
0.153136
0.148235
0.110712
0.162409
0.227671
0.188175
0.187643
0.097350
0.145449
0.109201
0.133183
0.201070
0.130569
0.124220
0.093666
0.199345
0.168115
0.270399
0.255151
0.186289
0.136721
0.114286
0.069696
0.251504
0.196744
0.160113
0.111845
0.205536
0.201737
0.100107
0.070849
0.206204
0.131978
0.148700
0.101751
0.100731
0.121091
0.154208
0.196449
0.139931
0.237898
0.211270
0.188464
0.147042
0.105077
0.089629
0.150134
0.214135
0.205543
0.065106
0.165472
0.087520
0.149246
0.142956
0.129247
0.132975
0.089993
0.205915
0.093640
0.123170
0.115710
0.201351
0.131978
0.095576
0.223123
0.178790
0.163766
0.265047
0.118816
0.099658
0.091212
0.208786
0.170674
0.103937
0.079441
0.152803
0.125703
0.136918
0.103194
0.149516
0.101587
0.064818
0.163042
0.145735
0.108458
0.148128
0.106517
0.094020
0.183488
0.099032
0.084485
0.240396
0.275343
0.115137
0.169120
0.068632
0.104087
0.112855
0.163663
0.053119
0.120911
0.129921
0.122553
0.175757
0.068628
0.120610
0.146555
0.191305
0.069315
0.233840
0.162851
0.204865
0.128775
0.124665
0.092375
0.063852
0.121734
0.055279
0.194032
0.094801
0.059964
0.150818
0.119248
0.109042
0.059842
0.202191
0.062745
0.158859
0.102226
0.181334
0.096842
0.086921
0.114370
0.135034
0.152216
0.149023
0.197112
0.056281
0.109607
0.164120
0.099886
0.093862
0.159627
0.126674
0.101239
0.237914
0.124912
0.101257
0.099252
0.096739
0.073360
0.079947
0.080998
0.225520
0.090859
0.259378
0.184665
0.161142
0.199565
0.119738
0.098091
0.129254
0.094921
0.193045
0.163413
0.107387
0.152072
0.050847
0.097680
0.067195
0.107029
0.114688
0.025364
0.235101
0.186476
0.087886
0.179135
0.118699
0.104455
0.036723
0.121774
0.099786
0.176395
0.026900
0.063961
0.097029
0.107506
0.357010
0.194027
0.113324
0.103510
0.059209
0.031003
0.130521
0.099657
0.088751
0.136608
0.140677
0.076842
0.096789
0.117698
0.104325
0.108951
0.087044
0.131197
0.096180
0.125882
0.065805
0.100667
0.165341
0.062146
0.055136
0.069070
0.074058
0.113882
0.096483
0.090340
0.138016
0.051876
0.114956
0.058941
0.058174
0.048617
0.146802
0.102683
0.047386
0.151517
0.111923
