2.307516
2.305645
2.302861
2.312464
2.315116
2.346236
2.398091
2.439431
2.452342
2.452943
2.472641
2.474927
2.439580
2.390044
2.352650
2.328422
2.287158
2.250615
2.215254
2.229912
2.244340
2.233186
2.122128
1.940650
1.868923
1.830873
1.903109
1.988187
2.006696
1.988023
2.061732
2.158933
2.124054
1.990161
1.870545
1.799534
1.790323
1.731807
1.743034
1.732027
1.728725
1.738344
1.734452
1.719994
1.683667
1.727873
1.778778
1.775010
1.796028
1.741914
1.759876
1.701666
1.735463
1.713782
1.732615
1.708163
1.724795
1.700762
1.762646
1.821289
1.756532
1.733257
1.722120
1.669135
1.663879
1.667159
1.661772
1.635892
1.649340
1.646412
1.651564
1.665055
1.666717
1.692702
1.675745
1.666062
1.724415
1.688834
1.685330
1.702131
1.696068
1.702969
1.720529
1.691277
1.679915
1.672163
1.696678
1.663974
1.665985
1.690139
1.684897
1.693994
1.674928
1.682528
1.684160
1.687719
1.693861
1.680611
1.685437
1.665406
1.667411
1.675827
1.671964
1.659184
1.659875
1.665618
1.660813
1.655768
1.664217
1.656621
1.688500
1.678352
1.670975
1.690309
1.690330
1.702542
1.679315
1.644949
1.667422
1.644919
1.685770
1.680758
1.683707
1.689451
1.679854
1.684807
1.669340
1.690935
1.675247
1.664720
1.672856
1.676067
1.685782
1.695984
1.703322
1.680174
1.688096
1.695576
1.707913
1.673446
1.667442
1.671530
1.694468
1.668517
1.671885
1.705210
1.685165
1.683571
1.668527
1.690551
1.691627
1.679540
1.680200
1.655850
1.668347
1.685926
1.675725
1.734717
1.674596
1.678228
1.666142
1.673729
1.665232
1.680722
1.736830
1.655485
1.656077
1.673236
1.695845
1.684480
1.711761
1.681327
1.682462
1.718551
1.681803
1.723046
1.668564
1.712262
1.886423
1.675534
1.769563
1.792268
1.793170
1.822370
1.863563
1.813207
1.786581
1.746177
1.742190
1.779645
1.765211
1.734807
1.714806
1.752938
1.704439
1.702697
1.732596
1.731243
1.730702
1.730529
1.673126
1.695489
1.660542
1.693514
1.697205
1.687244
1.702099
1.692835
1.702384
1.671964
1.695241
1.689020
1.658029
1.730135
1.671844
1.674133
1.682800
1.663970
1.671424
1.710460
1.721161
1.696069
1.686991
1.681867
1.640331
1.614285
1.648047
1.656732
1.645988
1.663309
1.702481
1.719054
1.697723
1.653322
1.663377
1.674411
1.674348
1.656923
1.657353
1.657011
1.650581
1.664516
1.662299
1.668702
1.656988
1.653861
1.640365
1.675245
1.676065
1.665235
1.632476
1.649143
1.638327
1.653289
1.633135
1.645106
1.678809
1.671532
1.665856
1.671302
1.670194
1.670657
1.674067
1.673751
1.660775
1.687638
1.669587
1.656047
1.662414
1.658025
1.671092
1.669551
1.671168
1.669739
1.680544
1.684334
1.684211
1.660750
1.657793
1.666172
1.647490
1.660800
1.691113
1.682496
1.699551
1.666706
1.672415
1.667906
1.653479
1.674535
1.655882
1.646227
1.657813
1.679982
1.673626
1.692180
1.667667
1.676301
1.668768
1.658704
1.682498
1.653172
1.682076
1.676991
1.699591
1.669420
1.654490
1.660940
1.668224
1.688834
1.671099
1.678360
1.665242
1.668103
1.683598
1.660169
1.708026
1.690924
1.669415
1.686982
1.678657
1.674428
1.696925
1.660717
1.634822
1.674020
1.661293
1.655872
1.649575
1.646475
1.646123
1.661610
1.664085
1.641773
1.657455
1.652596
1.646287
1.642413
1.647776
1.678355
1.673481
1.643998
1.645651
1.636945
1.653054
1.678163
1.679434
1.660894
1.667611
1.671738
1.665277
1.667142
1.670835
1.674966
1.664927
1.659988
1.702735
1.644161
1.664479
1.662805
1.644861
1.651632
1.638596
1.646181
1.636363
1.618475
1.653765
1.682727
1.676643
1.674969
1.704493
1.631532
1.626323
1.622894
1.652831
1.665696
1.666767
1.671416
1.664495
1.655721
1.614825
1.673109
1.651858
1.676139
1.662271
1.669798
1.666955
1.666912
1.633361
1.652148
1.652164
1.674381
1.665430
1.666746
1.632954
1.616568
1.629702
1.654506
1.654530
1.655807
1.678486
1.688132
1.671906
1.677696
1.663598
1.649914
1.625205
1.600734
1.658031
1.649770
1.700098
1.649377
1.661276
1.663569
1.640173
1.622566
1.642925
1.626367
1.636401
1.641270
1.612803
1.610401
1.614949
1.618018
1.631447
1.611218
1.644592
1.640741
1.664800
1.648944
1.646185
1.642764
1.647443
1.631222
1.645504
1.640877
1.616556
1.645770
1.638836
1.632561
1.623135
1.643970
1.653570
1.638509
1.663476
1.638034
1.654989
1.651608
1.658426
1.633305
1.641529
1.631682
1.636742
1.643195
1.706076
1.649091
1.657970
1.622692
1.646360
1.649401
1.630494
1.634197
1.619748
1.605262
1.571701
1.586014
1.634774
1.631829
1.620930
1.602038
1.604912
1.650339
1.610080
1.633903
1.615278
1.619038
1.629627
1.613353
1.606448
1.598631
1.605737
1.597224
1.599580
1.599032
1.603209
1.616921
1.619602
1.604125
1.600507
1.624140
1.605293
1.603775
1.607430
1.612420
1.582259
1.590537
1.589518
1.581601
1.612457
1.604741
