2.263641
2.208413
2.098868
2.231558
2.081203
2.174338
2.162443
2.167772
2.239128
2.234468
2.236981
2.244869
2.232134
2.167466
2.167424
2.167424
2.167424
2.167424
2.167424
2.167424
2.167424
2.167424
2.167424
2.167424
2.167424
2.167424
2.167424
2.167424
2.167424
2.167424
2.167424
2.167424
2.167424
2.167424
2.167424
2.167424
2.167424
2.167424
2.167424
2.167424
2.167424
2.167424
2.167424
2.167424
2.167424
2.167424
2.167424
2.167424
2.167424
2.167424
2.167424
2.167424
2.167424
2.167424
2.167424
2.167424
2.167424
2.167424
2.167424
2.167424
2.167424
2.167424
2.167424
2.167424
2.167424
2.167424
2.167424
2.167424
2.167424
2.167424
2.167424
2.167424
2.167424
2.167424
2.167424
2.167424
2.167424
2.167424
2.167424
2.167424
2.167424
2.167424
2.167424
2.167424
2.167424
2.167424
2.167424
2.167424
2.167424
2.167424
2.167424
2.167424
2.167424
2.167424
2.167424
2.167424
2.167424
2.167424
2.167424
2.167424
2.167424
2.167424
2.167424
2.167424
2.167424
2.167424
2.167424
2.167424
2.167424
2.167424
2.167424
2.167424
2.167424
2.167424
2.167424
2.167424
2.167424
2.167424
2.167424
2.167424
2.167424
2.167424
2.167424
2.167424
2.167424
2.167424
2.167424
2.167424
2.167424
2.167424
2.167424
2.167424
2.167424
2.167424
2.167424
2.167424
2.167424
2.167424
2.167424
2.167424
2.167424
2.167424
2.167424
2.167424
2.167424
2.167424
2.167424
2.167424
2.167424
2.167424
2.167424
2.167424
2.167424
2.167424
2.167424
2.167424
2.167424
2.167424
2.167424
2.167424
2.167424
2.167424
2.167424
2.167424
2.167424
2.167424
2.167424
2.167424
2.167424
2.167424
2.167424
2.167424
2.167424
2.167424
2.167424
2.167424
2.167424
2.167424
2.167424
2.167424
2.167424
2.167424
2.167424
2.167424
2.167424
2.167424
2.167424
2.167424
2.167424
2.167424
2.167424
2.167424
2.167424
2.167424
2.167424
2.167424
2.167424
2.167424
2.167424
2.167424
2.167424
2.167424
2.167424
2.167424
2.167424
2.167424
2.167424
2.167424
2.167424
2.167424
2.167424
2.167424
2.167424
2.167424
2.167424
2.167424
2.167424
2.167424
2.167424
2.167424
2.167424
2.167424
2.167424
2.167424
2.167424
2.167424
2.167424
2.167424
2.167424
2.167424
2.167424
2.167424
2.167424
2.167424
2.167424
2.167424
2.167424
2.167424
2.167424
2.167424
2.167424
2.167424
2.167424
2.167424
2.167424
2.167424
2.167424
2.167424
2.167424
2.167424
2.167424
2.167424
2.167424
2.167424
2.167424
2.167688
2.167424
2.167424
2.167424
2.167424
2.167424
2.167424
2.167424
2.167424
2.167424
2.167424
2.167424
2.167424
2.167424
2.167424
2.167424
2.167424
2.167424
2.167424
2.167424
2.167424
2.167424
2.167424
2.167424
2.167424
2.267139
3.053006
3.092315
3.092315
3.092315
3.092315
3.092315
3.092315
3.092315
3.092315
3.092315
3.092315
3.092315
3.092315
3.092315
3.092289
3.092315
3.092315
3.092315
3.092315
3.092315
3.092315
3.092315
3.092315
3.092315
3.092315
3.092315
3.092315
3.092315
3.092315
3.092315
3.092315
3.092315
3.092315
3.092289
3.092315
3.092315
3.092315
3.092315
3.092315
3.092315
3.092315
3.092315
3.092315
3.092315
3.092315
3.092315
3.092315
3.092315
3.092315
3.092315
3.092315
3.092315
3.092315
3.092315
3.092315
3.092315
3.092315
3.092315
3.092315
3.092315
3.092315
3.092315
3.092315
3.092315
3.092315
3.092315
3.092315
3.092315
3.092315
3.092315
3.092315
3.092315
3.092315
3.092289
3.092315
3.092315
3.092315
3.092315
3.092315
3.092315
3.092315
3.092315
3.092315
3.092315
3.092315
3.092315
3.092315
3.092315
3.092315
3.092315
3.092315
3.092315
3.092315
3.092315
3.092315
3.092315
3.092315
3.092315
3.092315
3.092315
3.092315
3.092315
3.092315
3.092315
3.092315
3.092315
3.092315
3.092315
3.092315
3.092315
3.092315
3.092315
3.092315
3.092315
3.092315
3.092289
3.092315
3.092315
3.092315
3.092315
3.092315
3.092315
3.092315
3.092315
3.092315
3.090183
3.031123
3.011098
3.011098
3.011098
3.011098
3.011098
3.011098
3.011098
3.011098
3.011098
3.011098
3.011098
3.011098
3.011098
3.011098
3.011098
3.011098
3.011098
3.011098
3.011098
3.011098
3.011098
3.011098
3.011070
3.011098
3.011098
3.011098
3.011098
3.011098
3.011098
3.011098
3.011098
3.011098
3.011098
3.011098
3.011098
3.011098
3.011098
3.011098
3.011098
3.011098
3.011098
3.011098
3.011098
3.011098
3.011098
3.011098
3.011098
3.011098
3.011098
3.011098
3.011098
3.011098
3.011098
3.011098
3.011098
3.011098
3.011070
3.011098
3.011098
3.011098
3.011098
3.011098
3.011098
3.011098
3.011098
3.011098
3.011098
3.011098
3.011098
3.011098
3.011070
3.010988
3.010739
3.010131
3.009551
2.997396
2.927313
2.922699
2.922699
2.922699
2.922699
2.922699
2.922699
2.922699
2.922699
2.922699
2.922699
2.922699
2.922699
2.922699
2.922699
2.922699
