2.303986
2.284659
2.235696
2.190330
2.138102
2.083878
2.031504
2.007370
2.181814
2.245378
2.287023
2.295181
2.296949
2.301491
2.325480
2.322143
2.312490
2.307184
2.301466
2.302219
2.300437
2.298331
2.299007
2.297943
2.299950
2.300479
2.299164
2.300572
2.299835
2.300238
2.300209
2.300698
2.300442
2.300545
2.300413
2.301307
2.301539
2.301404
2.301910
2.301055
2.301004
2.300953
2.301843
2.301475
2.301030
2.301667
2.301055
2.301315
2.301004
2.300950
2.301172
2.300775
2.300469
2.299932
2.300545
2.299881
2.300009
2.298963
2.299320
2.298555
2.298351
2.297633
2.298234
2.299121
2.297280
2.297229
2.296412
2.295953
2.295542
2.295137
2.294807
2.292124
2.287242
2.237993
2.237287
2.238358
2.237849
2.237569
2.237338
2.237513
2.237873
2.238181
2.237338
2.237338
2.237747
2.237287
2.237873
2.237287
2.237389
2.237338
2.237338
2.237287
2.237338
2.237389
2.237287
2.237747
2.237663
2.238492
2.238057
2.237822
2.237338
2.237287
2.237663
2.238198
2.237620
2.237440
2.237440
2.237665
2.237287
2.237620
2.238168
2.237797
2.238130
2.237491
2.237338
2.237287
2.237462
2.237338
2.237816
2.238014
2.237232
2.237287
2.237491
2.238191
2.237663
2.237569
2.237338
2.237287
2.237569
2.237161
2.238014
2.237338
2.237338
2.237287
2.238006
2.238181
2.237389
2.238473
2.237338
2.237287
2.237389
2.237952
2.238333
2.237888
2.237287
2.237671
2.237440
2.237747
2.237338
2.237924
2.238249
2.237287
2.237569
2.237092
2.237287
2.237616
2.237513
2.237338
2.237287
2.237797
2.237816
2.238600
2.237491
2.237671
2.238308
2.237873
2.237389
2.237850
2.237620
2.237287
2.237389
2.237287
2.238006
2.237822
2.237765
2.237389
2.237287
2.237287
2.237338
2.237338
2.238348
2.237389
2.237287
2.238006
2.237389
2.237287
2.237287
2.239725
2.237287
2.238206
2.238112
2.237287
2.238065
2.237287
2.238409
2.237569
2.238014
2.237620
2.238389
2.237955
2.237924
2.238014
2.237287
2.238369
2.237338
2.237620
2.237714
2.238615
2.237891
2.237440
2.239200
2.237338
2.237671
2.238590
2.238053
2.237287
2.239396
2.241751
2.248914
2.328223
2.996753
3.165398
3.165629
3.166750
3.166263
3.166750
3.167308
3.165829
3.166523
3.164414
3.166074
3.167367
3.165664
3.167036
3.166558
3.167303
3.166074
3.167158
3.166074
3.167158
3.166074
3.166750
3.164722
3.165276
3.166750
3.167425
3.165398
3.166233
3.166981
3.166815
3.166750
3.166074
3.166074
3.166630
3.166789
3.167425
3.166015
3.166750
3.167425
3.166233
3.164846
3.167074
3.166322
3.164633
3.165723
3.166891
3.166048
3.166691
3.166750
3.167425
3.167425
3.166424
3.165723
3.165629
3.166074
3.166080
3.166750
3.167425
3.166691
3.166750
3.166607
3.164278
3.165952
3.165570
3.166873
3.166483
3.165463
3.166750
3.164664
3.167175
3.166558
3.167425
3.167158
3.165047
3.166413
3.164896
3.165656
3.165807
3.166483
3.166500
3.166074
3.166723
3.166691
3.166074
3.167367
3.167303
3.165362
3.165748
3.167425
3.166074
3.166700
3.164989
3.166399
3.165664
3.165217
3.166981
3.167036
3.165952
3.165398
3.167425
3.166305
3.165723
3.165570
3.167100
3.165398
3.167367
3.166750
3.166750
3.164722
3.166691
3.165398
3.167367
3.167074
3.164686
3.164047
3.166505
3.166630
3.166750
3.167425
3.164953
3.167041
3.164970
3.165398
3.165463
3.166863
3.165522
3.167074
3.166305
3.167367
3.164605
3.166632
3.166074
3.165979
3.165339
3.164664
3.165707
3.166691
3.165889
3.167016
3.164605
3.166824
3.167016
3.167425
3.166340
3.166015
3.166424
3.166305
3.166483
3.165255
3.166424
3.165281
3.166399
3.166074
3.166074
3.166723
3.166015
3.167367
3.165601
3.165372
3.166418
3.165956
3.166399
3.167016
3.166382
3.166015
3.167308
3.166632
3.165276
3.166691
3.165748
3.164069
3.165956
3.165473
3.166243
3.166424
3.166418
3.165956
3.166015
3.165217
3.166305
3.166080
3.162704
3.165217
3.166632
3.166632
3.165956
3.165415
3.165952
3.167191
3.166750
3.166424
3.167367
3.167190
3.166011
3.165308
3.165531
3.165503
3.163598
3.166630
3.166659
3.166515
3.166398
3.166628
3.164421
3.166017
3.165165
3.160117
3.112610
3.089482
3.090255
3.091489
3.090463
3.091564
3.090694
3.091080
3.090401
3.091405
3.089846
3.091633
3.091080
3.091928
3.090171
3.091795
3.091697
3.090808
3.092250
3.091362
3.091821
3.090808
3.090463
3.090038
3.091080
3.090463
3.091564
3.088843
3.091080
3.091080
3.091697
3.089229
3.090808
3.092314
3.092181
3.089353
3.090485
3.091017
3.091633
3.092106
3.089251
3.090947
3.090694
3.090463
3.091529
3.092181
3.088843
3.090400
3.092314
3.091633
3.091633
3.090401
3.092022
3.091633
3.091017
3.090941
3.090788
3.090808
3.091140
3.091633
3.090970
3.089650
3.089690
3.090191
3.090204
3.091564
3.091080
3.089970
3.091570
3.091801
3.089719
3.090463
3.090953
