2.305027
2.295551
2.303744
2.308233
2.288355
2.288287
2.286649
2.272240
2.256475
2.260355
2.236066
2.239638
2.242870
2.219826
2.196415
2.193357
2.185053
2.175462
2.172163
2.144972
2.124400
2.127972
2.111353
2.102205
2.091636
2.057875
2.012608
2.003059
1.950049
1.870502
1.876583
1.811008
1.848389
1.746943
1.686022
1.638342
1.640155
1.582950
1.488073
1.258194
1.304707
1.244728
1.169615
1.102243
0.907177
0.899890
0.898964
0.812072
0.748694
0.663844
0.618394
0.559460
0.568717
0.588530
0.510703
0.466253
0.431809
0.595218
0.403022
0.481148
0.490764
0.383814
0.493289
0.438028
0.371148
0.539579
0.639324
0.362048
0.406415
0.393364
0.360873
0.379727
0.487923
0.315778
0.259344
0.391970
0.372270
0.435482
0.469894
0.397211
0.490050
0.354794
0.284953
0.329755
0.381105
0.311654
0.536038
0.468177
0.505129
0.363843
0.257249
0.282685
0.310581
0.412401
0.295419
0.510227
0.379582
0.293488
0.518844
0.322667
0.454093
0.315176
0.288782
0.334149
0.342148
0.348226
0.323302
0.293938
0.313960
0.359317
0.408006
0.274537
0.421536
0.376755
0.327476
0.293017
0.253779
0.353348
0.411185
0.327285
0.398019
0.429911
0.271390
0.280683
0.275748
0.399044
0.410982
0.314772
0.253144
0.255884
0.274232
0.369067
0.319813
0.414094
0.366719
0.408711
0.363529
0.425118
0.257687
0.448292
0.268652
0.185524
0.261754
0.301630
0.327670
0.360673
0.314189
0.276810
0.348000
0.263985
0.336057
0.290451
0.238648
0.357943
0.273685
0.188926
0.334666
0.288724
0.309431
0.224430
0.316617
0.242413
0.243075
0.242771
0.287674
0.357614
0.331403
0.358842
0.255144
0.254485
0.335182
0.250208
0.370788
0.304021
0.386081
0.347173
0.253377
0.164402
0.317286
0.355334
0.356441
0.407725
0.294207
0.239904
0.303244
0.371685
0.355770
0.284707
0.296084
0.300058
0.411912
0.297579
0.231356
0.221143
0.370638
0.388859
0.263216
0.245621
0.300804
0.303879
0.180772
0.219486
0.309812
0.214385
0.259533
0.361926
0.253481
0.352480
0.316358
0.316104
0.155472
0.269784
0.278390
0.323279
0.156881
0.281986
0.296308
0.315560
0.221906
0.193855
0.292520
0.250763
0.278281
0.246883
0.378245
0.267396
0.229779
0.386359
0.201989
0.255030
0.130795
0.224187
0.396642
0.155502
0.263709
0.229614
0.168697
0.376309
0.331703
0.311423
0.261745
0.335982
0.123696
0.346760
0.272742
0.441424
0.171887
0.347332
0.215754
0.275121
0.278265
0.411897
0.365161
0.216652
0.248164
0.174259
0.208368
0.268661
0.138252
0.274380
0.219589
0.201760
0.290202
0.153240
0.318000
0.117556
0.341357
0.206551
0.217921
0.227378
0.230833
0.177160
0.266228
0.177691
0.113228
0.220630
0.253364
0.251404
0.273905
0.271702
0.175504
0.415955
0.373872
0.173985
0.215222
0.288923
0.188896
0.268996
0.214960
0.209997
0.285973
0.208302
0.231051
0.414300
0.147685
0.192849
0.205482
0.226788
0.184842
0.274249
0.211324
0.347093
0.253740
0.198203
0.283967
0.184927
0.253791
0.240244
0.150372
0.427820
0.315706
0.203205
0.131952
0.163479
0.302954
0.173474
0.256047
0.313525
0.350291
0.207165
0.137089
0.339568
0.265276
0.218005
0.236126
0.211999
0.202905
0.227426
0.206560
0.248653
0.305146
0.141464
0.169189
0.159425
0.189418
0.276604
0.213596
0.196168
0.249382
0.294460
0.127215
0.206966
0.167337
0.215953
0.237206
0.283216
0.196476
0.336112
0.256322
0.192101
0.219254
0.158423
0.306012
0.290332
0.204669
0.137747
0.166971
0.183007
0.284458
0.172974
0.250172
0.126921
0.173016
0.328739
0.244724
0.211270
0.230758
0.236072
0.216654
0.269951
0.120400
0.257477
0.143399
0.137332
0.180958
0.183244
0.180366
0.272696
0.279757
0.411688
0.106242
0.280926
0.165473
0.173874
0.212652
0.229716
0.193830
0.160801
0.110484
0.200033
0.242140
0.283298
0.189962
0.245104
0.323143
0.177516
0.142033
0.278044
0.230629
0.198154
0.257725
0.222390
0.278832
0.120453
0.283889
0.205467
0.264470
0.156314
0.346043
0.247920
0.203196
0.165278
0.213492
0.156847
0.156179
0.153443
0.170292
0.101640
0.233195
0.261498
0.309298
0.244302
0.178098
0.265749
0.242158
0.155663
0.204497
0.240816
0.212583
0.407212
0.183802
0.116106
0.188878
0.141734
0.218786
0.136113
0.118989
0.213719
0.153016
0.224359
0.167151
0.222713
0.135131
0.168360
0.194469
0.120141
0.163427
0.107176
0.127918
0.156927
0.270129
0.340176
0.267099
0.132800
0.186833
0.220534
0.169486
0.083421
0.093076
0.151438
0.132213
0.172446
0.289276
0.181332
0.194178
0.174031
0.313589
0.131598
0.210937
0.262042
0.150126
0.188032
0.324892
0.210915
0.145527
0.129413
0.259052
0.175284
0.204220
0.165870
0.106502
0.185951
0.292448
0.236162
0.123703
0.179937
0.132143
0.243112
0.138503
0.219534
0.201235
0.149371
0.213597
0.176802
0.172694
0.234291
0.201476
0.112809
0.128984
0.210731
