2.304591
2.302330
2.296532
2.285966
2.287299
2.289895
2.293231
2.281598
2.258123
2.240580
2.204597
2.221441
2.213865
2.197859
2.219085
2.213690
2.167604
2.083986
2.026474
1.990851
1.986274
1.946669
1.925218
1.857947
1.853246
1.811638
1.811385
1.760929
1.778775
1.744694
1.739356
1.733419
1.705730
1.705353
1.704280
1.712990
1.713800
1.738024
1.703395
1.677222
1.683720
1.685935
1.618752
1.669063
1.634043
1.661299
1.608530
1.662668
1.655012
1.616653
1.640830
1.642098
1.599287
1.603586
1.603237
1.631518
1.617180
1.600997
1.628933
1.617569
1.618133
1.602181
1.590008
1.614233
1.591079
1.570366
1.608992
1.615659
1.573341
1.590645
1.640147
1.638866
1.608019
1.616955
1.583464
1.613607
1.587550
1.605891
1.589134
1.596762
1.588268
1.579341
1.564204
1.606972
1.588700
1.592022
1.588034
1.569941
1.593142
1.551127
1.585962
1.573921
1.578613
1.586265
1.583144
1.558839
1.629344
1.550933
1.588875
1.563499
1.582619
1.567265
1.554898
1.567721
1.564001
1.571537
1.568357
1.581790
1.553751
1.576619
1.589343
1.557650
1.553711
1.552746
1.563946
1.578417
1.595965
1.558509
1.555512
1.536677
1.554706
1.586556
1.563778
1.544749
1.562217
1.592708
1.560847
1.583073
1.530911
1.529332
1.545422
1.554062
1.547883
1.525817
1.579662
1.553849
1.567938
1.539740
1.562466
1.551261
1.537791
1.553453
1.541221
1.527433
1.553248
1.564653
1.576314
1.555966
1.548572
1.548146
1.550275
1.541968
1.551582
1.536751
1.531735
1.548685
1.542355
1.516540
1.540744
1.527811
1.536807
1.545102
1.535820
1.528800
1.556145
1.519872
1.545484
1.525621
1.554384
1.545224
1.551427
1.571832
1.528557
1.578396
1.544437
1.520519
1.526109
1.550265
1.570445
1.529525
1.542746
1.541451
1.525111
1.558292
1.555092
1.548440
1.518185
1.541077
1.536972
1.526224
1.518283
1.524500
1.524512
1.538374
1.533114
1.538747
1.518136
1.538639
1.511050
1.542657
1.532998
1.514744
1.509410
1.535630
1.517319
1.537465
1.519607
1.539098
1.527045
1.528221
1.526623
1.557667
1.530496
1.552529
1.524148
1.533174
1.542918
1.517038
1.521252
1.527714
1.539090
1.508924
1.516916
1.517007
1.535884
1.519136
1.515381
1.561127
1.515538
1.524055
1.519081
1.510918
1.481862
1.524492
1.514511
1.523876
1.503796
1.522537
1.512196
1.502164
1.510007
1.550337
1.511740
1.549838
1.507769
1.546059
1.517738
1.528255
1.509900
1.514650
1.507133
1.539165
1.512952
1.506474
1.520069
1.538604
1.538892
1.525761
1.539237
1.537524
1.524358
1.487242
1.515049
1.529628
1.521395
1.524485
1.535107
1.535141
1.503077
1.504653
1.521389
1.522499
1.499729
1.527587
1.513378
1.527207
1.497398
1.509010
1.490629
1.513871
1.540060
1.494305
1.527194
1.518747
1.495314
1.505236
1.518108
1.520879
1.502805
1.515982
1.523997
1.516230
1.491379
1.513727
1.519215
1.516179
1.525567
1.514881
1.500994
1.522352
1.514877
1.508669
1.508116
1.525287
1.541342
1.517189
1.517800
1.501678
1.525385
1.498383
1.484228
1.496114
1.530280
1.511129
1.518767
1.522538
1.522016
1.515721
1.514306
1.509358
1.536555
1.500065
1.492242
1.493317
1.518710
1.505965
1.524377
1.488472
1.510143
1.508463
1.503435
1.489394
1.503008
1.534885
1.500735
1.514800
1.496341
1.492891
1.503709
1.497030
1.511405
1.523928
1.490703
1.512290
1.545346
1.511300
1.503226
1.514024
1.533743
1.501136
1.496826
1.495648
1.492647
1.508513
1.499204
1.490503
1.507863
1.495255
1.519610
1.492337
1.502000
1.490517
1.488669
1.502043
1.504893
1.509537
1.508911
1.527537
1.497492
1.495306
1.491347
1.525783
1.516894
1.499626
1.499097
1.502498
1.509170
1.503296
1.520422
1.515407
1.495981
1.506088
1.522045
1.498477
1.486476
1.507464
1.512660
1.507379
1.494686
1.486498
1.492615
1.490957
1.535927
1.490879
1.496402
1.498093
1.504557
1.509277
1.507283
1.500131
1.536204
1.499878
1.502954
1.489729
1.526897
1.501481
1.514762
1.517193
1.514085
1.510592
1.492570
1.498637
1.492684
1.474814
1.501744
1.503716
1.490258
1.503778
1.474057
1.524794
1.493906
1.505756
1.520292
1.499501
1.499595
1.516415
1.487178
1.507789
1.493789
1.485705
1.515936
1.498730
1.521456
1.494680
1.497369
1.501936
1.490063
1.505859
1.523562
1.497170
1.481192
1.495227
1.494769
1.486858
1.506778
1.491914
1.509081
1.508166
1.485167
1.486947
1.532156
1.477798
1.493533
1.480588
1.514489
1.481644
1.500736
1.492796
1.502307
1.487408
1.484011
1.490947
1.495974
1.497188
1.512590
1.506328
1.515819
1.491320
1.504170
1.483719
1.494308
1.493998
1.500213
1.490983
1.538185
1.487782
1.490348
1.481292
1.517993
1.488019
1.492530
1.500391
1.479641
1.484371
1.492206
1.481582
1.510283
1.514140
1.500968
1.501718
1.509711
1.482921
1.499910
1.514251
1.500426
1.509505
1.500682
1.487395
1.491582
1.490326
