2.304024
2.299618
2.289627
2.289395
2.289270
2.298092
2.275186
2.283749
2.272575
2.246809
2.271331
2.235584
2.239061
2.206697
2.185404
2.168271
2.171360
2.141092
2.123216
2.072942
2.052967
2.016778
1.957569
1.896996
1.876632
1.858071
1.862955
1.812567
1.792566
1.768992
1.752329
1.737214
1.730526
1.762228
1.734287
1.727400
1.719638
1.709113
1.702650
1.671863
1.724405
1.677562
1.693222
1.656064
1.669030
1.697713
1.645352
1.685534
1.636379
1.667876
1.665040
1.626836
1.633021
1.639672
1.650136
1.652223
1.638597
1.602944
1.623660
1.612191
1.628149
1.613212
1.634823
1.590014
1.569529
1.618147
1.634034
1.604102
1.633367
1.573596
1.609252
1.591034
1.602291
1.610668
1.579578
1.605245
1.591110
1.592191
1.589448
1.583604
1.595051
1.577184
1.574034
1.601509
1.579109
1.558681
1.579394
1.583032
1.598665
1.575457
1.562486
1.569617
1.592834
1.595088
1.592132
1.568147
1.570162
1.556885
1.560819
1.560617
1.557270
1.555250
1.570627
1.580868
1.547963
1.585381
1.570587
1.574408
1.567999
1.583672
1.564378
1.572648
1.575459
1.566613
1.527810
1.565191
1.553293
1.558240
1.571743
1.567758
1.582543
1.560235
1.558508
1.534686
1.551437
1.565650
1.550553
1.538386
1.557291
1.548361
1.524492
1.538816
1.549931
1.544455
1.576154
1.567136
1.544658
1.525939
1.551067
1.573202
1.549615
1.534675
1.532875
1.564658
1.540032
1.537649
1.533751
1.575050
1.546590
1.536583
1.539278
1.572700
1.562425
1.530530
1.534079
1.518617
1.564480
1.549875
1.547120
1.570856
1.561431
1.527989
1.535648
1.563962
1.525386
1.554573
1.521756
1.531305
1.536873
1.527848
1.530089
1.557186
1.538782
1.536987
1.524102
1.518157
1.549781
1.550662
1.530115
1.528820
1.523510
1.527677
1.523488
1.517267
1.525193
1.559026
1.523387
1.512273
1.500090
1.515566
1.543680
1.526905
1.497881
1.518788
1.516642
1.537154
1.497936
1.524727
1.532761
1.516153
1.526971
1.522969
1.541288
1.525638
1.534369
1.533479
1.522404
1.538441
1.522227
1.535473
1.505773
1.546115
1.518050
1.530497
1.514766
1.522320
1.548843
1.517843
1.510325
1.521951
1.536091
1.503045
1.507996
1.519677
1.520871
1.505509
1.504896
1.553201
1.537232
1.511343
1.493986
1.508560
1.493380
1.521266
1.531058
1.529449
1.527460
1.516181
1.543312
1.519294
1.534747
1.491644
1.495262
1.513621
1.499843
1.528092
1.521196
1.496347
1.506980
1.537934
1.498169
1.514778
1.523830
1.505444
1.495098
1.520710
1.523065
1.519225
1.535394
1.501322
1.508500
1.495339
1.516189
1.544042
1.501177
1.524524
1.506245
1.513588
1.505927
1.508835
1.508282
1.536583
1.495520
1.510328
1.516242
1.523554
1.529915
1.501512
1.519261
1.499795
1.517187
1.527072
1.516481
1.505134
1.528952
1.517955
1.495607
1.506679
1.498854
1.507763
1.514468
1.493991
1.504695
1.486826
1.525398
1.505933
1.510530
1.490489
1.515362
1.533286
1.498085
1.509969
1.513053
1.487279
1.503588
1.497277
1.507446
1.513227
1.512506
1.531897
1.518863
1.499997
1.493181
1.506241
1.493913
1.505804
1.504998
1.502727
1.497556
1.500311
1.495732
1.496230
1.504796
1.498968
1.497052
1.511940
1.526944
1.487743
1.519333
1.519893
1.510290
1.509370
1.505854
1.512856
1.505414
1.498545
1.521152
1.497169
1.488204
1.503617
1.507663
1.518442
1.493634
1.492571
1.511950
1.500479
1.500104
1.496599
1.519377
1.488850
1.506300
1.497540
1.509010
1.492175
1.482329
1.509267
1.516261
1.502078
1.491717
1.503815
1.517391
1.504565
1.518764
1.499486
1.501324
1.514736
1.502868
1.512424
1.503065
1.491281
1.500009
1.511455
1.499393
1.505042
1.485114
1.533898
1.491111
1.510427
1.496645
1.527929
1.489694
1.507184
1.490867
1.499791
1.508069
1.497625
1.485180
1.494211
1.510723
1.527368
1.497762
1.488117
1.499485
1.497116
1.501429
1.506891
1.502751
1.501683
1.525197
1.493366
1.497656
1.504733
1.491248
1.514266
1.488095
1.493138
1.496646
1.505239
1.504438
1.494668
1.502937
1.488920
1.529315
1.490845
1.485901
1.506547
1.493558
1.493012
1.487209
1.496921
1.503124
1.499600
1.501945
1.484578
1.502425
1.494885
1.507310
1.495980
1.518739
1.506494
1.519013
1.493508
1.496588
1.500753
1.507324
1.499973
1.488717
1.509642
1.487611
1.500179
1.490726
1.514945
1.486124
1.504674
1.491938
1.487409
1.500776
1.477513
1.506507
1.511746
1.485277
1.514900
1.487826
1.487137
1.486290
1.495442
1.487006
1.487028
1.512079
1.496144
1.485620
1.493609
1.492896
1.483939
1.484678
1.511456
1.493167
1.497571
1.505695
1.500878
1.479072
1.497401
1.483861
1.487171
1.491992
1.509056
1.503992
1.501465
1.485986
1.487860
1.513547
1.504611
1.499830
1.503872
1.508378
1.505849
1.501540
1.503440
1.481839
1.482155
1.496197
1.502083
1.483714
1.505351
1.486104
1.502940
1.490978
1.496012
1.497776
1.504559
