2.305358
2.301136
2.292574
2.295624
2.284312
2.278125
2.276548
2.230861
2.230683
2.215214
2.178534
2.184799
2.142517
2.118749
2.045895
1.962795
1.929137
1.921198
1.885598
1.885960
1.890111
1.893098
1.855500
1.820037
1.839765
1.807843
1.787751
1.782447
1.760947
1.710305
1.709368
1.731131
1.747445
1.769781
1.727483
1.722713
1.684523
1.659201
1.641276
1.694335
1.688996
1.631724
1.650086
1.615326
1.679153
1.711178
1.686077
1.634165
1.613976
1.703495
1.735758
1.680751
1.675393
1.612618
1.659908
1.680244
1.652712
1.609708
1.676718
1.631261
1.698589
1.658896
1.656917
1.641988
1.670002
1.685602
1.605806
1.576627
1.665931
1.652977
1.649928
1.606427
1.616599
1.592378
1.605700
1.573653
1.575074
1.590944
1.593487
1.562851
1.545680
1.565675
1.597109
1.572162
1.549199
1.561320
1.574497
1.563600
1.550992
1.558825
1.552576
1.562621
1.565101
1.560469
1.530462
1.535829
1.557544
1.545750
1.545835
1.562242
1.530202
1.537708
1.530767
1.554665
1.539884
1.540010
1.516091
1.537511
1.547941
1.539631
1.513772
1.549059
1.533324
1.541454
1.517015
1.540166
1.517834
1.555482
1.515803
1.537999
1.523653
1.556543
1.518850
1.524895
1.513650
1.542974
1.526763
1.516829
1.516656
1.525651
1.528540
1.539086
1.508220
1.537755
1.511352
1.553203
1.528358
1.520896
1.537012
1.545973
1.537651
1.533670
1.535843
1.513764
1.522877
1.530899
1.526586
1.528282
1.508818
1.512837
1.515511
1.523701
1.529978
1.510841
1.540436
1.509238
1.514775
1.515299
1.525193
1.537947
1.507790
1.514640
1.524430
1.511606
1.517288
1.521627
1.498744
1.500705
1.495874
1.518389
1.516178
1.512238
1.522423
1.533593
1.530599
1.500005
1.506062
1.505139
1.537454
1.503583
1.539203
1.495399
1.512111
1.515572
1.525325
1.510703
1.501607
1.521956
1.518066
1.504219
1.518540
1.506129
1.533385
1.490809
1.511961
1.497566
1.522167
1.513467
1.526321
1.523453
1.501852
1.513389
1.511656
1.511446
1.528933
1.518907
1.510424
1.507124
1.516100
1.513193
1.500411
1.521172
1.506878
1.513680
1.511366
1.514764
1.521211
1.511334
1.520848
1.514014
1.526105
1.510312
1.531101
1.540065
1.525551
1.503351
1.521627
1.512703
1.515379
1.507571
1.507271
1.525715
1.524219
1.502672
1.507459
1.525327
1.515883
1.517843
1.524450
1.518190
1.509175
1.501621
1.512165
1.519867
1.534202
1.516945
1.525137
1.528543
1.523825
1.529500
1.512642
1.508505
1.517781
1.515485
1.514655
1.533959
1.519173
1.509607
1.509861
1.528116
1.502213
1.507782
1.512427
1.503260
1.513761
1.516767
1.524042
1.514794
1.510700
1.514842
1.536180
1.507167
1.506441
1.527063
1.502977
1.524639
1.506058
1.508558
1.514184
1.520896
1.521951
1.513070
1.514466
1.522988
1.519968
1.505018
1.518069
1.513358
1.508763
1.520397
1.519726
1.508201
1.509264
1.520834
1.518192
1.503344
1.518188
1.522780
1.502899
1.504066
1.520956
1.518960
1.516697
1.508563
1.511863
1.517130
1.499299
1.514115
1.519853
1.520009
1.501078
1.515076
1.517521
1.517172
1.516513
1.510700
1.498270
1.503226
1.501327
1.504422
1.512728
1.520121
1.522606
1.522506
1.501000
1.533700
1.499273
1.512517
1.503031
1.497036
1.510553
1.506074
1.494730
1.525340
1.520086
1.520419
1.506075
1.488665
1.508427
1.511312
1.533815
1.509910
1.500171
1.508125
1.496256
1.515509
1.509415
1.499694
1.497992
1.506210
1.515610
1.499565
1.498015
1.515408
1.503906
1.528152
1.509225
1.502858
1.502881
1.511494
1.514470
1.488827
1.508059
1.508606
1.505717
1.506365
1.490872
1.498831
1.528670
1.514461
1.497354
1.519368
1.511482
1.502511
1.508607
1.509878
1.501130
1.489265
1.501227
1.502913
1.501657
1.504918
1.512711
1.507246
1.490963
1.503444
1.538535
1.498357
1.499820
1.515921
1.510629
1.514952
1.499759
1.498756
1.511792
1.497619
1.508625
1.489660
1.512605
1.521562
1.538068
1.516746
1.505098
1.507325
1.483680
1.510598
1.506958
1.490892
1.522853
1.496392
1.501522
1.508951
1.490799
1.502743
1.501976
1.517040
1.502872
1.487368
1.491388
1.503713
1.495907
1.489819
1.522680
1.522507
1.494978
1.504164
1.523226
1.500735
1.503412
1.501511
1.503966
1.493166
1.512702
1.504751
1.497013
1.494386
1.498189
1.494799
1.493928
1.501729
1.512947
1.509077
1.516723
1.503694
1.507609
1.499826
1.494360
1.482202
1.497900
1.493564
1.504577
1.502552
1.493697
1.500888
1.497071
1.519300
1.511586
1.500904
1.494473
1.504881
1.486633
1.489461
1.489327
1.498805
1.520157
1.503354
1.496884
1.514284
1.507164
1.494360
1.498195
1.505949
1.492579
1.502935
1.497759
1.486223
1.535998
1.488614
1.497268
1.497498
1.492551
1.488644
1.496850
1.504633
1.503207
1.495061
1.489739
1.490717
1.495456
1.496862
1.498002
1.497162
1.510016
1.520265
1.481625
1.489545
1.493042
1.503556
1.487213
1.494038
