2.309216
2.303706
2.303655
2.301592
2.294791
2.291636
2.283888
2.278989
2.275347
2.262743
2.258733
2.253444
2.242906
2.236285
2.229984
2.216739
2.211301
2.198631
2.186937
2.174098
2.156755
2.150368
2.124952
2.109252
2.102374
2.072861
2.038899
1.998537
1.979454
1.957797
1.880075
1.854488
1.791374
1.698532
1.694456
1.563478
1.428980
1.457069
1.341328
1.239740
1.113103
1.008617
0.903175
0.813760
0.812737
0.814447
0.717063
0.650961
0.612621
0.512127
0.493937
0.489350
0.364212
0.568016
0.365143
0.708694
0.480456
0.440441
0.388506
0.199395
0.334092
0.370889
0.306633
0.480206
0.307149
0.372835
0.233949
0.433884
0.313872
0.410886
0.335438
0.534578
0.389917
0.198483
0.253170
0.241601
0.392096
0.416961
0.346419
0.236584
0.276764
0.242681
0.212484
0.303224
0.345133
0.256355
0.338071
0.320865
0.425365
0.277815
0.251153
0.299840
0.253813
0.173830
0.113066
0.346059
0.388074
0.189725
0.394899
0.234305
0.250087
0.253323
0.200737
0.321756
0.201212
0.332489
0.487979
0.304617
0.195486
0.228872
0.160196
0.249684
0.291090
0.411761
0.340425
0.187191
0.184258
0.281987
0.176486
0.180751
0.124423
0.219452
0.381182
0.188219
0.158950
0.270957
0.269751
0.256173
0.279867
0.180330
0.289160
0.131962
0.131042
0.193083
0.259098
0.255997
0.258455
0.256655
0.219726
0.140265
0.253129
0.181839
0.113789
0.212730
0.303163
0.346793
0.266405
0.360588
0.388600
0.186485
0.198040
0.161642
0.106584
0.196867
0.217044
0.141817
0.124465
0.253372
0.219597
0.189033
0.282558
0.395495
0.190150
0.145319
0.210369
0.102548
0.248580
0.110696
0.166698
0.239184
0.325072
0.215201
0.140382
0.212703
0.087240
0.273111
0.086832
0.125847
0.223456
0.281756
0.203169
0.327385
0.201446
0.141595
0.071609
0.105843
0.133858
0.293984
0.254498
0.120957
0.119633
0.132129
0.279766
0.312548
0.205966
0.250811
0.132593
0.155366
0.125326
0.267035
0.209804
0.196978
0.137789
0.150439
0.167133
0.322454
0.183943
0.059401
0.074581
0.189096
0.131644
0.139236
0.149542
0.212352
0.133837
0.163450
0.115668
0.126794
0.111961
0.190676
0.133871
0.087729
0.140109
0.181809
0.238819
0.193211
0.214042
0.103965
0.057887
0.051495
0.107397
0.139833
0.164178
0.347485
0.149081
0.089811
0.173275
0.222214
0.131331
0.245932
0.101286
0.072446
0.263355
0.118649
0.150154
0.105998
0.052055
0.216187
0.276807
0.117009
0.101250
0.134125
0.072904
0.072930
0.195941
0.128312
0.174743
0.154377
0.138981
0.126395
0.152804
0.267473
0.077311
0.143980
0.168881
0.092479
0.189765
0.161127
0.224794
0.138187
0.104701
0.104513
0.108306
0.068432
0.118296
0.081059
0.151753
0.147373
0.163804
0.070319
0.048061
0.219368
0.145651
0.111056
0.165986
0.126935
0.045317
0.156764
0.060014
0.175961
0.136081
0.221396
0.111940
0.081953
0.044407
0.095595
0.090780
0.194390
0.133335
0.206283
0.124566
0.084102
0.172722
0.166313
0.087367
0.117480
0.175102
0.159173
0.177742
0.087713
0.284326
0.145916
0.100113
0.027931
0.038702
0.068374
0.207135
0.261724
0.143659
0.176536
0.254572
0.064737
0.082244
0.064581
0.070248
0.110006
0.045250
0.042348
0.176819
0.166157
0.142671
0.257186
0.223045
0.053054
0.064911
0.096155
0.035784
0.060425
0.091554
0.082070
0.157092
0.105480
0.160193
0.183572
0.097580
0.079605
0.064353
0.153199
0.049542
0.056112
0.085624
0.102610
0.268434
0.073525
0.074741
0.126323
0.075485
0.093630
0.091401
0.194824
0.169704
0.122310
0.134585
0.068212
0.088225
0.117426
0.073260
0.124360
0.102703
0.042694
0.131638
0.045022
0.038783
0.097917
0.100383
0.095460
0.112627
0.092156
0.081370
0.200379
0.074372
0.119853
0.049311
0.163364
0.103492
0.086118
0.080382
0.119110
0.062029
0.066392
0.085426
0.130600
0.099515
0.217615
0.039220
0.106244
0.098886
0.046893
0.059717
0.232439
0.087028
0.089085
0.037931
0.080225
0.077135
0.040092
0.115400
0.160127
0.097111
0.079964
0.072986
0.044271
0.082088
0.058280
0.168186
0.149080
0.101006
0.068930
0.073512
0.057230
0.106186
0.102755
0.137748
0.088215
0.129201
0.087404
0.093778
0.064954
0.062362
0.068693
0.065362
0.070807
0.179802
0.104393
0.223991
0.090352
0.071519
0.057806
0.036945
0.033827
0.140569
0.043189
0.109952
0.090401
0.052125
0.051630
0.082945
0.083081
0.163960
0.108128
0.100563
0.049168
0.031982
0.073953
0.125031
0.067015
0.166618
0.088136
0.048484
0.040372
0.103345
0.060133
0.081770
0.058343
0.198475
0.074969
0.092486
0.126731
0.029809
0.084818
0.057052
0.029078
0.035214
0.110959
0.080152
0.193854
0.040203
0.028454
0.051771
0.048593
0.024042
0.120288
0.163701
0.087595
0.057777
0.183482
0.051560
0.076901
0.087752
0.057116
0.054459
0.081884
0.149836
0.079746
0.113130
0.112545
0.067954
0.049115
0.051351
0.046992
