2.291348
2.280972
2.258590
2.271247
2.230244
2.147519
2.260581
2.378929
2.254726
2.207207
2.233128
2.444087
2.257034
2.169038
2.220974
2.296037
2.671299
2.682235
2.672825
2.489827
2.199871
2.191139
2.177790
2.176039
2.143864
2.164431
2.160118
2.202443
2.268155
2.257780
2.287615
2.233133
2.183994
2.153483
2.050260
2.080751
2.104396
2.185171
2.090245
2.128311
2.156249
2.136234
2.151608
2.154232
2.119443
2.112047
2.101679
2.050916
2.046366
2.084731
2.045583
2.075174
2.062634
2.056686
2.130201
2.117928
2.080715
2.055164
2.077718
2.063085
2.056238
2.064617
2.045090
2.076637
2.078471
2.067191
2.066584
2.016234
2.040598
2.042063
1.999220
1.966155
1.950655
1.980284
1.992888
1.986120
2.010279
2.012697
1.975482
1.967444
1.956880
1.959482
1.954399
1.992607
2.002830
1.975822
2.007837
2.018821
1.988731
2.020409
2.006408
1.961527
2.005525
1.950735
1.980536
2.005717
2.004176
1.999946
2.013595
2.011348
1.944433
1.982663
1.950025
2.012657
1.987560
1.939839
1.949144
1.966474
1.967777
1.977684
2.001453
1.980163
1.982970
1.947900
1.960242
2.008574
2.001414
1.985405
1.970659
1.990793
2.006229
1.973920
1.979416
1.975029
1.983870
1.943672
1.960532
1.946627
1.970719
1.995593
1.960055
1.982489
1.945444
1.938998
1.980137
1.961132
1.957367
1.944144
1.959885
2.002563
1.957137
1.985548
1.968488
2.002118
1.987308
1.977873
1.991736
1.973093
1.979895
1.964731
1.977842
2.061495
2.074410
2.061146
2.052822
2.074784
2.112957
2.053193
2.030353
2.045856
2.082803
2.114401
2.118860
2.063498
2.047489
2.072167
2.084473
2.109624
2.095676
2.130215
2.061244
2.077795
2.063959
2.056409
2.026803
2.048775
2.056716
2.048987
2.068541
2.075604
2.087863
2.046332
2.056519
2.023371
2.052923
2.046080
2.035403
2.034568
2.017061
2.032114
2.037028
2.063370
2.069139
2.046311
2.011451
2.026960
2.058630
2.073697
2.058407
2.074582
2.048863
2.020874
2.026726
2.030149
2.013628
2.004950
2.004504
2.060229
2.065350
2.049913
2.070329
2.054312
2.076592
2.045759
2.045389
2.023121
2.023947
2.023423
2.030416
2.077910
2.037887
2.050099
2.057093
2.058763
2.090893
2.133408
2.066153
2.066545
2.068487
2.076055
2.047421
2.057478
2.028316
2.071224
2.078519
2.097084
2.111994
2.121650
2.097789
2.064341
2.095890
2.039048
2.063991
2.033704
2.010272
2.022873
2.047979
2.038894
2.050488
2.042782
2.044061
2.010111
2.021666
2.000205
2.020685
2.007735
2.043634
2.021937
2.081518
2.062319
2.052520
2.024337
2.064719
2.050680
2.034886
2.056768
2.038553
2.046088
2.046588
2.053864
2.049095
2.026350
2.061153
2.031492
2.041687
2.042550
2.047190
2.031694
2.030034
2.034975
2.045933
2.051892
1.996714
2.032344
2.011011
2.008300
2.038489
2.037051
2.016897
2.020930
2.039038
2.058299
2.015620
2.037542
2.047149
2.020455
2.048823
2.042877
2.044421
2.051466
2.035523
2.049018
2.037340
2.047512
2.022630
2.025141
2.060703
2.042561
2.063761
2.026150
2.032735
2.019999
2.057550
2.019941
2.050101
2.033108
2.037762
2.043588
2.025236
2.032967
2.041835
2.001890
2.030277
2.057209
2.040271
2.016837
2.034423
2.019285
2.040992
2.024770
2.003319
2.015938
2.037874
2.043268
2.055197
2.051455
2.025730
2.050350
2.030199
2.061755
2.040726
2.035182
2.062217
2.041398
2.042519
2.019302
2.030212
2.053907
2.016019
2.031592
2.047413
2.025196
2.024601
2.033498
2.058222
2.056346
2.007529
2.024590
2.032922
2.053860
2.025115
2.080803
2.067753
2.037036
2.038976
2.034225
2.033664
2.023634
2.033292
2.036234
2.009627
2.036240
2.009861
2.048080
2.025760
2.027010
2.029798
2.020796
2.063126
2.020126
2.035006
2.038401
2.033057
2.032704
2.037876
2.053997
2.017239
2.021595
2.060607
2.053910
2.016178
2.044000
2.049961
2.034517
2.054175
2.037584
2.062729
2.021989
2.037108
2.025066
2.046229
2.046175
2.061170
2.044036
2.056683
2.031889
2.054753
2.027650
2.037926
2.042722
2.041407
2.054767
2.032292
2.026440
2.060939
2.031921
2.052605
2.068968
2.036659
2.036590
2.042302
2.065979
2.029120
2.050747
2.031590
2.049714
2.030183
2.030896
2.023891
2.042734
2.055039
2.041515
2.049687
2.054039
2.034881
2.036163
2.032226
2.014904
2.028754
2.074322
2.044138
2.025234
2.063086
2.036575
2.022448
2.028586
2.043071
2.046279
2.042748
2.037828
2.049911
2.057331
2.053878
2.033019
2.040948
2.055739
2.045785
2.027213
2.044163
2.025904
2.022583
2.042708
2.029187
2.029208
2.037236
2.067392
2.045526
2.048508
2.041628
2.058016
2.023240
2.025122
2.043228
2.019445
2.032426
2.034255
2.092197
2.035833
2.035760
2.029383
2.043218
2.063313
2.058831
2.053825
2.040360
2.015120
2.058499
2.038673
2.052297
2.093136
2.030508
2.053088
2.037949
2.035165
2.026035
2.030615
2.038571
2.027547
2.067913
2.030885
