2.363123
2.358810
2.365897
2.354625
2.382069
2.389592
2.381904
2.394042
2.407059
2.408927
2.415416
2.462310
2.474870
2.491726
2.516201
2.568370
2.688138
2.720503
2.938480
2.761463
2.630712
2.484855
2.442375
2.404348
2.430491
2.493414
2.510955
2.723661
2.719604
2.673311
2.574910
2.444889
2.330123
2.421245
2.528413
2.577327
2.423842
2.412279
2.392899
2.524158
2.619844
2.420689
2.414166
2.414121
2.363182
2.300191
2.581852
2.682914
2.481072
2.427982
2.533364
2.590395
2.437149
2.359088
2.313145
2.385976
2.409904
2.544528
2.545009
2.378638
2.486521
2.577526
2.369951
2.384453
2.289487
2.264234
2.328677
2.460509
2.355896
2.337228
2.242642
2.331860
2.553298
2.405158
2.299064
2.231521
2.527831
2.305935
2.256138
2.254744
2.278067
2.336901
2.626966
2.221676
2.069879
2.141919
2.096591
2.196797
2.148675
2.425243
2.466774
2.688117
2.342207
2.030557
2.138334
2.063127
2.127286
2.266865
2.260783
2.643139
2.291959
2.141455
1.961720
2.096334
2.241147
2.368227
2.521847
2.328533
2.130930
2.002609
2.009926
2.215075
2.337353
2.074160
2.013054
1.933302
1.967352
2.151433
2.255977
1.927487
1.932869
1.930606
1.979115
2.100557
2.218710
2.174602
1.967502
1.941177
1.905117
2.047813
2.057932
2.072988
2.226135
2.160546
2.075429
1.882543
1.806015
1.878692
2.163545
2.011791
2.181891
2.067091
1.975388
1.632843
1.785008
1.762811
1.832755
2.060728
2.148217
2.115094
1.766496
1.802990
1.740566
1.828521
1.755684
2.046848
2.362733
1.847707
1.697009
1.711965
1.589712
1.634605
1.717625
1.796953
2.105394
1.934153
1.655342
1.626954
1.724138
1.928092
1.561710
1.715830
1.622408
1.531747
1.548259
1.598662
1.744997
2.073630
2.238141
1.768530
1.620169
1.372676
1.504956
1.479134
1.743416
1.656151
2.027747
1.724727
1.623023
1.443563
1.557748
1.480476
1.905866
1.627600
1.377672
1.460754
1.571943
1.640159
1.849122
1.532802
1.493442
1.289052
1.343459
1.444875
1.602696
1.678890
1.515753
1.361444
1.335292
1.308442
1.290701
1.383975
1.568843
1.823402
1.800696
1.588202
1.370047
1.227156
1.195021
1.098765
1.176100
1.180940
1.376858
1.554322
1.991347
1.572542
1.313220
1.149900
1.269211
1.161958
1.216795
1.319860
1.132870
0.985570
1.002803
1.175824
1.150529
1.089545
0.908680
1.163974
1.007526
1.016533
1.059070
1.064957
0.881023
0.854692
0.911482
1.107470
0.895738
0.987341
0.987757
0.870529
0.932564
0.946710
1.585927
0.989030
0.952942
1.114535
1.304330
0.994047
0.988957
1.044328
1.360197
1.146416
1.206805
0.824286
0.991065
1.117853
0.869892
0.949522
0.890071
0.938634
0.990463
1.043578
0.981937
0.901342
0.865306
0.829926
0.923451
0.965626
0.837075
0.841349
0.843267
0.863665
0.735866
0.687218
0.846993
0.686801
0.786480
0.866824
0.740735
0.951163
0.803218
0.731707
0.597293
0.738990
0.615764
0.690975
0.982878
0.677956
0.796310
0.666208
0.894965
0.819598
0.701879
0.894595
0.666126
0.667197
0.650573
0.802058
0.672233
0.729236
0.802832
0.891165
0.960967
0.793663
0.652631
0.619069
0.595103
0.520802
0.628000
0.515875
0.695796
0.673308
0.690971
0.617405
0.561845
0.530613
0.643656
0.462265
0.603528
0.754446
0.596369
0.487611
0.587307
0.512127
0.467713
0.632440
0.633751
0.630543
0.699200
0.680966
0.502272
0.407916
0.531980
0.362919
0.737455
0.503660
0.430293
0.456273
0.607379
0.654727
0.518784
0.432200
0.453117
0.695946
0.471043
0.435428
0.424654
0.697724
0.513206
0.417745
0.573525
0.416679
0.377178
0.562441
0.459105
0.353902
0.477943
0.640976
0.381031
0.330539
0.373417
0.352526
0.420639
0.420983
0.375470
0.374225
0.390402
0.459860
0.352552
0.359126
0.454613
0.422742
0.279279
0.332767
0.521783
0.407347
0.437152
0.341381
0.351640
0.454578
0.309554
0.291710
0.417332
0.346695
0.427681
0.433396
0.314562
0.387819
0.347040
0.438213
0.524052
0.324809
0.270158
0.353137
0.236465
0.316226
0.328903
0.243447
0.344769
0.361288
0.373564
0.322277
0.266749
0.395949
0.410491
0.330769
0.304377
0.256273
0.300401
0.278872
0.404529
0.320431
0.302082
0.286513
0.267981
0.309970
0.268924
0.260003
0.297784
0.360244
0.385675
0.275462
0.344008
0.477675
0.244401
0.203669
0.332443
0.313819
0.284276
0.215621
0.314924
0.212296
0.451493
0.316315
0.262546
0.216300
0.300819
0.381461
0.303790
0.275065
0.209530
0.218746
0.244027
0.243528
0.311061
0.297142
0.184406
0.174118
0.359935
0.351028
0.235387
0.209083
0.240414
0.456227
0.395854
0.216394
0.288697
0.239277
0.216232
0.253795
0.250203
0.206268
0.347251
0.227683
0.259215
0.391850
0.388701
0.207445
0.280174
0.265432
0.234687
0.331633
0.245430
0.326912
0.235605
0.199289
0.216884
0.242073
0.261875
0.203829
0.192294
0.208163
0.232546
0.245462
0.219233
0.198365
0.172352
0.228188
