2.293166
2.292624
2.283973
2.289487
2.288899
2.300388
2.307869
2.319224
2.307161
2.298821
2.283170
2.227470
2.182769
2.242220
2.267343
2.294243
2.280106
2.276633
2.267434
2.276372
2.282642
2.289235
2.292756
2.296026
2.295943
2.294713
2.295845
2.297958
2.298995
2.299550
2.297794
2.299278
2.298184
2.299043
2.300521
2.300072
2.297758
2.298508
2.298930
2.298491
2.298956
2.297824
2.297158
2.296370
2.296110
2.296027
2.295742
2.295476
2.296127
2.294313
2.290286
2.283593
2.255435
2.285149
2.263943
2.270762
2.270162
2.286411
2.277279
2.264387
2.263833
2.264360
2.257096
2.270494
2.285159
2.264043
2.277066
2.283840
2.262964
2.255806
2.298685
2.256608
2.251064
2.264812
2.277578
2.256708
2.284997
2.285130
2.271164
2.262877
2.277569
2.270682
2.264743
2.278373
2.276695
2.268606
2.290855
2.264118
2.256972
2.262575
2.264636
2.299144
2.271361
2.256978
2.277188
2.264373
2.246094
2.270653
2.254157
2.257713
2.270711
2.268633
2.276260
2.271127
2.273125
2.260988
2.274114
2.256294
2.263319
2.255470
2.255463
2.253748
2.252768
2.250721
2.266685
2.254905
2.255670
2.259763
2.257313
2.249962
2.252536
2.247611
2.242737
2.251848
2.242091
2.250801
2.255970
2.256755
2.258482
2.254526
2.248861
2.250877
2.247562
2.243136
2.249809
2.252779
2.249017
2.253922
2.241450
2.242079
2.241637
2.251597
2.234997
2.251043
2.249522
2.270107
2.240320
2.239618
2.242206
2.245834
2.244810
2.241098
2.239457
2.240120
2.243102
2.242780
2.239794
2.241720
2.239563
2.242469
2.241219
2.236782
2.237410
2.244197
2.245631
2.236792
2.237523
2.245223
2.238305
2.236122
2.238972
2.230215
2.235415
2.237956
2.232576
2.232063
2.227877
2.232550
2.232519
2.232392
2.227806
2.229236
2.239112
2.238040
2.224540
2.231775
2.240844
2.224130
2.226855
2.199425
2.186521
2.188040
2.187781
2.204433
2.187076
2.198684
2.186329
2.176383
2.175084
2.159869
2.169721
2.173495
2.208334
2.230318
2.230985
2.216229
2.195170
2.162191
2.181146
2.156891
2.153455
2.157964
2.183793
2.150127
2.164827
2.159018
2.160976
2.177703
2.165167
2.154039
2.147907
2.154781
2.149010
2.158025
2.182271
2.168565
2.153320
2.150410
2.127660
2.126467
2.112074
2.079567
2.092467
2.093481
2.124022
2.160711
2.181605
2.191659
2.193633
2.190701
2.180944
2.166612
2.143747
2.125604
2.109969
2.072452
2.056365
2.057077
2.056190
2.059109
2.085815
2.106061
2.107887
2.120953
2.120844
2.114149
2.100816
2.106208
2.098865
2.125287
2.127712
2.152504
2.171732
2.179672
2.171399
2.168936
2.168334
2.145232
2.127487
2.115788
2.095369
2.071494
2.077830
2.063639
2.105909
2.109373
2.133521
2.129920
2.109816
2.116271
2.112533
2.108361
2.077069
2.043638
2.027318
2.024191
2.016280
2.031052
2.035340
2.075708
2.114369
2.100510
2.093115
2.081313
2.054260
2.049838
2.006849
2.011486
2.014546
2.004073
1.998923
2.004978
2.017545
2.025115
2.039434
2.046547
2.054329
2.046844
2.047397
2.022356
2.027990
2.010798
2.007912
2.009574
2.002963
2.018028
2.003624
2.005630
2.026508
2.027078
2.040708
2.032693
2.029788
2.007880
1.998748
1.998481
1.998882
1.985475
1.987057
2.001002
1.998087
2.004825
2.010613
2.007973
2.005471
2.013525
2.004539
2.004581
2.004198
2.001692
1.988101
1.966079
1.975807
1.974670
1.985219
1.992149
1.988776
1.991428
1.989623
1.985510
1.985825
1.987384
1.991959
1.995658
1.972550
1.979230
1.975650
1.980068
1.989865
1.993483
1.994981
1.992670
1.971251
1.978092
1.970587
1.961294
1.985025
1.957575
1.966902
1.962141
1.966704
1.975360
1.969256
1.973724
1.977005
1.964672
1.973030
1.969056
1.971355
1.964978
1.944642
1.948547
1.938564
1.952186
1.956812
1.957622
1.973876
1.941684
1.966864
1.962051
1.952610
1.947199
1.954151
1.957381
1.954028
1.961092
1.950831
1.947520
1.962501
1.951113
1.948376
1.948046
1.955280
1.959879
1.923772
1.957859
1.944906
1.964194
1.955168
1.945217
1.948790
1.949771
1.935025
1.930830
1.936928
1.941099
1.943976
1.924338
1.946497
1.930026
1.941230
1.962847
1.937376
1.929323
1.948809
1.941523
1.932893
1.924174
1.931880
1.933609
1.954699
1.945256
1.923368
1.936128
1.950230
1.933226
1.934777
1.913590
1.929619
1.917529
1.941021
1.920492
1.941599
1.940368
1.959327
1.933822
1.945204
1.934048
1.943770
1.933382
1.927869
1.932459
1.927546
1.922685
1.923368
1.951139
1.954549
1.961679
1.974636
1.957513
1.935027
1.923140
1.903249
1.901348
1.921552
1.902716
1.923200
1.931877
1.948554
1.958004
1.944914
1.952036
1.943441
1.954846
1.917038
1.921627
1.916853
1.904182
1.924067
1.911616
1.932047
1.942420
1.945506
1.961880
1.963512
1.952592
1.934477
1.910140
1.935487
1.902394
1.913882
1.912774
1.931419
1.901716
1.944479
1.907905
1.927203
1.921275
1.926105
1.927485
