1.500000
1.500000
1.500000
1.454636
1.244219
0.874792
0.926146
0.545208
0.619063
0.518490
0.488698
0.588802
0.591823
0.592604
0.551667
0.538802
0.469323
0.435677
0.450781
0.477135
0.563750
0.550052
0.523490
0.463214
0.415729
0.428490
0.470938
0.479635
0.531406
0.473438
0.440521
0.411406
0.414688
0.463750
0.480833
0.490208
0.439792
0.434688
0.432448
0.411771
0.423906
0.446927
0.434271
0.410469
0.411042
0.387344
0.401198
0.357976
0.422240
0.415990
0.367240
0.383958
0.392552
0.398594
0.369271
0.373958
0.342656
0.384479
0.382135
0.353698
0.362969
0.342396
0.351719
0.369896
0.327240
0.324635
0.327969
0.350260
0.320000
0.343281
0.319896
0.301548
0.345885
0.302865
0.316042
0.290521
0.304531
0.315365
0.340260
0.296719
0.293698
0.289375
0.302396
0.311250
0.306719
0.294531
0.272500
0.327969
0.291250
0.264948
0.307813
0.323698
0.280885
0.248906
0.285208
0.234881
0.265208
0.253281
0.299323
0.264688
0.249479
0.282760
0.250260
0.243802
0.284063
0.266198
0.266771
0.277865
0.227656
0.260521
0.254583
0.229844
0.255052
0.253021
0.276354
0.228698
0.245313
0.238958
0.216302
0.226548
0.234010
0.194635
0.223802
0.237656
0.223073
0.255885
0.230625
0.177031
0.278177
0.212344
0.202813
0.231250
0.215729
0.197969
0.234583
0.189844
0.190990
0.206823
0.198646
0.203073
0.219531
0.211302
0.185677
0.206786
0.223802
0.156823
0.206823
0.203021
0.175938
0.225938
0.182135
0.161719
0.220052
0.199115
0.152708
0.210417
0.165729
0.150104
0.178646
0.196510
0.169844
0.150365
0.212344
0.164688
0.150885
0.193229
0.129271
0.166310
0.186927
0.157552
0.176875
0.178958
0.160417
0.129063
0.153542
0.156354
0.149687
0.134271
0.188385
0.128802
0.136875
0.171719
0.155781
0.155938
0.172813
0.133385
0.134167
0.174479
0.136250
0.139948
0.160938
0.160952
0.139740
0.149792
0.150573
0.145208
0.141146
0.141771
0.141823
0.152292
0.116406
0.119375
0.137552
0.131615
0.143906
0.142031
0.130417
0.148021
0.123906
0.119740
0.150677
0.128958
0.145573
0.121302
0.126094
0.130357
0.134271
0.144635
0.137344
0.119167
0.141667
0.140781
0.142760
0.121615
0.113177
0.144271
0.143125
0.134375
0.156771
0.113646
0.122396
0.150000
0.112708
0.124688
0.133333
0.106823
0.127188
0.149792
0.114583
0.120357
0.127969
0.105677
0.116823
0.127031
0.121042
0.124635
0.156146
0.109740
0.123750
0.151875
0.107135
0.087708
0.116875
0.125365
0.098854
0.119896
0.137552
0.113281
0.129010
0.118698
0.102708
0.096146
0.131823
0.095714
0.098229
0.122969
0.107917
0.089167
0.085469
0.147396
0.102865
0.103958
0.128438
0.116250
0.116979
0.147292
0.097969
0.117865
0.107760
0.116510
0.111719
0.106042
0.098750
0.110885
0.088385
0.099219
0.112865
0.105833
0.119844
0.087813
0.110521
0.095417
0.126458
0.091979
0.105469
0.102917
0.109115
0.098854
0.101250
0.108854
0.106563
0.101094
0.098438
0.118490
0.105417
0.103906
0.108229
0.094479
0.102031
0.109896
0.086302
0.108810
0.103490
0.090313
0.090521
0.089792
0.102188
0.072031
0.111250
0.107135
0.105260
0.112969
0.099427
0.089583
0.097760
0.115208
0.110313
0.104583
0.089531
0.085990
0.085156
0.108906
0.093229
0.093854
0.099167
0.082738
0.090000
0.101042
0.081771
0.092500
0.091042
0.098385
0.089219
0.095104
0.085885
0.092083
0.091719
0.080365
0.102865
0.104948
0.088958
0.094740
0.107031
0.090156
0.085781
0.086875
0.109063
0.093490
0.107240
0.096786
0.093542
0.099375
0.105208
0.092083
0.088594
0.101458
0.095781
0.096042
0.085208
0.106094
0.100677
0.095000
0.069375
0.078698
0.084635
0.099583
0.088958
0.089479
0.078594
0.093021
0.086094
0.099688
0.091198
0.092024
0.112031
0.093594
0.089323
0.100417
0.079792
0.101719
0.086198
0.086927
0.078229
0.090573
0.092552
0.071042
0.076042
0.074219
0.083438
0.083229
0.087865
0.083021
0.092656
0.091094
0.088438
0.096927
0.094323
0.094524
0.111667
0.083594
0.093021
0.095573
0.077708
0.070521
0.100885
0.075365
0.086406
0.097448
0.079323
0.073021
0.089531
0.078281
0.091302
0.069427
0.088333
0.087031
0.078594
0.080938
0.082760
0.092917
0.076250
0.083452
0.068698
0.082552
0.078490
0.075938
0.080104
0.095781
0.084427
0.083750
0.083906
0.078854
0.076823
0.085313
0.077083
0.086146
0.088854
0.095313
0.081458
0.100729
0.080885
0.069844
0.075052
0.077135
0.084896
0.076905
0.074010
0.098021
0.064375
0.078281
0.078177
0.089375
0.095260
0.061354
0.096458
0.084740
0.087188
0.087552
0.077865
0.084844
0.084323
0.069115
0.074115
0.081510
0.075938
0.071615
0.071094
0.075260
0.081146
0.099405
0.083750
0.073438
0.076250
0.077031
0.074792
0.069531
0.088802
0.071823
0.074740
0.090573
0.074271
0.075885
0.074167
0.077083
0.095313
0.070312
0.088438
0.071250
0.084844
0.084583
