2.298699
2.296438
2.288537
2.286414
2.282972
2.257129
2.230565
2.233973
2.201482
2.175217
2.169622
2.189608
2.172767
2.186089
2.080842
1.990485
2.033669
2.033239
1.963885
1.948218
1.845349
1.773868
1.788706
1.866372
1.797652
1.781586
1.810724
1.824934
1.764221
1.776828
1.750205
1.814744
1.753093
1.738323
1.746015
1.777762
1.742418
1.710901
1.691000
1.706901
1.746111
1.683613
1.721710
1.723055
1.702096
1.693045
1.699100
1.705148
1.706930
1.671563
1.626759
1.650645
1.662072
1.664305
1.640240
1.625050
1.650714
1.649745
1.594909
1.599889
1.633232
1.611761
1.616322
1.598195
1.587008
1.602361
1.598511
1.602983
1.577372
1.590647
1.577869
1.600487
1.588462
1.560508
1.575397
1.602076
1.601196
1.624828
1.571376
1.588704
1.614300
1.584311
1.554531
1.612321
1.582012
1.557564
1.592213
1.553815
1.587017
1.580922
1.567783
1.588792
1.561536
1.550427
1.567384
1.585675
1.579807
1.545492
1.566307
1.558722
1.574970
1.541394
1.546893
1.546618
1.540881
1.553697
1.563947
1.589625
1.555036
1.570888
1.541927
1.544100
1.555545
1.587075
1.541413
1.558780
1.545934
1.584273
1.542747
1.567177
1.527021
1.584028
1.551815
1.525555
1.560583
1.536926
1.572526
1.521841
1.542246
1.538665
1.568779
1.528777
1.550377
1.565164
1.556407
1.528802
1.532655
1.560666
1.552917
1.542840
1.530249
1.535415
1.540254
1.545132
1.526408
1.524292
1.544303
1.547144
1.540118
1.542414
1.556453
1.521602
1.537773
1.545885
1.525225
1.519213
1.544361
1.525815
1.544006
1.539725
1.549868
1.551847
1.547346
1.510977
1.512141
1.508444
1.530259
1.509978
1.529914
1.528074
1.574718
1.531131
1.556915
1.551538
1.541563
1.543110
1.535309
1.525860
1.567104
1.545470
1.523253
1.523630
1.534933
1.536921
1.524280
1.515627
1.526259
1.525905
1.515410
1.553420
1.523175
1.494738
1.516571
1.523325
1.543700
1.543393
1.528365
1.532328
1.512490
1.526054
1.508337
1.529827
1.561391
1.519723
1.539278
1.544047
1.538042
1.531171
1.519583
1.516843
1.514717
1.514696
1.520819
1.527051
1.510168
1.535657
1.539600
1.505644
1.501466
1.508269
1.530476
1.516429
1.547284
1.524527
1.527423
1.517673
1.540475
1.511854
1.497034
1.504012
1.490668
1.527244
1.543193
1.495237
1.498675
1.507894
1.545894
1.529028
1.521739
1.532533
1.502366
1.493866
1.510375
1.536750
1.497385
1.511801
1.524351
1.503182
1.502802
1.499218
1.537083
1.489623
1.505304
1.514419
1.517306
1.492291
1.499110
1.501040
1.504175
1.528632
1.523565
1.500599
1.517945
1.507334
1.507835
1.485036
1.500947
1.506595
1.503303
1.536262
1.507546
1.505102
1.488267
1.496536
1.499367
1.504653
1.502298
1.502205
1.492538
1.506266
1.521440
1.508603
1.488749
1.506055
1.495096
1.496792
1.501958
1.503923
1.491240
1.498121
1.484269
1.525748
1.504263
1.516600
1.492638
1.508293
1.519246
1.503778
1.515976
1.490374
1.488356
1.501719
1.493636
1.478236
1.494937
1.504372
1.507077
1.505259
1.486818
1.500354
1.485198
1.494005
1.486680
1.503106
1.500875
1.491919
1.513839
1.501644
1.513740
1.487502
1.500358
1.506951
1.497970
1.510296
1.501888
1.503205
1.502956
1.500521
1.512117
1.492047
1.502834
1.487844
1.502577
1.494896
1.481871
1.489655
1.490720
1.510207
1.494518
1.489168
1.488733
1.473681
1.506569
1.484693
1.483418
1.489086
1.494445
1.493092
1.493707
1.491588
1.486635
1.487595
1.489910
1.507013
1.499778
1.505989
1.488801
1.490619
1.492944
1.488719
1.492711
1.520991
1.502560
1.491237
1.492669
1.498524
1.500977
1.487440
1.480622
1.498428
1.502225
1.492151
1.494090
1.498388
1.494974
1.486329
1.492167
1.489054
1.494425
1.519024
1.494060
1.508085
1.482504
1.482176
1.478192
1.500706
1.475351
1.489130
1.525602
1.485673
1.493230
1.492693
1.492610
1.499356
1.488870
1.505300
1.492681
1.492132
1.487283
1.506968
1.493478
1.491057
1.493286
1.491116
1.490416
1.485343
1.485824
1.482946
1.475976
1.500249
1.502943
1.477936
1.487943
1.477884
1.494523
1.493808
1.485819
1.475373
1.502270
1.486488
1.491578
1.480199
1.489242
1.487879
1.475077
1.494366
1.490888
1.475212
1.484473
1.493652
1.483291
1.483446
1.501021
1.476649
1.507331
1.514078
1.490228
1.490727
1.507162
1.488514
1.490406
1.504881
1.486102
1.479418
1.508710
1.477706
1.493725
1.477894
1.482245
1.492912
1.488912
1.476683
1.485232
1.486858
1.493825
1.479125
1.502865
1.491577
1.470833
1.477191
1.489070
1.485985
1.487151
1.492311
1.479331
1.476534
1.491413
1.511177
1.483520
1.485334
1.484391
1.474312
1.481090
1.490173
1.497834
1.495919
1.478210
1.503323
1.483136
1.501830
1.488672
1.492696
1.484695
1.488813
1.485017
1.487116
1.486432
1.471082
1.487406
1.485744
1.477704
1.500577
1.483959
1.500601
1.516234
1.473400
1.478740
1.486414
1.493150
1.475462
