2.303369
2.302850
2.305107
2.297556
2.302085
2.298589
2.295528
2.296524
2.288563
2.289490
2.283531
2.281600
2.279104
2.267326
2.264859
2.252705
2.251799
2.241182
2.255523
2.232545
2.220053
2.203377
2.187154
2.196774
2.174525
2.148307
2.145811
2.109499
2.111435
2.059501
2.074082
2.051371
2.009928
2.028744
2.023695
1.988588
1.985224
1.961635
1.945488
1.922772
1.913569
1.919265
1.917057
1.895711
1.855870
1.871323
1.849292
1.823381
1.806693
1.795851
1.770749
1.781856
1.780302
1.778903
1.768015
1.813943
1.771091
1.735416
1.768354
1.769007
1.769623
1.794500
1.742160
1.770280
1.749411
1.759222
1.728215
1.737526
1.776321
1.705789
1.717678
1.724350
1.744044
1.689519
1.753671
1.703705
1.700745
1.686666
1.682587
1.718698
1.720684
1.674160
1.746727
1.711656
1.672535
1.735389
1.720617
1.728328
1.719575
1.719593
1.657422
1.665013
1.646094
1.699691
1.698426
1.699409
1.670065
1.665082
1.699162
1.696678
1.634527
1.660586
1.671468
1.670153
1.661232
1.682099
1.673670
1.690891
1.654858
1.654514
1.652415
1.660470
1.720092
1.650919
1.659873
1.640464
1.666382
1.650256
1.668183
1.640669
1.667614
1.662438
1.689393
1.636869
1.657763
1.667321
1.674498
1.637410
1.617913
1.633833
1.679118
1.630046
1.643479
1.625963
1.614972
1.680267
1.616053
1.662480
1.633181
1.635461
1.621818
1.619509
1.651749
1.677852
1.637305
1.638321
1.628119
1.632577
1.635986
1.634693
1.689463
1.637392
1.618326
1.626344
1.612929
1.656837
1.641267
1.634407
1.644654
1.623755
1.652304
1.636423
1.651287
1.631325
1.616870
1.643203
1.615281
1.600084
1.609093
1.636278
1.632864
1.574829
1.626753
1.615023
1.597918
1.606033
1.621934
1.639600
1.615472
1.636636
1.649806
1.640237
1.620507
1.636219
1.618634
1.614226
1.590273
1.596539
1.633131
1.589131
1.628169
1.576596
1.620004
1.603566
1.602353
1.613310
1.591616
1.625567
1.595984
1.658201
1.597698
1.612808
1.596126
1.644029
1.583189
1.607992
1.593244
1.596788
1.603173
1.610106
1.589175
1.580391
1.662242
1.589699
1.620032
1.602530
1.632708
1.608876
1.612266
1.618544
1.587839
1.599721
1.593725
1.619664
1.621615
1.605211
1.565858
1.577275
1.561450
1.626131
1.587214
1.610965
1.596901
1.604319
1.592877
1.582613
1.581262
1.633964
1.586541
1.590773
1.598935
1.578771
1.615483
1.598983
1.581312
1.590651
1.591603
1.582526
1.599254
1.601755
1.606754
1.588239
1.597375
1.604993
1.586114
1.569084
1.621672
1.590198
1.600419
1.591199
1.594813
1.579098
1.577985
1.605431
1.584224
1.601667
1.607706
1.559470
1.573773
1.593577
1.584253
1.551826
1.603862
1.615663
1.593173
1.584684
1.619172
1.540049
1.584506
1.580991
1.578597
1.570843
1.587371
1.587101
1.572979
1.599478
1.624867
1.571015
1.584837
1.576927
1.590977
1.625283
1.572973
1.597341
1.562873
1.602150
1.609817
1.588995
1.568374
1.589367
1.554467
1.576542
1.591138
1.584758
1.609249
1.582091
1.567332
1.593349
1.574820
1.599054
1.561096
1.582149
1.548338
1.607476
1.576607
1.626774
1.568131
1.598387
1.566628
1.558216
1.566353
1.554472
1.557171
1.543770
1.608887
1.585719
1.582406
1.585604
1.564678
1.564811
1.552161
1.562000
1.626613
1.578413
1.577629
1.571672
1.557165
1.572115
1.586539
1.569512
1.579212
1.552330
1.570288
1.607525
1.585525
1.559064
1.564803
1.571311
1.583440
1.579142
1.562597
1.542418
1.578751
1.553771
1.577436
1.559556
1.575310
1.600404
1.593328
1.559803
1.583621
1.564313
1.589413
1.568503
1.542803
1.549495
1.537471
1.552822
1.570612
1.586186
1.602875
1.571616
1.578311
1.567489
1.591554
1.584622
1.574858
1.585909
1.547684
1.544614
1.571980
1.558284
1.575461
1.591159
1.556695
1.594790
1.542486
1.558273
1.593223
1.575182
1.566416
1.559115
1.559440
1.586227
1.549974
1.565145
1.547585
1.590984
1.562935
1.563808
1.568146
1.581762
1.598269
1.569434
1.569754
1.551744
1.552005
1.545833
1.560583
1.560423
1.562490
1.571068
1.540041
1.546970
1.563578
1.545282
1.574835
1.583548
1.594096
1.551498
1.588909
1.577781
1.562373
1.574813
1.592802
1.554074
1.560356
1.556307
1.577915
1.573192
1.551172
1.557266
1.546523
1.580436
1.542377
1.550154
1.588021
1.569999
1.569557
1.550833
1.577440
1.540492
1.557159
1.545901
1.542644
1.539761
1.556927
1.556044
1.543980
1.539910
1.557772
1.561589
1.542446
1.583541
1.554174
1.541096
1.543442
1.546978
1.551637
1.563454
1.565668
1.553708
1.555875
1.539543
1.573410
1.560512
1.539454
1.562749
1.562292
1.561681
1.560195
1.552401
1.571612
1.538523
1.548733
1.532254
1.585576
1.567546
1.607399
1.531884
1.535025
1.554315
1.575451
1.539177
1.568454
1.536037
1.559777
1.584486
1.566153
1.550942
1.540146
1.559349
1.555513
1.526706
1.556079
1.572559
1.549551
1.567256
1.547645
1.550516
