2.306780
2.309668
2.318046
2.328312
2.356257
2.400957
2.473871
2.440188
2.399291
2.280864
2.194676
2.186697
2.197042
2.165281
2.143215
2.143749
2.165566
2.206893
2.110399
2.109276
2.103517
2.128697
2.180778
2.243923
2.253136
2.252907
2.245730
2.228831
2.211938
2.209222
2.218386
2.226611
2.255181
2.267189
2.265228
2.264266
2.260875
2.255976
2.255458
2.257949
2.256297
2.257359
2.254797
2.252429
2.250582
2.249130
2.244341
2.237044
2.210721
2.184436
2.180095
2.177625
2.177181
2.167978
2.174253
2.184495
2.180847
2.193085
2.256720
2.201745
2.220506
2.210421
2.198056
2.166494
2.184169
2.193198
2.186258
2.194983
2.194425
2.194937
2.196426
2.190400
2.184947
2.178704
2.158342
2.180556
2.170988
2.153459
2.150183
2.155396
2.322776
2.623567
2.556900
2.617895
2.576479
2.623490
2.644310
2.620358
2.636851
2.547031
2.578332
2.572418
2.460008
2.146394
1.947500
1.921621
1.921029
1.946029
2.024044
2.112084
2.268670
2.299202
2.231491
2.042351
1.933657
1.862641
1.873761
1.850788
1.892098
1.891867
1.956631
2.039414
2.090952
2.041900
1.995106
1.927129
1.921005
1.915022
1.937973
1.928198
1.963900
2.193110
2.499627
2.614583
2.555955
2.594212
2.608583
2.564330
2.563816
2.567403
2.558813
2.582305
2.649090
2.595016
2.628917
2.613358
2.585752
2.571658
2.494926
2.224490
1.940170
1.864955
1.850336
1.859592
1.863692
1.851514
1.838705
1.835710
1.791889
1.877506
1.861670
1.911420
1.934286
1.995001
1.990186
2.012713
2.090624
2.215006
2.306129
2.329528
2.254203
2.108067
1.915194
1.816553
1.879219
1.965859
2.091331
2.261357
2.331949
2.371655
2.385420
2.425518
2.378038
2.375419
2.349100
2.308068
2.266849
2.263513
2.242948
2.210806
2.164545
2.159987
2.155416
2.104383
2.088461
2.042927
2.040709
2.033669
2.024123
2.018973
2.003488
1.977160
1.972834
1.978364
1.977534
1.961246
1.990317
1.955582
2.030784
1.992649
2.011304
1.969317
1.942150
1.993734
1.983424
1.940526
1.948335
1.934862
1.978549
1.983198
1.964607
1.984699
1.984383
1.946754
1.956938
1.994472
1.994225
1.991866
1.952345
1.953249
1.944171
1.913581
1.935111
1.971427
1.930100
1.897596
1.946848
1.950292
1.972038
1.940904
1.925863
1.906508
1.957009
1.946608
1.957186
1.878865
1.907511
1.904007
1.894459
1.875298
1.943597
1.925109
1.938212
1.949426
1.871332
1.894689
1.838750
1.884704
1.949455
1.934418
1.882676
1.929226
1.860826
1.907151
1.916629
1.884734
1.911903
1.883660
1.883881
1.839060
1.935945
1.870501
1.901930
1.891472
1.892761
1.903135
1.873253
1.877915
1.888546
1.892558
1.846106
1.845415
1.884448
1.856468
1.887836
1.855930
1.865413
1.882692
1.897134
1.841990
1.909390
1.835891
1.874794
1.848218
1.849211
1.883698
1.841951
1.847995
1.881497
1.821267
1.835302
1.830878
1.887328
1.887861
1.830014
1.804116
1.840869
1.839663
1.816045
1.892189
1.847162
1.816976
1.856442
1.911928
1.838552
1.867907
1.864554
1.867458
1.860649
1.873965
1.815189
1.891527
1.832129
1.818102
1.828370
1.837833
1.802829
1.799543
1.861634
1.843165
1.850052
1.819194
1.759602
1.823048
1.833948
1.860099
1.821987
1.805025
1.796173
1.819778
1.856817
1.803930
1.815294
1.867333
1.839396
1.874092
1.783274
1.825392
1.832538
1.793272
1.841659
1.802350
1.846317
1.813898
1.788310
1.798222
1.799469
1.826582
1.827219
1.780546
1.798278
1.828507
1.797100
1.786907
1.812630
1.757774
1.803883
1.782499
1.764426
1.804474
1.822820
1.792193
1.804199
1.825333
1.775563
1.730811
1.701305
1.630628
1.568056
1.576667
1.573972
1.546883
1.556089
1.557923
1.570677
1.576072
1.593883
1.604299
1.645467
1.658789
1.650947
1.607095
1.608628
1.662430
1.549662
1.576357
1.553705
1.579546
1.649110
1.677014
1.676955
1.695061
1.689912
1.691203
1.627276
1.610450
1.554184
1.541345
1.592875
1.559376
1.541233
1.556990
1.568417
1.559164
1.600131
1.592854
1.565289
1.582157
1.565209
1.527656
1.579402
1.545919
1.539080
1.538551
1.541333
1.537801
1.549463
1.547630
1.513760
1.554150
1.536970
1.529826
1.544831
1.533858
1.508459
1.527585
1.525820
1.530380
1.529197
1.548646
1.512764
1.512572
1.541811
1.525563
1.528317
1.528290
1.525834
1.511343
1.523509
1.524691
1.495919
1.513129
1.494381
1.509952
1.512716
1.516657
1.504974
1.526718
1.494283
1.523306
1.495579
1.521608
1.500809
1.529589
1.512356
1.544694
1.514009
1.512337
1.536646
1.527890
1.499743
1.508484
1.488073
1.511636
1.489670
1.497122
1.508120
1.507369
1.527265
1.520181
1.524668
1.495692
1.518224
1.487393
1.521456
1.514401
1.524040
1.518942
1.492213
1.498681
1.498120
1.512145
1.487677
1.502287
1.493565
1.502423
1.533176
1.510166
1.518316
1.515018
1.523919
1.512131
1.500629
1.513621
1.519270
1.508206
1.522259
1.511640
1.506487
1.519212
