2.304873
2.301996
2.309581
2.303906
2.301965
2.296106
2.283871
2.302673
2.258968
2.313235
2.250963
2.228118
2.242159
2.140661
2.069996
2.047893
2.011550
1.888904
1.867814
1.903262
1.898323
1.862784
1.804122
1.820081
1.729148
1.722219
1.767187
1.726961
1.684731
1.683150
1.666478
1.670925
1.674666
1.649738
1.638582
1.614702
1.645210
1.611597
1.635193
1.626907
1.617301
1.639942
1.597832
1.603338
1.593085
1.633642
1.597996
1.599864
1.599933
1.583896
1.608658
1.608704
1.619706
1.622613
1.583359
1.607060
1.607862
1.592638
1.618051
1.608822
1.611792
1.605698
1.584699
1.601554
1.576650
1.594697
1.577265
1.588194
1.621230
1.588162
1.572049
1.571866
1.559542
1.562901
1.565504
1.590667
1.556264
1.544544
1.555297
1.554444
1.562128
1.543323
1.552456
1.549067
1.554599
1.545357
1.548846
1.549629
1.523709
1.537777
1.537439
1.555642
1.547799
1.568480
1.541336
1.532797
1.523617
1.569455
1.518110
1.530668
1.558082
1.562624
1.525041
1.542971
1.532553
1.555487
1.536304
1.539376
1.537173
1.560513
1.530809
1.575745
1.556198
1.561820
1.559533
1.511739
1.522744
1.536084
1.519032
1.534528
1.515068
1.509601
1.524445
1.533816
1.535852
1.516271
1.545692
1.509375
1.537174
1.513272
1.529492
1.512793
1.515627
1.515328
1.514009
1.519085
1.534083
1.545621
1.531386
1.520491
1.507007
1.508381
1.506375
1.539418
1.527157
1.525766
1.537013
1.495181
1.502634
1.524388
1.495503
1.499460
1.509297
1.549233
1.524336
1.523860
1.496511
1.527242
1.512603
1.523651
1.512257
1.522223
1.512955
1.526229
1.535767
1.531116
1.507338
1.539816
1.502036
1.518199
1.528146
1.505049
1.496701
1.496211
1.486164
1.496295
1.501567
1.502376
1.508449
1.500440
1.503413
1.507237
1.502366
1.503633
1.510628
1.506921
1.515263
1.510083
1.498103
1.515817
1.497505
1.502749
1.492342
1.514441
1.498651
1.510455
1.490831
1.490527
1.525694
1.508920
1.497998
1.495544
1.489458
1.517360
1.488484
1.502522
1.511957
1.490864
1.502118
1.499560
1.486937
1.498674
1.488785
1.494025
1.506280
1.495664
1.496212
1.503373
1.493559
1.482975
1.494594
1.501743
1.498084
1.492925
1.498467
1.508330
1.506126
1.540865
1.525330
1.507795
1.485652
1.511063
1.498783
1.498495
1.497648
1.511980
1.498267
1.488776
1.499884
1.505683
1.492277
1.494270
1.489413
1.488823
1.500347
1.496745
1.489908
1.490576
1.505239
1.506951
1.492117
1.498532
1.497850
1.503298
1.478996
1.497442
1.487970
1.486688
1.485746
1.485411
1.486277
1.473387
1.493295
1.485677
1.480063
1.519115
1.497473
1.495202
1.476032
1.495320
1.513093
1.484010
1.478150
1.492234
1.481898
1.490529
1.488156
1.530080
1.511019
1.500019
1.487566
1.518419
1.517110
1.501216
1.480013
1.493204
1.489835
1.490278
1.484550
1.500892
1.494926
1.496264
1.484677
1.490605
1.475378
1.487647
1.485559
1.485696
1.475587
1.495222
1.492472
1.488967
1.479526
1.477380
1.503452
1.486345
1.495731
1.491894
1.480806
1.491481
1.492888
1.493625
1.495487
1.490141
1.484404
1.485424
1.486574
1.496701
1.493925
1.482889
1.480535
1.473255
1.490349
1.481702
1.501856
1.483943
1.490771
1.478514
1.476294
1.486816
1.478286
1.494844
1.493854
1.489208
1.479044
1.481081
1.492799
1.483842
1.500426
1.485501
1.488262
1.488791
1.489721
1.482074
1.487834
1.492320
1.489803
1.482944
1.475187
1.476364
1.476041
1.490680
1.490602
1.483197
1.482083
1.480547
1.481776
1.475766
1.484435
1.498552
1.484845
1.489243
1.497923
1.509987
1.473047
1.492399
1.476871
1.483492
1.478207
1.494755
1.483313
1.474708
1.479256
1.492536
1.477535
1.483908
1.470369
1.488917
1.474145
1.474288
1.480522
1.477409
1.479207
1.476405
1.480039
1.486218
1.477560
1.482823
1.471429
1.485208
1.477094
1.477054
1.485298
1.486111
1.490818
1.482800
1.487018
1.489471
1.489029
1.494150
1.478461
1.492765
1.484227
1.474419
1.479023
1.480221
1.487653
1.473635
1.482660
1.474649
1.484100
1.476541
1.479669
1.482552
1.481248
1.483989
1.477949
1.479535
1.469171
1.477660
1.471312
1.481433
1.481692
1.481521
1.478804
1.478828
1.487032
1.483275
1.472823
1.475892
1.476059
1.476505
1.492435
1.480024
1.482380
1.486153
1.476733
1.480769
1.478666
1.479845
1.473886
1.474224
1.476333
1.475446
1.472398
1.474435
1.480819
1.482681
1.474182
1.489738
1.483773
1.494040
1.484339
1.482278
1.479029
1.483549
1.481415
1.470557
1.483939
1.484469
1.480174
1.488714
1.481874
1.479032
1.476364
1.484154
1.488029
1.484462
1.484512
1.471329
1.483147
1.476612
1.476771
1.477401
1.483249
1.474185
1.473465
1.480960
1.468056
1.485835
1.469784
1.469734
1.481872
1.477737
1.482718
1.477660
1.471402
1.477435
1.472756
1.477312
1.476251
1.483587
1.477293
1.468368
1.473499
1.487922
1.477328
1.467390
1.484930
1.470581
